ruleset_index	matches	time_ms
0	[(11,1992),(21,3715),(40,1658),(45,2283),(84,3813)]	20.510587
1	[(16,4742),(19,1336),(27,1778),(52,3615),(53,5187),(54,3791),(61,2115),(85,2001)]	21.063778
2	[(3,2),(6,2987),(43,1544),(52,234),(53,2824),(60,1949),(61,590),(89,4775)]	26.331193
3	[(4,1058),(9,1213),(16,4984),(30,4655),(49,519),(75,3162),(77,1722),(79,3608),(89,3690),(92,5150)]	19.560149
4	[(16,4835),(63,1676),(68,3609),(76,2181),(81,1346)]	20.365334
5	[(27,2197),(40,1015),(62,4587),(65,4252),(67,3300),(78,2396),(91,626)]	39.413289
6	[(21,668),(37,3290),(38,4592),(48,1405),(50,2339),(65,2351),(67,4377),(74,4411),(78,107)]	20.309201
7	[(14,1887),(15,4605),(20,1269),(55,4807),(64,1836),(67,3825),(71,807),(76,775),(91,1582)]	20.759857
8	[(9,4693),(26,2719),(38,144),(44,5110),(63,3611),(89,4194)]	23.200721
9	[(1,620),(10,615),(22,2424),(28,2922),(38,1679),(44,533),(46,2659),(48,2646),(49,4907),(51,4218),(54,4953),(62,4052),(70,275),(85,4836)]	18.910689
10	[(32,5050),(40,1693),(41,3095),(76,2702)]	24.538839
11	[(1,1485),(2,1681),(7,3204),(15,1904),(20,1271),(34,4207),(59,2639),(64,5073),(68,2095),(89,3960)]	19.368488
12	[(0,1626),(4,380),(13,627),(16,3935),(26,4439),(32,1584),(74,4975),(75,4305),(77,1835),(86,917),(91,4548)]	19.666965
13	[(18,2574),(34,2002),(35,2883),(52,429),(71,917),(90,622)]	20.531719
14	[(30,1084),(38,4426),(55,5166),(62,2214),(69,3733),(73,1964),(74,4008)]	19.391267
15	[(7,3296),(13,2702),(16,878),(31,2453),(33,3578),(39,2843),(43,211),(46,4794),(50,3818),(55,987),(59,2221),(60,3163),(76,2525)]	19.311862
16	[(8,2136),(9,3116),(17,1122),(22,3206),(23,3123),(32,4866),(38,1138),(49,4901),(51,597),(59,1579),(71,4628),(87,897)]	20.239625
17	[(14,321),(18,4556),(36,1238),(43,1792),(62,873),(63,3729),(75,1442),(79,3359),(88,2102)]	21.813504
18	[(3,3789),(33,5150),(69,4575),(75,3590)]	19.491346
19	[(1,4760),(12,1635),(16,4608),(56,1582),(71,40),(72,4150),(81,1468),(85,1481),(86,4090),(90,528)]	20.151018
20	[(2,4336),(14,3131),(28,5200),(36,3981),(43,1934),(70,4048),(82,4314),(83,2060),(85,63),(92,1916)]	19.038762
21	[(1,4862),(18,831),(24,1833),(38,3003),(40,2968),(41,4349),(42,2037),(43,4241),(45,2599),(72,4024),(74,1360),(82,1228),(87,173)]	19.884414
22	[(25,814),(36,4605),(63,3783),(77,3708),(89,4060)]	20.918390
23	[(1,3713),(5,2889),(11,3280),(23,4613),(31,4216),(41,2039),(45,408),(48,4342),(52,4467),(58,489),(59,1131),(81,2190),(83,5144)]	20.432430
24	[(33,2876),(52,4383),(53,2013),(59,918),(85,5133)]	19.497849
25	[(10,3260),(21,452),(32,585),(34,2867),(35,2988),(47,1538),(60,2789),(78,5050),(90,323)]	19.932899
26	[(10,1195),(34,3001),(84,1400)]	20.575430
27	[(1,255),(12,1503),(17,3270),(35,4584),(39,349),(42,3223),(54,1945),(69,4961),(72,3330),(78,4546),(89,1840)]	19.157851
28	[(6,630),(38,836),(39,5016),(42,496),(49,5001),(50,3367),(53,3414),(54,331),(61,1879),(70,4077),(71,3627),(76,2439)]	19.435820
29	[(13,3011),(16,85),(18,549),(27,560),(55,207),(61,1457),(66,1604),(77,3413),(80,2882),(81,4468),(86,428)]	26.950827
30	[(6,2779),(14,4990),(18,3799),(28,5142),(49,3080),(72,4256)]	23.563845
31	[(8,21),(21,1461),(54,3980),(87,2946),(92,4438)]	20.277446
32	[(11,4195),(12,6),(15,3974),(21,4128),(31,1158),(38,3856),(42,50),(45,29),(46,5109),(51,1557),(54,3399)]	20.790202
33	[(0,2634),(19,3287),(20,3882),(41,277),(42,4650),(44,3101),(48,4187),(60,2958),(66,4115),(87,8),(88,2970),(89,595)]	20.732779
34	[(5,4062),(20,3525),(50,4886),(68,9),(79,3827)]	20.207199
35	[(25,3511),(56,4917)]	19.403668
36	[(2,2979),(15,457),(28,4078),(39,4248),(43,1666),(45,5192),(57,3373),(61,965),(63,4),(86,3108)]	19.184228
37	[(3,4052),(6,4887),(13,929),(20,4887),(21,4383),(23,2163),(31,2025),(53,794),(55,821),(56,23),(62,4538),(76,2058),(82,862)]	20.929059
38	[(6,2055),(22,3243),(31,4923),(53,990),(68,968),(69,1886)]	19.935977
39	[(2,370),(51,2409),(59,3583),(63,471),(90,2161)]	19.516416
40	[(21,204),(43,969),(50,2535),(52,2332),(61,3194),(74,3917),(80,2165)]	19.693447
41	[(5,3639),(16,4319),(24,894),(55,963),(56,1698),(79,3792),(80,310),(86,4633),(90,2750)]	19.295269
42	[(3,5036),(40,4666),(41,2702),(48,4387),(59,3981),(66,4908),(89,2446)]	21.419581
43	[(3,4902),(11,5195),(15,1170),(40,846),(47,1894),(50,4530),(55,2102),(63,3709),(92,3899)]	25.433528
44	[(9,2899),(11,3385),(22,1085),(28,5105),(31,3950),(49,1578),(60,4706),(68,467),(71,1261),(76,2490)]	24.098447
45	[(2,3290),(15,4666),(25,3408),(26,3822),(39,2093),(65,4025),(66,4904),(81,3594),(91,3381)]	19.146563
46	[(3,1770),(4,2554),(12,2237),(33,4721),(36,4075),(42,3317),(79,4578),(83,2279)]	19.179972
47	[(0,4788),(1,2359),(5,3361),(30,825),(36,4288),(83,4288),(92,3611)]	20.380427
48	[(9,1745),(45,2700),(53,1125)]	19.246738
49	[(4,1744),(22,2328),(46,404),(70,3630)]	19.718479
50	[(7,2183),(41,3191),(53,322),(65,4965)]	19.439936
51	[(1,2244),(26,4102),(39,4337),(60,263),(76,4940)]	19.422420
52	[(4,3770),(6,2369),(10,2110),(26,5120),(36,1055),(44,776),(81,1330),(85,4513),(88,2790)]	19.792565
53	[(6,1120),(22,5104),(23,3681),(24,4079),(32,1667),(52,287),(81,2690)]	21.253947
54	[(1,4305),(54,1428)]	27.979113
55	[(8,4387),(17,960),(19,1292),(25,2544),(27,1091),(33,2458),(36,5040),(64,1693),(65,3095)]	31.169874
56	[(0,615),(12,552),(13,4644),(22,1955),(24,2016),(40,3573),(42,207),(69,521),(76,3070)]	19.322191
57	[(4,4530),(12,3181),(16,3056),(17,3206),(42,124),(60,126),(73,398),(79,4163),(84,1532),(86,3092),(90,2542),(91,4041)]	19.404357
58	[(26,5058),(27,4220),(40,1360),(49,3173),(51,4356),(59,3507),(92,3222)]	20.618974
59	[(19,2914),(56,4803),(58,1482),(92,3935)]	19.342663
60	[(6,3511),(20,1898),(54,323),(68,962),(70,1955),(91,1531)]	19.494644
61	[(1,4674),(9,4262),(52,3313),(72,5202),(88,4172)]	20.655076
62	[(29,2854),(44,1652),(56,1675),(66,2118),(74,2000),(84,3707)]	24.186528
63	[(1,1674),(19,5138),(70,3908),(88,2983)]	19.303689
64	[(5,502),(21,5005),(39,2136),(42,3989),(48,1742),(80,3031),(82,1832),(83,31)]	19.561784
65	[(13,2993),(29,931),(33,2600),(50,208),(55,1959),(58,1599),(84,200),(87,4757)]	22.124021
66	[(38,1683),(50,196),(74,1048),(78,1621),(91,2873)]	19.630029
67	[(10,4678)]	19.808638
68	[(11,5095),(15,2610),(17,1102),(25,472),(37,720),(59,3475),(60,3303),(61,1078),(67,4386)]	19.691663
69	[(16,1450),(20,5027),(22,158),(25,623),(38,5055),(44,311),(45,1312),(71,3310),(88,1583)]	19.343531
70	[(0,1492),(18,5106),(58,4477),(61,4235),(62,195),(64,3264),(82,2371)]	20.524881
71	[(16,188),(26,1639),(32,1521),(41,3696),(44,245),(61,3363),(62,4054),(71,940),(79,3218)]	20.596225
72	[(11,4962),(13,1812),(79,537)]	21.583763
73	[(4,11),(13,2519),(27,2849),(29,1373),(37,1771),(41,4363),(49,1988),(55,4360),(70,3568),(83,3897)]	19.752428
74	[(19,3649),(52,1521),(55,1180),(66,3745),(67,5177),(75,662)]	19.200009
75	[(12,2041),(22,3401),(24,435),(42,2750),(69,4247),(81,4502),(85,3514)]	19.824319
76	[(40,4614),(66,4957),(77,1200),(78,868),(81,2062),(86,2898),(88,764)]	19.375848
77	[(6,2926),(24,4474),(28,3412),(36,931),(48,1017),(51,2796),(62,1208),(68,2063),(79,4536),(90,714)]	19.620478
78	[(43,4519),(55,1476),(65,2146)]	19.380046
79	[(1,2218),(12,2941),(24,4403),(34,2635),(49,1386),(61,619),(67,4074),(72,1434),(78,1185)]	22.111261
80	[(3,2264),(23,2102),(24,253),(26,3855),(30,2613),(54,3474),(55,3455),(63,1790),(79,3098)]	20.250726
81	[(19,3896),(24,1139),(59,4814),(68,4073),(77,4209),(78,3686)]	19.387753
82	[(4,4783),(9,19),(28,4772),(47,431),(59,1238),(91,3283)]	21.681582
83	[(0,156),(7,3766),(8,3945),(14,4728),(17,2643),(21,787),(42,1901),(51,2289),(54,1185),(72,1070),(76,1409),(85,3754),(88,3225)]	19.404758
84	[(2,2272),(18,3932),(34,5194)]	20.750125
85	[(8,2961),(18,3120),(21,4621),(25,661),(30,4230),(44,3276),(50,2413),(56,4024),(59,4061)]	19.082481
86	[(8,1619),(20,2993),(44,4816),(47,250),(56,5056),(89,1960)]	19.148265
87	[(6,2391),(10,65),(17,1538),(32,1911),(35,5156),(39,4697),(44,2179),(46,1207),(52,2332),(56,4844),(58,842),(71,982),(79,1348),(81,355),(85,4422)]	19.269609
88	[(3,3213),(10,4714),(13,2209),(15,2565),(53,4412),(63,3855),(69,35)]	18.949778
89	[(7,4837),(25,3410),(29,4528),(42,3128),(57,2215),(70,1047),(76,2019),(83,1056)]	18.864697
90	[(24,1650),(56,231),(61,4096),(75,234),(79,857)]	19.078099
91	[(9,31),(25,1815),(31,516),(35,4313),(39,3967),(57,1203),(58,1759),(70,312),(74,2634),(75,4458),(82,2682),(90,692)]	19.612028
92	[(11,4200),(24,2396),(25,292),(37,3322),(56,5092),(92,4166)]	27.075997
93	[(3,2),(13,4711),(16,3493),(46,2),(47,3351),(79,3447)]	21.079028
94	[(33,2387),(39,2539),(41,150),(76,3007),(80,743),(92,4783)]	19.245031
95	[(12,1879),(21,4658),(46,3651),(80,4039)]	18.938781
96	[(17,4285),(26,4325),(28,87),(34,4111)]	20.653760
97	[(2,28),(15,338),(16,175),(36,750),(54,1710),(56,2439),(77,1395),(85,748)]	20.083779
98	[(3,2096),(7,2647),(30,2429),(47,4340),(54,2855),(70,4211),(83,132)]	19.327179
99	[(7,3675),(15,2709),(32,4067),(33,3816),(46,4652),(56,1926),(70,4845),(77,3989),(78,2353)]	19.252170
100	[(3,264),(18,5045),(19,3641),(20,1888),(57,4869),(77,4996),(81,4322),(87,4576)]	19.709467
101	[(14,633),(20,4488),(37,3726),(69,644),(77,2833),(79,4516),(82,3697),(88,864),(90,5042)]	20.508173
102	[(5,2187),(11,1391),(24,2181),(36,5132),(42,3380),(55,1374),(58,3584),(67,2900),(82,701),(83,1236),(87,52),(92,3075)]	20.073331
103	[(17,1902),(22,3037),(31,2101),(42,333),(44,4408),(71,1424),(76,1497),(85,2511)]	20.631205
104	[(2,360),(11,1092),(34,1186),(41,4806),(68,658),(86,841)]	20.125519
105	[(0,4855),(10,4884),(31,660),(46,2629),(56,1269),(73,738)]	37.933692
106	[(2,475),(7,2873),(40,3270),(46,5108),(50,1104)]	21.645104
107	[(7,3951),(24,441),(29,4157),(45,5014),(57,4443),(68,1593),(73,2545),(82,620)]	20.008582
108	[(22,4967),(28,1233),(48,3298),(79,3385),(88,1669),(91,2572)]	20.319366
109	[(16,4494),(38,1478),(45,3515),(55,3585),(62,3264)]	20.664220
110	[(4,2697),(34,90),(39,5064),(67,3852),(69,3898)]	20.798288
111	[(5,2842),(14,2542),(51,5150),(70,3547),(77,5184),(87,3872),(90,4398)]	22.732712
112	[(9,315),(12,3848),(18,3890),(24,1447),(31,4289),(33,438),(34,3349),(71,1325),(78,2896),(89,2630)]	19.195991
113	[(21,11),(25,4352),(26,3680),(37,4570),(42,3143),(49,116),(51,1186),(76,1297)]	20.912490
114	[(6,78),(35,1729),(37,2317),(50,4795),(54,5027),(57,3299),(58,4808),(61,1080),(68,1608),(89,856)]	21.545361
115	[(16,169),(17,1310),(58,3290),(64,4188),(89,1639)]	19.511507
116	[(16,2816),(17,2041),(26,1348),(61,2944),(85,4164)]	19.023669
117	[(17,3986),(18,1901),(29,556),(35,320),(48,3583),(58,3537),(66,2978),(73,1493),(80,3988),(82,547),(87,4029),(89,1077)]	19.440231
118	[(7,883),(64,2719),(73,1038)]	19.205092
119	[(1,3879),(21,1979),(48,4633),(62,714),(64,1511),(65,911),(71,3532),(74,3186),(84,4771),(90,4194)]	19.931937
120	[(0,4121),(36,4619),(49,3268),(62,4798),(72,384),(77,883),(83,1604)]	19.660267
121	[(0,695),(2,4690),(8,1451),(16,1859),(17,4486),(47,2004)]	19.780702
122	[(4,4950),(11,4934),(15,4425),(17,5070),(20,1794),(34,2533),(39,3175),(49,1480),(57,2686),(92,4037)]	19.733701
123	[(2,2255),(4,4148),(11,4988),(15,3716),(28,348),(63,4466),(82,1995),(89,4323),(90,3972)]	19.326985
124	[(11,4329),(27,3241),(39,1176),(72,1067),(73,1375),(82,858),(84,2212),(89,2490)]	19.716765
125	[(14,399),(25,1235),(34,2710),(44,2082),(56,4381),(74,3242),(86,3031),(88,639)]	22.233301
126	[(13,569),(17,5071),(55,2196),(60,3015),(63,3415),(64,1647),(68,3032),(77,751)]	18.987264
127	[(2,2116),(6,3975),(31,4597),(47,4847),(60,2241),(81,229),(84,2223)]	19.517650
128	[(4,1651),(16,3360),(46,5055),(55,2372),(58,3570),(61,4045),(65,1547),(76,2894)]	22.688031
129	[(17,2199),(42,4133),(44,3150),(50,3117),(60,1110),(86,2801)]	18.903039
130	[(17,3225),(26,2781),(53,1131),(58,3335),(66,4942)]	19.120096
131	[(37,2218),(43,898),(60,2917),(75,27),(81,1206),(89,4622)]	21.779237
132	[(1,1271),(2,3544),(14,807),(24,4414),(27,3006),(30,4017),(40,3926),(44,1734),(63,597),(72,2759)]	21.012883
133	[(22,874),(26,2157),(30,3377),(46,2862),(76,1810),(88,2444)]	19.369326
134	[(11,2322),(14,273),(21,1746),(34,4300),(46,4482),(60,4669),(65,89),(82,3739),(85,2919),(89,418)]	19.927438
135	[(11,4624),(14,4519),(20,3307),(31,785),(39,4352),(40,3680),(42,678),(54,821)]	19.370630
136	[(18,2990),(20,2646),(34,2795),(52,2277),(54,4574),(59,4105),(67,4830),(74,1083)]	19.234741
137	[(18,4035),(55,3266),(60,3884),(67,2915),(83,3587),(87,3691)]	19.423361
138	[(0,5058),(16,3037),(38,229),(51,5022),(56,1760),(91,437)]	19.750669
139	[(9,5058),(17,1985),(25,4375),(31,2626),(36,3820),(45,2692),(51,3373),(63,2838),(65,1975),(70,3921),(87,737)]	19.381714
140	[(10,2441),(32,2796),(80,5141),(82,4150),(86,535),(89,4095)]	23.292085
141	[(38,3644),(39,4504),(46,3022),(53,5060),(65,460)]	24.805245
142	[(16,4510),(32,211),(40,558),(46,4843),(50,2951),(88,4696)]	19.525728
143	[(10,4485),(12,183),(49,2779),(62,4936),(86,2532),(91,2097)]	19.283630
144	[(14,2010),(21,1570),(23,5119),(25,2456),(32,1617),(33,3106),(44,1345),(52,1989),(92,2812)]	19.440058
145	[(13,2931),(27,4083),(32,1819),(70,3722),(87,1909),(89,1633),(92,4436)]	19.462134
146	[(26,4703),(40,3972),(56,4494),(64,3130),(66,2751)]	19.807488
147	[(8,511),(11,4007),(16,2730),(20,3702),(31,360),(32,2063),(58,1298),(63,928),(68,1964),(75,1433),(91,546),(92,118)]	19.110990
148	[(14,1851),(24,1428),(53,354),(80,2137)]	19.154249
149	[(0,3258),(5,4355),(19,4675),(24,1914),(39,1508),(69,2758),(74,816),(89,3541)]	18.918006
150	[(15,3097),(27,992),(31,3131),(41,291),(68,5009),(77,4320),(82,3868)]	19.887461
151	[(0,1644),(32,4374),(40,2985),(59,4092),(65,2509),(80,2040)]	19.668697
152	[(6,304),(18,5093),(21,2154),(43,70),(44,728),(52,3491),(61,3570),(70,4516),(72,5157),(74,3218),(81,2708)]	19.479325
153	[(53,1211),(84,3698),(88,3231)]	20.700722
154	[(4,3760),(5,1780),(6,3602),(12,4691),(24,4383),(35,983),(44,4192),(45,2210),(57,2862),(62,3624),(68,2597),(78,4132),(81,2489),(86,2570)]	19.119218
155	[(24,596),(50,882),(57,1253),(84,3609)]	22.318779
156	[(11,1110),(19,1543),(39,2412),(82,4461),(92,2509)]	35.497188
157	[(13,2836),(25,3702),(53,941),(68,4777),(71,2024),(75,2791),(77,2329)]	19.624467
158	[(59,4425),(69,479),(72,5019),(77,2051)]	19.093082
159	[(16,4265),(22,597),(25,4660),(41,436),(42,3314),(62,3566),(65,4720),(81,2646)]	18.992122
160	[(47,2727),(54,277),(70,4882)]	19.312904
161	[(6,1276),(26,965),(38,1120),(55,934),(70,2203),(83,3007),(92,541)]	19.006598
162	[(1,263),(10,4083),(15,636),(59,4862),(70,4191),(83,438),(84,3349)]	19.232736
163	[(27,99),(43,3958),(56,83),(61,2702),(67,1156),(75,3990)]	21.699812
164	[(6,1701),(10,2171),(24,2601),(25,2770),(50,1499),(69,1667),(85,3215),(86,94)]	20.125214
165	[(6,4233),(7,2963),(19,3859),(36,177),(42,801),(59,3927),(64,3489),(87,2587)]	19.924966
166	[(10,4262),(12,4806),(27,2605),(37,439),(45,335),(46,374),(52,312),(72,3844)]	20.631638
167	[(4,4213),(22,3697),(46,546)]	19.867344
168	[(12,4936),(18,2780),(37,4934),(40,3446),(52,1224),(69,2819),(74,580),(80,872)]	20.589332
169	[(15,3894),(19,4068),(30,4588),(31,3523),(34,3027),(39,5035),(46,1996),(58,4289),(81,4637),(84,3547)]	19.250910
170	[(3,3170),(8,2906),(13,1828),(27,327),(30,4019),(36,1063),(38,3188),(45,1412),(56,256),(76,4763),(92,3302)]	20.204148
171	[(11,3912),(52,1116),(62,4882),(90,994)]	19.971765
172	[(7,1962),(19,4275),(49,3780),(50,4204),(55,2965),(59,444),(78,140),(91,2725)]	30.264621
173	[(18,1679),(20,2119),(21,3438),(35,1957),(46,967),(76,2128),(84,2975),(91,1028)]	19.039188
174	[(10,201),(15,4985),(28,1269),(30,3698),(52,1191),(72,1367),(74,815)]	19.291256
175	[(0,4068),(9,2714),(22,2025),(32,42),(35,1045),(42,132),(59,4863),(79,1049)]	19.063919
176	[(10,3257),(16,1177),(18,4924),(30,2552),(32,1463),(35,3189),(40,2432),(61,3245),(64,2192),(66,688),(78,718),(79,1179),(86,859),(89,19),(92,5092)]	19.509876
177	[(9,1967),(10,4761),(12,2992),(20,4815),(58,1272),(67,3355),(71,2180),(77,900),(83,4743)]	22.743874
178	[(16,2383),(20,4335),(33,4110),(45,1839),(58,440),(74,1138),(78,3612),(89,4201)]	19.037362
179	[(1,2294),(16,1739),(20,4839),(34,5134),(41,3608),(66,2590),(71,3902),(72,1231),(75,4551),(84,5058),(85,4220),(92,4367)]	19.911624
180	[(17,3183),(31,2207),(42,469),(64,338),(75,1382),(80,2381),(90,659),(92,1445)]	28.808084
181	[(18,2778),(33,4649),(48,394),(65,903),(67,3816),(68,3551)]	20.117659
182	[(20,1054),(25,3364),(39,3422),(63,1663)]	20.008576
183	[(12,2811),(18,4021),(25,1011),(37,3091),(39,4686),(70,3714),(77,915),(91,4261)]	20.369508
184	[(11,750),(29,3614),(38,2574),(42,422),(54,1431),(59,607),(75,4998),(77,1052)]	20.418049
185	[(6,2548),(7,1040),(10,2420),(21,3545),(40,3554),(70,678),(83,1652)]	21.054713
186	[(3,2931),(8,1485),(13,4224),(50,210),(74,2677),(83,2236)]	21.951915
187	[(2,4558),(8,2303),(31,3414),(35,2839),(38,3248),(46,37),(58,1314),(63,2604),(82,887),(88,969),(91,4815)]	18.926753
188	[(0,2671),(4,4651),(5,3099),(24,998),(42,4542),(66,3276),(67,223),(76,4459)]	40.727828
189	[(23,1663),(36,1345),(53,2360),(67,4094)]	33.128331
190	[(33,5046),(56,2362),(86,1891)]	22.659139
191	[(10,2621),(16,1681),(31,4792),(48,4255),(49,392),(53,3994),(56,5082),(60,2039),(73,806),(87,4109)]	19.003512
192	[(36,2844),(63,2832),(72,1617),(73,3106),(83,4966)]	19.113519
193	[(3,3780),(10,4396),(12,761),(37,4371),(38,1807),(39,1242),(50,5045),(64,2277),(85,2983)]	18.903019
194	[(20,1287),(23,2930),(28,2604),(47,1888),(51,1669),(58,5143),(59,2296),(60,3678),(78,2750)]	19.396816
195	[(12,4168),(13,1018),(23,922),(49,5040),(54,310),(61,1956),(91,2852)]	18.927558
196	[(25,2932),(52,262),(54,5027),(73,4594)]	21.710043
197	[(10,4102),(16,2974),(31,1352),(33,1013),(56,4292),(67,2404),(69,529),(70,4506),(76,4179)]	30.953641
198	[(2,2691),(33,3840),(41,620),(57,4674)]	20.398162
199	[(25,385),(34,5050),(42,77),(63,529),(65,2847),(80,241),(83,3287),(84,3882)]	20.291451
200	[(16,2367),(19,4272),(30,727),(33,2199),(67,789),(84,4700),(90,2365)]	19.855078
201	[(2,4050),(5,330),(19,4406),(23,4547),(46,4002),(47,1323),(76,512),(83,3853),(87,2563),(89,223),(91,3689),(92,673)]	19.332601
202	[(0,402),(2,4994),(28,63),(29,1785),(35,5161),(37,1153),(47,5102),(54,4656)]	20.489115
203	[(3,3790),(35,1355),(41,2184),(73,2682),(91,2144)]	30.870658
204	[(4,751),(14,4028),(19,3840),(35,3785),(76,5084),(82,4843)]	51.690987
205	[(82,4447),(83,1232)]	41.936062
206	[(1,4550),(8,2699),(18,2335),(19,4164),(42,1004),(43,1812),(57,1223),(58,2156),(83,1040),(92,1039)]	45.193031
207	[(16,3611),(24,2777),(25,1812),(27,5094),(30,1720),(44,3047),(50,1947),(54,3298),(66,3250),(71,2710),(81,3746)]	42.083451
208	[(5,4380),(21,3475),(30,4348),(35,3130),(67,152),(74,438),(83,3393),(84,187)]	42.387721
209	[(14,3210),(26,3087),(59,165),(61,1289),(66,2783),(72,1768)]	24.665937
210	[(11,1122),(18,1506),(23,1745),(33,2038),(34,705),(50,2738),(63,2743),(84,1011)]	20.691078
211	[(10,749),(39,3835),(41,2525),(61,4421),(65,3672),(86,306)]	20.921739
212	[(0,704),(7,5189),(27,783),(42,4182),(50,4313)]	21.136545
213	[(0,4346),(9,2257),(31,4442),(36,2070),(37,4386),(44,2165),(91,914)]	24.355253
214	[(3,3960),(28,2795),(33,1026),(54,1021),(59,4151),(68,454),(74,3715),(87,4035)]	25.701776
215	[(44,1153),(53,2722),(59,1522),(70,1095),(71,1318),(73,594),(80,4297),(92,735)]	19.647419
216	[(2,2810),(4,2446),(6,3303),(7,1078),(8,1784),(9,1970),(33,1935),(77,1758),(85,1326),(86,4457),(90,3977)]	19.605879
217	[(16,1662),(43,1675),(51,4046),(56,194),(59,5082)]	22.676403
218	[(2,3659),(13,4446),(17,411),(27,677),(28,4062),(40,224),(44,1952),(47,4496),(49,3742),(50,1220),(59,2032),(73,3679),(89,1132)]	19.485095
219	[(2,453),(6,4525),(25,5066),(31,4783),(40,3772),(45,3414),(69,5055),(73,4616)]	20.674921
220	[(25,3656),(38,2949),(52,704),(79,4913),(84,149)]	19.243831
221	[(37,683)]	19.191350
222	[(1,3927),(10,3246),(22,886),(30,2870),(34,1678),(47,2103),(64,2744),(77,4291),(87,3067)]	19.226318
223	[(2,672),(11,3220),(12,2535),(30,4698),(38,1439),(56,767),(62,3162),(74,3412),(81,3166),(83,2680)]	19.519159
224	[(0,3851),(2,1838),(6,4636),(8,3828),(20,4956),(35,4489),(55,641),(65,3659),(66,1531),(67,4905),(84,747),(86,2468)]	19.923390
225	[(16,2664),(28,3915),(34,233),(39,3844),(55,1540),(60,110),(81,197),(86,233)]	19.558743
226	[(5,831),(15,3419),(64,630),(69,4334),(79,820)]	19.357512
227	[(7,1779),(12,1432),(16,4002),(17,1323),(33,3452),(35,223),(85,2058),(88,3445)]	19.092607
228	[(30,5085),(38,4167),(48,1133)]	21.930293
229	[(5,2393),(17,696),(19,452),(48,1616),(53,1442),(58,4083),(84,3999),(91,5072)]	27.516081
230	[(48,4681)]	20.143605
231	[(11,4193),(19,4257),(46,1028),(67,4710),(75,3041),(83,2357)]	20.595530
232	[(0,1843),(4,2500),(15,4523),(19,2617),(30,1200),(42,1696),(49,1164),(65,3293),(86,3717)]	19.636987
233	[(1,2128),(5,357),(11,4984),(23,4769),(38,1540),(49,5182),(53,3370),(70,93)]	19.341727
234	[(1,449),(17,4214),(33,3232),(61,4350),(92,2873)]	19.786701
235	[(5,499),(8,4259),(22,2358),(60,795),(74,1283),(83,1701)]	19.209406
236	[(2,2802),(9,2641),(21,3238),(27,4988),(50,3264),(59,2623),(72,1893),(79,51),(92,1644)]	19.223387
237	[(26,1256),(42,4873),(51,3592),(87,990)]	21.674726
238	[(11,2644),(15,1697),(38,5186),(41,3782),(59,4959)]	19.757199
239	[(18,1400),(37,2342),(38,2146),(41,3590),(52,2625),(70,3361),(88,2776)]	19.785373
240	[(9,1395),(24,5037),(30,1885),(35,587),(70,4978),(78,1645),(81,1832),(82,31),(86,3135)]	19.795603
241	[(7,4961),(16,4917),(28,1522),(39,1369),(47,1198),(70,5051),(73,788),(75,4029),(90,1333)]	19.409638
242	[(16,1919),(22,1156),(23,403),(37,2099),(50,41),(52,2335)]	19.085017
243	[(10,169),(31,700),(37,3087),(64,2125),(77,4500),(83,1816),(85,3818),(90,1439)]	19.554516
244	[(6,4634),(7,5191),(14,124),(16,315),(34,2272),(70,2071),(86,4154)]	18.864654
245	[(26,2827),(40,3196),(75,2906)]	21.106507
246	[(2,4863),(3,4070),(13,3571),(22,4245),(29,1805),(62,4971),(84,4900),(86,4966)]	19.628166
247	[(5,2629),(7,3250),(14,1644),(17,3658),(48,1977),(49,3704),(77,1411)]	20.190662
248	[(1,3671),(11,978),(31,2565),(35,427),(72,2938),(74,2453),(75,1015),(85,2191)]	24.424720
249	[(8,266),(31,1967),(39,1499),(48,3221),(54,4272),(59,2310),(64,4365),(75,1060),(77,1143)]	34.933406
250	[(6,3518),(40,976),(47,2424),(51,775),(55,499),(91,3458)]	23.923473
251	[(22,2203),(39,1808),(42,4217),(56,37),(65,2625),(66,2440),(73,3561),(83,179),(90,3329)]	22.821078
252	[(12,2246),(13,3068),(25,3160),(29,1914),(34,1270),(44,4815),(52,2326),(75,141),(76,1781),(88,3703)]	23.090704
253	[(5,4299),(13,2693),(39,4932),(41,3609),(45,2315),(62,2445)]	20.219712
254	[(3,4523),(6,3577),(19,2682),(59,3085),(68,4122),(73,2176),(81,5002),(86,652)]	21.855185
255	[(37,3621),(41,4036),(45,4591),(57,1347)]	19.407833
256	[(4,1078),(14,4762),(16,4437),(46,535),(71,4730),(74,1133),(81,345),(85,1032),(87,2599)]	19.315275
257	[(4,3455),(10,2997),(13,2471),(21,5091),(60,4807),(83,81)]	19.556183
258	[(7,4307),(20,557),(64,2521),(77,3543),(84,4879),(89,2068)]	19.944502
259	[(31,2608),(38,3554),(56,940),(61,3878),(88,3855)]	19.790187
260	[(6,1424),(8,1805),(26,1939),(36,237),(43,1762),(44,4066),(52,2005),(68,4837),(82,4608),(90,1124),(91,4548)]	19.840098
261	[(15,2413),(45,4057),(57,2641),(71,4669),(83,4628)]	19.316902
262	[(11,4447),(15,3363),(64,974),(71,2216),(90,4159)]	19.476929
263	[(4,5125),(14,4774),(18,4269),(19,2517),(24,1465),(33,1347),(35,4457),(45,528),(69,559),(78,2574),(85,1580)]	19.900012
264	[(23,819),(24,1325),(40,3940),(74,108),(85,4637),(89,1727)]	19.465084
265	[(6,4753),(11,4224),(45,430),(70,2340),(77,1086),(81,3794)]	21.584187
266	[(5,4728),(7,3260),(48,4616)]	25.636243
267	[(1,1098),(6,4891),(8,1069),(27,544),(57,3772),(64,4985)]	21.630278
268	[(4,262),(38,482)]	19.998149
269	[(1,4465),(2,1095),(14,1284),(22,551),(40,1645),(44,623),(66,3468),(82,1805)]	18.962544
270	[(7,2704),(43,887),(69,3508),(72,3674),(81,2611)]	18.932818
271	[(5,3149),(6,2211),(7,2622),(28,3901),(75,3570),(83,2931),(89,2355)]	19.051387
272	[(20,3858),(25,1640),(33,3575),(81,2429),(84,2767),(92,4663)]	38.645966
273	[(48,3920),(72,921),(83,1672)]	41.651615
274	[(11,3200),(18,2485),(28,1870),(45,4869),(64,2875),(74,3156)]	43.966224
275	[(8,4455),(14,2707),(24,3153),(27,3079),(30,1775),(39,3202),(42,3593),(46,2603),(48,4970),(57,3421),(58,1379),(59,844),(69,4834),(76,5193),(83,1105),(89,2460)]	42.415608
276	[(11,4609),(19,2259),(20,4568),(26,4008),(30,1154),(35,1691),(51,4741),(69,4532),(79,4565)]	39.651505
277	[(11,2949),(14,4732),(64,4643),(80,4671),(83,1382),(89,1606)]	38.412708
278	[(19,938),(21,2034),(31,5037),(55,3797),(72,4013),(84,1400)]	37.358510
279	[(1,4033),(15,1952),(31,3923),(44,3836),(75,3680)]	39.857608
280	[(5,3206),(33,4026),(54,3335),(57,5124),(64,2406),(70,1501)]	36.776611
281	[(11,4628),(37,4255),(39,4622),(50,2261),(58,4545),(72,2162)]	40.490108
282	[(17,1733),(21,4537),(22,3407),(45,1289),(48,1432)]	42.551038
283	[(7,4513),(9,4874),(18,1501),(34,558),(40,482),(60,4717),(76,2756),(86,1720)]	39.902608
284	[(23,1911),(36,43),(37,2744),(40,2206),(68,2491),(69,1556),(87,5142)]	38.440635
285	[(25,689),(26,4327),(59,2313),(69,3589),(82,3602),(86,3248),(87,4198),(92,4107)]	40.725333
286	[(8,5051),(25,2351),(41,2875)]	64.980669
287	[(6,3842),(15,5075),(18,1791),(40,2542),(58,722),(59,3888),(70,2154),(85,2791)]	41.097706
288	[(12,4569),(36,1309),(47,4472),(67,3756)]	39.276858
289	[(23,3279),(32,1193),(38,4472),(41,2443),(44,39),(64,2926),(68,430),(73,1611),(75,2475),(78,2686),(82,156)]	38.966917
290	[(0,883),(8,4831),(34,4235),(38,1343),(47,296),(68,1084),(70,2716)]	38.931326
291	[(5,866),(24,1468),(43,4236),(83,3448),(92,2742)]	47.076529
292	[(11,764),(43,4686),(49,3752),(51,4206),(52,4940),(63,1156),(79,1605),(90,1348)]	38.163619
293	[(4,3236),(17,307),(44,4274),(79,820),(85,3277)]	42.099024
294	[(2,2277),(3,488),(16,645),(60,4831),(82,1126)]	36.730231
295	[(10,3409),(19,3348),(32,4299),(40,73),(41,3019),(43,52),(59,1791),(79,458),(82,3161),(84,1155)]	36.859512
296	[(1,2888),(4,3257),(7,151),(11,377),(18,868),(35,670),(63,1364),(70,1596),(82,2048)]	38.619847
297	[(25,4634),(31,1144),(57,2222),(66,4741),(75,1840),(86,4364),(89,1960),(90,346)]	38.701403
298	[(14,1051),(23,3250),(72,4229),(77,2433),(79,568),(92,3447)]	38.658526
299	[(5,4826),(14,1590),(18,3290),(30,1781),(32,3731),(35,171),(43,1724),(54,3637),(76,2173),(80,1926),(82,3995),(91,430)]	43.760447
300	[(32,5160),(67,3364),(68,1334),(91,2223),(92,1856)]	38.069308
301	[(2,1399),(7,497),(12,619),(45,893),(55,541),(58,516),(59,1034),(60,2682),(69,836),(70,5016),(76,1575),(79,3118),(81,170)]	37.493090
302	[(6,1614),(26,456),(30,1474),(35,3331),(62,4878),(64,500),(67,93)]	39.588855
303	[(5,3266),(12,1650),(34,1749),(48,4411),(66,3416),(70,4694),(72,2826),(76,3221),(80,1095)]	38.759633
304	[(11,1108),(19,1740),(36,1252),(57,4756),(65,1375),(71,539)]	37.326906
305	[(5,193),(15,773),(18,1724),(22,881),(59,628),(68,2991),(71,2907),(83,2898)]	42.012365
306	[(5,3053),(12,2224),(18,3970),(32,4063),(37,3211),(51,3449),(61,4751),(80,2279),(92,2966)]	41.761216
307	[(1,3996),(13,4553),(27,5097),(28,1053),(54,1811),(55,2316),(63,3366),(70,1167),(82,1834),(85,4247)]	37.237706
308	[(9,4126),(20,3957),(39,4688),(54,4372),(62,3970),(66,4203),(76,4963)]	42.078461
309	[(4,4952),(7,2503),(8,2537),(11,2573),(18,1659),(19,87),(29,4557),(40,198),(59,2470),(61,4062),(69,1688),(70,4419),(74,716),(79,45)]	40.790067
310	[(5,4147),(18,3714),(23,1458),(55,4885),(87,1048)]	37.359176
311	[(0,3956),(2,1674),(21,4805),(44,4441),(55,4837),(68,427),(90,3006)]	42.461747
312	[(19,3461),(35,2133),(44,2913),(66,4335)]	39.786321
313	[(4,4716),(30,3420),(72,2966),(88,779)]	50.583301
314	[(6,1423),(9,3573),(19,472),(48,4902),(55,2560),(63,4795)]	48.233214
315	[(10,761),(22,970),(46,423),(60,1297),(79,1838),(81,3533)]	41.712485
316	[(8,5058),(14,2722),(24,2975),(26,4374),(28,5114),(34,2157),(76,519),(82,237)]	37.133932
317	[(19,3030),(22,1748),(32,1369),(45,2298),(48,1995),(58,947)]	39.140308
318	[(1,1769),(13,2560),(37,1877),(49,1110),(68,530),(71,1907),(88,2655)]	43.205710
319	[(1,4792),(5,1764),(17,1110),(21,4000),(36,2337),(45,1537),(69,2577)]	39.810083
320	[(4,1761),(9,667),(10,4347),(16,2052),(27,2275),(29,5187),(30,3791),(50,2612),(57,1182),(62,1848),(74,921),(89,4726)]	38.451403
321	[(24,4399),(31,3316),(36,2485),(50,1940),(51,507),(70,1927),(75,920),(83,1840),(87,799)]	38.904869
322	[(9,2439),(44,1207),(63,2895),(64,103),(74,4063),(80,737),(82,4598)]	40.122141
323	[(0,4663),(9,3353),(13,4834),(24,3025),(34,884),(39,2750),(40,900),(73,4645),(86,3256)]	43.938616
324	[(0,4797),(10,4995),(16,1699),(39,1442),(45,3572),(73,254),(74,2932),(80,1440),(85,2762)]	39.799895
325	[(24,4091),(29,504),(30,2794),(33,1083),(49,2654),(57,4810),(66,1270),(67,1826),(68,2150)]	39.271993
326	[(3,1336),(19,1489),(53,1506),(57,210),(82,1993),(83,4911),(87,1792)]	40.241252
327	[(10,873),(51,4837),(78,4585),(89,3772),(90,3891)]	38.371957
328	[(2,2443),(13,3771),(16,317),(17,432),(33,1242),(55,2535),(57,2332)]	39.131478
329	[(13,1389),(23,1937),(24,1498),(28,913),(31,4168),(34,5044),(35,1248),(60,2394),(71,4445)]	39.597923
330	[(22,1265),(74,4998),(84,923)]	37.885109
331	[(4,3451),(12,4868),(13,3258),(14,1787),(25,3543),(38,3015),(42,4055),(48,304),(53,414),(67,3968)]	38.068370
332	[(1,674),(23,776),(28,13),(38,2882),(39,4468),(47,4720),(56,4679),(89,2220),(92,4714)]	38.197257
333	[(10,1227),(13,282),(16,4680),(35,1922),(47,2400),(49,3571),(56,4864),(80,341),(90,593)]	37.783909
334	[(19,2120),(24,3699),(30,4707),(33,430),(38,1106),(42,5),(48,3966),(56,2978),(72,3437),(78,2404),(84,430)]	38.245772
335	[(14,3936),(19,1339),(23,3280),(30,495),(37,1543),(47,3680),(49,3989),(58,4979),(68,4286),(69,2769),(81,4315)]	38.290896
336	[(6,5191),(9,3146),(35,3113),(36,156),(56,3935),(72,552),(73,5169)]	38.932502
337	[(7,1949),(15,1976),(29,3851),(30,4201),(61,1798),(65,1191)]	38.016569
338	[(0,138),(15,2745),(17,132),(34,532),(42,306),(50,1486),(61,3973)]	37.035328
339	[(5,755),(13,4026),(34,3758),(38,2783),(47,4072),(51,2345),(74,1116),(80,2515),(81,1615)]	37.355355
340	[(8,1136),(15,4495),(19,3986),(26,2762),(29,1329),(32,2860),(63,3483),(67,2932),(75,3004),(79,2229),(82,939),(85,3875),(92,4993)]	38.293464
341	[(32,5180),(40,1624),(48,1522),(59,3490)]	38.546063
342	[(44,2194),(54,780),(81,3160),(88,2819)]	44.818068
343	[(19,4956),(24,4538),(68,3105),(72,2587),(75,2505),(82,4230),(86,4898),(89,2653)]	44.866163
344	[(2,4790),(10,2250),(14,459),(15,3485),(20,197),(55,5110),(58,1313),(68,2521),(77,1703)]	47.200843
345	[(7,1593),(10,2526),(12,2167),(17,305),(42,1617),(47,371),(63,2866),(65,4718),(72,863),(79,5036),(81,4435)]	37.533813
346	[(41,1605),(48,3469),(65,1414),(71,788)]	38.323125
347	[(1,415),(9,400),(42,669),(59,2738),(68,4393),(71,3745),(76,3998)]	38.818858
348	[(24,3419),(28,1969),(79,1699),(82,3932),(84,2503),(85,2537)]	39.992122
349	[(2,881),(5,1614),(18,1138),(30,3175),(77,3669),(88,1564)]	45.258366
350	[(22,4196),(23,1783),(34,1504),(50,1691),(69,894),(82,1813)]	41.130816
351	[(2,2137),(34,2210),(43,5144),(50,955),(55,3752),(77,2029),(78,1381),(83,56),(89,3542),(92,1951)]	43.835892
352	[(17,1453),(28,4615),(51,2528),(56,3938),(71,1998),(89,345)]	39.169279
353	[(49,2331),(70,2827),(77,4242),(82,4348),(92,925)]	37.910241
354	[(25,2500),(35,387),(55,1169),(71,4159),(83,4736)]	38.006230
355	[(0,3378),(8,4970),(17,4339),(31,293),(34,2798),(47,271),(51,817)]	37.358181
356	[(8,947),(16,4515),(25,4770),(40,1827),(41,4226),(58,1656),(79,281),(87,2449),(89,4755)]	37.040567
357	[(0,969),(18,94),(34,4795),(50,5097),(63,3755),(77,3138)]	42.432103
358	[(18,2665),(21,4890),(25,268),(67,2968),(78,4354),(91,1997)]	40.092867
359	[(5,2704),(16,4921),(40,2753),(41,4479),(51,124),(55,405),(59,1000),(62,286),(68,1258),(86,4154)]	41.207424
360	[(9,2962),(22,3132),(60,1298)]	40.051586
361	[(62,3451),(80,4596),(92,1801)]	40.067118
362	[(3,125),(7,1293),(20,1788),(24,2979),(34,3211),(42,1670),(51,259),(53,4331),(59,4286),(60,2769),(62,4782),(80,2081)]	40.982277
363	[(11,1288),(51,4098),(86,3578),(90,1606)]	43.368775
364	[(10,4093),(23,1270),(24,1826),(33,2647),(44,717),(80,1311)]	40.250981
365	[(13,4396),(37,189),(55,2936),(59,3021),(75,1079)]	40.060716
366	[(4,5117),(19,3807),(36,1398),(48,1939),(60,1052),(81,3963),(86,2580),(88,3332)]	42.467314
367	[(6,2028),(8,145),(18,1209),(23,516),(24,1034),(43,4705),(44,844),(65,4776),(82,1339),(85,4274),(89,4436)]	40.245102
368	[(30,1747),(33,1836),(38,4185),(39,4042),(75,4442),(81,5106),(85,247),(90,3845)]	41.837120
369	[(4,2801),(17,994),(29,1418),(34,3430),(35,1458),(52,1888),(66,1187),(71,1517),(74,1647),(82,2001)]	39.681406
370	[(0,2585),(6,803),(11,3715),(19,3762),(51,1205),(56,774),(57,1109),(63,930),(68,2017),(75,3194),(88,849),(90,4633)]	40.288326
371	[(4,3933),(7,1891),(19,1175),(20,4898),(22,2166),(26,4922),(51,431),(56,2231),(72,3244),(78,388),(84,1028),(88,4988),(90,2046)]	48.366315
372	[(3,3647),(14,3836),(22,1786),(44,2944),(56,2260),(63,1031),(66,2552),(69,324),(89,197)]	41.897532
373	[(11,3270),(20,3731),(24,3047),(48,3420),(52,3651),(63,589),(66,2402),(80,1882),(87,1120)]	26.199501
374	[(17,3305),(28,443),(80,1952),(91,1342)]	25.004331
375	[(31,3046),(42,683),(53,3269),(62,1060),(90,3151)]	20.758672
376	[(15,378),(25,4660),(78,1509),(82,976)]	20.515822
377	[(1,2589),(19,4716),(24,3900),(36,2671),(42,2940),(64,2141),(65,2866),(70,3900),(71,2344),(88,3346)]	20.934091
378	[(4,230),(47,1543),(62,140),(71,3647),(87,4143)]	19.095639
379	[(30,4558),(43,4956),(65,1666),(77,1737),(85,5000)]	19.146604
380	[(1,3879),(6,1096),(9,1224),(43,2841),(46,3421),(47,1379),(80,1776)]	19.416433
381	[(16,4394),(69,1058),(72,3683),(86,5039)]	19.425330
382	[(2,145),(11,4948),(18,750),(29,4001),(36,4982),(39,3324),(66,2334),(84,2851),(87,383)]	19.495702
383	[(1,3691),(8,2393),(22,885),(36,3736),(39,2066),(46,3708),(63,2186),(65,3158),(77,4627)]	19.770765
384	[(16,2980),(41,1350)]	20.132471
385	[(11,3825),(13,554),(23,4874),(25,3710),(42,1303),(75,4067),(76,3816),(77,3551)]	19.806315
386	[(5,174),(36,1924),(60,1421),(64,4745),(65,1590)]	19.904746
387	[(13,1699),(30,3837),(44,3081),(48,3636),(54,45),(89,669)]	19.904132
388	[(7,1486),(11,4954),(14,1021),(21,2738),(33,890),(38,3721),(63,4813),(76,708),(90,3483)]	19.197316
389	[(1,4393),(21,2857),(23,3515),(28,4730),(33,3572),(62,2626),(79,1368)]	19.792331
390	[(14,3949),(42,4209),(54,5004),(74,1145),(78,4140),(91,3584)]	19.332244
391	[(30,4812),(31,4974),(53,412),(54,57),(59,976),(92,5152)]	19.415755
392	[(3,2267),(17,186),(31,3306),(46,3585),(67,165),(71,669),(74,4249),(82,4480),(83,4661),(84,439)]	19.566821
393	[(4,4236),(9,4923),(23,287),(26,739),(37,527),(47,2494),(71,4290),(77,1088),(87,4267)]	20.041578
394	[(3,2015),(32,3557),(43,1434),(44,432),(78,2665),(81,53),(83,1308)]	20.315467
395	[(0,3682),(1,5128),(12,677),(16,2656),(17,1290),(22,4041),(27,218),(28,92),(29,2887),(47,2664),(60,366),(90,2928)]	19.685657
396	[(7,1085),(9,5144),(12,3484),(30,258),(55,3011),(81,3055),(90,2441),(92,3390)]	20.080230
397	[(34,2071),(45,1532),(48,3538),(50,1758),(52,2270),(71,4529)]	19.511871
398	[(12,3839),(38,1786),(39,547),(55,1150),(79,729)]	21.026359
399	[(2,142),(19,838),(42,107),(92,3656)]	19.709937
400	[(16,1121),(25,1230),(44,929),(51,2551),(54,3758),(56,3358),(57,1883),(78,3420),(92,1837)]	19.580403
401	[(5,5186),(10,4106),(17,2308),(30,2479),(34,1829),(47,335),(52,744),(64,2984),(67,4282),(88,5102)]	19.043270
402	[(33,3494),(43,4386),(52,4221),(62,3850),(79,4597),(85,2410),(90,1138),(92,1315)]	20.096125
403	[(2,4787),(10,1947),(54,720),(56,2414),(90,3554)]	19.200251
404	[(28,4961),(43,886),(73,2014),(90,4007)]	20.006657
405	[(17,2536),(19,4149),(30,2033),(59,3997),(70,2175),(74,4646),(89,4323)]	19.327155
406	[(2,2783),(5,2559),(10,2414),(17,348),(43,2749),(44,540),(55,3235),(62,2741),(68,3496),(77,599),(79,1323),(85,2682)]	19.874335
407	[(2,4674),(10,5099),(17,3209),(21,3169),(29,4487),(78,4176),(86,1362)]	19.938059
408	[(5,1869),(11,4309),(16,949),(21,1156),(36,3316),(38,3448),(46,1089),(67,2817),(77,876),(85,982),(90,2280)]	19.905447
409	[(3,64),(26,444),(27,1881),(28,3237),(37,4490),(49,2835),(55,3071),(61,3324),(84,2047),(91,4880),(92,5143)]	19.448793
410	[(0,4507),(26,1014)]	21.165815
411	[(3,609),(7,5129),(12,1521),(17,5073),(34,172),(57,4413)]	20.013589
412	[(6,4930),(12,1475),(37,2409),(52,2163),(67,1818)]	23.392446
413	[(7,4690),(14,496),(17,1421),(21,3064),(24,3179),(39,4006),(42,4750),(52,3488),(56,3067),(63,3379),(64,1685),(75,3461),(78,219),(89,1182)]	26.260065
414	[(3,4179),(17,2118),(26,3635),(32,2207),(42,1657),(46,308),(51,1629),(58,3713),(70,2492),(71,5204),(89,581),(91,1431)]	22.155169
415	[(3,397),(7,1948),(18,544),(27,1144),(29,1480),(46,695),(83,4473)]	19.854412
416	[(20,4668),(34,3524),(38,4258),(39,29),(48,3507),(63,3977),(73,3002),(84,2067),(87,3422)]	19.089706
417	[(21,64),(26,3337),(35,1612),(40,1206),(54,4150),(58,435),(59,3382),(63,2090),(65,4569),(72,513),(77,2520),(87,4101)]	19.377633
418	[(8,5059),(18,2756),(30,3846),(44,4038),(50,48),(52,1761),(53,4939),(60,3333),(66,542),(73,3110),(76,2658),(85,3950)]	19.396383
419	[(6,3337),(15,2450),(42,2473),(64,1519)]	20.036663
420	[(6,977),(29,50),(33,2783),(61,312),(74,3493),(77,3510),(92,1784)]	19.771693
421	[(0,699),(10,359),(12,2764),(26,3057),(50,864),(53,2002),(80,3070),(86,567)]	25.633936
422	[(5,4001),(22,2841),(30,3386),(33,4335),(47,4930),(56,2910),(67,299),(71,1318),(73,594)]	37.182482
423	[(0,1726),(21,5013),(24,3661),(52,1881),(58,3981),(61,2783),(74,2352)]	22.266001
424	[(1,719),(82,518)]	19.208019
425	[(2,163),(22,2733),(39,152),(42,2330)]	19.268080
426	[(6,2250),(14,1676),(31,1859),(32,4486),(39,3817),(52,610),(55,4880),(56,5143),(79,3037)]	19.537407
427	[(1,2475),(8,3662),(19,2685),(81,3007),(87,3619)]	19.843633
428	[(8,3872),(15,1088),(50,1213),(71,2031),(72,5088),(78,3362),(82,714)]	19.521069
429	[(4,2049),(9,909),(27,4753),(35,5011),(42,5078),(45,4132),(53,4202),(55,146),(64,1411),(80,8)]	19.366869
430	[(20,569),(48,4658),(49,609),(70,2332),(89,3823)]	19.287413
431	[(13,879),(17,3974),(20,3511),(30,792),(40,162),(41,4976),(42,3377),(50,3744),(56,2772),(74,3542),(76,1611),(85,1462)]	21.032553
432	[(6,2006),(7,4233),(9,2510),(30,3207),(48,1857),(57,2532),(71,1950),(83,3183),(84,4170)]	19.980815
433	[(33,2116),(54,1578),(64,1178),(88,1231)]	19.496881
434	[(4,2408),(9,4124),(21,2825),(54,1888),(65,929)]	20.106258
435	[(8,956),(57,4903),(77,357)]	20.691506
436	[(44,4202),(45,3182),(61,1912),(71,2625),(88,2012)]	19.212802
437	[(11,2259),(12,4568),(33,562),(43,590),(46,49),(57,4786),(61,2021)]	20.145316
438	[(4,5071),(12,4443),(19,1525),(23,961),(30,813),(50,3378),(61,4141),(63,3753),(77,3241),(85,4313),(88,947)]	20.855981
439	[(13,2695),(22,4984),(35,4069),(47,545),(51,776),(54,3726),(59,4978),(67,3846),(90,995),(91,1220)]	19.363635
440	[(1,3020),(29,4413),(33,3750),(43,3323),(51,4573),(57,517),(66,4289),(75,1622)]	19.100497
441	[(24,4551),(74,807),(78,2592),(89,603)]	19.474969
442	[(10,1159),(35,5132),(39,2980),(41,2334),(55,2135)]	20.526851
443	[(16,5193),(59,407),(77,3696),(85,4157)]	19.572443
444	[(17,4536),(20,3337),(26,296),(54,4632),(56,368),(70,3214),(77,1650),(79,1593),(82,34),(84,3932),(86,2503)]	19.864558
445	[(75,1263),(81,278),(88,2300)]	22.162624
446	[(19,4154),(30,4862),(77,3985),(83,4567)]	21.749124
447	[(4,4000),(8,3629),(21,3998),(22,1979),(36,3743),(88,220)]	24.165681
448	[(12,1796),(14,2047),(15,4870),(27,3693),(52,1852),(76,2330)]	21.573673
449	[(10,3401),(11,2806),(21,4226),(34,4416),(41,1387),(53,4644),(71,3267)]	21.379423
450	[(3,1905),(5,687),(7,2365),(15,3251),(32,1663),(63,2006),(74,4928),(76,4018),(82,4747),(89,635)]	22.504895
451	[(0,436),(22,637),(23,1830),(51,2307),(61,13),(66,797),(67,3004),(78,4569)]	22.038514
452	[(9,1506),(23,3152),(78,4707),(87,192),(90,2505)]	21.702586
453	[(8,1513),(26,3241),(32,3860),(36,407),(50,4625),(60,2040),(64,67)]	22.260984
454	[(5,4668),(7,5069),(8,5022),(17,1983),(24,316),(29,3521),(75,458),(86,2604)]	21.995253
455	[(5,415),(61,366),(64,239),(82,2914)]	21.933931
456	[(3,2172),(10,4499),(15,333),(21,4167),(26,2196),(28,5198),(46,1780),(47,589),(51,4474),(70,4023),(83,1112),(86,4068),(89,3157)]	21.668967
457	[(8,3659),(35,3227),(56,2805),(82,3608),(88,3141)]	21.797801
458	[(15,2284),(50,3090),(51,5013),(58,3032),(79,3210),(80,3793)]	20.681864
459	[(10,3115),(14,2391),(28,1127),(32,1724),(37,4813),(44,4036),(49,2719),(51,2390),(71,3441),(79,689),(80,4327)]	19.900138
460	[(9,5180),(13,1395),(31,1358),(52,3082),(53,3037),(64,349),(86,2597)]	19.655905
461	[(10,2026),(21,2951),(26,2198),(33,4415),(45,1825),(46,4562),(51,5005),(76,5170),(92,4767)]	22.507360
462	[(5,3415),(9,4260),(37,5207),(42,3404),(48,3526),(50,4926),(71,4610),(80,2095),(90,305)]	19.593252
463	[(11,1690),(19,3217),(30,1140),(38,4216),(56,4081),(66,2208),(88,4946)]	18.890148
464	[(12,4219),(24,702),(28,1650),(44,4646),(59,3450),(72,5092),(78,1661),(79,1813)]	19.161539
465	[(12,2899),(26,4037),(35,1554),(36,264),(56,772),(62,2055),(71,748),(72,3454),(91,3717)]	19.236684
466	[(2,3428),(38,543),(53,4982)]	19.495781
467	[(7,5173),(8,3889),(10,3505),(22,2881),(35,815),(37,826),(44,3570),(55,5058),(77,4240),(80,370),(82,1765)]	19.423100
468	[(13,1877),(63,374),(77,342),(82,2077)]	19.886139
469	[(2,4023),(16,1972),(17,378),(28,4623),(74,1791),(92,4850)]	19.394628
470	[(4,3248),(13,3399),(17,343),(27,3128),(38,5113),(43,1043),(44,4846)]	24.082566
471	[(15,4597),(28,214),(40,50),(63,4151),(71,4571)]	36.692740
472	[(5,4877),(15,38),(18,2655),(25,792),(29,951),(33,2059),(42,2858)]	25.037711
473	[(14,1837),(17,203),(50,4795),(58,3962),(73,990)]	20.601844
474	[(2,3065),(11,336),(41,758),(46,850),(55,863),(84,1214)]	19.210319
475	[(3,1091),(5,4495),(16,2235),(18,238),(33,4225),(36,1865),(45,4035),(59,1604),(61,4136),(62,4952),(66,1883),(68,532),(71,546),(72,3278),(79,1748),(83,2845)]	19.410211
476	[(10,3561),(26,4096),(47,4877),(51,1529),(52,4188),(70,5109),(72,2150),(76,401),(87,13),(90,587),(92,1579)]	19.256263
477	[(29,3618),(33,2873),(45,1737),(49,4446),(79,4473),(87,703)]	19.184384
478	[(24,5068),(29,3491),(31,522),(49,272),(50,5080),(61,3577),(63,3434),(77,3118),(81,3516),(90,268)]	19.811331
479	[(10,1940),(11,507),(24,630),(38,4547),(42,4209),(43,3686),(50,2260),(58,4665)]	19.537222
480	[(5,773),(13,4061),(41,4671),(55,894),(58,2212),(76,3880),(77,1232),(80,2483),(84,1045)]	19.769177
481	[(20,1144),(30,3010),(42,3665),(45,1288),(51,2429),(58,4460),(73,595),(77,5051),(89,4335)]	19.885195
482	[(4,2032),(10,2118),(19,4153),(46,3147),(83,3938),(86,1060)]	19.703083
483	[(27,4071),(31,1103),(32,3444),(37,120),(54,4859),(60,4572),(73,2637),(76,356),(78,5118),(79,3581)]	19.928877
484	[(3,536),(7,602),(37,159),(42,1046),(84,4776),(85,3452)]	19.376891
485	[(39,4618),(79,2185)]	19.225074
486	[(5,4800),(16,5006),(19,1387),(25,1691),(31,1723),(34,1415),(37,1986),(53,4657),(59,2334),(76,2589),(77,4232)]	19.762897
487	[(14,3101),(22,4824),(36,3016),(44,4396),(54,78),(73,89),(77,2718),(84,1328),(88,3005)]	19.382415
488	[(0,5180),(19,340),(21,2073),(43,1538),(73,829),(74,2198),(77,475),(91,4592)]	19.186050
489	[(3,739),(5,1720),(11,3663),(23,5060),(29,3708),(39,4034),(42,2119),(54,4965),(58,2333),(72,4663),(89,4571)]	20.048162
490	[(7,4108),(9,1252),(12,1280),(13,3425),(21,1752),(27,2786),(29,296),(35,2616),(49,4317),(57,3825),(62,2417),(69,2108),(73,4208),(92,1236)]	19.986958
491	[(0,4296),(20,1277),(28,206),(38,1841),(46,808),(63,4608),(70,2167),(72,2101),(74,1117),(75,656)]	19.714129
492	[(51,2207),(85,2976)]	19.360220
493	[(5,186),(10,636),(49,4524),(50,2091),(64,4298),(69,3751),(79,1047)]	19.513870
494	[(18,930),(41,5084),(46,5076),(47,2079),(71,1294)]	19.226085
495	[(12,584),(15,296),(32,1835),(50,2982),(62,3840),(69,1510),(70,5173),(76,581),(87,2185)]	21.506934
496	[(27,2372),(46,5185),(68,5042),(72,2711),(78,3632),(91,3067)]	19.255063
497	[(3,1562),(25,3863),(32,4390),(35,500),(68,2771),(91,4766)]	19.190279
498	[(1,2752),(2,4506),(10,639),(36,930),(58,3039),(77,1547),(88,4633),(92,4998)]	20.228234
499	[(4,3452),(38,401),(47,4274),(54,2708),(59,3221),(72,2895),(86,1109)]	19.411478
500	[(3,2567),(27,4119),(61,2638)]	20.286117
501	[(0,724),(5,1364),(9,2056),(26,3471),(37,3110),(71,584),(85,3737)]	19.984751
502	[(4,2275),(7,3151),(9,1563),(20,135),(27,3236),(30,3418),(51,182),(57,5153),(68,3562),(84,913),(91,3744)]	20.495327
503	[(10,2505),(48,1114),(54,3042),(91,1065)]	19.643774
504	[(33,2036),(58,843),(61,412),(71,4023),(73,2163),(74,1123),(75,1),(83,2735),(87,498)]	19.307590
505	[(7,4375),(20,5186),(26,661),(30,1110),(38,3103),(46,5084),(50,3953),(55,5033),(59,5021)]	19.428030
506	[(27,3146),(53,4743),(62,3231),(79,599),(87,1214)]	19.025990
507	[(8,2788),(23,1486),(53,2807),(80,5114),(89,2150)]	19.751662
508	[(40,2027),(45,86),(65,2481),(71,2717),(83,2908),(89,2315)]	19.259460
509	[(41,680),(59,1553),(87,2223)]	19.390025
510	[(5,4910),(6,3892),(10,347),(19,3274),(25,690),(29,3144),(34,966),(47,4179),(52,168),(59,1302),(82,1334),(92,4944)]	25.224589
511	[(15,3224),(26,3495),(36,3108),(66,3325),(69,1103),(70,3444),(83,4299)]	19.980718
512	[(6,1131),(26,5126),(71,2243),(76,863),(78,3167),(92,3903)]	20.774191
513	[(13,219),(17,4915),(30,3561),(58,445),(79,4202),(80,3182)]	20.220380
514	[(0,4995),(11,3346),(20,3189),(23,2412),(34,3819),(54,3845),(87,4399)]	19.720392
515	[(18,563),(27,5142),(39,2744),(56,3412),(85,3067),(87,2820)]	19.961096
516	[(3,3335),(52,766),(62,1773),(70,1622),(73,407),(83,1267),(86,1368)]	20.106745
517	[(4,3489),(11,2229),(18,1890),(24,1890),(39,3156),(48,2463),(65,2853),(71,1550),(76,463)]	19.244428
518	[(1,3242),(48,1759),(55,2517),(81,4471)]	19.380580
519	[(3,2821),(5,681),(20,2732),(24,4925),(34,3525),(36,3796),(50,1084)]	23.271406
520	[(4,3225),(24,4936),(67,2380),(70,4392),(77,2834)]	24.356635
521	[(7,97),(28,1988),(29,1010),(32,1629),(38,4069),(52,4020),(55,3368),(57,416),(73,645),(82,833)]	20.081282
522	[(0,2772),(19,4393),(21,3146),(23,1719),(48,140),(49,487),(51,5005),(76,2658),(88,3547)]	37.678018
523	[(27,2975),(37,386),(41,5181),(53,1333),(57,3641),(59,279),(63,2209),(68,5144),(75,4633),(81,3792),(82,1682)]	21.471004
524	[(5,610),(9,4386),(20,3090),(38,3338),(40,1243),(74,3045)]	19.937301
525	[(2,3614),(11,3366),(16,490),(53,39),(77,3304)]	19.723866
526	[(49,3660),(84,1429),(88,1605),(90,83),(92,3338)]	19.819143
527	[(49,4772),(54,4588),(55,3523)]	20.399218
528	[(0,85),(19,2512),(22,5124),(37,1278),(41,3200),(69,3243),(82,2708),(84,682),(91,1639),(92,826)]	20.526802
529	[(0,4150),(19,4779),(28,799),(42,2751),(43,1217),(51,4894),(56,874),(78,1770),(82,1319),(91,3541)]	20.917419
530	[(29,157),(32,3945),(39,5112),(40,661),(57,2593),(60,5016),(87,1448)]	19.783842
531	[(15,3668),(26,2355),(50,2945),(54,4852),(83,11)]	19.721708
532	[(30,4620),(31,3520),(51,1983),(54,73),(56,245),(80,4319)]	43.813681
533	[(38,490),(47,3525),(50,3973),(60,4164),(63,2023)]	22.940047
534	[(3,2205),(9,2024),(12,1196),(32,915),(43,1994),(54,2806),(60,3396),(67,4618),(79,918)]	19.097983
535	[(26,2847),(34,1344),(48,3930),(61,221),(91,4094)]	19.472401
536	[(14,3400),(40,4836),(83,1109)]	19.411086
537	[(15,13),(25,4335),(32,4017),(38,3495),(40,2563),(42,4617),(59,51),(65,2119),(71,2309),(79,221),(90,1923)]	20.302133
538	[(15,2034),(19,3882),(26,2475),(35,89),(40,245),(63,2243),(86,256)]	19.163175
539	[(1,356),(6,3064),(10,1781),(27,4092),(33,1995),(40,1730),(44,2881),(72,4171),(79,4658),(85,1225)]	19.515284
540	[(5,4283),(20,2557),(29,802),(36,2558),(56,1930),(63,210),(69,744),(77,1023)]	19.073519
541	[(4,3805),(6,1309),(7,1753),(19,909),(21,2761),(24,1429),(48,1117),(49,3436),(60,1753),(62,2780),(64,4493),(68,3577)]	20.285214
542	[(2,1757),(36,3624),(45,4853),(47,376),(69,2596),(75,2365),(82,1975)]	20.882456
543	[(32,4179),(35,1261),(38,5047),(52,2769),(54,4782),(57,5002)]	20.966804
544	[(21,4891),(23,3124),(29,1092),(33,353),(40,270),(41,3773),(47,2226),(59,701),(60,1236),(69,1446),(92,3910)]	19.035769
545	[(28,3485),(32,1437),(40,1280),(41,3425),(48,539),(53,5097),(65,3696),(66,2607),(67,1059),(68,5020),(73,2362)]	19.408161
546	[(3,494),(8,1265),(12,953),(17,326),(34,3791),(46,1061),(66,4389),(69,54),(74,216),(83,2118),(92,1743)]	19.564807
547	[(1,602),(3,3773),(9,3239),(35,2110),(43,2261),(46,544),(53,2696),(62,4775),(65,3964),(70,4458),(86,134)]	19.732122
548	[(8,4192),(19,4431),(39,3629),(52,558),(64,234),(71,3923),(74,103),(78,1963),(88,1504)]	19.834440
549	[(10,4557),(20,3455),(32,1236),(33,734),(37,4587),(79,5098),(87,2091),(92,1939)]	19.284147
550	[(26,4231),(38,3834),(40,2428),(54,3696),(59,4687),(68,2110),(85,4710),(87,3181)]	19.354507
551	[(24,2888),(36,1978),(40,4406),(43,281),(59,174),(64,4555),(71,2286),(73,3436),(79,2656),(80,1290),(83,2223),(84,1856),(87,3935),(91,5057)]	20.987191
552	[(10,319),(32,939),(39,1317),(41,4300),(71,4089),(72,599),(75,1965),(77,2040)]	19.780935
553	[(18,1676),(19,2363),(29,2383),(35,3927),(51,3566),(83,4192),(84,2210)]	22.613072
554	[(17,191),(21,4636),(23,4753),(28,5158),(36,1397),(38,3753),(67,4469),(88,5062)]	19.212162
555	[(7,431),(15,2431),(17,5062),(18,4680),(28,2180),(42,1607),(58,3843),(72,4019),(73,4196),(82,4363)]	18.930701
556	[(0,3780),(6,1145),(13,3602),(22,2370),(58,1370),(59,38),(86,3668)]	19.155237
557	[(0,3988),(11,3830),(20,4841),(83,4676),(84,2332)]	19.666038
558	[(24,4137),(25,5204),(34,2100),(55,4434),(64,230)]	22.410721
559	[(7,864),(27,1624),(33,1697),(52,376),(58,2190)]	31.478328
560	[(2,1399),(36,723),(37,28),(57,4932)]	20.049095
561	[(5,1471),(22,3069),(26,3309),(61,2788),(65,2183),(77,3750),(91,4891)]	21.186865
562	[(9,3334),(20,3423),(34,780),(58,2760),(65,3489),(71,4420),(84,1146)]	20.266100
563	[(13,4185),(32,920),(40,4619),(44,4279),(48,1994),(51,531),(59,3827),(65,4223),(68,2825),(77,3138)]	20.546025
564	[(1,2926),(8,1788),(16,2762),(20,2299),(31,4965),(33,3699),(34,1097),(52,4165),(56,2060),(61,3913),(82,2646)]	20.919279
565	[(1,4291),(18,3268),(20,2372),(42,970),(66,2504),(67,69),(78,5140),(80,548),(83,4307)]	19.828756
566	[(0,2884),(9,4751),(33,1481),(42,1918),(47,3127),(66,4554)]	25.608738
567	[(31,2641),(47,4982),(91,4080)]	32.054330
568	[(41,3909),(53,2633),(61,1828)]	19.573649
569	[(1,5035),(7,3877),(31,4735),(32,3500),(42,5194),(67,3134),(74,4831)]	19.697478
570	[(4,3983),(15,1595),(38,863),(54,850),(71,3884),(76,4207),(77,512)]	34.584024
571	[(14,735),(16,516),(17,1034),(24,4429),(30,171),(46,5066),(48,2254),(49,2054),(56,4367),(59,2771),(83,4469)]	26.123229
572	[(10,5041),(16,1432),(35,4379),(44,3525),(73,236)]	19.551271
573	[(12,1368),(26,3551),(60,3306),(70,532),(77,3769),(83,251),(91,434)]	23.215626
574	[(0,2267),(12,2060),(15,5063),(36,4744),(49,1470),(68,1483)]	43.419565
575	[(8,891),(11,1298),(28,2513),(41,1780),(42,3602),(57,2988),(79,1523),(91,4219)]	25.107187
576	[(44,4117),(80,4581),(81,1127)]	21.011957
577	[(10,3416),(26,3816),(33,4334),(51,4980),(57,5203),(58,3792),(64,1713),(79,545),(84,3269)]	19.877430
578	[(27,1680),(53,2339),(54,3371),(65,581),(79,27),(81,5093),(91,3277)]	19.345815
579	[(6,1936),(24,3110),(38,223),(40,3689),(80,3328),(84,2937),(89,1891)]	19.808900
580	[(2,762),(40,2805),(57,4135),(64,11)]	21.047789
581	[(11,594),(13,3799),(18,3025),(31,3296),(33,2978),(45,3892),(50,4856),(63,730),(85,1008),(87,226),(88,2815)]	21.379327
582	[(0,2932),(3,570),(16,10),(43,2401),(65,244),(68,3373),(83,1161),(85,600)]	20.993149
583	[(3,3970),(8,3096),(32,1374),(35,1954),(45,2226),(55,4267),(72,777),(80,765),(83,1928)]	29.521296
584	[(13,3313),(40,1503),(46,5060),(67,1985),(84,1728)]	22.404111
585	[(21,2698),(43,4083),(68,2230),(74,1854),(79,64),(86,3731)]	19.332644
586	[(3,544),(5,3860),(18,2158),(20,1906),(24,2593),(39,3495),(57,3971),(78,2659)]	19.532616
587	[(7,1194),(8,3735),(22,4131),(31,1657),(41,584),(55,1951),(62,2209),(70,2234),(88,3554)]	20.084750
588	[(43,1517),(48,1011),(63,3324),(78,4485),(80,1111)]	22.160556
589	[(4,738),(24,4089),(25,599),(27,1576),(35,1492),(39,532),(83,3183),(84,4170),(91,3842)]	20.367484
590	[(6,4793),(13,2513),(25,864),(35,3151),(55,3185),(83,2705),(84,57),(85,4560)]	33.984989
591	[(12,956),(25,3100),(35,962),(40,1285),(52,1655),(62,1710),(76,4269),(77,2517),(81,2412)]	42.745993
592	[(21,4725),(28,1387),(31,4802),(44,1530),(51,1181),(57,788),(63,629),(68,3767),(85,1511),(86,911),(91,1072)]	42.657044
593	[(22,2264),(26,2179),(29,1708),(32,3531),(33,2692),(46,2187),(57,1631),(58,1974)]	43.249140
594	[(0,812),(2,4770),(3,3332),(6,2186),(14,1487),(16,2266),(21,3843),(22,5157),(33,1210),(34,862),(42,3000),(62,4387),(74,491),(91,772)]	39.647152
595	[(4,3347),(30,2166),(33,608),(59,2296)]	36.989564
596	[(3,5106),(33,1623),(44,2786),(82,5114),(89,5061)]	20.058262
597	[(6,464),(12,3046),(20,4163),(24,2538),(35,5099),(41,417),(54,2128),(74,5103),(79,3874),(86,1984)]	22.732496
598	[(4,2053),(16,2217),(18,2588),(27,301),(38,1263),(69,978)]	20.190719
599	[(7,4624),(8,4958),(32,5197),(33,5056),(35,590),(74,3816),(75,3551)]	20.769307
600	[(9,2752),(11,2847),(13,2824),(54,4566),(65,1027),(73,5066),(87,4742),(89,2153)]	20.864584
601	[(5,2991),(12,708),(25,4270),(43,3170),(64,1987),(73,3908),(84,1053)]	20.468833
602	[(15,654),(17,2871),(23,1425),(27,4448),(31,4727),(38,5151),(47,5200),(59,2993),(68,852)]	21.191795
603	[(0,4625),(9,379),(15,4039),(54,3080),(66,2708),(79,2136),(80,3116),(84,1825)]	20.982896
604	[(26,2617),(44,4282),(47,4719),(53,4368),(54,4771),(56,5150),(61,2027),(66,4607),(67,2205),(70,5023),(92,4412)]	19.364306
605	[(15,4419),(28,3918),(31,384),(70,3116),(86,1972)]	23.529714
606	[(32,3253),(36,1694),(37,5152),(47,917),(60,2031),(61,5088),(79,1260)]	26.283168
607	[(3,2243),(19,1331),(24,3178),(26,1755),(55,3380),(65,830),(81,8),(84,1500),(92,2513)]	19.737780
608	[(13,3770),(40,546),(50,1872),(57,3144),(68,3136),(69,3613),(73,4755),(83,3907),(85,862),(88,824),(92,2546)]	21.759221
609	[(49,2570),(57,3996),(69,1652),(81,1142)]	34.282082
610	[(20,3746),(41,4296),(45,1069),(66,4330),(77,1501),(86,4536)]	20.644331
611	[(5,1173),(36,4371),(41,460),(62,3912),(83,4426)]	39.094230
612	[(5,4402),(8,1259),(27,708),(41,185),(52,3962),(68,2880),(79,2740),(84,2642),(90,3054)]	23.197409
613	[(2,224),(31,1244),(52,1021),(67,2799),(83,605),(87,1696),(92,3539)]	19.421734
614	[(15,1077),(31,4687),(41,5091),(44,3063),(53,3058),(82,2322),(90,1656),(91,4006)]	19.352068
615	[(37,1793),(56,1503),(68,4455),(81,1238)]	19.720087
616	[(7,1370),(24,3521),(29,4472),(32,2625),(40,136),(41,4603),(44,505),(45,5015),(51,4574),(53,244),(69,189),(73,3926),(88,3083)]	19.639932
617	[(5,3779),(12,3708),(17,2770),(32,4778),(52,1646),(56,63),(57,1785),(60,2554),(82,863)]	19.214876
618	[(38,3),(41,1756),(71,4414),(73,2027),(76,147),(80,558)]	19.638777
619	[(1,3850),(10,3776),(17,4039),(25,909),(31,2801),(36,3204),(49,1307),(56,546),(61,925),(86,1526),(90,940)]	19.014365
620	[(5,3144),(37,2883),(80,2555),(83,2330),(85,3098),(86,3440)]	19.406167
621	[(64,3951),(78,506),(87,1918)]	19.496102
622	[(8,3510),(20,3387),(38,2468),(63,1136),(82,4301),(90,3135)]	19.332018
623	[(0,1281),(48,2452),(55,2326),(56,3455),(81,5106),(85,5015),(89,2464)]	22.618040
624	[(2,3262),(9,3626),(53,2423),(69,3631),(80,2515),(81,1615)]	19.308378
625	[(1,1983),(7,4437),(25,1267),(28,1754),(49,30),(85,9)]	21.345647
626	[(15,1856),(20,46),(23,148),(25,4772),(33,659),(48,4621),(51,506),(69,3606),(75,622),(80,5088),(82,2033),(90,3679)]	19.490700
627	[(25,3472),(45,3413),(54,2430),(55,3636),(64,1767),(92,2411)]	19.706489
628	[(5,4100),(8,1919),(13,506),(16,4687),(35,3164),(40,4219),(43,405),(65,1772),(66,4840),(83,4689),(90,795)]	19.337235
629	[(5,2159),(8,4815),(10,332),(16,4674),(25,3489),(28,755),(53,4121),(64,2282),(85,3647)]	21.100034
630	[(7,1440),(8,3488),(12,4065),(37,2391),(44,3257),(54,1869),(66,2361),(77,2774)]	19.332295
631	[(5,1580),(36,3827),(44,3594),(63,3860),(73,811),(90,599)]	19.072855
632	[(34,2649),(54,126),(66,1649),(70,3017),(91,9)]	19.739904
633	[(3,3472),(19,4310),(72,2943),(76,390)]	20.019754
634	[(12,3935),(34,3161),(48,1456)]	20.440277
635	[(12,523),(40,5019),(55,1688),(68,319),(73,3513)]	19.612968
636	[(11,361),(23,2266),(53,1404),(78,4499),(85,3336)]	19.158629
637	[(30,4041),(31,3013),(46,2205),(60,1468),(69,1983),(75,3728),(89,2487)]	19.514834
638	[(35,1740),(39,4426),(55,2296),(81,2864)]	19.441486
639	[(2,853),(7,2410),(12,2080),(13,4181),(16,1511),(17,911),(27,1404),(32,882),(36,1981),(58,413),(67,2648),(77,235),(84,3964)]	19.762322
640	[(11,3494),(24,1257),(27,658),(34,3152),(59,581)]	19.597202
641	[(1,4443),(3,4695),(5,3515),(12,2677),(47,590),(72,1789),(89,1139)]	19.240827
642	[(0,3533),(5,1748),(15,4579),(21,2519),(27,320),(64,2069),(73,179),(77,4871)]	19.720586
643	[(7,1650),(25,2344),(63,3351),(71,4722)]	19.151530
644	[(1,829),(2,2198),(12,2899),(20,2842),(21,4468),(24,2152),(26,1330),(29,4537),(30,3407),(33,475),(60,1394),(64,4493),(81,3663)]	19.720166
645	[(1,4867),(16,1165),(24,3194),(40,1177),(70,4378),(87,2545)]	22.472138
646	[(6,233),(10,5098),(13,587),(17,3787),(20,3613),(43,4518),(48,1844),(77,4962),(82,5113)]	19.906330
647	[(13,1796),(24,2712),(29,3127),(36,1376),(37,4122),(47,77),(51,4212)]	19.188502
648	[(3,3696),(9,4534),(10,3509),(13,1722),(21,3150),(32,2010),(43,4536),(56,1400),(59,3412),(79,3286)]	19.289469
649	[(11,1684),(17,4726),(20,1042),(21,4036),(53,4809),(73,1178),(74,4698),(92,2665)]	19.207194
650	[(5,3407),(10,3220),(11,2535),(34,4327),(58,817),(67,5120),(83,4371),(84,2115)]	20.433106
651	[(23,1747),(26,660),(39,3472),(65,5017)]	19.389532
652	[(0,4588),(8,4728),(50,2805),(51,4160),(52,2009),(56,4563),(62,3663),(64,451),(67,2862),(69,3121),(80,4384),(82,1593)]	19.398237
653	[(37,2382),(38,1884),(62,4111)]	22.248866
654	[(15,3395),(27,1350),(59,3863),(69,4143),(70,4391),(77,651)]	25.658550
655	[(3,1097),(52,2808),(61,3449),(82,950)]	19.257076
656	[(1,10),(10,3023),(31,391),(33,2096),(38,69),(40,2998),(47,5013),(50,1643),(65,3298),(70,2355),(91,2030)]	21.131770
657	[(6,2106),(14,4591),(51,2048),(57,2900),(58,19),(68,5128),(80,1060),(84,5155)]	22.316016
658	[(2,4056),(27,835),(41,3528),(45,4957),(78,4009),(79,3496),(88,3354)]	20.181742
659	[(11,362),(14,2105),(33,2945),(77,1964),(79,744),(81,916),(92,3969)]	19.969956
660	[(15,3096),(27,5052),(37,1399),(41,3250),(47,2370),(51,983),(53,275),(57,2107),(63,4440),(71,470),(84,236),(88,2069)]	19.749235
661	[(3,2613),(19,1500),(21,721),(25,4254),(46,3230),(47,4639),(52,3015),(68,2942),(80,2478)]	19.787884
662	[(5,4917),(23,4120),(44,2218),(49,4677),(56,4393),(68,1116),(84,4603)]	39.456497
663	[(0,2083),(5,3455),(32,3821),(51,176),(55,508),(73,2001),(78,3162),(88,4259)]	19.769567
664	[(12,1087),(50,4833),(63,2684),(85,5053)]	19.657010
665	[(2,3366),(4,3217),(7,2724),(43,3745),(47,583),(48,4000),(56,5178),(68,3378),(91,984)]	20.997639
666	[(14,4641),(22,4687),(25,830),(26,3570),(31,637),(32,1830),(44,4184),(50,612),(66,4542),(88,4872)]	19.515981
667	[(2,2637),(7,198),(16,1694),(20,1469),(33,3876),(61,2964),(67,373),(82,3222)]	19.338314
668	[(3,2085),(12,4392),(27,3286),(29,2913),(55,3522),(58,3153)]	19.094464
669	[(1,3085),(7,637),(10,4431),(18,4996),(32,3378),(46,1349),(62,4005),(72,2170),(86,3103),(87,869),(88,718)]	19.492707
670	[(2,583),(9,672),(14,4731),(40,4054),(48,1189),(58,3048),(61,708),(71,4806),(86,4624)]	20.765620
671	[(2,2412),(5,424),(14,4566),(23,2726),(37,3141),(59,5181),(76,2190),(80,336),(88,4936)]	19.655887
672	[(18,1356),(51,3774),(52,4583),(62,2978),(72,3108),(85,1576)]	19.083029
673	[(16,5202),(37,166),(47,1883),(50,3114),(66,1758)]	19.479199
674	[(9,3302),(25,5051),(30,459),(33,2722),(49,3413),(57,982),(67,4861)]	19.488861
675	[(14,1086),(23,2558),(24,4135),(51,4332),(58,3067),(63,2363),(70,3142),(91,1968)]	19.465945
676	[(0,5168),(2,4766),(14,3826),(28,931),(46,2347),(51,740),(61,241),(64,3287),(67,2971),(77,275),(79,1329),(82,2860),(92,4632)]	19.803205
677	[(37,3814),(43,5040),(50,124),(65,1405)]	19.227243
678	[(4,2900),(8,2462),(10,1889),(19,1475),(46,3375),(63,5148),(86,3646)]	21.377827
679	[(11,2487),(19,2102),(20,253),(22,3855),(27,2443),(36,1873),(70,3122)]	19.975274
680	[(0,1464),(40,3449),(66,4375),(79,899)]	19.316434
681	[(15,5198),(54,3331),(61,4250),(86,5145)]	19.648561
682	[(8,1265),(25,5074),(58,203),(59,2277),(60,488),(63,2575),(71,3324),(75,4538),(81,1850)]	20.440496
683	[(9,1813),(44,3463),(45,2167),(46,233),(50,2311),(56,186),(65,5027),(81,2437),(87,3829)]	19.476563
684	[(4,287),(14,3165),(17,15),(63,4685),(64,592),(82,3867)]	19.260800
685	[(13,282),(20,3848),(28,2981),(33,282),(42,4035),(62,130),(65,404),(72,2609),(78,5185),(81,3282),(84,276),(92,830)]	19.110068
686	[(12,1997),(35,21),(51,261),(52,1833),(62,310),(70,1089),(76,4460),(83,3176)]	19.185082
687	[(2,5080),(6,1022),(40,5099),(66,2027),(77,4101),(84,4054)]	18.932541
688	[(5,4146),(17,3680),(48,1150),(51,886),(78,3256),(82,2423)]	19.174338
689	[(7,5105),(29,2384),(35,3839),(55,2442)]	19.259987
690	[(4,1847),(9,1507),(13,2906),(15,4830),(23,1605),(46,2243),(63,1158),(92,3688)]	19.906794
691	[(2,3610),(8,133),(48,1882),(54,3791),(75,3931),(91,4868)]	19.409842
692	[(6,435),(7,3382),(23,1952),(30,495),(37,1934),(46,4468),(48,1868),(62,1541),(65,2241)]	19.122616
693	[(2,4025),(15,2664),(58,161),(77,4753)]	19.667855
694	[(7,2188),(25,763),(35,1807),(36,1242),(37,4902),(39,4071),(82,368)]	22.284952
695	[(2,1917),(9,1921),(25,447),(26,631),(28,4995),(60,2932),(72,3047),(75,380),(83,2468)]	20.599777
696	[(8,840),(20,3161),(22,1155),(40,4222),(45,1134),(50,4133),(62,2226),(76,1922),(78,4640)]	19.263092
697	[(14,1395),(16,2378),(21,939),(24,400),(38,649),(64,1167),(73,1827),(77,4319),(82,2124),(88,1866)]	19.006057
698	[(13,1535),(26,1752),(42,980),(48,3812),(69,4852),(76,4911)]	19.610017
699	[(30,484),(31,3021),(49,5166),(72,677),(86,535),(90,2817)]	21.013226
700	[(0,1875),(3,303),(6,1486),(20,1213),(66,3189),(91,2946),(92,4062)]	20.597490
701	[(6,549),(31,3975),(42,1707),(52,2530),(66,461),(71,3908),(88,1524)]	19.053519
702	[(13,297),(22,2913),(35,1517),(50,931),(63,4824),(69,3425),(90,4379)]	21.953328
703	[(6,2564),(13,762),(35,1867),(48,4378),(76,2860)]	24.868475
704	[(19,3874),(23,4230),(28,3104),(33,4888),(42,4214),(53,4626),(79,1143),(80,2476)]	22.701941
705	[(43,2857),(67,2560),(73,2370),(79,3038),(82,1778)]	19.914010
706	[(13,652),(37,896),(45,4195),(48,3113),(70,2080),(92,4512)]	21.056462
707	[(14,1017),(25,1317),(29,2270),(56,595),(68,3080),(74,2650),(76,3381),(84,3486),(88,3644),(89,4504)]	19.378362
708	[(8,4102),(33,4114),(47,2215),(49,1411),(65,984),(67,3376),(73,4173),(86,4224)]	19.318977
709	[(5,3519),(16,779),(35,4672),(75,2924)]	19.497581
710	[(23,4463),(36,4008),(53,1551),(90,3225)]	21.028923
711	[(16,3318),(37,1015),(63,511)]	22.209621
712	[(2,4699),(5,2811),(7,3938),(30,3012),(34,3171),(41,4908),(43,668),(67,3848),(80,4765),(92,2039)]	23.758780
713	[(22,713),(29,3249),(37,1353),(46,1652),(51,1708),(60,2291),(61,888),(71,4348),(83,2797),(86,175)]	35.802368
714	[(25,1067),(43,3870),(49,1857),(67,5071)]	20.020981
715	[(6,2812),(9,96),(19,1871),(36,4080),(84,4708),(86,1416)]	19.211364
716	[(6,2524),(11,2915),(33,740),(45,2917),(48,4413),(56,3665),(73,2373)]	19.387843
717	[(15,1503),(53,5195),(64,3417),(65,1499),(71,2493),(86,3399),(87,3480),(88,3092)]	19.732668
718	[(13,674),(31,408),(40,2675),(44,990),(72,2566),(74,1463)]	19.333136
719	[(13,3178),(21,884),(25,3916),(26,2016),(81,3476),(88,1996)]	19.230616
720	[(2,1193),(23,5048),(24,1142),(31,3814),(42,3511),(51,4523),(53,2802),(55,1878),(59,2222),(62,672),(72,3896)]	19.203279
721	[(0,3645),(13,1747),(15,2649),(17,22),(76,2067),(81,5137)]	19.057477
722	[(22,5177),(26,4856),(39,2674),(51,1295),(52,2807),(55,3935),(58,2781),(59,3514),(68,2804),(80,3461),(92,2459)]	19.232696
723	[(17,647),(18,5188),(19,3608),(28,3702),(36,1799),(42,1765),(77,3378),(88,5124)]	19.238347
724	[(0,786),(5,3168),(9,3727),(27,1278),(36,3280),(38,3121),(44,2830),(56,552),(68,1835),(87,2649),(91,758),(92,2904)]	19.469297
725	[(46,2100),(53,1271),(89,775)]	19.230223
726	[(12,1105),(28,1677),(38,2070),(52,2776),(59,4083),(76,3133),(82,1260)]	19.264394
727	[(7,1888),(22,1931),(28,4412),(52,4719),(55,2995),(61,2563),(81,4266),(83,4880)]	20.669037
728	[(19,5136),(22,3154),(28,561),(42,4679),(43,2838),(53,330),(66,3567)]	21.475382
729	[(8,3400),(14,417),(19,4026),(29,1262),(35,2306),(40,1268),(54,3840),(61,316)]	19.347203
730	[(17,4687),(25,923),(47,2119),(58,1982),(64,1188),(68,2581),(73,4283),(90,3060)]	20.404483
731	[(0,3143),(10,572),(21,408),(34,78),(41,2934),(64,1310)]	19.330613
732	[(10,340),(37,2779),(38,2357),(46,3109),(56,3265),(59,2712),(74,2248)]	20.935810
733	[(20,2960),(21,3001),(36,1336),(83,3469),(86,1348)]	20.372934
734	[(1,3577),(44,4466),(46,791),(68,2045),(79,1965)]	19.873385
735	[(2,4304),(6,222),(7,3044),(9,1155),(11,265),(13,158),(19,4971),(38,4537),(56,1376),(57,4122),(70,3418),(83,1601),(92,2343)]	19.784608
736	[(1,3034),(7,3915),(8,3289),(17,3273),(40,4094),(45,2163),(66,2436)]	21.139333
737	[(1,3694),(2,2737),(48,930),(53,4306),(68,1517),(69,3197)]	19.573480
738	[(4,358),(5,620),(14,4008),(39,2360),(46,5004),(56,550),(64,871),(86,3409),(89,4891),(92,1352)]	19.327981
739	[(21,3356),(28,653),(30,2337),(37,3046),(87,85),(90,4981)]	19.317322
740	[(2,462),(8,3940),(40,3460),(45,733),(62,263),(72,3530),(73,1448),(77,1298),(80,3740),(83,845)]	19.451399
741	[(0,2832),(6,2947),(20,504),(24,4724),(25,618),(49,699),(51,2886),(52,484),(53,2382),(61,411),(70,4690),(82,4918),(84,650)]	18.976664
742	[(0,2879),(13,1521),(30,3411),(52,4609),(68,1769),(82,3542)]	20.245666
743	[(19,726),(31,3973),(43,1561),(78,1467),(81,4818)]	22.198640
744	[(10,4661),(20,5006),(45,2819),(50,5070),(73,3159),(74,2808),(77,4813)]	19.692637
745	[(2,4412),(6,4765),(18,5098),(22,3304),(26,3383),(54,2496),(59,803),(82,2570),(87,4414)]	19.802916
746	[(2,3352),(6,3961),(15,2630),(20,2382),(55,344)]	19.182324
747	[(20,4555),(22,3937),(26,3749),(52,5130),(54,4422),(59,1481),(60,4090),(64,1484),(80,2778)]	20.741384
748	[(9,4326),(57,4411),(73,2818),(82,3580),(88,4502)]	21.306658
749	[(12,3187),(14,4626),(20,2549),(40,320),(54,37),(57,344),(60,3690),(66,425),(71,4387),(76,2680),(90,1445)]	20.032059
750	[(3,4650),(8,2433),(22,3685),(26,715),(31,2660),(32,4248),(36,1311),(49,4980),(57,4610),(65,522),(70,2046),(90,262),(92,5027)]	20.894761
751	[(20,4842),(26,502),(31,2175),(44,2863),(53,1197),(80,1168)]	25.169998
752	[(18,2291),(19,888),(43,773),(59,3580),(67,216),(83,3384)]	21.754054
753	[(1,2527),(4,2054),(38,3825),(56,3983),(58,3951),(64,1996),(88,2012),(91,4093)]	19.293618
754	[(4,2171),(30,4673),(34,481),(35,2492),(36,5204),(43,1450),(48,2837)]	20.110687
755	[(30,2734),(38,1011),(67,5156),(82,2555),(84,1922),(88,588)]	19.587813
756	[(2,4344),(5,85),(9,4777),(32,3429),(39,729),(60,1516),(66,619),(77,3635)]	19.835900
757	[(0,4652),(9,119),(18,1715),(20,754),(22,1854),(26,3621),(43,3624),(51,201),(69,2188),(91,98)]	19.788098
758	[(14,1895),(15,2296),(16,3678),(20,2142),(24,2062),(29,4059),(46,4399),(47,5183),(50,4951),(63,513),(68,2965),(72,3597),(83,320),(89,3656)]	19.219365
759	[(20,3549),(21,23),(22,5063),(29,507),(35,8),(46,923),(72,4881),(76,2951)]	19.456230
760	[(2,4851),(30,1366),(35,3840),(48,4626),(74,9)]	19.731691
761	[(8,3922),(15,205),(19,612),(22,1743),(26,1916),(33,4184),(40,3543),(61,2094),(67,4415),(70,4900),(72,4966),(73,3373),(85,2074)]	19.428912
762	[(4,1699),(11,2536),(14,1113),(31,4555),(38,476),(42,817),(51,1347),(61,4906),(63,2802),(65,1878),(76,1702),(77,4344)]	20.113364
763	[(2,848),(34,2453),(35,1110),(44,4505),(55,2442),(58,4957),(69,1415),(72,1986),(73,2099),(76,2553),(81,3403)]	23.967706
764	[(1,3090),(6,791),(53,4000),(55,2033),(61,4543),(73,1125),(82,4397),(85,3273),(87,3656)]	35.257565
765	[(13,2999),(26,4420),(36,4140),(42,137)]	20.401054
766	[(0,4072),(14,5017),(15,4563),(22,53),(41,2847),(42,4798),(46,4874),(48,249),(62,2911),(69,547),(89,4793)]	19.509794
767	[(3,4286),(25,3658),(31,451),(45,4328),(48,1897),(49,3421),(56,1526),(80,2240),(82,801),(92,1269)]	19.401528
768	[(10,2351),(37,1351),(43,1733),(46,5201),(60,1083),(66,4444),(73,3748),(92,3758)]	19.253739
769	[(4,2094),(11,1405),(13,2339),(29,3685),(34,141),(40,2833),(46,1790),(82,254),(83,2932),(86,570),(87,2562)]	19.443856
770	[(25,360),(33,4156),(36,1042),(52,1402),(57,1993),(58,4911),(62,3580),(71,2075),(83,3751),(92,3593)]	19.841733
771	[(24,706),(30,706),(36,4474),(57,592),(81,4554)]	19.701209
772	[(4,2550),(38,4),(39,4332),(41,4874),(68,3657),(79,1917),(82,2053),(86,349)]	18.969572
773	[(4,38),(49,2666),(51,4804),(69,656),(75,342)]	19.509592
774	[(6,1078),(9,3829),(17,1873),(34,4366),(43,4623),(44,695),(46,4674),(48,4326)]	19.700460
775	[(3,4604),(38,5000),(61,3250),(68,4328),(75,1158),(89,4966),(91,2955)]	19.337910
776	[(4,4828),(11,3344),(17,741),(29,4160),(33,476),(55,1519),(57,4215),(59,429),(71,637),(74,3798),(78,1918),(89,1377)]	19.554357
777	[(12,3116),(23,3044),(29,2215),(77,2998)]	21.413220
778	[(0,3773),(9,2163),(10,1123),(19,1731),(25,3914),(42,4801),(63,915),(71,278)]	19.640429
779	[(24,1253),(38,3728),(51,5106),(64,1776),(72,4481),(79,2935),(86,4310)]	19.664474
780	[(10,3109),(15,3592),(28,1241),(36,4258),(37,29),(67,3631),(72,4928),(77,3669),(79,5043),(83,4842),(92,4224)]	20.048965
781	[(3,1700),(26,656),(30,2250),(37,4658),(38,609),(65,1949),(66,590),(80,2928),(81,1096)]	20.929741
782	[(1,1882),(10,4141),(15,2369),(27,4362),(40,3267),(52,668),(60,4215),(64,3300)]	19.225081
783	[(31,398),(64,2258),(75,3935),(79,951)]	19.103536
784	[(12,3490),(72,673),(77,4347),(86,2735)]	19.329791
785	[(9,2242),(12,166),(27,4972),(35,4474),(63,1736),(71,3943),(80,4910)]	18.997591
786	[(1,2890),(3,1438),(13,2473),(32,4183),(35,3588),(73,119),(86,3102)]	19.392000
787	[(26,778),(31,43),(32,2744),(44,2359),(56,2837),(60,2715),(62,3836),(68,2570)]	19.121843
788	[(1,2497),(5,3877),(18,1696),(27,2393),(29,2888),(33,1446),(45,138),(46,17),(56,2287),(87,2442)]	19.259139
789	[(15,2949),(24,344),(28,897),(56,2171),(58,3834),(60,2428),(75,5073),(81,1539)]	19.266907
790	[(5,3893),(55,85),(72,1408),(77,4370),(82,5129),(87,1900),(90,859)]	19.301530
791	[(9,41),(32,4321),(52,2104),(79,998)]	19.696492
792	[(50,4102),(59,1656),(73,116),(89,3504)]	19.216785
793	[(9,258),(10,1738),(12,2280),(44,842),(79,2175),(82,4989)]	22.041934
794	[(21,1850),(75,2934),(78,4735),(79,3500),(88,2611)]	20.003517
795	[(20,4932),(37,4880),(42,2970),(44,364),(62,2882),(63,4468),(66,4251),(71,1008),(73,226),(74,2815),(85,2291),(86,888)]	19.193222
796	[(9,3541),(13,2220),(18,4127),(29,3221),(37,148),(45,3748),(63,3520),(87,1471),(90,4385)]	19.819681
797	[(17,3843),(47,699),(49,2886),(50,4086),(60,3641),(81,2710)]	19.573834
798	[(8,3011),(25,1180),(69,2956),(80,3664),(85,4880)]	19.731353
799	[(0,4982),(22,995),(56,2545),(73,4347),(75,1712),(79,3195),(86,2424),(92,3715)]	19.849472
800	[(6,3616),(17,1184),(18,3250),(23,1729),(34,3664),(70,1944),(79,3278),(89,2180)]	22.824605
801	[(2,3130),(4,1833),(24,1677),(62,1698),(75,5157),(79,1091),(89,735)]	26.789325
802	[(5,4621),(8,2718),(25,5096),(27,3043),(34,3208),(38,4250),(91,1358)]	19.921614
803	[(10,3390),(20,5188),(27,4717),(53,200),(62,5190),(69,1845),(74,3723),(79,1202)]	19.294548
804	[(10,3342),(23,214),(35,2495),(48,0),(50,1842),(52,4130),(54,3063),(68,1460),(69,3896),(82,873)]	19.931401
805	[(13,1627),(29,2168),(63,1636),(64,539),(78,4462),(89,1532)]	19.390389
806	[(11,2835),(34,2961),(41,605),(50,4858),(62,46),(69,4873),(71,2246),(77,414)]	20.072706
807	[(85,1787)]	19.740907
808	[(23,4519),(30,1210),(35,2299),(52,4027),(54,2403),(55,3434),(78,4706),(87,799),(92,3192)]	19.325963
809	[(9,3762),(41,1231),(52,1162),(55,3528),(58,653),(67,4849),(71,71)]	19.522647
810	[(3,3986),(4,1901),(24,1208),(26,3501),(30,4858),(31,417),(36,1156),(53,2938),(55,2453),(58,2527),(86,122)]	21.305457
811	[(4,4958),(23,1819),(31,956),(32,1909),(77,3460),(88,2228)]	23.402670
812	[(17,2747),(23,3099),(26,1489),(34,1901),(46,1401),(70,1345),(82,4802),(89,4989),(92,1652)]	20.022381
813	[(39,4353),(43,4617)]	19.778560
814	[(4,834),(55,1456),(58,1346),(61,92),(62,2887)]	25.034018
815	[(30,2191),(61,3905),(82,15)]	33.644812
816	[(32,1349),(36,2149),(37,2875),(46,1694),(47,5152),(53,1478),(64,622),(76,3932),(85,2637)]	19.944800
817	[(0,1990),(29,4977),(30,2905),(65,2849),(68,1540),(72,763),(76,4920),(81,4409),(88,4073)]	19.664320
818	[(1,2359),(7,2706),(20,244),(25,4780),(27,538),(34,1680),(85,3199),(92,4658)]	19.220152
819	[(5,3467),(17,431),(23,3618),(26,2031),(36,2122),(40,2428),(48,2422),(57,915),(59,4701),(75,3963),(82,1222)]	19.792008
820	[(3,884),(6,72),(12,3097),(37,2107),(41,5056),(58,2089),(65,4820),(77,3717)]	20.156124
821	[(3,504),(28,3335),(31,189),(78,2459),(79,259)]	19.065356
822	[(19,1731),(38,1412),(44,1329),(69,3459),(71,2341)]	19.454974
823	[(6,2094),(21,4812),(26,4004),(27,735),(34,1481),(59,3340),(62,1178),(67,2594)]	19.464403
824	[(0,3542),(4,3274),(16,217),(29,296),(30,105),(45,4580),(75,141),(83,280)]	19.883126
825	[(19,2200),(38,1626),(42,2921),(46,3313),(61,4321),(62,2013),(67,1165),(73,1915),(85,2713)]	19.677801
826	[(7,565),(38,3512),(40,3145),(41,2748),(45,4656),(49,5106),(61,4765),(65,3485),(80,4192),(81,2210),(85,4095)]	21.866424
827	[(4,4564),(5,3857),(23,4629),(30,4111),(44,2940),(65,3515),(66,4704)]	19.169699
828	[(12,2324),(17,2830),(25,641),(29,410),(35,3516),(61,744),(75,1317),(77,4300),(88,2190)]	20.302114
829	[(10,4468),(21,1381),(23,3770),(35,4288),(38,3240),(45,620),(54,2860)]	19.419040
830	[(2,2689),(11,4576),(34,5190),(39,2816),(40,2041),(56,4952),(69,3124),(76,4053),(89,1553)]	19.728274
831	[(7,533),(8,120),(10,3163),(17,3689),(18,673),(28,976),(30,402),(56,26),(58,3377),(63,1485)]	19.358356
832	[(4,5042),(16,1217),(21,4287),(42,211),(44,1501),(56,860),(59,1269),(73,4784)]	19.461573
833	[(9,2587),(11,2890),(24,1142),(40,4679),(44,5106),(46,2918),(59,407),(78,864),(91,1368)]	19.009757
834	[(11,2619),(15,4893),(58,2801),(85,1878)]	21.898932
835	[(14,3483),(30,3200),(47,717),(49,5018),(58,4458),(77,1296),(83,3448),(91,2218)]	19.622251
836	[(12,2925),(14,2504),(22,3766),(23,3945),(25,4294),(29,4933),(32,4451),(44,3069),(47,608),(61,4019),(91,4757)]	19.653992
837	[(4,2633),(9,2515),(14,1136),(27,3661),(47,1668),(58,1083),(75,519),(78,4611),(88,4899)]	19.515618
838	[(12,3094),(22,4946),(23,4642),(25,1002),(50,2159)]	21.394378
839	[(8,3105),(11,4746),(12,3752),(24,2715),(37,1261),(46,1579),(56,4505),(58,1454),(74,9),(77,1752),(88,2417)]	20.663841
840	[(19,2506),(25,4133),(27,3150),(39,1445),(52,4645),(54,4669),(64,1559),(70,101),(72,2338),(75,83)]	20.308012
841	[(16,4649),(21,3534),(59,2668),(63,2041),(72,515),(83,690),(84,1285)]	21.654335
842	[(11,4545),(22,3450),(27,4874),(29,3710),(32,4073),(49,1277),(59,758),(80,2933),(88,763)]	21.175255
843	[(19,4799),(22,1692),(31,31),(36,474),(42,3229),(64,757),(66,2389),(74,1176)]	19.482435
844	[(50,4093),(55,1409),(64,1175),(70,4681),(74,4350)]	19.735675
845	[(8,245),(39,3311),(50,3433),(51,2073),(57,1390),(70,2068),(72,4559),(86,979),(92,5200)]	20.073467
846	[(0,3254),(32,3722),(64,1075),(85,284)]	19.252447
847	[(2,285),(6,4367),(11,2659),(34,2569),(40,3837),(78,1132),(88,1243)]	20.190864
848	[(21,4008),(23,5052),(28,1001),(38,4505),(46,1884),(59,2639),(63,1979),(67,5000),(68,4232)]	25.031846
849	[(12,3962),(44,330),(48,385),(62,1620),(75,825),(78,2740)]	46.253641
850	[(6,2841),(9,3135),(33,2243),(44,3574),(55,4495),(60,4136),(71,1279)]	37.067008
851	[(38,4837),(42,349),(49,4959),(59,1446),(67,1552),(87,3970)]	40.050494
852	[(23,2792),(27,2143),(29,1793),(30,4070),(39,1293),(40,1039),(55,4400),(75,1720),(87,641),(91,4942)]	41.699599
853	[(2,2483),(10,2442),(19,1135),(36,2883),(43,3720),(45,4888),(53,2289),(88,1440),(90,746)]	38.108064
854	[(66,1226),(77,2853),(83,1294)]	39.707743
855	[(2,2891),(20,4227),(70,1252),(86,382),(89,2076)]	38.798537
856	[(3,4227),(31,4097),(46,4281),(61,1357),(75,1510)]	41.334498
857	[(16,1261),(27,1702),(28,1402),(34,1635),(66,4054),(72,3998)]	45.927516
858	[(4,3071),(11,2825),(12,1527),(20,2414),(29,4325),(39,1711),(79,3335),(86,334),(90,1192)]	46.694049
859	[(10,311),(21,4843),(33,1273),(39,4610),(58,5202),(90,4963)]	39.775983
860	[(1,3783),(3,4406),(28,388),(80,4936),(84,4558)]	39.657297
861	[(8,1772),(45,5201),(54,1086),(64,341),(72,4122),(88,2506)]	38.980277
862	[(6,1901),(21,2842),(42,2995),(52,3722),(57,2758),(64,2162),(70,4776),(72,3281)]	39.489283
863	[(5,5052),(51,1330),(64,1404),(84,3244)]	38.786589
864	[(2,1064),(8,4497),(11,3531),(20,879),(29,1707),(37,1795),(45,4350),(49,2519),(80,230)]	38.802068
865	[(4,1433),(19,4586),(21,2082),(30,1633),(32,1680),(39,3831),(49,796),(63,1586),(66,389),(78,2775)]	38.586674
866	[(0,1166),(23,2456),(26,5032),(29,1566),(32,758),(48,4153),(71,976),(74,2258),(80,888)]	38.738968
867	[(6,4189),(21,4728),(23,1289),(38,3758),(44,902),(57,4749),(62,4679),(63,2838),(64,4932),(69,2244),(72,4236),(92,1873)]	39.396946
868	[(10,4666),(36,132),(43,745),(57,3967),(62,4247),(73,1321),(81,1941)]	38.114909
869	[(0,4554),(31,3406),(33,656),(46,940),(53,366),(75,4960),(90,2848),(91,4472)]	39.399162
870	[(53,5141),(83,1813),(90,3091)]	40.306487
871	[(3,1035),(7,1289),(11,148),(35,3061),(57,3491),(63,985),(84,6),(90,4615)]	39.108402
872	[(10,2584),(14,3272),(17,715),(42,2012),(55,4451),(57,2643),(66,519),(74,42)]	36.737911
873	[(11,4367),(14,4926),(16,1700),(34,3147),(41,319),(50,1201),(52,2601),(53,2131),(56,2002),(69,2607),(72,3644)]	37.277631
874	[(25,4599),(36,1353),(43,516),(48,2248),(60,3972)]	42.506455
875	[(2,4096),(19,1151),(21,418),(35,1334),(55,1289),(59,148),(61,4772),(81,1635)]	38.519411
876	[(3,2080),(4,4181),(12,4195),(18,4369),(28,15),(42,4539),(71,3903),(85,4756)]	38.034021
877	[(14,4524),(21,151),(43,2405),(71,2728)]	37.693997
878	[(7,2711),(10,1782),(14,4959),(36,4846)]	37.829262
879	[(12,4096),(35,2764),(51,4975),(70,4035)]	37.139034
880	[(7,764),(10,674),(22,3023),(24,3224),(31,2559),(35,4877),(42,1764),(66,4318),(70,2341),(75,198)]	37.082389
881	[(25,2367),(29,4784),(41,969),(48,1619),(54,268),(55,4339),(59,2366),(66,3236),(86,290),(92,3498)]	38.682821
882	[(0,1733),(8,786),(26,4388),(57,3919),(70,4268),(76,1584),(86,1741),(88,1356)]	37.144178
883	[(4,1547),(31,2564),(59,1537),(74,25),(84,2711)]	36.898935
884	[(4,3671),(23,2365),(32,3307),(42,172),(69,4496),(83,1203),(84,1043),(85,4846),(90,2084),(91,370)]	38.237734
885	[(13,14),(23,764),(27,2204),(38,1530),(51,100),(69,1535),(75,2610),(86,1717),(91,3308)]	39.692729
886	[(5,592),(8,3126),(15,3643),(24,2067),(26,5083),(34,2938),(35,4220),(44,1914),(55,4186)]	47.844080
887	[(5,40),(19,1288),(29,2951),(52,3190),(73,371),(90,1008)]	38.552871
888	[(0,1260),(2,2227),(10,4185),(26,521),(29,3066),(33,580),(87,3015)]	39.231751
889	[(3,832),(18,2012),(40,3456),(45,4132),(50,3144),(64,2558),(65,4135)]	37.901328
890	[(5,741),(40,1085),(53,172),(66,4466),(68,3523),(87,1827),(88,4226),(90,151)]	36.904118
891	[(0,1105),(9,1221),(41,2233),(47,4083),(51,3690),(70,4345),(75,4488)]	43.682604
892	[(41,5099),(43,4486),(48,599),(60,2467),(83,2564),(90,793)]	38.813288
893	[(4,3478),(12,2314),(36,1947),(38,2447),(65,852),(67,4420),(73,5027),(83,3231)]	39.367222
894	[(0,2140),(4,302),(33,1551),(52,5074),(54,4314),(61,365),(64,591)]	38.799020
895	[(4,3931),(21,4529),(23,163),(38,2180),(45,3542),(56,1439),(58,3132),(59,2043),(60,1730),(74,3304),(78,289)]	38.187026
896	[(6,3645),(16,3141),(22,1461),(23,1690),(38,566)]	41.009690
897	[(20,4202),(22,146),(37,769),(41,4350),(42,4425),(44,121),(56,2741),(59,2891),(68,180),(79,278),(85,3316),(89,3685),(91,2420)]	38.884701
898	[(43,1037),(53,660),(59,2931),(65,2743),(78,2681),(87,1829),(88,3856),(92,2170)]	38.825410
899	[(28,4088),(39,2727),(53,2025),(69,2015),(89,5200),(90,872)]	40.065837
900	[(55,2480),(62,640),(64,1333),(68,4927),(87,2442)]	39.801980
901	[(7,3071),(9,1998),(19,3454),(30,2406),(55,2394),(87,3812)]	39.569572
902	[(2,5173),(9,3047),(13,49),(22,3284),(26,2053),(62,509),(65,2108),(71,4024),(79,867)]	38.986027
903	[(4,3696),(5,2607),(32,3095),(34,3574),(49,605),(63,1254),(71,2124),(88,2462),(91,2482)]	38.787517
904	[(5,17),(16,2314),(20,696),(31,3697),(53,3462),(57,779)]	40.428708
905	[(1,1638),(4,2896),(7,3092),(27,930),(45,778),(49,1802),(51,1839),(57,633),(59,3902),(60,1231),(66,3682)]	42.861512
906	[(28,990),(81,400)]	38.489078
907	[(5,1526),(8,4363),(16,625),(17,3808),(48,404),(52,1005),(58,3255),(85,1494),(86,4418),(87,613)]	38.992803
908	[(37,2235),(54,3031),(58,5021),(64,2094),(69,4787),(70,3868),(85,916),(86,3035)]	38.895723
909	[(0,980),(11,784),(50,3350),(69,1842),(78,2251)]	38.554677
910	[(13,209),(34,1799),(37,2938),(38,4220),(39,150),(61,3376),(73,2346),(87,5197)]	38.322506
911	[(8,136),(45,776),(62,1019),(67,1850),(86,1108)]	39.631210
912	[(1,269),(4,3485),(11,2910),(13,2087),(18,1838),(38,1633),(43,2838),(51,639),(52,4629),(62,739),(65,3418),(76,919),(81,455)]	36.704046
913	[(10,2611),(22,5013),(26,1438),(36,3976),(46,808),(47,3299),(49,1147),(70,158),(84,4553)]	39.061447
914	[(4,231),(11,472),(23,4359),(32,4589),(39,2556),(42,4576),(67,2704)]	47.850811
915	[(3,4789),(12,2608),(13,3505),(14,805),(24,96),(32,3130),(39,960),(69,1420),(72,1063),(74,1741),(76,2283),(85,0)]	44.990943
916	[(43,4679),(44,2596),(56,3252),(68,587)]	39.145519
917	[(4,2822),(9,3777),(20,109),(43,4383),(44,2013),(60,3000),(71,4594)]	38.361133
918	[(5,819),(13,3492),(28,3169),(35,832),(39,1923),(60,1024),(69,1561),(81,1970)]	38.349539
919	[(3,1262),(10,4395),(23,3954),(27,3629),(35,699),(69,3285),(78,2515),(79,1615),(89,391),(91,2096)]	38.326648
920	[(4,1425),(10,4564),(11,3857),(29,3592),(53,4089)]	37.366825
921	[(10,910),(32,3010),(60,1529),(76,61),(77,4948)]	38.861306
922	[(30,162),(35,463),(44,3397),(52,1344),(60,1612),(69,3586),(70,2201),(88,3490)]	37.865766
923	[(9,2810),(18,3212),(47,20),(62,1086),(81,5068),(91,3701)]	37.698393
924	[(4,1845),(13,3460),(20,3089),(21,165),(29,825),(31,1467),(37,3781),(42,3851),(43,4201),(44,4558),(58,2457),(63,3428),(67,1784)]	42.002953
925	[(6,3623),(23,4773),(51,2674),(69,1435),(76,2188),(85,2315)]	42.820909
926	[(17,5195),(21,468),(37,2747),(63,1996),(69,2086),(85,423)]	39.381330
927	[(11,3891),(12,3137),(17,1994),(21,1073),(23,686),(26,2267),(74,2459),(75,259),(83,2425),(85,2495)]	41.725366
928	[(2,1603),(4,924),(29,4950),(45,1220),(52,1006),(57,4931),(58,4714),(62,1378),(74,2703)]	36.815888
929	[(3,4733),(27,1750),(39,3370),(47,2086),(63,837),(65,798),(67,765),(79,1615),(84,4340)]	41.226466
930	[(3,2564),(4,4614),(17,4572),(53,1649),(69,3548),(78,4124),(89,3065)]	43.750981
931	[(3,1461),(25,2209),(27,2565),(30,3626),(43,2603),(52,878),(53,2109),(58,1616),(60,2400),(74,5071),(83,3453)]	39.392953
932	[(6,4876),(15,3909),(63,220),(75,2807),(89,4905),(91,4512)]	37.916305
933	[(20,4236),(53,4180),(55,4783),(61,3328),(79,4327),(85,280),(92,300)]	37.269966
934	[(1,1781),(5,1555),(12,3563),(18,3687),(21,3100),(28,1048),(29,5176),(43,185),(54,4603),(59,327),(67,3703),(86,4046)]	38.486554
935	[(0,1656),(39,1197),(52,2033),(74,4756),(79,584)]	38.897470
936	[(0,1550),(2,4681),(7,2378),(11,2228),(28,4483),(42,3420),(49,1473),(78,1541)]	43.441902
937	[(8,2699),(35,1762),(47,193),(61,4381),(72,4727),(73,916),(74,3035),(76,1159),(89,2170)]	43.372713
938	[(4,3944),(36,804),(37,2683),(85,4194)]	40.278350
939	[(13,2535),(45,2557),(59,127),(76,3449),(83,2439),(88,2634)]	37.604279
940	[(36,3813),(43,2782),(57,106),(65,2382),(90,3552)]	39.094019
941	[(2,1804),(3,2884),(19,1792),(36,1856),(39,1457),(52,1741),(64,2094),(92,60)]	48.068695
942	[(9,1726),(23,4965),(32,4781),(37,4521),(60,1699),(70,2886)]	46.820054
943	[(12,4361),(15,2941),(25,1502),(31,1343),(38,548),(41,1282),(69,312),(78,73),(83,4628),(89,2975)]	39.671939
944	[(29,3446),(32,3130),(35,4569),(51,4672),(81,2899),(84,1421),(85,3117),(87,3693)]	39.828026
945	[(0,1099),(18,2028),(27,4971),(38,3530),(39,1448),(53,218),(63,617),(65,4861),(69,3264),(84,1897)]	40.275793
946	[(3,2128),(6,171),(9,2527),(40,3428),(42,2660),(43,4248),(52,2027),(84,3611),(86,40),(87,4150)]	43.468376
947	[(0,3914),(41,4387),(45,4341),(72,2885),(77,1440),(78,3488),(90,3418)]	41.853772
948	[(19,861),(24,1688),(38,3402),(44,3527),(46,2748),(62,1826),(78,3476),(80,239),(89,4552)]	40.895833
949	[(0,4403),(29,1665),(41,4651),(48,3575),(84,646),(91,4839)]	44.550348
950	[(26,1724),(37,4080),(38,2563),(40,3313),(42,568),(60,2611),(66,4051)]	45.689682
951	[(1,2075),(7,77),(11,843),(16,3870),(37,1348),(54,604)]	23.444644
952	[(3,1604),(20,4115),(31,1306),(35,1594),(37,1141),(41,4787),(43,3074),(49,2835),(65,4706),(74,1485),(77,5146)]	19.372654
953	[(12,1002),(25,3883),(34,1614),(48,4743),(75,4951),(80,793),(81,940)]	19.170992
954	[(3,3616),(25,5099),(31,4723),(37,1425),(68,1987)]	20.550622
955	[(2,3486),(16,298),(23,2000),(28,3179),(40,86),(59,3682),(63,3359),(76,1407),(83,4610),(88,740),(91,1272)]	20.180383
956	[(10,3947),(14,3794),(18,1743),(33,1001),(50,3610),(89,836),(91,3186)]	19.358056
957	[(33,4369),(66,4476),(87,4333)]	19.462555
958	[(10,4837),(22,4310),(28,4093),(29,3739),(33,3503),(36,4003),(43,4707),(46,1870),(65,4384),(67,208),(90,2392)]	27.230035
959	[(24,4450),(26,585),(47,4703),(51,3616),(53,4769),(54,644),(75,4879)]	19.761651
960	[(13,3376),(15,5199),(18,3654),(20,1062),(40,453),(64,2581),(76,4996),(87,605)]	19.933802
961	[(1,3109),(8,3226),(32,4480),(33,4661),(40,2154),(59,4677),(82,2826)]	19.381284
962	[(13,3866),(26,1188),(31,3560),(45,5004),(63,4081)]	20.007022
963	[(27,1521),(29,2391),(35,2636),(37,4343),(50,1504),(67,5109)]	19.917769
964	[(5,1109),(16,1263),(35,59),(44,4207),(45,512),(54,4372),(82,3728)]	19.892452
965	[(69,898),(76,1191),(80,519)]	20.524079
966	[(14,4997),(27,3204),(34,1855),(42,1157),(54,2126),(60,956),(61,5163),(63,3515),(83,3069)]	39.490381
967	[(9,4396),(11,3387),(28,3119),(33,2265),(74,1315)]	35.052978
968	[(17,2976),(32,3424),(48,795),(59,479),(63,4157),(71,3632)]	19.868769
969	[(7,1019),(19,1357),(45,1514),(50,1159),(58,1),(83,291),(87,510)]	19.811685
970	[(9,5010),(18,1353),(30,1840),(35,4804),(47,720),(59,2676),(61,1103),(64,2600),(80,4096)]	19.613831
971	[(5,1828),(11,4402),(12,1542),(32,3923),(37,2992),(52,3540),(62,765),(73,3247)]	19.231778
972	[(16,2945),(20,262),(32,3294),(36,5072),(44,1230),(46,1843),(66,4973),(75,1772),(77,4415),(83,4254),(92,4332)]	19.827881
973	[(12,2032),(16,2159),(27,3588),(30,2538),(50,5078),(78,3762)]	20.127309
974	[(8,796),(10,4842),(13,587),(28,3555),(46,1948),(61,1513),(76,1016)]	21.705435
975	[(14,5013),(20,4013),(52,2209),(56,4905),(77,1069),(91,1061)]	29.106461
976	[(6,886),(26,469),(27,5061),(30,1510),(34,78),(39,5039),(67,2996),(74,2903),(75,932)]	20.246730
977	[(22,3596),(28,3508),(44,2795),(59,2793),(72,2210),(74,2490)]	19.308506
978	[(7,152),(8,1583),(22,1069),(34,707),(62,2698),(80,4249)]	19.967836
979	[(14,1950),(26,2166),(30,2669),(33,2424),(48,2861),(54,2529),(57,1132),(62,3581)]	23.380512
980	[(4,4864),(7,1140),(9,3450),(15,2820),(19,4135),(23,4254),(25,1492),(28,1991),(69,4020),(87,4246)]	27.394082
981	[(5,4298),(6,5008),(37,3017),(59,4883),(75,3586),(87,3030),(90,5175)]	39.123279
982	[(17,4064),(25,3477),(26,3502)]	42.168370
983	[(12,4045),(26,4917),(30,582),(34,1635),(37,3620),(53,4863),(58,4674),(63,2012),(72,5090),(75,5147)]	42.304309
984	[]	44.469723
985	[(4,4197),(13,199),(16,1634),(17,2870),(30,1530),(31,2668),(37,4178),(49,5041),(78,2447),(89,3093)]	42.829431
986	[(3,3777),(9,4283),(25,1429),(34,945),(40,5172),(67,1914),(76,1869),(88,4986),(92,4508)]	37.126368
987	[(1,4168),(7,416),(18,4518),(19,611),(27,4800),(55,4408)]	26.470568
988	[(26,947),(29,4800),(32,3456),(39,3170),(44,2743),(60,980),(85,4302),(88,3203),(92,4690)]	22.436004
989	[(7,3313),(10,1407),(41,773),(47,1843),(53,1564),(63,969),(66,3469),(85,1484)]	19.333568
990	[(23,1212),(26,2058),(48,217),(53,4150),(56,1620),(75,30),(86,1025)]	19.730993
991	[(24,2302),(26,2559),(35,4416),(53,227),(59,2035),(73,2908),(79,134),(89,2410)]	19.744543
992	[(12,5148),(13,325),(14,3453),(16,2892),(24,886),(30,1559),(37,4091),(56,4352),(90,4356),(92,2105)]	19.058527
993	[(3,4968),(10,977),(13,4026),(21,1839),(28,4641),(42,229),(44,4807),(55,4753),(72,3600),(74,4583),(92,1317)]	19.293400
994	[(5,2245),(20,3178),(23,1498),(27,3517),(30,2714),(55,594),(59,261),(67,903),(84,3556),(87,1097)]	19.432786
995	[(6,561),(53,2895),(56,4602),(59,1489)]	19.186313
996	[(1,4517),(10,4420),(11,1270),(43,4132),(48,5014),(51,2465),(53,4546),(57,4667),(60,2090),(65,2487),(69,4533),(84,2306)]	19.794032
997	[(5,1447),(26,3682),(39,4788)]	19.985230
998	[(15,288),(23,1390),(45,5151),(52,235),(53,36),(54,1634),(55,2870),(62,4641),(68,1591),(69,4485),(70,3558),(77,4069),(90,3843)]	19.330366
999	[(26,3755),(28,1182),(38,991),(51,2980)]	19.517401
