ruleset_index	matches	time_ms
0	[(14,1533),(29,2202),(40,527),(71,1155),(91,794)]	19.390087
1	[(15,1630),(30,1648),(35,1424),(38,1271),(42,3912),(61,1790),(75,1038),(88,2650)]	17.682519
2	[(31,1046),(55,1332),(60,969),(80,996)]	17.151138
3	[(26,4025),(34,3003),(38,2429),(40,3855),(55,2972),(66,3684)]	17.331551
4	[(4,758),(9,3946),(12,279),(35,610),(57,2361),(63,1035),(68,1579)]	16.718670
5	[(11,298),(22,33),(25,3476),(32,868),(43,1781),(52,2149),(76,4116),(86,1745)]	17.823857
6	[(3,2336),(38,3859),(70,4004),(76,2618),(87,175),(88,1765)]	17.596052
7	[(1,1159),(8,3588),(11,1452),(41,336),(58,3254)]	17.530312
8	[(28,151),(40,567),(41,2947),(52,3896),(73,689),(80,2572)]	17.805360
9	[(6,2654),(37,3778),(74,2022)]	18.360735
10	[(7,195),(32,1435),(35,2013),(44,2032),(53,406),(66,3965),(77,1785),(80,3791),(88,1678),(90,1182)]	17.041860
11	[(55,662)]	18.080280
12	[(17,3872),(19,3626),(26,1417),(36,2456),(44,614),(66,3790)]	16.999807
13	[(9,836),(10,2958),(29,1802),(48,1392),(57,1887),(59,1583),(75,3118)]	17.054140
14	[(3,2318)]	16.910867
15	[(0,1525),(2,1006),(3,2693),(28,164),(56,1782),(62,2876),(65,3819),(76,1829)]	17.277496
16	[(9,557),(12,2050),(54,2401)]	17.536670
17	[(10,2003),(38,3489),(45,3040),(49,3298),(53,3243),(57,3833),(62,1545),(64,4024),(73,1164)]	17.024243
18	[(6,4076)]	17.203111
19	[(6,2171),(8,2452),(12,49),(26,867),(32,1993),(43,3644)]	19.591187
20	[(48,3299),(54,910),(60,4128),(62,217),(63,3532)]	18.015158
21	[(78,2771),(79,3091),(89,711)]	17.205833
22	[(6,2244),(10,2014),(26,2438),(52,1769),(55,3693),(79,541),(82,403),(87,1378)]	17.556816
23	[(4,1310),(9,1524),(14,3647),(19,345),(26,2783),(27,2040),(55,3721)]	17.534473
24	[(0,4055),(1,2221),(4,231),(5,1926),(8,2081),(31,1464),(50,1868),(82,3490)]	17.384202
25	[(11,1876),(21,1442),(47,4086),(54,1715),(62,2237),(78,1435)]	17.166848
26	[(29,1104),(64,1458),(65,2619),(77,2486)]	16.867086
27	[(9,3045),(11,2646),(12,2190),(25,3607),(42,4119),(49,3074),(55,1358),(66,1641),(88,719),(89,2862)]	16.790110
28	[(0,1871),(7,984),(13,1922),(23,1744),(26,1966),(52,3637),(77,3891),(81,2650)]	16.926913
29	[(10,3370),(30,3275),(34,285),(69,2394),(72,3951),(83,357),(91,1444)]	16.863938
30	[(19,808),(30,3994),(56,2332),(57,802)]	17.010156
31	[(0,2052),(7,2636),(12,3169),(32,1342),(51,2492)]	20.066100
32	[(2,2300),(14,1645),(17,1963),(18,3838),(44,696),(75,846),(90,666)]	16.751559
33	[(63,1145),(64,3415),(90,1695)]	28.399003
34	[(16,4019),(19,3619),(35,3261),(58,3046),(75,844)]	31.909588
35	[(9,1434),(18,1689),(21,2264),(73,594),(92,1211)]	17.434080
36	[(15,1879),(27,2579),(48,2646),(59,3844),(83,1295)]	17.038250
37	[(6,1199),(9,3382),(20,1199),(35,1600),(50,4127),(51,3010),(56,3172),(60,2554),(64,1670),(75,3761)]	16.829312
38	[(63,762)]	18.350395
39	[(29,3458),(67,3393),(76,1847)]	19.539803
40	[(36,1966),(92,3128)]	17.821667
41	[(8,752),(29,2345),(31,3545),(35,2275),(41,4108),(62,988),(88,4059)]	17.091864
42	[(23,631),(25,1647),(42,1785),(53,1617),(64,3406),(92,671)]	17.291320
43	[(18,1241),(21,3385),(29,1062),(86,1942),(90,168)]	17.576220
44	[(3,3130),(17,3065),(37,182),(77,3641),(92,1550)]	17.114331
45	[(14,2753),(46,1977),(86,2853)]	17.403627
46	[(15,2106),(28,2748),(30,2743),(37,3922),(58,3922),(68,2354),(74,2942),(76,3868),(78,4144),(79,3059)]	19.564778
47	[(27,4040),(33,861),(42,1557),(51,491),(53,176),(56,711),(63,2964),(82,883)]	17.515089
48	[(11,1385),(40,3533),(44,1597),(65,2558),(86,1155)]	16.779858
49	[(20,3478),(56,3439),(67,2612),(85,690)]	20.890896
50	[(5,1306),(7,457),(20,1922),(43,2334),(70,3943),(80,1510),(85,1738),(92,3014)]	24.347677
51	[(31,3350),(34,1931),(64,3379),(81,3653),(85,2162)]	16.897683
52	[(36,1374),(56,1090),(60,1195),(78,3449),(81,3882),(91,341),(92,602)]	17.026510
53	[(42,1508),(76,3980)]	17.157927
54	[(0,2021),(8,3336),(18,547),(29,2016),(37,2079),(47,343),(58,3110),(70,719),(73,1597),(82,1252)]	17.882051
55	[(1,3522),(4,2645),(16,207),(19,3332),(20,4123),(30,2711),(37,1397),(48,3406),(49,3357),(54,1949),(58,2990),(62,1030),(68,3633)]	16.964717
56	[(2,1495),(7,2219),(14,2983),(55,740),(57,973),(67,2294),(71,1926)]	16.919096
57	[(6,932),(21,3236),(31,3285),(59,1331),(88,2698),(89,1228)]	16.872312
58	[(13,2432),(15,967),(27,2261),(29,3804),(30,1664),(35,930),(37,2730),(47,4102),(68,2787),(76,1584),(90,3793)]	17.196151
59	[(17,1254),(26,2774),(29,3368),(39,2456),(40,591),(42,963),(51,2667),(68,1432)]	17.331285
60	[(16,2072),(61,2963),(86,576)]	17.106310
61	[(25,1842),(52,3216),(60,3808),(70,2155)]	17.991825
62	[(3,2997),(12,2676),(17,908),(22,89),(35,620),(43,3253),(46,1955),(58,3607),(62,4010),(83,2592),(84,1011)]	17.660572
63	[(12,2270),(58,3817),(59,3390),(67,3624),(87,2633)]	17.416444
64	[(0,208),(27,2132),(34,1930),(63,2483)]	19.524435
65	[(1,1487),(49,1510),(55,1274),(62,4063),(75,57),(78,875),(89,3592)]	17.733205
66	[(1,452),(3,845),(5,2003),(27,1686),(38,1098),(47,540)]	21.420790
67	[(3,1470),(11,1151),(36,1536),(56,3359),(67,2472),(76,1908)]	21.747205
68	[(32,175),(33,1765),(40,1403),(84,1151),(85,1133),(88,2286)]	17.127337
69	[(0,2495),(34,3958),(55,1655),(59,2084),(73,3929)]	17.391212
70	[(7,1821),(13,1204),(15,1686),(56,568),(84,3700)]	17.648990
71	[(7,1992),(26,110),(34,3319),(81,3151),(92,2730)]	17.318967
72	[(2,1159),(19,3485),(40,3138),(65,838),(77,1834),(80,2777)]	17.135482
73	[(29,3425),(30,2702),(32,321),(88,2811)]	17.174682
74	[(11,3150),(17,1572),(20,2690),(89,2644)]	17.115720
75	[(35,1516),(74,3482),(82,3555),(88,2467)]	16.997069
76	[(5,416),(25,1525),(30,695),(35,3976),(37,3299),(62,655)]	17.331465
77	[(11,55),(26,2537),(43,2575),(58,3185),(79,3008)]	17.071344
78	[(8,3363),(27,1203),(39,1878),(76,2742),(84,2493)]	16.861069
79	[(57,915),(76,4038),(79,1067)]	17.024192
80	[(11,1062),(25,3675),(31,608),(69,1613),(71,1434),(76,214)]	17.112883
81	[(5,1968),(20,3496),(29,3262),(62,2428),(66,821),(75,1486),(80,3534),(82,152),(88,926)]	16.675449
82	[(43,3674),(78,1452)]	17.036374
83	[(33,3022),(50,2229),(55,1067),(63,2675),(76,1188)]	16.779826
84	[(9,142),(15,1761),(16,3639),(72,3127)]	17.026926
85	[(19,2865),(25,2931),(36,3185),(39,2371),(79,972)]	16.779235
86	[(22,757),(24,1763),(42,1021),(43,2121),(48,4059),(51,4010),(64,3487),(69,211)]	19.760076
87	[(10,1950),(17,4086),(25,3394),(36,2345),(44,2528),(50,4149),(64,1062),(86,44)]	17.199949
88	[(14,3507),(37,2030),(44,1807),(53,2348),(69,3767),(72,586),(86,1861),(92,1999)]	16.781930
89	[(6,2350),(44,1246),(51,120),(71,526),(74,1448)]	16.887663
90	[(1,3152),(10,1006),(11,2693),(28,977),(36,3382),(50,2731),(68,3012),(78,523),(83,3013)]	16.718322
91	[(54,904),(70,1990),(72,3375),(81,2349),(92,1951)]	31.008993
92	[(32,265),(33,2692),(57,1322),(58,1505)]	22.151286
93	[(43,1644)]	16.761113
94	[(18,2618),(21,2939),(38,1743),(52,2364),(71,1226),(85,1493),(87,3772)]	17.827107
95	[(11,1373),(46,3708),(66,420),(83,1911)]	18.224148
96	[(14,3651),(51,3935),(53,2166),(69,213),(71,2114),(80,1106),(83,1884)]	17.337900
97	[(35,111),(54,2159),(57,3891),(89,1679)]	17.096445
98	[(15,168),(35,3645),(45,2179),(62,1409),(65,1447),(73,1527),(78,2278),(80,2638)]	16.821828
99	[(37,3159),(64,1722),(74,402),(90,3624)]	17.333774
100	[(16,3554),(29,1711),(55,1997),(57,3238),(58,951),(61,605),(75,1158)]	18.843350
101	[(11,2798),(30,3319),(35,2431),(36,2513),(56,545)]	16.939644
102	[(9,338),(34,1259),(50,126),(57,2409),(73,206),(77,2126)]	17.318842
103	[(8,1443),(12,715),(29,3583),(34,427),(38,2091),(88,3092)]	17.412624
104	[(45,915),(46,779),(48,1761),(57,3714),(60,1629),(78,1615),(79,504)]	17.421200
105	[(10,2805),(18,2712),(20,4071),(24,1561),(29,659),(32,2034),(62,3746),(68,749),(71,4155)]	22.597351
106	[(4,433),(13,2967),(15,932),(53,3073),(62,3396)]	20.225144
107	[(8,2264),(31,1123),(38,2501),(43,1777),(45,611),(67,1510),(73,2370),(77,2374),(91,1847)]	17.545709
108	[(6,3101),(31,2993),(34,2632),(36,2023),(38,1102),(48,1251),(88,3832)]	17.038873
109	[(17,2857),(48,1645),(56,2075)]	17.847646
110	[(18,1343),(43,3257),(48,1975),(85,3243)]	16.732452
111	[(36,1828)]	18.503518
112	[(13,1424),(55,2179)]	17.839478
113	[(31,2991),(57,861),(78,2170),(88,212)]	21.955271
114	[(2,3394),(72,2851),(92,1039)]	17.218199
115	[(47,3926),(52,634),(60,3947),(89,110),(91,2214)]	17.243806
116	[(54,309),(74,3066),(91,1644)]	17.303572
117	[(1,4040),(15,3995),(40,1911),(61,2239),(63,869),(72,3935),(86,3209)]	17.260425
118	[(15,643),(19,2089),(43,883),(50,3493),(68,640),(70,2797)]	17.232373
119	[(8,3213),(32,3326),(54,784),(80,3149)]	18.637580
120	[(16,3853),(23,3045),(33,4012),(39,341)]	17.337978
121	[(14,3765),(84,3453),(89,3683)]	17.521521
122	[(0,418),(42,3913),(51,1923),(57,2580),(74,94),(88,821),(89,31)]	16.872335
123	[(2,3038),(20,1529),(26,488),(34,175),(35,1765),(59,1721),(81,3066)]	17.218418
124	[(12,3405),(20,1514),(54,3026)]	16.724423
125	[(14,728),(44,2864)]	17.175792
126	[(3,338),(5,104),(6,741),(19,1785),(31,1038),(41,267),(69,3184)]	17.104388
127	[(10,2705),(13,2490),(29,2289),(33,3539),(40,119),(41,2112),(42,2572),(53,2157),(60,1565),(69,2168),(77,3579)]	18.042565
128	[(22,4101),(39,402),(52,1389),(58,1662)]	17.058545
129	[(19,758),(27,4079),(28,3657),(48,3981),(76,1644),(78,1996)]	18.237288
130	[(9,1880),(13,943),(43,3066),(56,1246),(58,2491),(62,1820),(74,3315),(87,1308)]	18.182273
131	[(9,3635),(17,2439),(22,579),(38,3563),(39,3956),(40,2722),(48,411),(49,3384),(65,3035),(72,1736),(74,873),(84,4055),(85,2221)]	17.117882
132	[(20,1439),(58,3915)]	17.116891
133	[(9,3751),(21,3338),(23,2857),(35,2430),(52,2712),(61,977),(83,382),(92,1414)]	17.119937
134	[(23,238),(32,3225),(66,2312),(77,3686)]	16.983492
135	[(0,4042),(9,3940),(17,3595),(26,1045),(45,3900),(46,3373),(48,2257),(78,3214),(88,3250)]	17.077871
136	[(4,1902),(19,2258),(64,792),(81,2490)]	17.688949
137	[(10,4045),(20,1450),(22,1212),(24,2445),(30,302),(39,3610),(45,1877),(70,580),(80,777),(82,1193),(92,3676)]	16.947160
138	[(5,1084),(34,2130),(35,410),(40,166),(48,3152),(56,2900),(67,4001),(68,573),(80,3348)]	17.403561
139	[(28,3035),(66,2893),(85,2477)]	17.798393
140	[(10,3376),(28,63),(56,1360),(68,1551),(72,3597)]	16.920997
141	[(24,2550),(74,233),(76,943),(81,1061),(86,2246),(89,1315)]	17.807466
142	[(20,3823),(29,3399),(50,3194),(75,2697),(84,95)]	20.111807
143	[(3,1014),(32,3450),(46,3346),(54,3285),(57,267),(83,3998),(88,751)]	17.124573
144	[(42,3571)]	17.280839
145	[(16,774),(28,2230),(63,3020)]	16.942193
146	[(17,3585),(43,2551),(57,2857),(58,2507)]	16.907742
147	[(10,722),(40,1819),(51,436),(52,952),(88,572)]	17.103701
148	[(5,1478),(61,1189),(80,2164)]	19.039003
149	[(27,3244),(42,2697),(77,3350)]	33.989805
150	[(5,3505),(6,3039),(28,91),(51,1430),(54,1954),(57,2082),(59,3749),(79,1584)]	17.762702
151	[(3,4017),(21,536)]	17.158872
152	[(2,1840),(3,1618),(27,4116),(34,4110),(61,1662),(63,2252),(64,1486),(67,2507)]	16.913376
153	[(12,3537),(20,1090),(67,3646),(78,1126)]	16.889786
154	[(6,2732),(25,1933),(28,1945),(36,1499),(46,3422),(47,1758),(50,909)]	17.485781
155	[(23,3443),(25,2084),(61,2880),(84,1579),(92,3809)]	17.312659
156	[(0,1278),(5,595),(60,3186),(71,3997),(81,3381),(86,1832)]	17.039190
157	[(18,4072),(24,3973),(48,2662),(81,1231)]	17.068499
158	[(3,3865),(10,2598),(20,3608),(21,2488),(24,1890),(40,2170),(55,1004),(57,471),(67,582),(92,2196)]	17.535743
159	[(14,3117),(54,2661),(73,1398),(76,2480),(88,684),(90,880)]	16.840558
160	[(1,1840),(8,2825),(15,1384),(34,3399),(55,1791),(87,1394)]	18.369230
161	[(16,2811),(32,1600),(37,1883),(59,1765)]	23.823491
162	[(36,2578),(37,3773),(53,1060),(63,1040),(64,3366),(74,2355),(90,2271)]	17.401745
163	[(18,2383),(52,3275),(62,1785),(63,3355),(75,559),(77,602),(80,2305),(88,492)]	16.902868
164	[(7,3434),(73,3224),(76,647),(87,203)]	17.667256
165	[(12,1835),(27,1676),(43,1475),(46,3208),(54,1301),(59,1991),(72,3029)]	17.463201
166	[(2,2201),(18,263),(23,3270),(34,3114),(37,2728),(52,1990),(61,2034)]	17.021649
167	[(20,791),(25,3998),(26,541),(37,1609),(73,1178),(74,1360),(79,3381)]	16.938048
168	[(2,581),(7,3266),(17,3105),(48,2149),(76,2532)]	17.433247
169	[(3,1301),(19,773),(26,2605),(28,2303),(47,148),(55,3783),(61,935),(62,1159),(68,4100),(72,3723)]	17.170664
170	[(7,516),(10,2009),(59,3422),(64,3902),(86,41)]	17.129581
171	[(25,4104),(30,3865),(56,461)]	16.856048
172	[(0,3329),(13,1465),(20,615),(49,2100)]	17.656844
173	[(0,3375),(1,4104),(8,3197),(9,3690),(13,1580),(17,3778)]	17.587011
174	[(12,917),(14,918),(42,2109),(63,2247),(65,2098),(69,2995),(83,2787),(86,434)]	17.284254
175	[(0,773),(1,4115),(17,2689),(26,2617),(75,991)]	17.043911
176	[(39,2609),(51,297)]	19.095869
177	[(9,3960),(12,155),(60,3702)]	18.789716
178	[(11,1849),(22,2924),(37,714),(52,1968),(78,641),(90,4124)]	17.006064
179	[(34,1956),(47,3952),(69,1216),(85,2261)]	16.951895
180	[(14,3285),(21,1920),(54,3808),(62,2768),(80,2330)]	16.828103
181	[(4,2194),(8,606),(36,1773),(48,1176),(56,3954),(65,519)]	17.143998
182	[(11,1719),(23,3851),(30,1558),(32,1745),(83,2195)]	17.747960
183	[(92,3756)]	17.884383
184	[(10,111),(31,971),(43,4056),(59,180),(68,1481),(70,1776),(79,2703),(84,1090),(86,2861)]	17.262853
185	[(12,73),(19,2516),(36,1090),(38,2861),(44,53),(66,1381),(86,3993),(89,2425)]	17.350580
186	[(5,1948),(36,1795),(42,1613),(68,928),(69,473),(74,2685)]	16.811019
187	[(28,1563),(30,3637),(72,3850)]	18.467612
188	[(3,845),(12,1795),(19,4078),(47,1968),(59,1910),(67,1638),(72,2748),(88,136)]	16.932258
189	[(15,3171),(25,2976),(27,1224)]	17.585636
190	[(19,2469),(78,1548),(82,2094),(88,1786)]	16.983259
191	[(20,378),(31,1675),(49,1642),(64,2816),(69,2382),(71,2016),(72,1421),(73,2806)]	17.080223
192	[(15,2302),(23,2760),(33,1652),(45,1240),(47,1884),(52,2770),(56,3511),(80,3117)]	17.014313
193	[(3,2100),(21,591),(26,3200),(48,3554),(57,308)]	17.021962
194	[(1,2826),(5,2217),(11,2777),(51,3832),(63,1027),(75,3356)]	17.315474
195	[(10,2560),(18,3470),(82,3031)]	16.882588
196	[(19,990),(22,3898),(28,1401),(35,2420),(72,466)]	17.477782
197	[(13,2),(21,1965),(40,982),(52,2690),(62,3435),(69,480),(73,928),(74,473),(86,13)]	17.311461
198	[(16,3309),(48,1532),(76,1329)]	20.077907
199	[(34,1435),(51,1974),(56,1516),(63,480),(74,438)]	17.345097
200	[(12,3898),(17,2627),(83,624),(92,256)]	17.335149
201	[(5,1369),(19,1568),(21,1153),(24,761),(76,3798),(89,1638),(90,535)]	17.226419
202	[(8,252),(57,2673),(84,492),(92,3286)]	17.115598
203	[(2,3698),(81,3985),(83,3838)]	17.113344
204	[(14,1181),(16,692),(31,63),(44,343),(63,918),(72,1284)]	17.080997
205	[(3,3894),(6,138),(49,86),(61,2273),(77,1470)]	17.329936
206	[(11,1946),(30,4156),(48,753),(53,264),(88,97)]	16.696412
207	[(1,4146),(14,2944),(15,3312),(33,704),(46,687),(47,547),(54,1251),(68,29),(92,2482)]	32.553471
208	[(0,438),(37,1313),(86,4161)]	21.469824
209	[(2,3837),(9,3533),(29,839),(31,4072),(32,1689),(40,2559),(50,703),(58,2346),(63,3369),(83,409)]	18.113717
210	[(31,94),(39,3110),(54,3799)]	17.252422
211	[(16,3695),(20,3740),(21,1881),(26,1564),(28,96),(41,1829),(47,471),(69,556),(73,3717),(88,2542)]	18.623952
212	[(15,3989),(73,2177)]	18.985373
213	[(7,2346),(19,1135),(24,1258),(29,362),(70,657),(86,2031),(91,3679)]	20.191370
214	[(49,1226),(77,439)]	17.451458
215	[(8,3763),(11,3027),(19,3728),(26,3942),(38,2233),(65,2575),(74,324)]	17.526922
216	[(9,2448),(10,674),(18,1910),(24,2123),(66,2789)]	22.699751
217	[(10,843),(22,2729),(26,1363),(30,1585),(36,2561),(47,2780),(85,3192)]	22.751385
218	[(15,4097),(18,575),(46,1174),(57,1039)]	17.301113
219	[(4,2756),(13,2855),(14,3633),(55,2157),(58,386),(85,3761),(87,2750)]	17.052241
220	[(10,2148),(28,4117),(49,212),(55,601),(79,998)]	17.495785
221	[(21,2929),(22,2782),(25,384),(31,69),(63,283),(77,2328)]	17.912560
222	[(1,1991),(10,1277),(41,48),(42,3672),(44,2338),(48,3735),(49,2265),(84,669),(87,374)]	19.000308
223	[(6,3525),(24,3274),(25,259),(32,78),(38,767),(59,2210),(69,19),(70,3641),(72,4133),(81,1368),(88,3096)]	18.863498
224	[(13,3261),(25,2082),(38,377),(43,1136),(67,2024),(81,1075)]	18.569340
225	[(5,823),(10,2956),(20,911),(29,3916),(50,1406),(55,2890),(64,3263),(74,2331),(79,3918),(83,28)]	17.011603
226	[(1,3326),(3,80),(34,1114),(59,3221),(65,2241),(80,2548)]	17.615399
227	[(18,2191),(22,1327),(26,3431),(28,85),(35,1638),(36,535),(59,128),(83,1507),(84,3761)]	17.099049
228	[(15,2269),(35,2681),(61,257),(81,3585)]	17.803933
229	[(7,1653),(19,1442),(34,717),(54,921)]	17.217251
230	[(1,1065),(12,2745),(60,2579),(62,2765),(71,1756),(85,317)]	17.165291
231	[(6,1299),(9,400),(17,207),(59,3951),(63,2937),(77,3149),(81,703),(92,951)]	19.295346
232	[(25,4143),(48,108),(57,1747),(77,3073),(85,3780),(91,4134)]	17.734252
233	[(5,2749),(37,2961),(38,2890),(39,1101),(49,775),(53,1995)]	16.758205
234	[(33,1797),(61,253),(88,2879)]	17.066494
235	[(1,2965),(3,2762),(10,3618),(25,1770),(35,755),(46,186),(60,1125),(71,799),(90,146)]	17.312573
236	[(3,3049),(8,616),(9,3416),(18,1634),(28,1436),(29,625),(68,2034),(73,2964)]	17.349644
237	[(8,150),(23,589),(27,2614),(42,1294),(52,2323),(53,3100),(68,1789),(73,3203)]	18.044141
238	[(5,605),(21,3383),(39,3812),(76,3359),(85,4148),(87,633)]	17.109318
239	[(28,2015),(30,1693),(33,27),(34,3418),(68,3094),(71,1320),(78,3637)]	17.036195
240	[(12,4099),(15,2307),(20,3928),(67,2373)]	16.814767
241	[(9,3617),(11,4035)]	16.594529
242	[(45,1985),(71,1653),(72,1034),(86,1918)]	17.724238
243	[(22,1535),(30,1842),(36,1725),(62,1270),(67,1367),(75,2267),(79,2285),(90,767)]	16.984277
244	[(10,2455),(18,962),(37,1042),(41,3899),(42,676),(67,1375),(90,1887)]	17.442460
245	[(8,2),(15,2028),(18,3379),(52,1658),(78,1540)]	16.818016
246	[(9,2306),(21,3439),(48,325),(62,1964),(69,4164),(76,1166),(81,2221),(92,804)]	17.205006
247	[(0,685),(17,1961),(31,3500),(37,3340),(50,421),(59,2399),(73,1069)]	16.934193
248	[(12,1844),(34,1200),(43,3334),(57,570),(65,2338),(80,1537)]	17.072844
249	[(22,1238),(31,3960),(52,1080),(69,3451),(79,316)]	17.053067
250	[(16,3027),(19,3199),(42,1067),(43,2437),(66,95),(74,3761),(75,2314),(78,893),(91,2393)]	16.799406
251	[(17,3737),(19,2210),(21,105),(62,1963)]	17.701669
252	[(21,1447),(24,17),(26,3999),(34,3982),(41,944),(42,2723),(82,2345)]	16.834851
253	[(6,3330),(16,2891),(41,1579),(48,2123),(55,1208),(56,2987),(64,2885),(84,2549)]	17.390706
254	[(9,3421),(18,2349),(35,947),(41,24),(61,2065),(72,3201),(83,2639),(88,2014)]	19.239049
255	[(16,1649)]	16.751666
256	[(12,2278),(35,2246),(45,3780),(63,3117),(85,2041),(91,1252)]	16.832765
257	[(8,3741),(14,290),(45,3514),(54,59),(73,3684)]	16.758324
258	[(4,1716),(13,266),(27,4049),(50,406),(61,4005),(69,552)]	17.608367
259	[(27,182),(52,583),(76,3389),(81,3203),(82,218),(87,3675)]	17.427669
260	[(23,3470),(41,85),(48,2561),(49,1041),(60,607),(67,2350),(75,3923),(79,2189),(81,2850)]	17.337341
261	[(20,482),(37,3624),(57,3416),(63,1223),(67,1115),(77,1408),(87,4066)]	16.960442
262	[(21,4059),(22,3013),(67,897),(80,3242),(88,1590),(89,1734),(92,880)]	19.932094
263	[(6,2230),(26,2838),(31,3309),(41,2475),(54,3415),(84,2894)]	17.019347
264	[(10,2404),(12,2187),(13,3000),(18,2326),(28,2392)]	27.695362
265	[(1,483),(12,203),(30,810),(35,349),(37,1027),(56,1694),(58,1497),(69,2274),(85,584)]	26.640108
266	[(4,643),(19,1845),(31,1866),(32,2755),(40,4001),(44,570),(71,3336),(82,916)]	17.343856
267	[(13,2098),(17,340),(23,3387),(25,2127),(27,1817),(32,645),(34,334),(50,981),(63,918),(71,1300)]	16.912792
268	[(8,483),(9,4049),(38,159),(55,55),(72,1020),(77,856),(82,3676)]	16.815701
269	[(3,2771),(11,2316),(12,1130),(47,2804),(92,230)]	17.359952
270	[(3,3445),(13,3165),(20,1723),(55,315)]	17.566240
271	[(4,3234),(18,2861),(49,3756),(53,2450),(70,1520),(75,1662),(77,1929),(86,774)]	17.939480
272	[(14,222),(23,4003),(36,1534),(45,3917),(68,651),(80,1779),(82,562),(88,409)]	24.016728
273	[(0,3968),(42,1834),(56,878),(62,1429),(86,308)]	18.259297
274	[(7,3101),(38,3737),(40,3538),(44,2720),(45,3238),(46,951),(62,1665),(92,250)]	16.715748
275	[(4,1341),(5,3938),(50,1733),(77,2200)]	17.627821
276	[(0,2225),(11,2097),(24,1692),(60,2015),(76,2810),(90,3254)]	17.031198
277	[(8,1736),(40,2450)]	17.145091
278	[(21,2666),(38,2803),(45,1126),(48,93),(58,973),(63,734),(85,2604),(86,3510)]	17.245956
279	[(9,858),(37,50),(86,4154),(90,1083)]	17.332276
280	[(1,3533),(13,2388),(19,933),(38,2429),(54,2491),(71,3977)]	17.913004
281	[(0,904),(28,3812),(52,3007),(55,1557)]	17.026705
282	[(5,2328),(9,3159),(36,3493),(38,1416),(63,3501),(71,2970),(76,3869)]	18.024209
283	[(21,1775),(40,159),(56,2422),(66,2929),(77,65)]	17.018147
284	[(5,3412),(7,4088),(40,958),(49,1387),(56,1264),(69,2175),(74,231),(75,1926),(86,78)]	17.335472
285	[(13,3452),(17,2934),(28,1730),(58,1920),(62,2443),(82,2732)]	18.439333
286	[(15,1834),(29,564),(38,1996),(46,1010),(60,331),(73,2466),(81,2377)]	17.013545
287	[(10,2689),(64,3042),(80,1577)]	19.185053
288	[(0,3112),(25,878),(33,106),(55,612),(57,2427),(67,1431)]	17.745392
289	[(16,2674),(52,3472),(76,3086),(78,2580)]	17.744468
290	[(1,3164),(7,2976),(8,1018),(63,861)]	16.783478
291	[(19,1261),(23,4023),(86,3642)]	17.287438
292	[(31,1590),(42,3965),(54,1334),(55,1655),(65,222),(75,3670)]	16.932352
293	[(29,1925),(57,2612),(71,2688),(73,2242),(80,2548),(82,3017)]	17.300755
294	[(10,1843),(30,2894),(32,1355),(52,3249),(60,1018),(79,1470)]	16.996876
295	[(13,4082),(22,2874),(35,885),(37,1665),(40,117),(51,3139),(58,1697),(62,2553),(66,1624),(74,4002),(84,1749)]	16.965046
296	[(10,3388),(24,1549),(29,3444),(53,2993),(61,3825)]	17.107216
297	[(13,13),(20,702),(26,4034),(39,719),(48,757),(75,2862),(77,3203),(90,1066)]	16.779489
298	[(24,3523),(44,209),(52,3866),(77,3437)]	17.086216
299	[(14,2226),(62,1680),(82,3852)]	16.859500
300	[(14,990),(38,270),(43,3446)]	17.762404
301	[(1,3853),(10,1558),(25,2582),(37,307),(48,994),(62,894),(84,1857)]	17.384446
302	[(6,3291),(31,2008),(39,3247),(43,906),(87,3282)]	17.115709
303	[(0,3607),(29,1779),(52,1808),(63,1969)]	16.951397
304	[(21,3866),(31,899),(46,2315),(58,2383),(79,1847)]	16.988029
305	[(2,153),(15,1720),(55,1220),(76,439)]	17.357434
306	[(1,1481),(6,92),(14,2542),(28,192),(53,280),(63,3047)]	18.260292
307	[(6,3983),(21,1389)]	16.955955
308	[(20,2814),(51,2192),(54,1296),(58,2542),(91,523)]	17.255235
309	[(37,3612),(41,1998),(48,1169),(49,3697),(50,1022),(56,1022),(89,3126)]	16.890090
310	[(5,3726),(6,426),(11,104),(19,2038),(34,1752),(39,1481),(64,2388),(69,3963),(74,2309),(76,1153)]	21.179725
311	[(17,1807),(61,2436),(72,1396)]	22.823338
312	[(2,1280),(9,711),(28,2038),(30,1060),(33,3165),(53,1752),(71,286)]	18.056742
313	[(4,162),(12,1635),(23,1478),(54,2062)]	20.450460
314	[(2,2686),(10,3494),(24,3781),(43,3143),(71,3797),(87,1674)]	18.420306
315	[(21,2710),(49,248),(63,1479),(67,1626),(75,2166),(86,3154)]	17.074518
316	[(13,2302),(22,2076),(29,3449),(31,762),(39,3659),(58,2646),(89,1544),(90,3110)]	17.007098
317	[(37,2597),(44,3361),(63,2824),(66,4115),(90,2299)]	17.227471
318	[(12,2216),(24,614),(77,1801),(89,285)]	16.981400
319	[(1,1675),(31,3372),(32,3566),(35,2758),(62,581),(79,3489)]	17.414400
320	[(6,3323),(14,3092),(28,1197),(42,225),(63,2932),(69,2794)]	17.518777
321	[(30,1392),(34,594),(42,3167),(64,2014),(78,3058),(83,2862),(85,3203)]	17.399546
322	[(21,131),(49,372),(77,1909)]	35.246500
323	[(17,2022),(21,2313),(29,3944),(33,716),(53,319),(59,3219),(73,3658),(78,1306),(82,3709)]	18.176920
324	[(2,2341),(9,3192),(37,1164),(40,921),(56,2440)]	18.296470
325	[(9,2194),(29,3411),(57,3123),(62,1778),(66,3982),(89,3731)]	19.851906
326	[(5,171),(26,3903),(31,165),(60,1904),(84,947)]	20.222773
327	[(1,2095),(10,1545),(30,2452),(44,1697),(76,3865)]	26.945202
328	[(12,15),(21,1699),(37,2535),(47,959)]	18.062885
329	[(4,3173),(11,1785),(12,3355),(17,1908),(24,4118),(28,1739),(37,3466),(48,1261),(64,2276),(69,2843),(74,3224),(77,647),(82,2754),(84,3991)]	16.671287
330	[(30,1952),(33,3965),(60,4018),(91,4079)]	17.037572
331	[(14,3650),(20,4079),(37,3173),(57,3972),(58,1953),(74,2858),(84,3397)]	17.196265
332	[(8,230),(24,1518),(41,357),(42,2121),(45,2589),(68,4127),(74,3667),(79,3181),(89,2596)]	16.968395
333	[(2,1403),(16,3070),(18,2657),(31,2434),(35,1162),(39,4164),(40,1974),(56,3901),(62,187),(66,3567),(80,3258),(92,3814)]	16.774467
334	[(8,2712),(47,518),(52,379),(61,3820),(85,1168),(91,452)]	17.016959
335	[(6,3866),(36,81),(61,1320)]	17.226625
336	[(23,1134),(65,3165),(83,1224)]	17.393991
337	[(1,2968),(7,969),(15,1712),(31,4124),(35,3334),(59,2084),(81,3118),(85,2141)]	17.569927
338	[(15,144),(31,546),(33,3131),(82,3101)]	18.435304
339	[(5,435),(7,1976),(30,940),(47,1637),(76,4054),(81,1886)]	17.142199
340	[(4,877),(8,815),(9,3610),(22,315),(25,3731),(27,2750),(30,645)]	17.162516
341	[(28,2944),(29,3312),(57,1714),(60,2076),(65,3845),(73,612),(79,3465),(87,1994)]	17.150984
342	[(4,1211),(6,1840),(8,2418),(35,1004),(50,1255),(72,3312)]	20.361287
343	[(4,2268),(5,346),(12,2465),(48,669),(74,3371),(78,1320),(90,2939)]	17.209629
344	[(37,1208),(46,2254),(49,3191),(69,3580),(71,1106),(76,2603),(79,3174),(80,2484),(89,3323)]	17.098467
345	[(6,1510),(15,842),(18,3615),(20,4044),(23,902),(26,1600),(43,3217),(62,2963)]	26.733073
346	[(1,976),(4,2595),(10,1571),(18,1771),(23,2748),(31,1743),(57,3502),(68,822),(76,3145),(92,2346)]	17.953826
347	[(0,141),(10,38),(12,57),(23,8),(69,1554),(79,3428),(84,3920),(85,1353)]	16.978784
348	[(3,410),(7,3823),(26,2540),(50,2063),(53,3224),(88,1978),(89,3377)]	17.522193
349	[(5,3291),(45,3870),(46,3592),(48,3907),(63,3536),(73,2652),(74,3464),(75,1845),(81,3583)]	18.788352
350	[(19,2414),(26,3885),(28,2780),(63,2408),(79,1916)]	17.697244
351	[(2,2164),(12,3962),(13,3213),(17,558),(20,1252),(38,1522),(50,445),(85,3691)]	17.301911
352	[(33,1653),(36,1433),(60,3268),(71,440),(75,4010),(80,42)]	17.412135
353	[(40,1049),(69,1788),(73,603)]	17.036272
354	[(5,3998),(47,997),(51,2757),(55,2176),(70,1734),(82,2004)]	17.440617
355	[(1,2628),(23,3450),(25,3153),(39,136),(52,4047),(59,2742),(70,1752)]	16.797702
356	[(10,3100),(20,1483),(44,1396),(53,1595),(64,3351)]	16.965953
357	[(19,2358),(33,1524),(88,251)]	17.086002
358	[(0,4028),(1,630),(3,2954),(10,2025),(21,1660),(38,1401),(56,2672),(57,2181),(63,71),(79,351)]	16.845598
359	[(1,3507),(6,3020),(30,2446),(43,3783),(52,1341),(59,1131),(68,3436),(91,1730)]	17.716645
360	[(22,3134),(27,875),(34,1534),(44,419),(53,2471),(70,454),(84,2099),(88,1902)]	16.934405
361	[(18,3356),(41,2498),(55,3919),(63,2228),(74,3073),(85,4153),(86,3580)]	17.746264
362	[(6,3746),(43,1272),(73,1380),(76,1222),(89,2620)]	17.495920
363	[(22,990),(28,1365),(75,3597),(81,4109)]	17.301745
364	[(10,2087),(23,3982),(31,1932),(40,2074),(56,732),(85,889),(91,2779)]	20.263485
365	[(8,69),(26,350),(30,3584),(59,2546),(63,1396),(82,394),(89,3487)]	17.666504
366	[(3,1604),(42,1425),(63,296),(71,511)]	16.715727
367	[(4,3057),(6,169),(11,142),(16,1090),(36,1344),(39,3997),(70,1488),(92,1270)]	17.111269
368	[(11,1250),(13,2027),(15,2599),(30,4125),(42,1407),(80,1077),(83,2367)]	17.314079
369	[(23,1557),(29,354),(40,2779),(44,2544),(49,646),(83,80),(90,1627)]	17.482597
370	[(28,2636),(46,3319),(56,2878),(59,2787),(82,2329)]	17.479365
371	[(8,3860),(28,1519),(35,2493),(71,3745),(75,2131),(89,1436)]	17.644663
372	[(51,2845),(58,924),(76,1081),(78,1244),(91,28)]	17.494241
373	[(0,3968),(52,3708)]	17.478732
374	[(26,3214),(40,564)]	17.156332
375	[(30,3579),(41,663),(50,2037),(64,3434),(69,1364),(90,3924)]	16.700379
376	[(11,127),(13,2849),(51,2904),(54,90),(56,3116),(57,3266),(74,3723),(91,4035)]	16.934713
377	[(16,3109),(18,524),(19,162),(40,634),(47,881),(56,3627),(86,1611)]	16.909230
378	[(4,745),(16,2445),(20,3408),(38,3910),(40,175)]	18.738708
379	[(15,2078),(47,13),(52,2417),(81,450)]	34.603603
380	[(16,2526),(20,280),(40,2505),(52,4089)]	17.916808
381	[(33,3042),(52,3955),(55,1560),(82,2693),(85,2315),(89,1684)]	17.823886
382	[(10,84),(51,2746),(59,2514),(71,3452),(74,2321)]	22.233338
383	[(2,2523),(11,3279),(13,3185),(15,1014),(39,4073),(44,1051),(48,1407),(56,1419),(75,1460),(80,4110),(87,991)]	22.468646
384	[(3,1164),(41,790),(50,1918),(60,887),(77,205)]	16.779347
385	[(5,348),(15,465),(29,2934),(38,335),(68,3352),(73,2690),(78,2951)]	18.153715
386	[(7,2074),(34,2273),(40,2819),(65,2226),(70,809)]	17.356007
387	[(7,3604),(19,3082),(20,2410),(46,3067),(79,60)]	16.933608
388	[(1,158),(8,1674),(28,174),(62,171),(78,397),(81,1128),(83,362)]	16.844360
389	[(2,1258),(9,1679),(38,1174),(43,3731),(53,1043),(65,2506),(74,2327)]	16.854301
390	[(7,530),(10,1226),(36,2427),(39,1024),(41,2235),(59,2811),(88,3263),(90,2409)]	16.850679
391	[(0,2839),(61,851),(80,2138),(84,682)]	17.084092
392	[(13,1255),(22,152),(47,2075),(57,3860),(58,264),(75,2764),(84,2728)]	16.720114
393	[(0,959),(16,1406),(32,371),(34,3383),(47,4158),(64,662),(69,1761),(72,2030)]	16.930682
394	[(21,3557),(38,565),(52,552)]	17.073990
395	[(18,642),(33,2965),(42,2137),(56,3249),(63,1927)]	16.949025
396	[(28,685),(42,2467),(43,772),(59,2239),(67,1911),(73,3478),(87,111),(90,3376)]	17.022859
397	[(0,2553),(29,370),(38,1897),(48,3061),(61,1178),(91,212)]	16.790795
398	[(6,2089),(15,3103),(21,636),(45,2586),(80,2090),(82,2417),(88,1500)]	19.676149
399	[(7,4070),(9,2343),(13,4063),(25,3913),(39,914),(91,560)]	17.261656
400	[(20,2950),(23,1802),(28,4019),(67,2456),(79,2567),(87,3004)]	17.861626
401	[(19,452),(32,3736),(36,981),(45,2993),(49,1805),(52,1289),(56,3912),(60,330),(61,3753)]	17.385593
402	[(5,732),(26,2563),(33,2180),(35,2412),(50,1064),(59,1487),(81,3539)]	17.210047
403	[(29,2320),(34,3665),(69,4166),(72,2162),(89,1298),(91,1652)]	17.228389
404	[(3,3863),(14,1438),(33,2099),(37,1902),(39,1774),(70,820),(79,566),(84,3429)]	17.449910
405	[(12,1429),(15,1348),(24,1091),(38,3490)]	16.912840
406	[(5,1184),(6,1813),(13,115),(81,1978),(82,3377),(87,3660)]	17.088089
407	[(0,1866),(1,2755),(4,2299),(36,2342),(46,1643),(79,3021)]	16.941098
408	[(12,69),(14,191),(23,222),(35,1582)]	17.296240
409	[(7,2770),(18,2551),(23,770),(39,1278),(47,3511)]	17.237728
410	[(33,2156),(41,908),(51,3092),(75,4026),(90,1100),(91,3937)]	18.289616
411	[(2,2644),(5,1180),(16,2051),(39,1487),(43,3478),(61,2915),(64,2883),(65,1168)]	18.267696
412	[(43,602),(67,531),(72,3981),(91,3368)]	18.628574
413	[(6,2834),(32,51),(33,819),(41,1102),(44,2475),(56,374)]	17.636390
414	[(6,1056),(61,1522),(75,3865),(82,2044)]	19.715449
415	[(7,443),(11,2942),(18,1817),(42,1629),(55,795),(68,2950),(78,3920),(81,1186)]	17.310293
416	[(4,1307),(26,3136),(27,630),(29,2599),(41,2),(73,1393)]	16.907701
417	[(15,1682),(33,633),(42,1329),(53,2153),(72,2525)]	17.132929
418	[(7,1082),(13,3596),(19,65),(44,3953),(66,812),(68,3198),(80,1589),(88,3764)]	16.855817
419	[(11,1097),(36,257),(44,2428),(50,425),(61,1857),(62,1658),(64,2227)]	18.755910
420	[(10,2487),(12,1948),(23,1819),(32,2555),(51,2216),(61,1990),(73,2982),(83,383)]	20.802305
421	[(18,2013),(22,2841),(35,2049),(65,1876),(85,961)]	17.502377
422	[(25,1166),(26,567),(34,2858),(37,1346),(54,2134),(69,2189),(74,324),(88,1810),(90,1594)]	16.871973
423	[(9,2215),(15,1337),(49,63),(63,1409),(71,1772),(85,1584)]	16.985411
424	[(24,1807),(25,1439),(33,673),(40,13),(55,2337),(56,3399),(91,3225)]	17.137699
425	[(12,941),(69,2585)]	17.119330
426	[(14,1035),(52,3424),(63,3366),(67,3460)]	16.722527
427	[(25,1055),(34,3839),(43,3883),(73,2576),(75,402),(88,3448),(92,2887)]	17.595390
428	[(24,2508),(32,1767),(36,317),(53,2344)]	19.355385
429	[(0,2825),(2,2991),(31,1261),(51,2949),(60,142)]	17.613420
430	[(37,2759),(42,2295),(58,1091),(60,4040),(84,25),(89,4053)]	17.962440
431	[(7,2531),(12,1532),(16,1645),(60,1439),(85,520),(88,1478)]	17.089590
432	[(15,2161),(16,3742),(22,1562),(35,2803),(39,2490),(40,3705),(61,89),(86,3412)]	17.430706
433	[(11,330),(17,185),(18,1861),(25,4148),(65,2492)]	17.186101
434	[(11,257),(12,2344),(15,906),(26,3370),(32,1744),(37,145),(45,1506),(51,646),(72,982),(86,1434)]	17.312057
435	[(3,1823),(11,52),(20,2243),(54,1894),(57,3936),(73,1850),(77,2749)]	20.568883
436	[(12,1150)]	29.043196
437	[(33,2545),(41,305),(70,2584),(80,87),(85,606),(86,1653),(87,610)]	27.021204
438	[(6,2487),(19,3495),(39,1962),(43,573),(65,318),(71,2877),(75,3165),(80,3799)]	24.267341
439	[(3,515),(11,2664),(17,797),(24,450),(25,1859),(39,2876),(83,965),(87,599)]	17.331826
440	[(12,1966),(21,1517),(24,1699),(38,1026),(43,1541),(64,2239)]	17.174125
441	[(12,57),(33,1769),(43,1967),(70,3627)]	19.076303
442	[(11,1768),(61,2295),(69,4003)]	16.898813
443	[(4,896),(6,2313),(58,3098),(74,2007)]	16.909569
444	[(11,4112),(17,3008),(36,3482),(41,415),(50,1761),(69,2009),(87,1281)]	17.572176
445	[(0,287),(2,1556),(11,981),(12,871),(19,1644),(33,839),(35,4072),(50,3295),(53,2310),(62,957),(90,2424)]	17.066777
446	[(9,1773),(13,2559),(14,3718),(40,1434),(42,3768),(45,3396),(65,2205),(67,1816)]	17.428000
447	[(10,2154),(17,990),(24,73),(41,298),(61,3664),(62,3795),(63,3054),(81,3311),(87,3577)]	17.022255
448	[(5,3604),(20,3958),(39,2833),(71,727),(83,1286)]	17.759300
449	[(14,2114),(23,3830),(46,2985),(47,3655),(71,2249),(88,1609)]	17.120925
450	[(9,256),(19,2408),(46,1951)]	16.927197
451	[(19,3581),(38,2675),(87,2505),(89,735)]	17.155328
452	[(12,3790),(19,468),(20,1764),(48,2817),(61,2837),(80,1747)]	16.875891
453	[(50,1766),(65,3204),(91,1433)]	19.146166
454	[(18,2552),(19,3670),(27,285),(39,333),(42,2696),(44,1819),(87,712)]	17.237010
455	[(3,3287),(16,1698),(32,2622),(39,926),(49,1455),(54,1407),(73,2714)]	17.141790
456	[(31,3171),(49,2764),(76,3663),(81,3564),(86,773)]	16.749121
457	[(15,202),(26,1325),(38,3607),(57,3139),(88,221)]	16.977708
458	[(64,396),(72,2726)]	16.781178
459	[(11,3625),(12,190),(31,650),(60,3729),(85,2342),(92,1212)]	18.908955
460	[(5,2209),(24,3466),(28,2080),(30,4142),(68,2420),(75,635),(83,3690),(88,2967)]	38.128906
461	[(21,3194),(33,1492),(65,3265),(70,2263),(75,2544),(92,2458)]	36.673687
462	[(11,3915),(32,3429),(53,823),(78,4139),(88,2612)]	36.209197
463	[(3,834),(4,3452),(20,626),(37,4026),(51,258),(56,1939)]	36.958501
464	[(11,1854),(20,1409),(47,1903),(76,2191),(82,1490)]	33.980737
465	[(60,265),(70,1085),(90,2854)]	35.406321
466	[(2,3002),(3,3079),(29,1200),(30,1064),(31,827),(76,1292),(79,4012)]	32.440253
467	[(31,3257),(39,885),(44,1662),(51,964),(57,3900),(68,2154),(75,771)]	36.723801
468	[(4,484),(6,2140),(11,2382),(22,1386),(33,2650),(76,2255),(78,4128),(83,1144)]	35.331447
469	[(22,2138),(31,2343),(34,1082),(37,834),(55,2347),(70,1117),(78,1658),(86,3449),(88,3637)]	33.999589
470	[(25,2143),(30,3562),(42,2071),(50,2639),(60,2826),(85,2409),(89,357)]	34.882207
471	[(49,3262),(73,1999),(75,2741),(82,3524)]	34.479940
472	[(14,1564),(22,1383),(29,2288),(31,258),(41,468),(52,2711),(53,70),(55,2198),(65,2488),(70,3545),(82,3779),(88,764)]	44.588659
473	[(0,3328),(2,817),(5,3966),(16,2667),(33,1625),(62,733),(77,1256),(92,950)]	42.559579
474	[(0,3600),(34,3265),(46,3462),(50,2278),(57,3256),(81,4109)]	34.650757
475	[(7,3451),(13,996),(41,1711),(64,3222),(88,2771),(89,3091)]	35.067350
476	[(36,642),(60,153),(68,597),(76,729)]	37.839148
477	[(21,2343),(29,1023),(47,2793),(61,1503)]	51.053117
478	[(11,566),(16,4159),(30,447),(39,207),(47,1265),(53,2566)]	50.427471
479	[(28,1387),(37,143),(46,1451),(63,788),(66,398),(74,1174),(82,3871)]	36.087527
480	[(2,2953),(5,1720),(18,2976),(19,3143),(34,635),(73,325),(87,856)]	34.792819
481	[(5,3162),(18,2926),(30,3212),(50,1779),(52,562)]	33.737785
482	[(0,590),(19,3237),(67,2722),(68,3384)]	33.551645
483	[(12,497),(19,1624),(30,1884),(38,1190),(52,836),(58,1445),(79,3378),(83,3196)]	33.908315
484	[(8,3721),(41,3621),(66,1179),(69,3086)]	33.585753
485	[(0,2967),(19,1076),(37,833),(48,3288),(74,2718)]	33.634943
486	[(29,2350),(64,3945),(90,3417),(92,2307)]	37.870456
487	[(12,4128),(46,4101),(64,1168),(72,1666)]	38.298904
488	[(43,4086),(47,2885),(91,3859)]	33.405561
489	[(15,3779),(46,640),(87,4060),(90,3601)]	33.543248
490	[(6,2192),(16,849),(63,2558),(90,961)]	34.662677
491	[(83,2983),(90,3994)]	36.436143
492	[(23,2002),(44,3421),(55,1869),(64,3588),(67,2759),(83,327),(86,281)]	35.163739
493	[(7,2769),(8,1932),(27,1412),(29,64),(33,2057),(35,2043),(59,867),(66,3331)]	34.595535
494	[(33,1849),(43,1640),(45,130),(47,1148),(52,2429),(77,4141),(90,754)]	53.811932
495	[(5,887),(17,2581),(47,2562),(68,2686)]	52.715278
496	[(51,1631),(73,2260),(75,3470),(91,374)]	50.269514
497	[(10,1272),(14,3911),(16,2012),(30,2276),(32,1984),(49,2294),(81,1598)]	57.693730
498	[(48,4107),(68,2273),(84,393)]	52.958488
499	[(7,1832),(9,3361),(10,3896),(38,729),(53,1436)]	54.839509
500	[(28,3367),(55,2469),(63,3740),(67,239),(78,1049)]	51.230272
501	[(0,1152),(19,937),(27,3153),(43,1228),(51,226),(58,1040),(60,2148),(64,368),(67,1626),(78,2460),(85,3750),(88,4154)]	40.091308
502	[(7,3924),(32,2162),(79,3469),(80,3573),(84,1739),(87,2846),(89,3085)]	35.995400
503	[(5,13),(23,2841),(58,668),(63,2820),(76,1966),(88,2138)]	39.896457
504	[(8,1775),(15,3734),(24,3164),(35,3337),(45,3433),(53,2670),(62,1250),(76,658)]	38.115358
505	[(3,3934),(9,453),(26,2931),(50,2684),(60,1340),(82,2703),(84,482),(89,599)]	37.679571
506	[(22,3189),(32,2377),(37,1391),(55,1708),(82,1141)]	36.755120
507	[(33,3704),(42,2951),(47,3919),(72,705),(86,3760)]	36.086122
508	[(20,2760),(28,1319),(29,4098),(57,3667),(68,2253),(72,1161),(76,1556),(87,1377)]	36.717664
509	[(29,515),(40,810),(51,837),(64,3939),(78,2997),(83,1218)]	33.872572
510	[(13,3121),(50,1056),(63,107),(90,507)]	34.565606
511	[(0,3014),(4,4005),(21,3884),(46,2212),(68,1884),(77,2698),(82,3300)]	32.767977
512	[(8,4046),(12,3133),(27,1376),(64,1046),(67,2372),(69,2588),(73,3917),(83,3453),(85,3870)]	35.698485
513	[(2,2016),(3,209),(6,1178),(14,2834),(19,735),(21,807),(39,3814),(57,4052)]	33.432288
514	[(5,820),(21,1233),(36,1401),(65,3205),(71,2994),(75,2395)]	34.357043
515	[(9,1008),(13,2740),(19,1975),(26,78),(31,2371),(44,2233),(73,3034),(85,374)]	33.691455
516	[(3,2491),(6,339),(9,2704),(11,852),(34,108),(35,3557),(78,2322),(82,723)]	33.917678
517	[(20,2341),(26,2334),(66,852),(71,3688),(89,2778)]	34.743828
518	[(11,3527),(47,2071),(52,3690),(61,3514),(73,3967),(77,3558)]	33.864450
519	[(7,2307),(36,1171),(38,1376),(69,1730),(78,406),(80,862),(86,1560),(89,1147)]	33.683374
520	[(0,698),(8,1856),(33,3753),(37,2403),(41,821),(56,1826),(61,1998)]	35.444189
521	[(12,3143),(34,1461),(55,1646),(59,2384),(80,3447)]	33.801786
522	[(26,3599),(80,1893)]	33.999432
523	[(35,1567),(64,3507),(90,1569)]	33.736062
524	[(1,1571),(5,3424),(13,2997),(14,2541),(25,211),(30,272),(56,2144)]	33.763140
525	[(18,2765),(21,636),(25,2591),(47,2819),(56,534),(72,2022),(92,543)]	33.782938
526	[(2,3152),(14,3744),(22,933),(25,3724),(27,2326),(66,734)]	33.891724
527	[(12,2167),(25,1135),(33,312),(51,3766),(52,2303),(75,1730)]	34.784451
528	[(3,2110),(4,4123),(6,2067),(7,102),(8,2995),(40,1871),(66,3200),(81,1436),(91,110)]	34.820031
529	[(32,2641),(52,2243),(75,3393),(85,1918),(92,2966)]	39.299394
530	[(13,3563),(14,3956),(40,2931),(83,2599)]	34.313404
531	[(1,373),(22,2988),(23,1792),(48,2855),(54,1979),(55,590),(57,3430),(67,639),(89,1377)]	34.430202
532	[(29,489),(39,63),(47,3757),(54,117),(83,112)]	33.655654
533	[(10,1911),(17,358),(21,4000),(40,604),(51,3360),(63,3024)]	33.513944
534	[(3,1683),(13,932),(33,1494),(42,275),(46,243),(83,1169),(84,629)]	41.407274
535	[(3,2802),(52,330),(53,3753),(66,33)]	44.185427
536	[(7,1599),(35,1738),(56,3813),(68,2280),(74,3907)]	35.025178
537	[(26,3233),(36,247),(77,3994),(83,1202)]	34.708614
538	[(5,906),(15,2666),(16,2378),(27,3086),(34,1666),(56,3512),(61,1740),(79,1940),(83,1260)]	32.628137
539	[(30,2581),(43,1967),(46,3369),(68,2111),(85,4031),(89,3043)]	33.924828
540	[(10,2694),(18,3260),(52,1540),(57,1852),(69,1289),(88,330),(91,2316),(92,1130)]	34.024928
541	[(2,2803),(7,2867),(27,1145),(60,2867),(89,2229)]	33.402178
542	[(40,2892),(54,2616),(83,2893)]	32.992712
543	[(4,4005),(8,2499),(33,3288),(45,1819),(76,2671),(84,2959),(86,3545)]	32.897907
544	[(7,897),(15,32),(32,1097),(33,1566),(34,1892),(50,95),(55,4017),(61,173),(69,1196)]	32.871025
545	[(67,292),(68,2199)]	32.640294
546	[(0,3657),(30,498),(35,2369),(64,3322)]	32.858100
547	[(2,3721),(5,3103),(7,2735),(11,726),(46,1817),(69,3576),(85,161)]	32.793498
548	[(9,325),(38,3076),(85,2553),(87,288),(90,1220)]	34.140769
549	[(8,3421)]	35.035095
550	[(2,2919),(14,2866),(52,1629),(55,1692),(77,2599),(83,2091)]	34.920281
551	[(6,182),(8,1472),(10,334),(40,1568),(72,1744),(74,3314),(81,642),(88,2574)]	35.544194
552	[(23,937),(25,1651),(29,3622),(31,4027),(38,2625),(42,2133),(61,164)]	38.330964
553	[(10,1800),(15,2703),(17,482),(18,1035),(24,2912),(35,1991),(57,2838),(73,2916)]	37.080945
554	[(2,1356),(6,313),(41,2258),(56,3223),(68,3256)]	34.619920
555	[(18,3070),(22,1008),(31,2712),(40,3533),(49,3864),(53,3003),(54,3211),(57,2077),(66,1973),(75,2307),(77,4048)]	34.641596
556	[(0,2100),(9,3001),(13,2732),(29,3896),(32,2842),(38,3391),(63,174),(80,3886),(82,840),(84,3851)]	31.834659
557	[(20,234),(37,3433),(39,3722),(55,1738),(65,1620),(81,2185)]	37.040088
558	[(12,3909),(42,963),(50,1234),(64,745),(65,1003),(76,356)]	36.108885
559	[(4,1249),(14,1179),(31,2053),(34,1301),(45,3900),(46,3373),(55,1824)]	37.829178
560	[(41,781),(42,1402),(64,1430),(65,2558),(84,178)]	36.481400
561	[(6,2184),(8,656),(10,1528),(11,1004),(14,3537),(65,457),(80,3326),(83,3257),(88,3256)]	35.127635
562	[(92,4120)]	36.297786
563	[(18,3211),(92,3173)]	31.900184
564	[(12,2952),(15,3731),(37,4060),(47,2632),(77,2993),(88,990)]	34.529147
565	[(14,779),(27,3030),(29,2904),(39,1938),(41,2710),(60,1207),(74,807),(80,1345)]	41.287800
566	[(11,1835),(23,664),(25,3574),(74,22)]	38.323616
567	[(21,1412),(23,64),(30,616),(31,3416),(38,964),(70,3124),(82,658),(89,1039)]	33.757738
568	[(6,3292),(8,2344),(14,3257),(38,1331),(46,608),(65,807),(69,3805)]	33.076827
569	[(19,3056),(32,2571),(33,389),(73,2976),(74,1018)]	35.494019
570	[(20,2379),(22,3853),(54,3462),(77,3798)]	34.823802
571	[(6,1174),(53,3109),(68,1756),(75,2222),(84,3256)]	35.806096
572	[(22,4136),(78,2451)]	34.998432
573	[(7,3678),(16,1057),(23,1978),(48,3174),(50,4092),(52,104),(54,3000),(76,2779),(86,1293)]	34.864201
574	[(22,3548),(51,694),(78,2719),(85,814),(88,3141)]	35.196797
575	[(30,1138),(32,3269),(42,2732),(69,2778),(76,2826),(84,1266)]	35.458147
576	[(21,2300),(29,3208),(33,2173),(45,703),(74,1796)]	35.019995
577	[(7,1708),(25,2967),(35,103),(36,665),(42,911),(51,2125),(57,1724),(61,3503),(64,3516),(69,3401),(75,2636)]	34.443023
578	[(11,4089),(13,2568),(14,1279),(20,319),(24,2519),(35,3389),(41,3146),(42,1670),(45,182),(60,1748),(67,2173),(78,873)]	17.578215
579	[(13,3779),(32,758),(38,1638),(39,535),(50,3306),(58,1244),(87,701),(90,3860),(91,264),(92,3970)]	17.394840
580	[(10,1505),(28,582),(33,2722),(41,3139),(42,607),(57,3880),(73,1108),(87,2698),(91,3506)]	16.874421
581	[(3,2306),(21,2562),(22,164),(40,2276),(51,1161),(58,3394),(71,1784),(79,3556),(88,1074)]	16.894723
582	[(18,2259),(24,3147),(56,3959),(74,172)]	17.357282
583	[(8,365),(15,267),(33,2512),(37,683),(38,1830),(50,506),(54,2668),(78,3410),(83,3605)]	17.011544
584	[(5,1801),(13,3216),(29,3805),(38,2413),(39,2646),(40,2190),(44,2215),(51,347)]	16.852193
585	[(15,3687),(59,3180),(87,2744)]	17.034538
586	[(1,3141),(3,1817),(6,3353),(7,3205),(9,931),(25,4153),(26,3580),(28,1189),(31,2853),(43,1786),(44,4147),(49,3032),(56,460),(73,2993)]	17.610371
587	[(0,749),(12,1117),(18,43),(36,4161),(48,2248),(63,3507),(64,1515),(66,1809),(90,470),(92,61)]	17.059350
588	[(21,386),(41,3596),(45,500),(64,3363),(73,4017),(75,1136),(90,216)]	17.149421
589	[(1,2002),(47,3564),(70,3127),(82,3687)]	17.549335
590	[(11,2380),(18,1493),(34,1699),(35,3924),(56,106),(60,3914)]	16.955173
591	[(3,546),(18,2457),(22,1156),(38,851),(51,3432),(62,2159),(64,3229)]	17.538438
592	[(11,2533),(12,2231),(13,3348),(36,798),(58,3977),(88,4144)]	16.892912
593	[(6,2132),(13,937),(26,2528),(35,1026),(48,71),(54,968),(92,503)]	19.808406
594	[(13,795),(42,390),(65,911)]	23.780513
595	[(7,2643),(18,1985),(33,1143),(36,3585),(50,3502),(77,2543)]	17.810060
596	[(14,875),(17,2378),(21,2606),(24,867),(42,1858),(49,2971),(67,1610),(84,2210)]	17.227062
597	[(57,1301),(73,3663)]	16.876654
598	[(2,2628),(12,893),(21,831),(26,1498),(48,57),(51,181),(58,1708),(70,1844),(72,3720),(75,3349),(82,3387)]	17.410307
599	[(11,2921),(45,4057),(73,2967),(76,2951),(81,3493),(82,2812),(89,595)]	16.846211
600	[(15,326),(25,426),(42,2969),(53,3099),(56,1283),(64,2664)]	18.113732
601	[(1,2792),(2,2000),(9,3601),(22,2808),(48,204),(61,2449),(79,3711)]	16.847687
602	[(0,2510),(5,1667),(10,563),(14,2350),(21,3919),(45,762),(88,1585)]	17.116330
603	[(0,1766),(14,1952),(25,2424),(59,2145),(67,2791),(73,3076),(80,557),(81,2717),(91,1648)]	17.336017
604	[(9,2674),(27,2447),(63,3627),(67,1683),(92,2348)]	17.088285
605	[(1,2562),(2,164),(13,923),(45,1223),(47,1110),(59,215),(63,922),(70,557),(90,2373)]	18.751193
606	[(13,3926),(26,3459),(30,2896),(54,1502),(65,1095),(66,1406),(68,936)]	16.949483
607	[(63,3384),(65,3402),(76,2880),(90,2380)]	17.158725
608	[(0,3841),(4,1383),(21,2303),(49,1802),(53,1639),(55,3259),(56,3611),(64,752),(78,1401)]	17.933624
609	[(20,1682),(26,1551),(42,1794),(46,1532),(58,1166),(71,1955),(83,3891)]	17.081697
610	[(10,409),(28,3645),(42,910),(78,3977),(86,3008)]	17.342633
611	[(17,2932),(55,1430)]	19.642536
612	[(47,2863),(62,1669)]	18.471500
613	[(7,3353),(30,2432),(69,2329)]	17.477908
614	[(4,3842),(81,1474),(89,3756)]	22.886292
615	[(17,3659),(23,2478),(43,2349),(56,2190),(57,311),(74,1977),(83,3474),(90,3453)]	33.789363
616	[(22,285),(30,3390),(31,1370),(49,1395)]	18.052934
617	[(5,2406),(19,4160),(36,1273),(49,3293),(52,1713),(54,1484),(71,433),(79,3142)]	18.743376
618	[(9,2653),(43,3529),(90,3307)]	18.360478
619	[(3,1657),(9,886),(12,4072),(21,3941),(32,331),(34,2481),(49,776),(82,4039),(88,1883)]	17.422097
620	[(0,402),(4,3611),(30,2748),(49,1887),(50,342),(51,3893),(65,681),(71,3143),(76,496),(78,2431),(87,1528)]	23.001849
621	[(3,78),(28,1048),(30,1708),(35,1156),(74,1258),(78,3006)]	35.042347
622	[(10,3530),(34,2707),(42,922),(51,873),(52,3706),(62,2043),(63,815)]	19.332765
623	[(14,1276),(44,727)]	17.476937
624	[(20,2099),(81,1886),(84,3),(91,127)]	17.682868
625	[(6,131),(9,528),(10,3365),(22,658),(53,280)]	18.203344
626	[(3,1063),(13,4143),(14,3347),(27,3655),(39,656),(44,2419),(51,3006),(63,620),(88,736)]	17.249201
627	[(4,2046),(8,1809),(25,5),(40,1484),(53,2033),(58,2643),(73,1119),(76,754),(84,3632)]	16.919812
628	[(13,3006),(58,2352),(90,1125)]	17.111841
629	[(21,3137),(28,435),(40,204)]	19.349727
630	[(24,3916),(31,3451),(51,1544),(90,2924),(92,2333)]	18.567763
631	[(10,3500),(17,2647),(21,1852),(43,1112),(50,707),(64,3353),(69,1503),(78,884),(92,368)]	19.563760
632	[(4,63),(18,2148),(27,352),(30,764),(35,66),(44,2720),(61,672),(64,1468),(81,1090)]	17.942759
633	[(3,5),(5,3434),(29,1552)]	17.380131
634	[(13,3872),(21,1201),(27,2726),(38,437),(63,1716),(83,113),(90,3777)]	17.238854
635	[(2,3510),(29,1635),(56,3638),(73,3978),(79,2562)]	17.645218
636	[(21,2036),(43,4030),(49,1818),(50,461),(68,3243),(74,271),(79,2399),(83,2825),(90,437)]	17.246097
637	[(15,1001),(40,3112),(46,1683),(49,281),(76,1627),(88,2793)]	17.486907
638	[(52,3290),(59,1916),(76,166),(80,870)]	17.926174
639	[(1,2142),(3,2101),(9,3682),(11,1880),(24,1771),(41,453),(58,1016)]	17.360567
640	[(6,3744),(11,2180),(18,713),(32,2381),(38,739),(51,2512),(69,88),(72,3640),(77,2981),(82,4016),(84,2551)]	17.020789
641	[(12,2685),(55,1751),(66,1325),(72,1729),(77,29),(81,3869)]	17.452227
642	[(12,3585),(53,3330),(78,3862),(87,847)]	16.911292
643	[(3,112),(11,3472),(26,2549),(43,465),(44,2644),(64,366),(90,2730)]	17.347706
644	[(5,60),(16,3426),(26,3882),(57,3805),(71,3382)]	17.605163
645	[(14,3046),(19,178),(44,967),(47,1477),(53,2031),(67,859),(79,1591),(87,2370)]	16.964079
646	[(1,1533),(42,2530),(62,911)]	17.114270
647	[(0,3022),(20,3503),(71,568)]	23.062378
648	[(4,1692),(7,94),(24,2699),(33,530),(38,3379),(43,3008),(49,2333),(50,3586),(53,1759),(57,2604)]	20.223957
649	[(12,19),(28,1652),(38,3305),(40,399),(55,2431),(56,2513),(60,97)]	17.248383
650	[(62,1595),(75,307),(84,1790),(90,2532),(91,2651)]	16.974348
651	[(23,4125),(34,2581),(35,1860),(39,5),(41,3434),(46,1418),(47,3961),(54,2707),(57,3555),(67,670),(73,2201)]	17.674657
652	[(19,377),(34,1130)]	17.464862
653	[(6,2135),(8,3691),(22,1686),(26,1303),(45,1327),(71,179)]	17.268800
654	[(2,3163),(27,790),(32,2054),(38,2332),(41,4044),(54,3182),(63,245),(65,2696),(83,1747),(92,2724)]	17.006994
655	[(8,1798),(16,1934),(17,1220),(28,3417),(63,280),(86,340)]	17.556710
656	[(4,2184),(27,3108),(29,3701),(49,265),(58,3493),(65,1251),(92,2369)]	17.508519
657	[(67,4089),(72,1791),(87,1186)]	18.203046
658	[(29,1463),(68,924)]	18.039963
659	[(28,3791),(31,2267),(66,1067),(69,1907),(79,1289),(84,1613)]	17.107704
660	[(3,3413),(12,2781),(14,3867),(15,365),(18,906),(24,2660),(43,29),(52,1499),(56,2969),(59,466),(81,3387)]	17.320545
661	[(5,3389),(25,644),(46,512),(60,1357),(64,3048),(89,481),(92,3148)]	19.734969
662	[(20,1443),(39,2980),(50,885),(57,1554),(65,2119),(69,2034),(77,2304)]	17.473730
663	[(9,907),(28,2769),(29,1932),(55,1547)]	17.067479
664	[(17,879),(31,1227),(61,2841),(71,2561)]	18.815313
665	[(1,1167),(5,626),(10,1548),(13,3885),(29,3010),(32,71),(51,2415),(81,307)]	17.470376
666	[(8,3365),(9,1451),(25,3402),(26,1662),(76,2897)]	18.264227
667	[(6,122),(8,1998),(13,1764),(22,919),(52,691),(70,1958),(75,1548)]	17.217178
668	[(23,3278),(47,2860),(66,1707)]	20.314030
669	[(19,2683)]	17.732354
670	[(19,4091),(21,2881),(31,1427),(52,1695),(84,1325),(87,912)]	26.692312
671	[(26,1856),(37,221),(57,1852),(63,1346),(75,1215)]	28.382104
672	[(4,1880),(19,2787),(36,953),(37,2913),(46,2913),(67,2815),(92,3109)]	17.432070
673	[(10,1219),(38,2763),(55,3182),(60,1139),(73,2881),(77,3460)]	17.326418
674	[(10,3265),(15,3757),(35,1913),(56,1552),(59,1816)]	17.548311
675	[(0,3622),(15,817),(24,3880),(34,3736),(48,1558),(58,374),(75,4131),(81,2865),(89,705)]	17.674701
676	[(12,2825),(16,1423),(17,3447),(34,255),(41,799),(80,645)]	17.650165
677	[(41,93),(67,2947),(75,4030)]	17.316685
678	[(7,2443),(9,3481),(11,1909),(24,3537),(27,1483),(31,4145),(42,3241),(43,2090),(46,369),(47,2959),(82,3227)]	17.315512
679	[(21,3675),(47,2138),(51,2605),(67,625)]	18.046783
680	[(30,837),(59,2036),(60,1584),(91,469)]	18.584093
681	[(19,3780),(23,4094),(83,2439)]	17.440849
682	[(18,2043),(20,2089),(21,1441)]	17.079378
683	[(62,1211),(71,1703)]	17.138455
684	[(63,3140),(69,317)]	17.597243
685	[(32,4052),(49,2952),(57,3257),(72,3246),(92,3402)]	17.168057
686	[(19,3252),(26,2011),(29,3428),(47,659),(48,1012),(73,1006),(85,4105)]	17.457984
687	[(8,2278),(68,1757),(80,2542),(89,3937)]	20.799114
688	[(23,285),(44,3835),(45,3551),(49,93),(62,1934),(71,3607),(73,3013),(83,3745)]	17.433861
689	[(0,1440),(41,785),(73,2926)]	17.037435
690	[(2,2146),(24,286),(36,1087),(61,1487),(76,2214)]	17.574249
691	[(25,1438),(41,2171),(63,3115),(66,3557),(77,3117)]	18.218106
692	[(10,2339),(52,3988),(65,1565),(72,833),(84,2868)]	16.953332
693	[(17,2475),(25,3792),(26,3849),(65,960),(73,4066),(81,3919)]	17.637489
694	[(17,2762),(23,4045),(86,2606)]	16.878606
695	[(31,2417)]	16.809506
696	[(22,1749),(33,3980),(65,95),(76,1162)]	16.976871
697	[(16,737),(40,14)]	16.951439
698	[(16,4023),(17,3769),(35,1318),(69,1979),(70,560),(73,2118),(75,1875),(77,947),(84,817),(92,2336)]	17.507931
699	[(16,3193),(31,2546),(37,3319),(52,2405),(83,4015),(85,3780)]	16.884868
700	[(4,533),(7,1674),(30,1953),(37,23),(85,2897)]	17.545817
701	[(24,770),(28,2952),(36,574),(62,2602),(63,4071)]	17.634751
702	[(33,3518),(72,849),(77,4027)]	22.670818
703	[(15,3501),(25,1606),(42,475),(74,4007)]	20.286268
704	[(0,388),(8,2910),(14,3509),(18,35),(46,3681),(88,888),(90,589)]	17.136729
705	[(18,3489),(66,2216),(77,2703)]	17.017158
706	[(8,1527),(23,3828),(42,1254),(60,1422)]	17.239370
707	[(6,34),(10,394),(16,3359),(22,20),(37,3825),(57,1695),(73,3084)]	17.485365
708	[(27,3419),(48,1190),(84,477),(87,203),(90,3463)]	18.188471
709	[(20,1544),(25,1575),(26,2450),(28,319),(30,1524),(41,2738),(51,2802),(53,27)]	17.575885
710	[(8,3353),(9,3205),(15,3600),(38,2703),(51,2471),(56,2970),(60,829),(67,4015),(78,545),(87,1514)]	18.875588
711	[(17,2827),(35,419),(46,950),(66,1634),(83,3907),(90,3837)]	21.350065
712	[(4,1783),(14,336),(28,499),(44,2364),(46,352),(68,1424),(88,3902)]	19.813472
713	[(31,3297),(42,1175),(45,3253),(53,266),(58,3799),(75,1493),(91,494)]	22.266768
714	[(32,2945),(46,3635),(63,2838),(69,1785),(80,1156)]	19.678373
715	[(1,3189),(24,1473),(33,1593),(44,1581),(57,184),(68,1051)]	17.129363
716	[(1,3374),(59,397),(72,3727),(74,2417),(78,1096)]	17.175501
717	[(15,2190),(19,1361),(20,1358),(24,426),(56,2449),(60,4144)]	18.750152
718	[(7,1349),(23,3887),(30,1864),(42,3770),(50,1734),(53,1178),(78,351)]	17.823852
719	[(5,2972),(16,623),(35,3687),(37,2826),(40,717),(53,1604),(66,148),(83,2737),(89,148)]	19.299443
720	[(21,2020),(22,4106),(38,572),(57,9),(73,3496),(79,1487),(82,3132),(85,3998),(86,541)]	16.724806
721	[(6,343),(13,4125),(22,615),(47,3325),(60,3769),(61,3509),(87,3356)]	17.621064
722	[(56,3872),(65,3285),(86,541)]	18.155041
723	[(2,3466),(4,1801),(7,911),(17,2984)]	17.513067
724	[(4,2032),(15,4003),(44,2266),(46,1921),(59,1671),(76,3674),(83,1117),(88,66)]	17.293424
725	[(1,3975),(13,703),(21,604),(29,583),(57,1820)]	18.073694
726	[(18,2186),(62,801),(65,2669),(78,1276)]	17.048932
727	[(28,2348),(36,2442),(40,733),(63,2035),(69,1783)]	32.344380
728	[(1,2309),(4,3897),(47,3287),(53,1369),(59,137),(72,2043),(84,933)]	21.683488
729	[(12,3298),(26,571),(42,1290),(51,1438),(58,66),(67,2743),(83,4121),(85,1452),(88,1640)]	17.139180
730	[(23,2801),(34,823),(63,1089),(68,2899),(72,2498),(77,3836),(81,1115)]	17.102585
731	[(15,3579),(17,2115),(69,1145),(70,3415),(77,265),(87,1012)]	17.251997
732	[(2,2384),(12,3214),(25,3151),(90,536)]	17.099562
733	[(0,4080),(38,171),(75,2079)]	16.986801
734	[(3,3199),(7,1507),(15,3278),(40,3028),(61,2079)]	18.429054
735	[(9,1749),(19,1964),(42,1150),(48,1445),(49,1774)]	20.463658
736	[(15,1536),(24,1308),(35,3703),(69,2794),(92,2519)]	17.148529
737	[(16,495),(58,2537),(59,3510),(78,2173)]	17.677667
738	[(33,949)]	17.091635
739	[(8,1228),(28,2105),(33,2021),(41,731),(53,3371),(83,1466),(85,3513),(91,362)]	19.376670
740	[(21,82),(32,202),(45,2256),(50,451),(55,387),(85,2178)]	19.240046
741	[(5,636),(8,3223),(9,1309),(20,3411),(22,2098),(48,1124),(69,2834),(86,1692),(92,3075)]	19.393800
742	[(0,2291),(14,4046),(37,209),(52,2097),(89,2648)]	19.266819
743	[(52,3477),(55,808),(80,1440)]	16.865265
744	[(5,4003),(24,1714),(25,1302),(38,398),(41,872),(56,1704),(61,2252),(86,1733)]	18.410862
745	[(2,2348),(15,3181),(31,2783),(33,2952),(37,2141),(47,246),(52,1909),(66,3984)]	20.566584
746	[(5,1920),(8,216),(35,1996),(47,2798),(53,2059),(76,2738)]	18.870028
747	[(45,2455),(67,3465),(68,1969),(83,2469),(85,1400),(92,1968)]	16.898234
748	[(20,2795),(21,2508),(24,639),(43,1903),(46,3157),(89,3555)]	17.544160
749	[(29,564),(36,2167),(63,2235),(67,905),(81,3263)]	17.229884
750	[(8,3437),(48,1268),(49,2125),(56,2156),(60,238),(64,447),(75,697),(85,327)]	17.579342
751	[(44,1601),(49,3768),(52,126),(57,3419),(68,3525),(76,946)]	17.431903
752	[(36,780),(43,1720),(47,3736),(73,78),(74,1599)]	17.610893
753	[(5,2020),(6,4106),(70,3801),(73,3714),(91,2087)]	16.996603
754	[(20,1142),(45,913),(47,3549),(58,209),(64,1722),(75,2742),(83,4161),(87,3170),(92,3807)]	16.990513
755	[(41,3594),(68,2345),(69,1030),(72,2585),(84,1162),(85,3850),(87,3459),(90,513)]	17.024218
756	[(3,3513),(31,60),(45,2818),(47,2239),(56,2756),(61,617)]	22.319315
757	[(5,970),(8,4062),(48,1774),(53,2681),(73,3910)]	19.628438
758	[(4,1652),(32,4076),(63,2525),(76,2712)]	16.951861
759	[(4,1529),(21,3172),(23,3092),(24,3398),(62,310),(76,3194),(77,2140)]	17.573239
760	[(2,188),(16,3188),(41,1788),(83,3081)]	18.204922
761	[(21,2482),(30,3645),(41,1464),(56,3406),(63,2465),(67,1492)]	19.743130
762	[(9,655),(43,3068),(45,325),(92,3489)]	17.654000
763	[]	17.043287
764	[(11,1629),(13,2144),(22,4085),(27,3879),(39,1536),(50,2874),(59,3051),(75,2851),(79,1342),(90,3374)]	18.547813
765	[(51,2719),(63,3630),(65,3715),(86,1490)]	17.346652
766	[(0,1637),(23,3180),(27,3508),(40,820),(73,1723),(77,3713)]	17.123486
767	[(25,1961),(58,1883),(62,2650),(63,3118),(70,2035),(83,1475)]	17.269775
768	[(3,1273),(9,1022),(16,1496),(21,1914),(57,437),(89,2434)]	16.946648
769	[(18,3863),(22,584),(44,2622),(58,1139),(70,717)]	16.725067
770	[(4,3884),(14,2590),(18,1211),(42,3663),(60,3937),(66,3722),(87,2071)]	22.116305
771	[(26,2997),(34,2764),(52,3167)]	16.809764
772	[(8,3835),(76,1371)]	16.937436
773	[(3,1564),(24,410),(27,3725),(48,4093),(70,860)]	18.599402
774	[(0,2315),(2,2901),(8,2640),(45,2755),(56,1657),(62,2567),(72,3214),(74,153),(81,1288),(82,1735)]	17.783973
775	[(21,1885),(44,1927),(46,2224),(62,3523),(69,3412),(81,878),(88,375)]	16.943240
776	[(15,1103),(26,2040),(50,2279),(55,2227),(65,2016),(66,1421),(72,472),(84,3095)]	17.073581
777	[(12,557),(13,2717),(48,3670),(65,3331)]	18.497811
778	[(13,1268)]	18.049671
779	[(16,382),(45,2770),(53,2367)]	17.687575
780	[(2,160),(20,2489),(39,2)]	17.122321
781	[(0,2410),(33,3106),(65,969),(90,2566)]	17.281008
782	[(3,3274),(4,259),(5,2505),(6,51),(19,1800),(40,2249),(53,2364),(56,2037),(70,270),(75,796),(91,1387)]	17.866085
783	[(3,2738),(56,215),(79,2288),(85,2508)]	20.626044
784	[(11,866),(17,2071),(40,3966),(41,3204),(48,306),(56,3737),(64,1401),(66,746),(67,1650)]	33.457844
785	[(9,3486),(13,2763),(59,521),(63,2213),(65,79),(66,1283),(73,554),(82,1784)]	17.520197
786	[(33,688),(50,3028),(53,333),(80,844)]	16.936474
787	[(2,2201),(7,2904),(36,1426),(54,210),(55,3549),(63,2598)]	17.004355
788	[(16,1954),(33,1196),(40,807),(62,179),(74,1630)]	16.781172
789	[(34,3690),(51,4152),(66,3303)]	17.007722
790	[(2,648),(11,2469),(15,1767),(48,1558),(61,344),(77,3519),(92,1906)]	17.047678
791	[(5,476),(16,3854),(24,2502),(35,2538),(66,2419),(91,3512)]	17.731462
792	[(58,3756),(70,1191)]	17.063819
793	[(4,834),(14,3152),(43,3732),(60,735),(70,1281),(91,2831)]	16.733846
794	[(3,3082),(4,2570),(34,1831),(56,3722),(79,2571)]	17.063400
795	[(43,3108),(59,4),(65,357),(74,1074)]	16.896601
796	[(2,1386),(10,2966),(13,2596),(38,2495),(47,2527),(48,2888),(60,2207),(88,2184),(90,1437)]	17.014542
797	[(0,993),(16,2077),(36,3915),(39,1936),(77,3028)]	20.044451
798	[(0,1079),(9,1740),(31,4035),(45,3065),(51,585),(60,2502)]	17.008954
799	[(33,3041),(36,2344),(52,610),(56,2370),(57,4139),(59,2131),(78,766)]	16.992676
800	[(0,3035),(5,710),(8,3163),(11,1664),(36,2362),(42,1513),(49,1841),(50,2085),(64,3826),(77,1493)]	18.260759
801	[(9,3323),(49,1615),(50,504),(65,3613),(66,1245),(69,616)]	17.062448
802	[(81,3850),(83,165)]	16.879042
803	[(2,108),(35,634),(36,1127),(63,2070),(77,2506),(81,946)]	17.241891
804	[(11,2584),(33,3629),(41,1223),(44,210),(51,4077),(82,1545),(88,3710)]	17.023119
805	[(2,3791),(7,1155),(52,609),(54,1615),(65,1225),(78,430)]	17.339661
806	[(32,2681),(43,1916),(69,1294),(79,178)]	19.230892
807	[(5,3894),(15,1581),(21,2838),(26,2509),(28,3334),(85,3650),(87,1398)]	16.998022
808	[(0,1308),(9,2654),(12,1628),(32,4004),(71,3669),(86,1815)]	16.959905
809	[(0,1622),(2,1666),(24,434),(38,186),(58,2105),(78,136),(81,1947),(90,1164)]	16.949349
810	[(8,3182),(10,1228),(28,355),(64,2230),(86,1316)]	17.361588
811	[(16,2138),(25,228),(44,1911),(58,1052),(75,2396)]	18.795390
812	[(5,1250),(8,1908),(62,2752),(79,1203),(86,3016),(91,3253)]	24.981977
813	[(26,3966),(28,1502),(33,1819),(46,2658),(60,104),(63,1899),(83,3969),(86,1820)]	20.349240
814	[(21,1599),(48,3754),(56,454)]	17.517965
815	[(24,250),(67,3814),(83,1498)]	17.425375
816	[(8,4041),(11,669),(31,662),(39,1659),(42,476),(88,1043),(90,2068)]	18.881897
817	[(4,1770),(7,510),(31,1815),(34,477),(59,3108),(61,3701),(67,3404),(68,2890),(91,952),(92,2514)]	17.061016
818	[(28,1172),(30,1887),(32,1080),(64,3126),(68,1232),(88,2244)]	16.837847
819	[(12,1525),(23,1023),(52,2949),(55,1271),(67,248),(84,2436)]	17.772185
820	[(14,2730),(22,3762),(48,2530),(59,2812),(76,3780)]	17.101224
821	[(3,3411),(16,2357),(28,2491),(43,1732),(58,3365),(60,1157),(62,3660),(85,3571),(91,3532)]	17.001008
822	[(7,2722),(8,3384),(11,949),(32,17),(37,148),(55,2171),(72,4012),(79,2645)]	16.952714
823	[(12,270),(19,4097),(60,3531),(86,1801)]	17.748350
824	[(42,187),(46,274),(48,1496),(67,3406),(84,2386)]	16.943860
825	[(8,447),(46,3216)]	17.000511
826	[(17,3762),(19,3809),(23,482),(26,503),(43,102),(48,1077),(83,681),(86,4155),(90,2091)]	16.956657
827	[(11,1347),(14,2460),(29,2955),(49,1862),(61,1779),(77,1681)]	17.070416
828	[(4,575),(17,2266),(20,3818),(28,201),(31,368),(43,3849),(61,1289),(87,1215),(91,1945)]	16.937456
829	[(6,787),(7,3108),(27,855),(38,2365),(60,1781),(71,2674),(75,1297),(89,4021)]	18.512482
830	[(6,2355),(14,2275),(21,740),(24,3069),(43,2957),(90,2104)]	17.265329
831	[(31,558),(36,261),(37,2936),(38,3675),(50,4101)]	16.615266
832	[(17,972),(62,2169),(74,2746)]	16.927916
833	[(14,1672),(29,3163),(43,1077),(65,2673),(83,1086)]	17.445387
834	[(1,2188),(7,502),(21,1611),(32,2689),(38,1810),(48,1525),(59,331),(67,3001)]	17.071709
835	[(0,4052),(92,3563)]	17.509967
836	[(18,1571),(33,278),(43,284),(47,1143)]	18.603810
837	[(11,2247),(13,2043),(14,815),(15,3610),(18,1835),(48,3891),(55,437),(68,356),(83,2600)]	17.357532
838	[(7,2285),(29,862),(30,2204),(32,2101),(36,397),(41,3019),(44,2013),(89,1789)]	17.181486
839	[(4,2001),(7,428),(10,3842),(71,3422),(72,1758),(80,1204),(89,2558)]	16.961329
840	[(15,1666),(23,691),(52,3658),(66,3518),(86,542)]	16.895084
841	[(21,2884),(45,1655),(55,1483),(67,2072),(77,2115)]	18.064280
842	[(64,2346),(74,2777),(84,1976)]	34.299043
843	[(16,3047),(50,2465),(79,3985),(91,739)]	17.821528
844	[(2,3367),(4,236),(44,3401),(50,2087),(55,1188),(58,176),(63,1147),(74,253),(78,2644),(83,3058)]	16.822651
845	[(42,2693),(64,1684),(74,3600),(89,1828)]	17.263178
846	[(0,3974),(17,2088),(49,1438),(67,2885),(81,4116)]	17.466552
847	[(3,3469),(14,1576),(53,2298),(76,3524),(77,3229),(92,3415)]	17.248597
848	[(19,1692),(26,347),(30,2049),(33,508),(73,1576)]	16.888385
849	[(10,3987),(19,2735),(39,4136),(44,1369),(53,1703),(71,1191),(74,1837),(87,2894)]	16.971000
850	[(68,3957)]	16.883825
851	[(8,4041),(24,3607),(26,2587),(45,368),(59,1196),(60,271),(73,1599)]	17.287618
852	[(36,3725)]	16.768642
853	[(0,1341),(15,2758),(16,3652),(22,88),(90,1257)]	19.844068
854	[(5,3902),(27,2397),(30,3103),(32,2623),(91,2913)]	16.831870
855	[(7,1117),(27,2679),(42,2010),(47,1955),(53,543),(67,1177)]	16.930507
856	[(1,3372),(2,3566),(5,2987),(28,1419),(32,563),(58,3645),(63,694),(76,470)]	17.086976
857	[(34,49),(53,3844),(54,609),(76,859),(78,2356)]	16.872960
858	[(23,212),(35,449),(79,2491),(88,1631)]	16.819454
859	[(14,1996),(38,2156),(54,2088),(74,1686),(85,959)]	16.700697
860	[(3,1568),(23,2233),(58,2637),(60,3806),(67,2247),(75,2262)]	17.681105
861	[(11,3536),(36,3986),(37,2039),(53,3096),(64,3258)]	17.790076
862	[(2,723),(3,1447),(15,3870),(16,3592),(59,2543),(65,3307),(74,467),(76,4116),(83,3251)]	17.215932
863	[(7,67),(13,2407),(16,4030),(36,1967),(51,3882),(60,1933),(61,1771),(72,184),(74,634),(83,3745),(91,3472)]	17.152082
864	[(0,3459),(1,1036),(16,1876),(45,253),(63,2482),(80,745),(89,2844)]	16.879701
865	[(9,3136),(18,509),(19,613),(21,2864),(51,742),(58,2548),(75,2156),(81,2920),(88,338),(92,173)]	16.915824
866	[(42,2032),(43,3283),(48,3237),(89,3607)]	16.683483
867	[(20,643),(40,63),(53,3743),(54,2789),(59,304)]	17.702837
868	[(2,2706),(8,1068),(9,2753),(12,2487),(15,496),(50,1134),(87,3535)]	23.283909
869	[(12,2673),(22,1458),(34,860),(58,3094),(64,2280)]	17.816420
870	[(13,1852),(18,2263),(22,970),(29,3645),(38,420),(49,3221),(61,3789),(70,2682),(72,255),(91,4099)]	16.766605
871	[(5,1673),(8,2048),(9,1304),(12,2495),(19,574),(35,1874),(58,447),(92,1039)]	17.071828
872	[(29,2738),(39,3446),(54,3344),(56,278)]	17.618976
873	[(1,2788),(26,2951),(35,1994),(46,732)]	17.156593
874	[(7,2127),(24,636),(68,1914),(75,859),(78,3821),(86,85),(90,864)]	17.809771
875	[(28,2032),(29,3283),(47,2082),(53,4050),(56,2048),(57,1304),(81,49),(84,488),(88,2688),(92,352)]	17.151805
876	[(7,194),(30,1108),(42,3089),(52,3330),(54,3915),(55,3749),(65,2910),(70,3039)]	17.964188
877	[(5,3039),(10,2478),(55,2055),(63,2522),(70,937),(72,3306),(78,2461),(80,400)]	18.098083
878	[(3,3338),(20,2699),(32,861),(52,1489),(81,3659),(88,3334),(89,2960)]	17.688791
879	[(36,3712),(78,3951),(80,528)]	17.160271
880	[(12,2299),(21,516),(31,1184),(37,3530),(54,1065),(66,429),(84,3757)]	16.954131
881	[(4,1365),(12,3835),(16,1108),(22,3358),(37,3004),(52,3037)]	17.063123
882	[(9,787),(23,1076),(30,2080),(39,2913),(44,3419),(46,2462),(51,4101),(61,3315),(64,1282),(65,529),(72,1467),(79,1630)]	16.980464
883	[(30,269),(52,3909),(65,2207),(71,2397),(87,1833),(89,3433)]	16.712225
884	[(5,1497),(18,927),(43,2976)]	16.854342
885	[(32,109),(36,3955),(44,3922),(58,3353),(82,3736)]	17.013952
886	[(28,1367),(35,2261),(36,620),(72,3885),(77,3221)]	18.949950
887	[(4,2044),(27,145),(29,3194),(50,83),(79,2212)]	16.851502
888	[(48,3553),(64,1756),(73,2173),(75,378)]	17.295497
889	[(1,4025),(14,2853),(22,1139),(65,3880),(67,3970),(74,629),(88,1559)]	17.139484
890	[(8,3111),(9,395),(28,3217),(33,823),(35,2178),(54,2976)]	17.411496
891	[(43,2357),(48,2230),(67,1903),(82,2606)]	16.677034
892	[(29,3670),(51,968),(70,4066),(78,2847)]	16.964865
893	[(12,3707),(27,2995),(30,2090),(32,2417),(43,906),(46,1986),(59,35),(92,2965)]	16.741276
894	[(23,655),(31,2471),(64,3187),(69,337),(78,2),(91,2938)]	17.109000
895	[(33,1031),(41,3137),(56,767),(58,3134),(59,3144),(67,3072)]	17.376345
896	[(16,221),(34,1260),(49,3350),(52,1931),(56,668),(83,3842),(85,1033)]	17.366284
897	[(41,253),(48,2793),(69,2228),(81,2881)]	17.405679
898	[(21,736),(34,2831),(35,3491),(44,2627),(91,816)]	16.725354
899	[(14,3036),(29,874),(32,3740),(33,1881),(46,4161),(49,2352),(78,3016),(80,1334),(86,3647)]	16.884649
900	[(7,4095),(8,3934),(14,1735),(24,4064),(27,3327),(54,1515),(58,2334),(92,284)]	23.813175
901	[(9,440),(23,1784),(39,3810),(50,570),(73,3775)]	30.730444
902	[(16,384),(18,798),(21,981),(43,3986),(60,2603),(73,1472),(75,334)]	17.907148
903	[(11,1295),(22,1189),(75,299),(78,2707),(87,2443)]	17.706905
904	[(16,3707),(29,791),(69,1926),(76,604),(87,2036)]	17.367536
905	[(0,3125),(12,2461),(34,744)]	16.867040
906	[(44,2397),(58,2318),(82,38)]	16.920088
907	[(0,3404),(1,1968),(58,2796),(60,2543),(65,9),(69,3808)]	17.467219
908	[(29,795),(56,3494),(62,714),(82,1793)]	16.724369
909	[(43,141),(48,399),(50,3904),(56,996),(65,1174),(70,4077),(83,2356)]	16.930952
910	[(12,2281),(33,2324),(38,2261),(51,2425),(67,2293),(85,2408)]	20.329617
911	[(5,955),(15,4005),(27,1363),(40,1599),(62,249),(65,1892),(72,1141),(82,2457)]	17.470156
912	[(12,607),(36,3193),(50,709)]	21.106446
913	[(1,3352),(8,337),(17,2248),(24,265),(27,3535),(44,1927),(59,2362),(72,1648),(79,3274),(80,259),(81,2505),(90,2997),(91,2541),(92,2774)]	17.729905
914	[(19,20),(24,3236),(43,3705),(46,1746),(71,478),(78,3756)]	16.816047
915	[(44,4075),(51,1693),(58,3988),(61,1361),(62,1358)]	17.294930
916	[(6,814),(18,3292),(31,1955),(64,3345),(71,1040),(75,2588),(91,2671)]	16.918951
917	[(35,2498),(54,3856),(55,3748),(58,1746),(60,390),(70,1030),(72,608)]	16.881127
918	[(34,3364),(48,1876),(55,170),(63,3723),(65,1673),(81,2448),(89,844)]	17.134197
919	[(0,3903),(14,1782),(24,4164),(36,2459),(60,617),(73,3120),(79,1886)]	16.851469
920	[(19,832),(30,2323)]	30.098509
921	[(20,1761),(32,3212),(89,2138)]	16.909462
922	[(1,1723),(17,2855),(18,3633),(27,867),(74,1053),(75,2464),(79,1456)]	16.938593
923	[(8,3626),(61,3096),(69,1015),(77,296)]	22.875117
924	[(10,3063),(63,3002),(77,741),(82,752),(89,3865)]	21.120347
925	[(3,1670),(45,3371)]	17.202754
926	[(0,2760),(5,2282),(9,1208),(14,2535),(64,2614),(75,659)]	17.752938
927	[(16,275),(82,1127)]	17.452834
928	[(5,483),(6,4049),(19,3760),(43,398),(61,198),(67,3705)]	18.384218
929	[(0,1742),(39,1995),(43,2156),(55,3896),(69,844),(79,1886)]	17.525490
930	[(2,269),(12,3755),(15,3716),(37,3720),(39,3733),(42,975),(43,3568),(69,995),(85,378)]	27.209154
931	[(7,145),(12,2008),(26,3507),(64,4100)]	17.500741
932	[(22,3203),(23,218),(32,1114),(52,32),(74,2586),(79,1026),(81,4070),(89,2024)]	17.542330
933	[(9,2408),(32,1644),(41,1922),(81,1730)]	16.957286
934	[(17,2286)]	17.292030
935	[(7,3100),(12,2771),(38,1000),(44,2028),(54,928),(61,1481)]	16.899416
936	[(0,3688),(7,737),(19,1542),(73,2258),(80,307),(87,1416),(91,2362)]	16.901062
937	[(0,3000),(21,186),(33,85),(37,411),(57,807),(88,816)]	16.864119
938	[(7,3853),(12,1709),(22,543),(36,974),(37,806),(41,3082),(42,2570),(46,1955)]	19.902242
939	[(16,2560),(58,3745),(68,1432),(84,3891)]	36.898098
940	[(1,2373),(17,966),(47,3520),(48,1730),(79,1001),(83,3843)]	30.297451
941	[(10,3340),(18,901),(40,3584),(41,1986),(60,3657),(79,1795)]	17.184921
942	[(1,1386),(3,3210),(24,1268),(35,4011),(38,1),(54,1343),(91,625)]	17.446192
943	[(25,1170),(38,1345),(45,9),(69,1990),(73,1377),(78,117)]	17.200877
944	[(24,235),(54,2086),(61,861),(75,2860),(77,1031),(78,3043)]	17.103423
945	[(3,2317),(5,2661),(9,2713),(18,169),(20,2063),(27,1964),(32,3951)]	18.512058
946	[(11,1428),(20,245),(37,389),(40,3002),(41,3079),(48,30),(58,1063),(65,3456),(67,4001),(79,768)]	17.796270
947	[(31,981),(86,2551)]	17.406988
948	[(31,2453),(45,780),(48,102),(52,3183),(56,472),(76,3524),(77,3229),(89,260)]	16.927279
949	[(17,1769),(19,3906),(35,593),(40,845),(43,2605),(50,3792),(54,976),(65,3248)]	16.958556
950	[(40,3216),(43,1989),(74,251),(90,3807)]	27.425214
951	[(27,874),(33,1648),(38,3577),(45,655),(66,2477),(67,997),(76,3084),(82,1087),(91,2507)]	18.229840
952	[(36,3824),(47,3511),(52,1463)]	17.033405
953	[(16,2398),(17,2757),(26,3160),(34,3291),(66,1983)]	17.458778
954	[(1,3544),(11,1560),(54,3504),(56,79),(88,1006),(90,256)]	25.721210
955	[(14,2130),(37,2372)]	28.584049
956	[(17,2482),(27,1781),(42,3213),(68,1839)]	17.352594
957	[(8,450),(44,3586),(46,3963),(75,635),(90,3383)]	16.964729
958	[(9,2350),(19,1992),(28,2087),(62,2392),(68,3025),(81,3233),(85,1925)]	33.715361
959	[(13,3131),(36,297),(49,3544),(80,4015)]	36.787274
960	[(12,2729),(18,2325),(26,3272),(64,2899),(68,3335),(77,2683),(83,499)]	38.416422
961	[(4,1553),(21,2678),(42,1697),(51,3949),(52,3471),(57,840)]	37.843731
962	[(15,577),(63,1939),(76,3034)]	34.398138
963	[(10,114),(11,1034),(28,4046),(32,1783),(87,3426),(90,590),(92,3430)]	18.150577
964	[(6,3067),(45,3798),(54,1296),(79,690),(83,1627),(91,1542)]	17.135757
965	[(7,601),(17,1753),(20,2659),(38,651),(54,3371)]	17.870664
966	[(14,2359),(23,200),(48,1796),(82,2139)]	17.163360
967	[(44,4058),(57,1602),(62,1445),(68,3829),(84,3843),(90,2168)]	16.961401
968	[(48,1125),(68,3470)]	17.003014
969	[(2,2524),(7,249),(15,3589),(42,1688),(64,4145),(69,1366),(92,1516)]	17.607707
970	[(5,2333),(30,2862),(56,2135),(60,1884),(63,4038),(70,2985),(71,3655),(88,2572)]	19.993870
971	[(0,3583),(37,155),(41,2730),(53,1151),(77,3029),(90,2581),(92,2131)]	23.879233
972	[(14,2267),(23,2333),(61,409),(77,1492),(83,644)]	17.291707
973	[(15,2331),(22,2962),(48,2599),(61,3602),(63,327),(74,1717)]	17.234696
974	[(26,3794),(46,443),(54,2885),(58,3497),(66,4167),(91,71)]	19.054120
975	[(9,940),(17,3537),(24,88),(36,1904),(43,3044),(56,2024),(68,1370),(70,3300),(87,1907)]	18.253050
976	[(4,93),(18,2850),(38,2315),(46,1548),(51,3678),(53,1129),(77,2390),(83,2084),(86,2264)]	17.689087
977	[(23,2949),(35,2398),(36,2757)]	17.751135
978	[(45,451),(83,1461)]	18.993518
979	[(10,2642),(19,3360),(23,3393),(37,3468),(38,4051),(62,3378)]	17.382561
980	[(4,3901),(19,3880),(23,644),(29,1803),(40,2270),(51,202),(62,1391),(65,13),(71,1880)]	17.443758
981	[(12,1479),(24,2771),(26,649),(29,1801),(47,305),(65,3596),(91,3355)]	17.087461
982	[(6,1128),(9,3116),(29,2557),(53,656),(60,3671),(79,3498),(86,3388)]	16.972520
983	[(15,333),(34,49),(57,2755),(76,3114),(85,1951)]	17.173402
984	[(3,1389),(45,1649),(67,690),(71,2250),(77,1241)]	17.076005
985	[(2,3814),(27,1227),(41,3514),(65,1375)]	16.790332
986	[(1,1328),(19,3806),(23,3504),(57,3031),(64,1851)]	16.847103
987	[(6,1020),(17,2530),(29,348),(32,1987),(33,1150),(44,632),(70,4013)]	19.099079
988	[(6,1737),(7,309),(19,3016),(20,2849),(31,769),(48,1718),(50,2535),(83,1037),(89,2594),(90,1866)]	18.275701
989	[(0,537),(7,3216),(16,438),(21,67),(37,1280),(41,1720),(75,4060),(79,1113)]	18.853340
990	[(24,2672),(52,2153),(82,52),(91,2936)]	17.026545
991	[(19,3913),(26,1184),(27,1813),(38,3090),(45,669),(52,2503),(87,2694)]	17.109829
992	[(9,3543),(17,1575),(25,2645),(57,1647),(67,3945),(86,1086),(88,1185)]	17.432477
993	[(12,1464),(16,3097),(34,2233),(46,1562),(63,1803),(75,3414),(91,2625)]	16.954215
994	[(7,2399),(23,4118),(39,3823),(42,3612),(56,324),(67,519)]	16.978132
995	[(5,2181),(44,3091),(50,2736),(56,3878)]	16.971809
996	[(7,246),(11,3982),(17,357),(48,611),(70,1576),(75,2209)]	17.460967
997	[(6,1665),(42,3220),(67,862),(71,2498)]	17.505357
998	[(16,1947),(58,2509),(85,1958)]	17.311962
999	[(13,58),(22,222),(34,911),(43,2363),(50,2939),(54,764),(70,2784),(78,1273),(84,1858),(90,1820)]	17.316603
