ruleset_index	matches	time_ms
0	[(25,692),(86,2011)]	16.872341
1	[(62,2687),(67,2884)]	14.596954
2	[(33,137),(35,2505),(75,1345)]	14.236970
3	[(1,2618),(39,2413),(53,2625),(62,2613),(69,1112),(80,254)]	14.637310
4	[(9,350),(26,1513),(47,238),(58,1387),(77,412),(92,1925)]	14.165918
5	[(15,1725),(30,794),(67,2065)]	14.175218
6	[(18,2171),(20,381),(35,122),(76,2755)]	15.294389
7	[(11,1959),(15,2126),(43,250),(50,2670),(67,1544),(80,302)]	14.081933
8	[(13,1757),(82,1252)]	14.299799
9	[(1,1275),(33,2288),(72,521),(91,478)]	14.350125
10	[(38,304),(78,1985),(86,1360)]	16.161139
11	[(5,1345),(23,668),(33,552),(43,1892),(48,561)]	14.222082
12	[(15,915),(20,958),(41,2829),(45,1975),(47,2211),(61,2824),(66,2662),(78,2504),(83,2644),(88,2385)]	14.224020
13	[(38,2811),(39,2502)]	14.272246
14	[(12,402),(54,1164),(73,964)]	14.457564
15	[(11,1823),(30,1759),(34,914),(51,1887),(75,2711)]	14.410744
16	[(0,139),(24,279),(28,462),(69,1310),(81,731),(85,296)]	15.174888
17	[(31,1882),(47,2204),(49,664),(77,1014)]	14.439629
18	[]	14.387395
19	[(0,54),(12,1503),(46,539),(70,2001),(76,220)]	17.474747
20	[(15,470),(40,2494)]	14.892264
21	[(11,2571),(48,1044),(70,1454)]	14.343312
22	[(33,89),(36,2126),(39,177),(44,1304),(56,788),(76,1890)]	15.304852
23	[(16,2711),(25,1776),(35,1787),(37,1379),(59,380),(68,1477),(78,820)]	15.599603
24	[(14,2508),(28,734),(29,1453),(40,1278),(52,2540),(89,1390)]	14.125084
25	[(21,2040),(24,1951),(52,215),(62,1816),(64,1407),(72,1741)]	14.089748
26	[(27,1793),(29,939),(42,528),(64,1610),(76,703),(88,958)]	14.342811
27	[(13,587),(48,902),(54,1273),(59,2768),(70,2562),(76,2063),(92,2352)]	14.232160
28	[(55,65),(68,1768),(71,1745),(84,870)]	14.311311
29	[(51,2400),(52,1009)]	14.185904
30	[(7,662),(8,2534),(19,1524),(30,421),(35,2548),(55,30),(59,1895),(91,574)]	14.230798
31	[(20,1600),(30,2599),(45,637),(48,1458)]	15.248981
32	[(58,1059),(77,2838),(87,278)]	14.626024
33	[(17,61),(25,62),(38,1222),(46,254),(48,2438),(67,1113)]	14.192761
34	[(61,1058)]	14.089454
35	[(28,728),(54,2840)]	14.259036
36	[(22,2711),(30,582),(73,1389)]	14.400105
37	[(21,2540),(39,619),(50,2684),(51,2806),(60,1332),(61,231)]	14.586332
38	[(8,2462),(18,2732),(66,258),(68,641),(88,2700),(89,1560)]	14.079518
39	[(8,2555),(89,2119)]	14.208091
40	[(41,318),(54,2596),(57,1676),(59,1384)]	14.109562
41	[(3,2756),(30,2785),(67,49),(84,857),(92,1763)]	15.490541
42	[(11,561),(43,1985),(67,381),(69,826),(78,293),(81,886),(82,2329),(92,2574)]	16.460020
43	[(34,247),(75,769),(86,2150)]	15.387832
44	[(25,1722),(52,1431),(57,2424),(60,1570),(67,2749),(79,1120),(85,595),(90,1228)]	20.502822
45	[(3,446),(10,2028),(16,1327),(26,1527),(76,1520)]	16.204882
46	[(7,1797),(54,1372),(56,912),(66,2557),(92,47)]	14.450363
47	[]	14.372103
48	[(18,667),(48,2209),(68,1061),(82,704)]	14.449731
49	[(58,898),(60,1601)]	14.932037
50	[(14,22),(15,2798),(90,2637)]	14.904475
51	[(65,2051),(81,1054),(85,2617)]	14.232028
52	[(55,1514)]	15.177189
53	[(7,121),(13,1378),(47,649)]	15.072514
54	[(4,876),(36,2471),(86,1756)]	14.536007
55	[(2,1124),(20,1152),(32,797),(66,2737),(78,2860),(87,2711)]	14.071395
56	[(49,2453),(80,1551),(87,2392)]	14.401521
57	[(3,1642),(10,1561),(67,658),(73,2177)]	16.706950
58	[(18,2016),(56,56),(57,929),(59,169),(79,796)]	28.759238
59	[(47,2634),(72,307),(91,915)]	18.569227
60	[]	15.304778
61	[(22,965),(38,1950),(55,1541),(64,2451),(91,2066)]	14.576166
62	[(51,193),(53,21),(76,694)]	14.425281
63	[(4,2424),(10,2613),(27,1897),(41,393)]	14.287955
64	[(5,1702),(19,1475),(41,914),(52,228),(76,2064),(81,1891),(85,530)]	15.143854
65	[(34,755),(38,619),(41,331),(43,1171),(45,1417),(58,1922),(70,2718),(77,843)]	16.864792
66	[(43,242),(51,2537)]	14.805243
67	[(6,496),(18,496),(23,1941),(43,1242),(45,2419),(76,1137)]	14.560782
68	[(71,1753)]	14.522638
69	[(5,2125),(20,1573),(78,117)]	14.156567
70	[(25,566),(33,1850)]	14.338525
71	[(49,1508)]	14.088855
72	[(4,2542),(10,1102),(11,1494),(48,388),(53,444),(82,986)]	14.416868
73	[(66,299),(68,1451),(71,2431),(76,1650),(79,2024),(90,2707)]	14.965988
74	[(1,1109),(10,17),(23,2261),(59,2549),(89,2154)]	14.474847
75	[(13,1654),(33,640),(35,111),(38,1038),(90,12)]	14.259691
76	[(13,2008),(41,761),(77,236),(78,2595)]	14.296826
77	[(39,133),(48,2854),(73,1088),(78,1389),(79,2263),(88,499)]	14.413208
78	[(26,1617),(29,1064),(50,2168)]	14.353575
79	[(40,2219),(52,1913),(66,2474)]	14.313947
80	[(14,609),(26,723),(42,2558),(53,199)]	14.189418
81	[(21,2341),(34,1080),(63,2424)]	14.805705
82	[(47,2885),(60,1),(61,1412),(78,1959),(82,2809)]	16.860955
83	[(74,1957),(77,141),(86,1788)]	15.138176
84	[(25,224),(36,1809),(50,2771),(58,1383),(68,1828),(80,1201)]	15.474904
85	[(8,362),(12,456),(18,596),(50,2430),(55,454),(89,1022)]	14.747774
86	[(1,1180),(14,950),(57,677),(67,2406),(84,1600)]	14.295671
87	[]	14.533280
88	[(8,1349),(14,333),(63,723),(88,2346)]	14.251168
89	[(10,2333),(13,1473),(72,986),(75,1102)]	14.471134
90	[(59,2568)]	14.235943
91	[(7,2236),(11,530),(15,1040)]	14.252442
92	[(10,179),(23,2518),(27,1404),(71,49)]	14.273674
93	[(5,177),(49,1894),(56,1116),(74,1257),(78,735),(90,1365)]	14.291215
94	[(4,2542),(18,2755)]	14.120677
95	[(20,1598),(42,2166),(79,2580)]	25.768954
96	[(5,2572),(9,228),(11,2118),(17,1021)]	28.528612
97	[(5,359),(70,1501),(86,427)]	30.183680
98	[(10,1802),(72,2527),(73,2054)]	29.895044
99	[(4,832),(80,354)]	30.237866
100	[(49,1566),(83,133),(92,2852)]	30.346689
101	[(21,1759),(25,179),(58,2548),(73,114),(78,498)]	29.303349
102	[(5,904),(18,1360),(64,907)]	28.286135
103	[(2,2140),(9,1393),(33,1235),(91,1660)]	31.103325
104	[(42,2528),(70,371),(79,150),(91,1498)]	28.485086
105	[(9,2377),(12,844),(18,1564),(34,1299),(36,1120),(41,2191),(75,2394)]	31.026397
106	[(74,2106)]	26.329533
107	[(2,1876),(7,2564),(46,2698),(64,2339),(82,1275)]	33.719363
108	[(43,1149),(91,389)]	28.438455
109	[(50,892),(53,2759),(68,1727),(77,2696),(82,2297)]	28.434127
110	[(59,1621),(72,43),(92,935)]	29.568436
111	[(0,136),(66,478),(74,2811)]	32.603926
112	[(15,2450),(76,1346),(83,943)]	44.369104
113	[(83,1817),(88,319)]	38.839235
114	[(24,49),(39,1157),(42,563),(54,1573)]	30.605820
115	[(59,446),(91,1440)]	30.771992
116	[(66,2361),(74,2353)]	30.346671
117	[(6,2396),(9,2106),(76,2136)]	32.499032
118	[(44,2428)]	36.043322
119	[(33,1627),(45,1188)]	28.597384
120	[(8,2535),(25,99),(26,776),(44,507)]	30.624169
121	[(38,2840),(55,2409),(66,157),(68,192),(76,769)]	28.890563
122	[(1,661),(6,2111),(39,2069),(80,1459)]	33.248656
123	[(14,2733),(38,1408),(45,2625),(61,1692),(81,2353)]	31.180268
124	[(26,1158),(27,1576),(29,1097),(48,1946),(77,1876)]	48.731591
125	[(11,1876),(15,86)]	46.070916
126	[(83,183)]	39.848146
127	[(5,1594),(31,860),(73,56),(79,2709),(84,2773)]	27.970661
128	[(32,1624),(36,2237),(48,2242),(53,1904),(68,422),(69,2059),(71,2164)]	28.830465
129	[(10,190),(20,100),(44,1574),(87,1214)]	29.221951
130	[(12,418),(22,1654),(24,709),(38,1518),(43,2353),(53,380),(86,292)]	28.464210
131	[(18,535),(34,494),(35,2132),(67,334)]	28.734457
132	[(30,2848),(61,474)]	28.866428
133	[(10,370),(15,176),(52,1564)]	30.500819
134	[(19,1460),(27,2186)]	33.018875
135	[(60,1501),(66,1455)]	28.008894
136	[(57,2495),(66,1720),(83,1473)]	29.493377
137	[(1,2675),(26,2481),(31,1944),(73,2002),(81,1781)]	28.862970
138	[(20,2808),(31,2875),(79,924)]	30.849012
139	[(13,932),(18,1960),(22,1106),(49,527),(60,2032),(78,1838)]	28.937780
140	[(15,416),(46,2483),(77,2829),(78,2319)]	38.007009
141	[(3,912),(27,2416),(32,1294),(75,2473),(85,1551)]	43.675367
142	[(48,2374),(54,1583),(61,2803),(75,1069),(86,1298)]	45.839784
143	[(6,1538),(12,2092),(16,1386),(21,2048),(39,2573),(50,662),(51,1954)]	47.797350
144	[(10,2665),(20,945),(85,1200)]	46.918707
145	[(17,1153),(28,2305),(33,675),(77,661),(84,1928)]	47.725779
146	[(16,2425),(22,1217),(59,670)]	31.419234
147	[(49,2347),(68,964),(85,2395)]	30.072997
148	[(58,600)]	26.948623
149	[(7,2656),(32,2456),(33,1683),(40,2570),(42,1069),(67,2415),(92,2063)]	27.869650
150	[(8,1504),(18,2239),(44,1599),(53,2575),(73,396)]	28.973615
151	[(42,99),(49,1715),(57,1030),(76,1082),(85,21)]	28.160042
152	[(44,1328),(56,1620),(68,670),(72,2769)]	30.174931
153	[(11,1621),(19,486),(64,1567),(81,2255)]	28.625122
154	[(5,346),(24,2540),(45,2130),(55,717),(66,2805)]	29.559541
155	[(57,2222),(90,2501)]	28.350102
156	[(7,1828),(33,2543),(41,1050),(42,513),(52,2759)]	27.633264
157	[(12,1914),(15,2719),(17,2396),(21,1073),(66,487),(68,2628),(83,2834)]	28.338298
158	[(14,2699),(66,541),(77,211)]	28.177543
159	[(49,1086),(62,244)]	29.075039
160	[(48,1393),(60,622),(64,1727),(83,2169)]	29.299893
161	[(3,1158),(18,2882),(75,1601),(89,2798)]	29.448777
162	[(15,18),(25,1969),(79,569),(85,1569)]	28.908355
163	[(27,1738),(31,1411)]	29.293209
164	[(55,2276),(65,1367),(77,184)]	29.611265
165	[(2,1561),(12,1463),(32,2661),(58,2690)]	33.617279
166	[(27,1611),(45,1315),(72,1695)]	28.221548
167	[(17,2530),(39,2208),(41,2603),(47,1961),(60,262)]	28.820497
168	[(3,2724),(4,2227),(28,1548),(40,1161),(44,1198),(61,2380)]	29.754607
169	[(54,841)]	28.347049
170	[(31,2048),(60,1196)]	28.383563
171	[(7,2247),(11,2050),(17,1228),(21,1636),(32,2064),(37,1370),(87,1526),(92,1840)]	28.440184
172	[(16,2215),(37,2173),(51,2334),(70,877),(81,607)]	29.075094
173	[(33,1988),(53,1027),(61,1309),(65,2235)]	28.679243
174	[(6,1871)]	28.539264
175	[(17,2138),(58,12),(73,2151),(81,87),(87,55)]	28.441030
176	[(2,2649),(5,1259),(57,305),(58,2181),(85,2019)]	28.273248
177	[(22,2017),(48,604),(78,2863),(83,529),(84,2321)]	31.515268
178	[(7,480),(12,2005),(17,1709),(45,2231),(70,468)]	28.263764
179	[(0,1557),(6,2484),(17,218),(24,979),(28,1673),(64,2842),(77,665),(87,922)]	28.260485
180	[(25,2629),(44,2265),(67,776)]	35.060060
181	[(27,2396),(69,118)]	29.155108
182	[(28,2462),(57,1370),(58,2839),(85,1907)]	30.013710
183	[(53,1192),(73,433)]	30.383650
184	[(3,2569),(19,1076),(83,1514)]	29.347262
185	[(2,2506),(10,2622),(35,486),(56,2001)]	28.360892
186	[(11,29),(17,1917),(24,2679),(25,1540),(30,1312),(32,2187),(80,1276)]	27.917009
187	[]	27.443238
188	[(4,974),(51,1495)]	28.328157
189	[(13,135),(34,586),(51,2883),(59,2501),(91,2284)]	28.849721
190	[(13,1706),(34,1751),(79,1356)]	30.551957
191	[(3,1462),(31,477),(34,2543),(46,629),(47,2547),(75,184)]	29.223070
192	[(23,2526),(45,2435),(65,2181)]	27.886701
193	[(5,17),(7,1209),(69,2039)]	29.096337
194	[(13,2072),(23,6),(54,1659),(67,1935),(89,1602)]	27.904316
195	[(6,1458),(35,1286),(62,213),(71,1851),(77,2246),(91,895)]	28.923531
196	[(12,401),(54,1573),(57,1433),(59,1406),(64,1765)]	30.206897
197	[(0,687),(23,947),(40,321),(41,2280)]	28.907197
198	[(10,2003),(29,400),(34,2550),(41,1275),(67,416)]	27.647115
199	[(56,111),(85,1326)]	32.768941
200	[(15,24),(30,445),(71,687),(78,1217)]	29.369387
201	[(51,601),(78,2294)]	30.479507
202	[(16,1385),(32,7),(50,2120),(58,1462),(59,303),(61,2859),(78,1521)]	28.205129
203	[(4,315),(17,2270),(22,2837),(29,1489)]	39.174982
204	[(21,682),(27,666),(47,229),(79,130)]	31.838034
205	[(0,2111)]	29.519167
206	[(63,2882),(68,2509)]	32.457176
207	[(43,1287),(75,518)]	28.521307
208	[(7,2711),(22,2883),(30,697),(32,2457),(58,1461)]	29.880993
209	[(14,1661),(27,854),(52,662),(53,1954),(63,1272),(70,1090),(83,516)]	26.125928
210	[(25,580),(27,1840),(55,585),(59,1789),(75,870)]	27.847012
211	[(15,1212),(18,1828),(35,636),(56,1047)]	29.316058
212	[(3,134),(8,2113),(39,923),(41,253)]	31.718484
213	[(2,2056),(9,1588)]	28.764224
214	[(23,1936),(26,2762),(51,2004)]	28.903467
215	[(69,2123),(73,2835),(78,744)]	32.248494
216	[(34,360),(48,510),(81,497)]	34.077071
217	[(5,1820),(40,2314),(54,470),(70,2441),(81,170)]	30.816469
218	[(33,2086),(42,810),(55,711),(80,1802),(83,794)]	29.268281
219	[(34,1176),(73,2408),(78,2080),(84,592)]	28.396798
220	[(6,1768),(35,968),(49,319),(86,1483)]	29.702950
221	[(38,2309),(47,2442),(54,119)]	32.295164
222	[(0,2690),(17,879),(31,1817),(40,2738),(44,1034),(50,1371),(92,757)]	28.821748
223	[(4,2587),(36,2608),(45,1486),(47,1711),(55,183)]	29.192189
224	[(16,1356),(29,591),(35,2184),(54,1548),(85,1642)]	28.750176
225	[(6,394),(9,1050),(18,1663),(22,2229),(26,687),(27,335),(39,1695),(60,1854),(69,2544),(83,1118)]	29.110967
226	[(2,2240),(11,1639),(16,56),(42,1884),(58,304),(91,40)]	28.839404
227	[(24,2395),(33,874),(37,1445),(41,1362),(47,2337),(81,2744)]	28.860194
228	[(55,1792),(61,779),(66,2850),(89,1514)]	29.210397
229	[(1,2658),(16,1466),(19,2040),(30,2535),(35,1322),(44,472),(63,176),(73,2338),(79,1433),(80,1359)]	28.891666
230	[(16,1317),(42,1209),(57,566)]	29.429678
231	[(19,834),(26,892),(31,1009),(35,2774)]	29.028835
232	[(29,1812),(30,236),(67,1870)]	39.904250
233	[(41,2098),(53,14),(89,2213)]	35.810944
234	[(10,1194),(79,386)]	15.539402
235	[(7,1632),(13,2493),(18,2786),(30,152),(41,986),(47,1512),(53,653),(55,1910),(69,397),(80,2661),(91,1727)]	14.429384
236	[(29,2680),(54,31),(72,556)]	14.481181
237	[(3,920),(73,2870),(80,1852),(84,302),(88,156)]	15.046063
238	[(26,2091),(29,1239),(47,2325)]	15.721709
239	[(35,213),(66,1112),(67,1998),(84,2652),(92,223)]	14.933955
240	[(5,639),(31,876),(66,260),(87,217),(88,1116)]	14.129593
241	[(8,2562),(50,1094),(56,994),(57,1205),(88,2132)]	14.261631
242	[(2,1108),(3,175),(25,1379),(45,882),(48,624),(50,60),(66,1717),(75,2567),(80,2796)]	14.255653
243	[(7,637),(38,854),(55,1879),(84,535),(86,1887)]	14.281923
244	[(0,1520),(61,687)]	14.326720
245	[(5,821),(19,1359),(23,1885),(36,949),(50,1479)]	14.192917
246	[(5,2637),(71,952)]	14.480291
247	[(15,1213),(40,2802),(44,1409),(45,1751),(91,2530)]	14.245942
248	[(58,1726),(65,1034)]	14.315976
249	[(78,1302)]	14.654461
250	[(13,541),(44,868),(45,214),(73,592),(76,967),(85,953)]	14.291392
251	[(3,2332),(46,337),(49,1389),(59,2160),(73,2651),(84,479)]	14.464787
252	[(60,1404)]	14.176567
253	[(25,598),(27,2179),(30,193),(40,1403),(51,2197)]	14.240210
254	[(27,290),(80,2355)]	14.510251
255	[(38,276),(47,2746),(58,2584),(78,2482)]	14.827019
256	[(41,2776)]	16.550802
257	[(29,2166),(31,71),(47,936),(49,208)]	14.784770
258	[(24,655),(34,1025),(54,568),(88,2407)]	14.181004
259	[(8,1744),(43,2106),(60,1428),(81,2870),(88,723)]	14.310051
260	[(45,2791),(89,119)]	14.220404
261	[(6,1202),(8,1327),(11,1502),(15,2430),(44,785),(80,1233),(87,453)]	15.093871
262	[(55,1918)]	14.353812
263	[(6,2305),(23,1797)]	14.497454
264	[(9,2516),(26,2518),(56,984),(75,2634),(81,109)]	15.174247
265	[(6,617),(8,1236),(41,1935)]	14.369452
266	[(10,2698),(20,657),(35,553),(37,0),(45,1726),(48,2408),(61,2743),(88,2437)]	14.596943
267	[(23,1033),(31,501)]	14.308383
268	[(6,642),(19,972),(37,1173),(72,197)]	14.485988
269	[(25,1583),(38,2067)]	14.306991
270	[(11,1120),(57,2762)]	17.749214
271	[(2,481),(22,1712),(38,2238),(57,1701)]	29.091921
272	[(27,2472),(48,2666),(61,653),(68,847),(78,2357),(83,1251),(88,516)]	16.017814
273	[(16,1400),(43,1201),(54,1715),(70,1424)]	14.355832
274	[(8,1673),(14,2348),(15,2112),(58,2699),(68,40),(71,1139),(78,2499),(80,2198)]	14.591291
275	[(15,1983),(41,2330),(65,309),(81,102)]	14.416230
276	[(46,1553),(80,2610),(91,553)]	14.251267
277	[(1,865),(13,195),(29,2151),(46,2711),(68,1895)]	14.845806
278	[(7,475),(51,1930),(86,2646)]	14.353349
279	[(13,2125),(27,1953)]	14.392376
280	[(4,565),(37,1368)]	14.264561
281	[(16,2375)]	14.665693
282	[(31,1860),(42,103)]	14.584473
283	[(5,2246),(9,1542),(27,2770),(41,890),(42,2689),(61,651),(62,790),(71,2575),(75,2074),(83,58),(91,2352)]	14.775109
284	[(44,1609),(77,1110),(88,206)]	14.656765
285	[(2,1159),(16,1155),(21,1535),(30,384),(45,1744),(55,621),(62,1832),(68,894)]	14.330952
286	[(2,196),(18,2744),(59,1330),(61,1320),(69,2415)]	14.693598
287	[(10,2138),(13,1631),(82,567)]	14.128468
288	[(6,622),(22,240),(40,619),(46,712),(63,1058),(91,486)]	14.620982
289	[(0,2079),(43,1203),(47,2648),(54,911)]	16.908285
290	[(47,249),(79,81),(86,2635),(90,2071),(92,2422)]	14.915205
291	[(16,2576),(33,1955),(46,1443)]	14.219411
292	[(14,912),(20,455),(30,1812),(49,415),(86,1405)]	14.399383
293	[(49,123),(67,881),(69,306),(86,1229)]	14.386511
294	[(20,2659),(72,1257)]	14.575121
295	[(6,656),(61,1977),(69,1443),(84,1731),(86,1525)]	14.551957
296	[(18,2595),(19,1068),(30,1825),(60,20),(67,331)]	18.768728
297	[(1,1106),(8,1265),(9,1456),(72,2207),(77,2870)]	17.810527
298	[(18,851),(36,2881),(52,2714),(73,2405),(87,134)]	17.002888
299	[(2,1662),(19,446),(34,89),(62,2044)]	14.864909
300	[(6,1269),(25,1675),(91,2773)]	15.351186
301	[(22,324)]	15.254311
302	[(9,2010),(19,1495),(46,2223),(76,1082)]	14.775427
303	[]	14.485194
304	[(21,2714),(23,264)]	15.599963
305	[(11,2028),(22,517),(28,2443),(75,2196)]	14.982248
306	[(13,2445),(17,648),(70,1366),(87,1601),(90,1284)]	14.391384
307	[(7,1478),(11,171),(23,2572),(32,1268),(39,837),(69,589)]	14.670054
308	[(12,419),(46,2211),(50,2180),(61,648)]	14.770924
309	[(32,1173),(48,1338),(90,1348)]	14.386967
310	[(17,2605),(19,2797),(32,42)]	14.390257
311	[(26,2514),(30,1696),(45,289)]	15.268603
312	[(0,911),(21,1245),(28,2797),(35,809),(48,2378),(62,1096),(78,1247),(81,1743)]	14.476903
313	[(16,2102),(21,460),(33,555),(55,2322),(65,2382)]	14.789990
314	[(66,807)]	16.068393
315	[(5,437),(16,1119),(28,2357),(40,250),(46,1923),(52,1697)]	15.300094
316	[(11,1596),(64,1694)]	17.144700
317	[(20,1644),(74,363),(79,450),(86,2398)]	14.817921
318	[(46,772),(66,2377),(85,317)]	14.464637
319	[(1,477),(38,2303),(54,220),(55,2336),(63,2724),(69,829),(84,730),(86,77)]	14.400384
320	[(32,1612),(53,873),(58,1297),(72,1424),(81,412)]	14.337337
321	[(4,2596),(6,234),(42,1308),(51,1241),(85,2870)]	14.607442
322	[(26,2309),(48,2233),(49,2788),(54,1167)]	15.312403
323	[(29,1572)]	16.901008
324	[(2,35),(14,2819),(21,2015),(48,615),(66,769)]	14.214620
325	[(2,487),(19,2834),(57,631)]	14.493792
326	[(16,1879)]	16.487114
327	[(27,1037),(31,2818),(42,936),(62,129),(87,2087),(88,648)]	14.639964
328	[(0,450),(15,2028),(20,990),(22,514),(76,2018)]	14.553572
329	[(9,290),(17,1137),(24,2036),(29,2416),(38,1298),(71,191),(73,2723),(78,184)]	14.196732
330	[(8,1057),(9,1224),(80,2473),(84,780),(86,366)]	14.781750
331	[(65,1049),(83,1528)]	14.307869
332	[(27,1616),(35,825),(56,1672),(68,2684)]	14.128654
333	[(4,2376),(10,1582),(18,127),(84,1386),(87,2491)]	14.350400
334	[(8,1564),(11,675),(20,2691),(47,1844),(50,482),(89,180)]	14.548652
335	[(6,2714),(10,2611),(52,666)]	14.635287
336	[(17,2650),(28,1313),(35,708),(55,391),(91,713)]	14.296295
337	[(5,2110),(6,2373),(14,1330),(17,1667),(25,300),(27,911),(43,1003),(67,2437),(92,1114)]	14.781149
338	[(10,1765),(19,1688),(37,268),(49,2285),(78,407),(92,2070)]	14.245960
339	[(30,2654)]	27.535129
340	[(7,2730),(14,800),(31,1488),(53,1499)]	20.885138
341	[(83,959)]	15.929831
342	[(40,1689),(68,1070),(79,2178)]	14.225059
343	[]	14.181085
344	[(16,1595),(23,2127),(26,418),(42,887),(60,1081),(77,1690),(82,1744),(88,1916)]	14.805362
345	[(13,2068),(71,239),(73,431)]	14.932587
346	[(60,2439)]	14.677435
347	[(3,1631),(50,589),(61,2437)]	14.489144
348	[(32,375),(38,1590),(48,2296),(56,2453)]	14.439036
349	[(2,517),(14,1088),(30,2069),(69,1826),(79,2351),(87,1664),(91,1806)]	14.640586
350	[(7,2070),(43,1383),(72,1851),(88,2053)]	14.450012
351	[(7,2224),(34,2130),(40,2427),(51,2488),(53,903),(55,415),(57,749)]	14.471624
352	[(3,709),(6,718),(29,1619),(39,2803),(59,1847),(81,1169),(91,2378)]	14.295593
353	[(59,54),(61,8),(82,697)]	15.108343
354	[(21,1631),(39,2337),(55,2269),(87,2367)]	16.011998
355	[(50,374),(65,1523),(66,2384),(82,422)]	14.853918
356	[(13,977),(15,817),(26,2351),(39,1913),(49,2352),(54,1267),(64,897),(82,2565)]	14.481347
357	[(7,2871),(8,2405),(16,1694),(21,441),(38,2754),(49,156),(76,2355)]	14.640585
358	[(19,1032),(83,177)]	15.445166
359	[(1,333),(9,1521),(29,2736),(34,393),(50,1671),(60,1963),(63,950)]	14.458534
360	[(86,228)]	14.540316
361	[(12,497),(14,141),(30,2536),(52,1485),(56,2232)]	16.287230
362	[(8,147),(25,2168),(29,787),(87,1890),(92,2823)]	20.819326
363	[(18,1193),(20,216),(33,390),(87,914)]	15.140221
364	[(44,1669),(45,178),(54,1038),(55,1825),(71,1108),(73,988),(81,670)]	16.579018
365	[(2,1140),(31,855),(42,2068),(77,2631)]	14.390908
366	[(31,2827),(47,2780),(58,965),(87,666)]	14.518709
367	[(68,1518),(74,62),(91,2242)]	14.736191
368	[(32,2133),(48,838)]	14.249816
369	[(5,1214),(6,165),(19,1840),(20,563),(47,1280),(48,13),(65,2343),(85,825)]	14.118377
370	[(51,438),(86,2775)]	15.122816
371	[(51,2885),(68,1630),(71,2037),(72,1724)]	14.389965
372	[(5,2699),(91,1118)]	14.281314
373	[(14,2697),(23,1287),(35,886),(37,1341),(40,514),(88,121)]	14.367860
374	[(1,2601),(4,2355),(14,1955),(51,1998),(63,142),(65,2285),(78,1455)]	14.461339
375	[(7,481),(43,2309),(75,120),(81,800)]	14.534146
376	[(35,869),(45,2245),(79,1276)]	14.346126
377	[(9,2496),(48,1458),(81,976)]	14.313916
378	[(14,1407)]	14.601465
379	[(25,2421),(33,1165),(34,1254),(83,2475)]	14.474885
380	[(27,1700),(42,992),(71,569),(74,318),(86,1263)]	14.355753
381	[(42,941),(52,1071)]	14.780686
382	[(11,1415),(37,2058)]	14.699246
383	[(10,1051),(23,2293),(58,63),(90,2252),(91,398)]	14.643768
384	[(6,1550),(12,33)]	14.444238
385	[(11,1544),(18,542),(23,1542),(35,128),(69,459),(70,194)]	14.732654
386	[(16,187),(58,1987)]	14.690993
387	[(38,804),(72,405),(74,391),(85,1385)]	14.657007
388	[(91,2163)]	14.422155
389	[(16,1658),(24,1982),(51,858)]	17.222761
390	[(29,139),(61,2707),(70,136)]	14.650382
391	[(5,2307),(27,2209)]	14.871549
392	[(73,992),(81,433)]	14.203805
393	[(6,437),(49,188),(91,2553)]	14.455215
394	[(60,728),(72,171),(73,730),(80,210),(82,1683),(84,2363),(91,2252)]	14.162625
395	[(4,645),(53,2118)]	14.830442
396	[(5,459),(44,1983),(82,1966),(88,680)]	14.300134
397	[(91,319)]	14.177809
398	[(4,2730),(87,153)]	14.358258
399	[]	14.392165
400	[(6,905),(9,2710),(19,520),(61,1384)]	15.081512
401	[(31,504),(47,1315),(52,2414)]	14.667921
402	[(9,371),(21,1862),(48,1411),(55,2705),(70,1304),(79,860),(91,2139)]	15.111992
403	[(7,1895),(40,1293),(51,1619),(72,2617)]	14.717174
404	[(3,1035),(25,332),(35,228),(39,683),(49,893),(89,1375)]	14.779177
405	[(65,1351),(72,1432)]	14.507627
406	[(8,1136),(12,180),(15,29),(47,1706),(70,142),(72,2285),(73,288),(78,1151)]	14.722078
407	[(22,1884),(59,219),(64,27),(86,2286),(87,2825)]	19.483791
408	[(8,2517),(62,2421),(81,2798)]	29.623910
409	[(0,1366),(9,883),(20,2723),(25,2752),(31,1520),(35,781)]	15.046226
410	[(80,2475)]	14.775552
411	[(2,2154),(56,1245),(73,1754),(74,2380)]	14.819363
412	[(31,1180),(35,753),(87,1031)]	16.382382
413	[(3,224),(12,2562),(24,284),(26,394),(72,1996),(77,1245)]	15.177943
414	[(10,1411),(40,1528),(45,1195),(65,1657),(71,2464)]	17.267630
415	[(0,503),(30,1740),(32,109),(81,1584)]	16.029723
416	[(0,359),(45,645),(48,169),(76,1057),(77,1224)]	14.616096
417	[(11,2698),(59,773),(91,68)]	14.466843
418	[(11,2862),(76,1399),(90,2014)]	14.579933
419	[(10,1699),(29,336),(36,779),(74,449)]	14.558078
420	[(20,2561),(32,1629),(39,1363),(53,473),(63,121),(77,1531),(82,497),(85,2337)]	15.636851
421	[(19,2379),(58,2607)]	16.508419
422	[(2,1814),(18,977),(63,2696),(66,2440),(67,166),(73,2835),(81,787)]	16.235902
423	[(67,2147)]	16.386401
424	[(16,832),(53,2572)]	16.518251
425	[(58,1335),(77,61)]	16.680571
426	[(19,1555),(26,1242),(28,2419),(92,1450)]	18.010726
427	[(17,336),(28,152),(71,1599)]	23.088440
428	[(56,2503),(62,2498),(63,1704)]	16.827097
429	[(4,222),(15,1699),(27,617),(28,2576),(47,2645),(77,243)]	18.646971
430	[(5,899)]	16.648797
431	[(1,2702),(14,817),(66,1228),(70,1638)]	16.465179
432	[(6,2667),(27,2298),(59,1716),(80,2770),(81,116)]	14.701136
433	[(16,2512),(51,248)]	14.468355
434	[(4,25),(5,2047),(11,779),(56,2249),(69,616),(72,321),(75,989)]	15.193508
435	[(5,752),(24,1912)]	14.623677
436	[(53,2148),(55,1860),(75,1379)]	14.662127
437	[(3,1982),(30,2740),(65,1630),(72,404)]	14.444759
438	[(77,1576),(81,585),(92,989)]	15.171894
439	[(4,271),(20,2090),(64,1514),(89,1688)]	15.290160
440	[(25,514),(76,593),(90,386)]	14.691423
441	[(34,2375),(44,1553),(59,1197),(90,10)]	15.216335
442	[(48,2282),(52,972),(89,2867)]	14.744132
443	[(24,2850),(37,1955),(64,1376)]	14.570518
444	[(7,308),(16,1389),(17,2263),(26,249)]	14.425691
445	[(26,910),(76,2508)]	14.924447
446	[(17,570),(28,1951),(82,2879),(91,1649)]	14.306359
447	[(14,1484),(46,841)]	15.474241
448	[]	15.362477
449	[(58,1921),(63,2603),(72,2021)]	14.742025
450	[(14,718),(29,1178),(53,2508),(63,2667)]	14.524323
451	[(8,918),(27,1600),(34,639),(46,1052),(84,759),(86,692)]	14.519367
452	[(12,2662),(25,744)]	14.569075
453	[(26,1576),(73,2802)]	17.389810
454	[(10,2312),(15,0),(28,2023),(67,877)]	14.917186
455	[(6,2243),(27,215),(52,2568),(56,1053),(67,1747),(68,1921)]	14.730115
456	[(20,2284),(46,346),(59,1505)]	14.508125
457	[(24,1310),(64,2696),(68,1452)]	14.751063
458	[(12,1367),(26,722),(39,2162),(61,243),(79,1661),(91,1115)]	15.046607
459	[(15,34),(86,2771)]	14.630285
460	[(44,2052),(45,1156),(56,663)]	15.955428
461	[(45,2470)]	14.555462
462	[(33,729),(34,99),(39,382),(48,2626),(68,2798)]	14.549341
463	[(10,1991),(53,295),(57,2082),(60,71),(81,1325),(85,384),(90,1721)]	14.589776
464	[(19,251),(56,2192)]	14.740298
465	[(16,2358),(22,1307),(47,2063)]	14.869526
466	[(11,953),(56,615),(70,2029),(82,1862),(85,193)]	14.486568
467	[(1,216),(15,1188),(37,1801),(60,240)]	15.905576
468	[(72,1138)]	14.873517
469	[(15,1316),(25,1556),(91,2607)]	15.014623
470	[(21,1995),(47,2282),(72,384),(80,2537),(82,167),(83,2245)]	14.603741
471	[(15,860),(24,96),(44,309),(61,1425)]	14.692296
472	[(5,2725),(7,256),(24,1211),(43,1131),(69,2785)]	14.799791
473	[(28,1974),(79,1475),(82,748),(83,2642)]	16.114449
474	[(78,2494),(84,2511)]	28.385668
475	[(4,800),(74,2542)]	21.782783
476	[(10,2651),(24,2568),(47,2725),(57,2767),(69,719),(75,2472),(86,1616)]	14.842251
477	[(15,2791),(23,180),(63,423),(76,1081)]	14.769995
478	[(20,2010),(49,1260),(71,2727),(91,2121)]	14.845869
479	[(4,1383),(6,1102),(11,1241),(20,2829),(26,711)]	14.924562
480	[(23,2048),(57,512),(69,1301),(90,1970)]	14.654352
481	[(40,1622),(55,2740),(60,1322),(80,2555),(85,2489),(91,2083)]	14.727138
482	[(14,2309)]	14.907418
483	[(34,2159),(42,2588),(54,1258)]	14.676876
484	[(3,1123),(42,2267),(62,176),(85,874)]	14.987070
485	[(17,2293),(33,1718),(40,524),(52,2829),(71,17),(79,775)]	14.489031
486	[(9,733),(10,2232),(61,128)]	14.705683
487	[(25,1227),(80,1907)]	14.682277
488	[(30,1974),(35,990),(89,476)]	14.712355
489	[(59,2255)]	15.203702
490	[(29,249),(54,1368),(57,1544),(78,377)]	15.040888
491	[(9,1640),(36,1797),(49,1038),(60,521),(68,1019),(90,421)]	19.721614
492	[(4,2056),(39,647),(86,1652)]	18.297538
493	[(10,18),(14,884),(75,1908),(92,1411)]	14.703269
494	[(34,2005),(56,568),(71,1685),(90,822)]	17.731279
495	[(15,249),(29,2063),(78,1677),(87,775)]	15.024595
496	[(9,894),(38,2728),(43,1112),(46,379),(55,1876),(63,849),(72,1457)]	14.853777
497	[(16,2220),(23,1905),(53,377),(57,1580),(70,2145)]	14.497560
498	[(41,1884),(87,1100)]	15.264526
499	[(4,874),(34,271),(58,384),(63,1822),(91,2011)]	15.293089
500	[(37,776),(39,854),(57,207),(82,1103),(85,2244)]	16.837771
501	[(20,1559),(45,1412)]	14.387207
502	[(0,1446),(1,268),(32,2617),(43,268),(59,676),(79,461)]	14.720946
503	[(63,2290),(82,267)]	14.394044
504	[(18,1717),(28,739),(35,2142),(74,1968),(92,574)]	14.384634
505	[(44,2253),(57,2277),(64,285),(76,282),(81,2749),(91,360)]	14.484244
506	[(0,1515),(38,2636),(53,529),(54,2321),(68,437),(75,417),(87,2511)]	14.681072
507	[(28,452),(34,1800),(50,1466)]	14.295881
508	[(7,2225),(20,2526),(27,2386)]	15.560284
509	[(87,2773)]	14.407555
510	[(13,2581),(20,1759),(40,586)]	14.946001
511	[(17,1650),(19,2323),(29,1237),(52,1907)]	14.176700
512	[(6,380),(8,2674),(23,1633),(42,2843),(75,239),(81,1819)]	14.784858
513	[(9,673),(12,1245),(30,2651),(41,2609),(63,2125),(66,1728)]	14.248429
514	[(7,1742)]	15.367025
515	[(5,1301),(22,1461),(52,2174),(55,1499),(65,1419),(69,2129)]	14.988152
516	[]	17.070240
517	[(20,35),(46,1764),(59,1621),(65,1755)]	14.460721
518	[(74,13),(77,707),(91,2521)]	16.478291
519	[(47,269),(72,2309)]	14.809073
520	[(9,1195),(35,805),(37,2589),(59,307)]	14.661957
521	[(20,135),(47,1885),(91,1218)]	14.630751
522	[(29,2021),(38,2573),(53,452),(57,1555),(59,524),(71,1474),(76,1399),(82,2039),(89,1719)]	14.529722
523	[(37,1427),(64,333),(72,1425),(74,1100),(78,2117)]	14.518152
524	[(11,1521),(29,2701),(39,2865),(42,1284),(91,2314)]	14.530040
525	[(32,1743),(45,1053),(50,96),(54,1197),(88,2587)]	16.140689
526	[(32,377)]	15.720189
527	[(1,2344),(38,1220)]	16.589469
528	[(4,1152),(34,2120),(44,2243),(86,1351),(88,1270),(92,1801)]	16.477514
529	[(4,787),(7,1686),(9,196),(12,1866),(37,982),(55,968)]	16.609819
530	[(2,2426),(58,2265),(86,2579)]	16.797482
531	[(11,2294),(22,2107),(42,1319),(62,2192),(78,644)]	18.462610
532	[(13,42),(18,2042),(65,1898),(72,1423),(88,1327)]	14.815772
533	[(29,1566),(44,1178),(63,110),(69,711)]	15.200527
534	[(11,1097),(26,1339),(68,524),(75,1667),(82,1733),(83,1338)]	14.381628
535	[(7,2417),(8,2436),(61,1934),(64,2715)]	14.630594
536	[(8,720),(38,2098),(41,212),(62,1248),(81,742),(90,1207)]	16.663465
537	[(5,2627),(10,710),(32,2848),(36,2844),(37,2544),(56,2171),(77,421),(79,1934),(83,1681)]	14.859759
538	[(16,492),(37,947),(56,1305),(65,745)]	14.919406
539	[(8,686),(20,1967),(46,1272),(77,2453)]	14.619467
540	[(14,2747),(32,183),(69,2414),(73,2545),(78,525),(82,2836)]	15.584280
541	[(49,606),(64,1863),(88,2673)]	29.234752
542	[(59,1307)]	19.383321
543	[(10,615),(31,2525),(40,862),(56,1271),(67,1705)]	16.404658
544	[(25,1693),(31,1699),(90,168)]	14.367706
545	[(8,549),(32,1055),(52,156)]	14.497976
546	[(48,2111),(70,2117),(72,1476)]	15.066981
547	[(15,2335),(18,2700),(30,1763),(57,54)]	15.011188
548	[(11,2599),(12,1378),(58,2208),(82,2781),(84,1977)]	14.635586
549	[(68,894),(83,2057),(84,1867),(91,2780)]	14.446698
550	[(15,1178),(22,2048),(59,2841),(75,2361),(80,1372),(89,2462)]	14.364036
551	[(50,1667),(57,1953),(73,606),(83,2773)]	14.285618
552	[(31,696),(49,1173),(50,2088)]	14.770145
553	[(5,2434),(23,2010),(30,1709),(48,2056),(51,244),(70,602),(77,487),(84,2130)]	14.839491
554	[(0,1613),(23,617),(76,1794)]	14.377595
555	[(4,2643),(7,2885),(31,1564),(76,908),(80,1286),(85,650)]	17.594336
556	[(2,17),(4,1209),(17,1448),(30,852),(42,2277),(51,1420),(53,1223),(67,2693),(81,2158)]	18.506465
557	[(5,2270),(35,572),(57,907)]	14.532856
558	[(16,374),(18,2475),(25,2464),(49,602),(89,1517)]	16.070574
559	[]	14.864950
560	[(16,1760),(24,2681),(54,1620),(73,1772),(88,2449)]	14.997043
561	[(9,53),(30,2089),(55,2256),(72,223)]	14.593123
562	[(20,1350),(26,2333),(30,2152),(57,1962),(86,1160),(89,2826)]	14.487434
563	[(1,877),(16,2498),(19,1094),(46,1046),(61,1909)]	14.921665
564	[(22,849),(38,1981),(86,216)]	14.470041
565	[(3,1166),(4,2390),(5,2416),(28,2125),(30,184),(40,361),(72,730)]	14.346990
566	[(0,1132),(1,2866),(11,1463),(32,2864),(72,412),(81,1555)]	14.294486
567	[(6,1121),(62,1666),(80,1499)]	14.295307
568	[(32,875),(43,1216),(59,1103),(89,1114)]	14.660606
569	[(4,624),(9,387),(27,1571),(72,2743),(77,2838),(78,1802),(85,2101),(92,2385)]	14.774994
570	[(2,1711),(30,1086),(42,2577),(44,2447),(52,2699),(63,337),(66,1182),(83,566),(91,1337)]	15.126860
571	[(1,2307),(11,1201),(13,2402),(22,2260),(61,2145),(72,545)]	14.535950
572	[(3,2494),(12,886),(41,2127)]	14.476844
573	[(13,558),(32,85),(72,913),(75,2632),(83,353),(88,1220)]	14.950939
574	[(10,1084),(53,227),(56,2015),(64,281),(67,2462),(73,2454)]	14.800196
575	[(3,1598),(7,1705),(21,1208),(23,220),(41,346)]	14.264203
576	[(9,2715),(36,718),(47,662),(48,2534),(51,1996),(57,375),(63,1253),(91,1722)]	14.404138
577	[(6,2321)]	14.651788
578	[(23,691),(49,1939),(50,1174),(51,1093),(70,718),(92,1229)]	14.453402
579	[(66,2354),(74,1721),(87,1344)]	14.477782
580	[(4,783),(48,703),(67,802),(91,948)]	14.389932
581	[(2,2169),(11,2835),(16,1299),(26,2144),(42,1280),(43,13)]	14.544743
582	[(35,160),(47,2478)]	14.577156
583	[(4,1893),(11,864),(13,1836)]	14.222766
584	[(50,1074),(69,1912),(92,771)]	17.592461
585	[(2,523),(8,1156),(31,2585),(54,1583),(58,2456),(83,2517)]	15.012611
586	[(6,611),(23,1644),(38,2544),(45,2031),(80,2403),(82,759)]	14.585569
587	[(8,372),(49,2378),(63,333)]	14.280420
588	[(5,2066),(12,1084),(46,2495),(47,1928),(61,623),(69,1561),(86,1589)]	14.582923
589	[(13,2727),(26,1151),(58,478)]	14.336979
590	[(21,2317),(32,2160),(46,658),(49,123),(55,554),(63,341)]	14.676560
591	[(69,2777),(83,1050),(86,1665),(91,647)]	14.427180
592	[(10,340),(12,1077),(25,2764),(26,1998),(68,1804),(69,2250)]	14.353230
593	[(2,2794),(7,2354),(14,1559),(16,216),(46,904),(69,62),(92,280)]	14.572896
594	[(10,29),(22,2769),(33,508),(54,569),(81,2452)]	15.038894
595	[(14,1036),(18,882),(31,1474),(32,2746),(83,387),(91,647)]	14.983478
596	[(8,2232),(17,492),(31,1665),(47,1203),(55,1686),(69,177),(72,259),(90,1761)]	14.397976
597	[]	15.263383
598	[(10,967),(15,1708),(29,1002),(52,1219),(82,1033)]	14.376106
599	[(2,965),(15,1421),(61,1565),(78,2171),(84,219)]	14.588410
600	[(53,399)]	14.723196
601	[(15,1163),(29,1687),(38,1352),(53,2599),(57,2849),(61,1434),(85,959)]	14.215615
602	[(17,1303),(52,2639),(92,913)]	14.609561
603	[(7,918),(8,1752),(12,1615),(28,1525),(65,811),(84,2470)]	14.367878
604	[(53,2055),(81,1140)]	14.232666
605	[(83,1858)]	14.287652
606	[(6,2119),(34,1927),(36,681),(54,124)]	14.484743
607	[(35,738),(68,883)]	14.399058
608	[(6,135),(10,2450),(15,2032),(24,2685),(31,867),(42,1981),(76,2621),(82,2162)]	14.290389
609	[]	17.466540
610	[(10,516),(43,476),(48,580),(50,1840),(60,429),(85,1389),(86,2263)]	29.007936
611	[(6,311),(34,2404),(62,2050),(69,1977),(73,1499)]	15.177144
612	[(16,623),(44,496),(47,2046),(85,1919)]	14.197814
613	[(7,611),(43,770),(90,1699)]	17.633226
614	[(20,2357),(31,2841),(57,31)]	14.613261
615	[(3,2032),(9,230),(57,2153),(63,2857)]	14.741911
616	[(17,1857),(23,2023),(41,2038),(80,2411)]	14.382531
617	[(8,206),(11,1890),(19,2099),(24,824),(33,2183),(87,1678)]	15.401600
618	[(3,1915),(4,118),(10,1079),(15,2379),(30,2173),(84,548)]	14.702687
619	[(16,2580),(57,1961),(63,812),(80,2412),(82,909),(87,2547)]	14.647780
620	[(13,1237),(56,1645),(88,1898)]	14.444608
621	[(64,2564),(92,2787)]	15.593954
622	[(8,1531),(11,2569),(15,1120),(37,1642),(45,1990),(71,294),(84,1217)]	19.490665
623	[(0,2763),(17,511),(30,2404),(47,2823),(49,1828),(91,2449)]	16.845801
624	[(2,241),(3,1477),(22,228),(23,261),(26,2816),(27,2191),(38,1385),(48,2833),(60,2869),(67,29),(78,838)]	14.713556
625	[(8,48),(67,679)]	16.583130
626	[(24,91),(34,2185),(65,1410),(66,893),(70,2)]	14.752697
627	[(0,2182),(10,305),(11,2181),(76,822)]	16.188938
628	[(16,2841),(42,2558),(70,2098),(76,886)]	14.473043
629	[(36,2080),(44,1080),(63,2645),(69,2483),(81,1143)]	14.265640
630	[(1,26),(38,34),(46,2712),(59,1860),(62,365)]	14.883438
631	[(1,400),(27,242),(48,385),(64,611),(86,417)]	14.515380
632	[(3,969),(11,2364)]	14.860898
633	[(33,2860),(86,75)]	14.869608
634	[(51,371),(92,0)]	15.524239
635	[(2,2646),(3,2815),(15,2045),(80,2173)]	14.181877
636	[(8,1988),(24,376),(37,1405),(61,2324)]	14.489953
637	[(23,2395),(49,1652),(51,1324),(52,431),(62,1419),(66,149)]	14.238281
638	[(21,655),(22,2723)]	14.596833
639	[(39,2514),(45,2382),(57,1148),(61,1865),(80,1729)]	14.357618
640	[(33,1159),(63,2375)]	14.387721
641	[(21,843),(65,2053)]	15.226375
642	[(31,685),(74,479)]	14.426887
643	[(19,1234),(27,2029),(44,2154),(45,1585),(66,1355),(83,2498)]	14.535089
644	[(27,1579),(64,1863),(79,1178)]	14.353964
645	[(28,2655),(83,2530)]	14.739396
646	[(28,1971),(42,1803),(68,2388),(77,1494)]	14.744611
647	[(54,2259),(80,1612),(82,402)]	14.618587
648	[(21,1574),(31,76),(43,2263),(75,1765)]	14.206577
649	[(5,2333),(30,701)]	15.481447
650	[(19,1788),(50,1501),(57,374)]	18.854903
651	[(9,548),(13,704),(25,928),(49,2614),(70,1364),(81,2552)]	14.559085
652	[(83,2459),(84,672),(88,2553)]	16.761026
653	[(1,2415),(13,1549)]	19.298557
654	[(8,425),(24,665),(52,2030),(79,932)]	17.569599
655	[(5,2271),(53,2330),(60,740),(76,2545),(81,1554),(92,2190)]	14.572409
656	[(60,600),(83,654)]	14.485299
657	[(26,2728),(28,2141),(30,1558),(62,515),(87,1584)]	14.201151
658	[(9,2639),(42,543),(82,1546),(85,329),(87,1343)]	14.409920
659	[(7,2852),(13,52),(70,361),(77,964),(79,2414)]	14.900008
660	[(6,2869),(13,2359),(17,401),(74,1615),(81,1033)]	14.568169
661	[(74,1521),(83,851),(88,89),(91,984)]	15.063649
662	[(9,93),(19,2406),(84,2038),(88,2832)]	14.456902
663	[(11,2553),(41,1676),(66,140),(86,285),(91,20)]	14.832817
664	[(18,2417),(22,418),(43,505),(46,1869),(53,2339),(62,2207),(83,2417),(84,2436)]	24.439121
665	[(29,2806)]	14.853691
666	[(17,352),(22,2841),(35,2317),(89,1935)]	14.603808
667	[(11,1967),(16,681),(25,2777),(43,2229)]	14.654909
668	[(2,1223),(5,162),(34,1720),(37,1189),(41,846),(44,1313),(68,2728),(80,795)]	14.335777
669	[(13,1379),(51,2648)]	14.494766
670	[(30,2422),(44,417),(49,2096),(72,2528),(78,1895),(82,63),(90,2011)]	14.384971
671	[(23,819),(28,2855),(41,2059),(70,1036),(74,814)]	14.276231
672	[(5,76),(9,1120),(88,299)]	14.386691
673	[(0,1919),(19,345),(43,164),(83,2846),(85,2689)]	14.268697
674	[(76,2608),(86,2295),(90,1120)]	17.601569
675	[(9,2262),(10,1459),(79,1842),(84,813)]	33.830790
676	[(5,184),(26,1841),(81,1488)]	30.743748
677	[(49,1671),(54,1263),(68,186)]	27.642569
678	[(7,1832),(44,1805),(50,602),(54,2875),(62,1687),(83,820)]	14.346942
679	[(22,723),(41,2746),(67,2680),(79,1781),(91,1597)]	15.433368
680	[(24,219),(46,732),(89,1892),(90,1362),(91,2593),(92,2318)]	14.628054
681	[(46,610),(47,1910),(64,1895),(69,568),(74,1007),(84,535),(87,1159)]	14.329994
682	[(7,981),(23,2561),(29,538),(74,231)]	15.282821
683	[(0,140),(2,1421),(4,1985),(13,1407),(32,2644),(65,1573),(78,1326),(85,1245),(90,828)]	15.441548
684	[(6,155),(24,2666),(71,1385),(75,1082)]	20.314885
685	[(10,1189),(29,1447),(30,576),(78,379)]	17.252633
686	[(44,2378),(91,490)]	14.341527
687	[(19,2533),(33,1779),(37,932),(49,230),(57,308),(69,1773)]	26.346211
688	[(83,2037)]	15.520529
689	[(11,1002),(28,912),(43,2851)]	14.430730
690	[(5,2312),(20,2796),(76,1440),(77,317)]	14.314633
691	[(56,1612),(60,1471),(70,2804),(80,758)]	14.703195
692	[(7,773),(33,1776),(78,1743),(80,2370),(84,1381)]	14.468814
693	[(28,1640),(37,2506),(50,1472),(61,2871),(62,435),(65,298),(73,453),(77,617),(89,2542),(91,2681)]	14.885208
694	[(63,1720),(66,1189)]	14.911674
695	[(10,1249),(27,2194),(38,2410),(40,735),(78,2373),(82,1642),(87,1066)]	14.553519
696	[(22,1731),(34,2074),(83,796)]	14.855501
697	[(19,2391),(44,856),(68,2143)]	30.570207
698	[(51,424),(87,934),(91,2583)]	31.605803
699	[(27,1736),(34,581),(84,1474),(89,1975)]	31.032719
700	[(60,365),(76,722)]	30.673010
701	[(2,1160),(18,2018),(30,1594),(57,205),(73,870),(88,1331)]	15.890669
702	[(4,597),(64,2766),(65,2801),(77,696),(82,2406),(85,1353),(87,2187)]	14.799152
703	[(10,2787),(17,2339),(35,1098),(70,1617),(90,1589)]	14.323834
704	[(84,1346)]	14.740904
705	[(58,1817),(76,2749)]	14.167285
706	[(8,2054),(24,1062),(32,101),(48,708),(56,744),(61,1944),(76,2023),(82,891)]	15.359198
707	[(7,1605),(14,2854),(15,1900),(36,20),(40,2108),(58,2306),(78,1918)]	16.608027
708	[(28,2515),(45,944),(82,2214),(90,403)]	15.387512
709	[(12,1499),(22,1087),(57,1865),(71,1769),(74,1104),(87,2352)]	14.510436
710	[(7,887),(8,611),(13,419),(25,478),(65,175),(68,1474)]	14.456998
711	[(8,2164),(50,377),(68,1975),(82,2620)]	14.654102
712	[(0,2030),(42,381),(63,1653),(74,2563),(76,2351)]	15.792326
713	[(11,78),(25,1699),(28,2453),(55,89),(71,697),(90,520)]	15.258109
714	[(37,2141),(45,287),(58,1330)]	14.991339
715	[(14,644),(25,1643),(80,1288)]	17.143220
716	[(75,1794)]	14.599600
717	[(35,1987),(56,1434)]	14.322287
718	[(45,156)]	14.874476
719	[(6,436),(25,798),(30,210),(51,1163)]	14.221261
720	[(13,43),(33,1007)]	16.010231
721	[(9,229),(36,944),(37,2536),(44,2775),(84,1708)]	14.885916
722	[(0,442),(16,722),(32,1020),(38,1351),(64,265)]	14.897311
723	[(3,1298),(22,293),(30,1324),(31,431),(36,1507),(72,2404),(84,823)]	14.677986
724	[(8,1316),(12,2761),(29,728)]	14.986090
725	[(25,1145),(74,768),(84,1198)]	16.344416
726	[]	14.463602
727	[(17,1925),(51,674),(58,1628)]	14.200713
728	[(42,1672)]	15.190951
729	[(12,664),(32,1217),(85,1959)]	14.986432
730	[(8,1124),(17,2841),(25,780),(31,1042),(35,394),(79,300)]	14.169598
731	[(18,989),(20,1171),(27,1847),(43,1082),(45,954),(62,65),(66,996)]	14.489997
732	[(13,1405),(23,1464),(61,2282),(82,2252)]	14.496219
733	[(12,2847),(32,590),(58,109)]	14.660539
734	[(45,663),(60,858)]	15.136608
735	[(9,1731),(15,433),(49,683),(73,1061)]	14.352897
736	[(55,2352),(70,2471),(85,1987)]	14.149349
737	[(26,1446),(43,551),(59,2646),(60,2815),(64,278)]	14.304859
738	[(5,1275),(35,749),(38,235),(77,2533)]	14.939629
739	[(20,1243),(69,2020)]	23.715380
740	[(12,919),(33,2287),(79,1185),(91,2544)]	23.793497
741	[(2,2537),(51,344)]	15.411001
742	[(14,2674),(33,2388),(39,215)]	14.344779
743	[(18,868),(43,2444),(55,1524),(92,1713)]	14.519463
744	[(65,1965)]	16.984422
745	[(26,67),(27,507),(48,2827),(64,1407),(76,821),(80,2357)]	19.810709
746	[(25,151),(40,1371),(50,831),(61,2213),(70,1326)]	15.235266
747	[(0,443)]	14.898269
748	[(1,2434),(29,2764),(47,2307),(63,2238),(80,1670)]	16.391117
749	[(18,1396),(48,2165),(61,1349)]	14.716725
750	[(5,1223),(11,1541),(21,2389),(92,1573)]	14.417046
751	[(26,1702),(39,174),(63,1743),(73,2320),(80,1511)]	14.348457
752	[(6,2645),(17,623),(29,1815),(75,720),(91,174)]	14.348801
753	[(2,1048),(38,1544),(58,2564),(74,2625)]	14.325880
754	[(11,2467),(36,2464),(45,2817)]	14.674039
755	[(14,1233),(37,1928),(47,97),(79,838)]	15.166738
756	[(9,2628),(43,2819),(64,2780),(84,2552)]	16.280062
757	[(41,2341),(48,683),(50,1019)]	16.764045
758	[(45,120),(60,1569),(76,1564)]	15.906145
759	[(6,347),(29,1241),(41,2270),(46,780),(53,843)]	14.771389
760	[(29,2281),(62,54),(77,548)]	14.409295
761	[(2,852),(4,993),(48,476)]	14.864732
762	[(47,2599),(48,1378),(52,2584)]	14.287143
763	[(41,2787),(66,1636),(82,2720)]	14.635722
764	[(45,365)]	14.302515
765	[(10,2110),(55,2073),(61,2119)]	14.605281
766	[(25,1341),(46,1542),(49,175),(56,2634)]	14.778105
767	[(20,51),(26,669),(45,2792),(57,2547),(64,1022),(74,1614)]	15.074302
768	[(36,2856),(40,2738),(82,261)]	14.411296
769	[(18,1035),(63,1370)]	14.322992
770	[(19,2632),(72,1771),(81,2032)]	14.609950
771	[(28,2049),(52,1308)]	15.629167
772	[(41,1542)]	14.843306
773	[(51,291),(52,563),(70,833),(71,1729),(78,1371)]	17.569672
774	[(11,2233),(33,558),(60,479),(83,2091)]	14.697109
775	[(7,2145),(18,1288),(68,2792),(78,786),(84,1521)]	14.433538
776	[]	14.690725
777	[(67,1450),(70,15),(76,711)]	14.542762
778	[(10,1968),(45,1878),(54,1556)]	14.286067
779	[(0,1280),(6,2339),(9,1893),(24,2222),(35,192),(59,2883),(79,1175),(84,1016)]	14.464357
780	[(56,501)]	15.935448
781	[(11,33),(64,2373),(71,605),(76,2638)]	14.432600
782	[(13,1498),(23,2709),(42,358),(64,2065),(86,2649)]	14.203382
783	[(12,2314),(29,225),(31,2177),(74,391),(81,1289),(92,151)]	15.598932
784	[(0,2451),(15,1522),(24,1637),(27,4),(36,1711),(44,1912)]	16.329889
785	[(21,804),(30,330),(51,1758),(81,840),(92,1593)]	15.437563
786	[(21,331),(77,1495)]	15.359644
787	[(6,2125),(8,184),(17,878),(79,2548),(83,1278)]	14.597141
788	[(8,1323),(39,489)]	14.614845
789	[(3,2347),(42,2118)]	14.244575
790	[(0,1651),(19,1602),(22,339),(65,2159),(77,2205),(89,2019)]	14.400914
791	[(1,1860),(9,60),(52,2706),(63,2203),(91,1305)]	14.322086
792	[(40,744),(44,2860),(55,1693)]	14.374452
793	[(71,2643),(87,2134)]	14.712317
794	[(15,1379),(24,2833),(54,1210),(61,1606)]	14.516654
795	[(27,2578),(80,382)]	14.650245
796	[(8,1110),(11,2361),(61,647),(65,183),(79,2859)]	14.426220
797	[(42,591),(49,344),(50,1089),(53,218),(91,12)]	14.998022
798	[(1,1717),(14,1400),(54,1997),(56,283)]	17.484607
799	[(7,1842),(21,1688),(67,2711)]	17.844470
800	[(12,17),(46,2264),(54,9),(59,584),(66,98),(81,1600)]	15.378406
801	[(8,1916),(27,2041),(32,163),(50,150),(75,2769),(80,800),(88,2402)]	14.601504
802	[(18,282),(33,1622),(36,216),(45,1955),(64,1104)]	14.236988
803	[(11,1343),(13,1160),(17,1868),(40,1563),(64,1126)]	15.227100
804	[(20,1402),(37,1880),(70,2158),(79,2051)]	14.202477
805	[(11,2115),(16,392),(52,1006),(63,2342),(66,1479),(78,1992),(92,2250)]	14.151452
806	[(20,1136),(34,362),(46,2311),(58,997)]	16.515549
807	[(67,2245),(69,1310),(90,1357)]	28.849071
808	[(21,300),(30,508),(78,1570)]	17.846808
809	[(56,543)]	17.307926
810	[(43,1278),(64,2305)]	19.761911
811	[(0,705),(9,825),(35,1166),(40,1856),(66,1441),(84,1567)]	15.740181
812	[(8,1137),(18,2265),(62,1146)]	17.885373
813	[(28,124)]	17.899985
814	[(1,2004),(13,621),(34,2103),(75,1095)]	18.165643
815	[(0,1343),(55,1092),(80,2566),(90,1178)]	15.312044
816	[(46,681),(61,189)]	15.063480
817	[(11,2189),(26,1235),(32,2214),(53,2428)]	15.101485
818	[(65,1348),(66,2541),(67,1342),(76,209),(91,1598)]	14.737613
819	[(17,2885),(38,1435),(50,2163),(61,1721),(66,1086),(82,1798)]	14.299737
820	[(21,307),(24,1991),(42,677),(46,942),(48,1803),(54,2383),(92,2761)]	14.934661
821	[(1,2812),(34,1182)]	15.266227
822	[(4,2075),(21,522),(31,512),(48,487)]	14.560304
823	[(1,712),(3,2180),(15,630),(26,1369),(41,1658),(71,544),(79,1894)]	14.604460
824	[(3,578),(5,1759),(8,984),(10,1299),(20,2546),(29,249),(38,1375),(55,1517)]	15.005060
825	[(32,988),(69,1894)]	14.812204
826	[(16,307),(26,280),(29,2528),(39,2469),(60,1211),(66,1595),(81,2130)]	14.907446
827	[(15,253),(28,487),(56,1015),(59,2357)]	14.393941
828	[(5,2186),(49,2786),(61,2414)]	14.777954
829	[(30,1506),(45,1275),(53,1488),(58,1912),(61,1417),(89,1296)]	14.390022
830	[(2,1191),(3,2062),(82,2041)]	14.375247
831	[(14,1087),(49,1921),(70,732),(81,282)]	14.416528
832	[(8,422),(20,1938),(54,2276),(83,1910)]	15.058999
833	[(3,115),(5,1359),(10,1138),(14,286),(40,1672),(66,1462),(69,2636)]	15.221364
834	[(3,137),(19,1906),(32,2138),(55,1683),(75,1905),(81,2166),(87,2833)]	15.073488
835	[(16,625),(31,1791),(39,586),(47,1669),(53,2303)]	14.312813
836	[(0,397),(24,429),(25,1075),(32,1043),(37,1138),(42,1647),(85,54)]	14.188508
837	[(18,1463),(46,1045),(50,2402),(71,1779),(89,144)]	14.399542
838	[(43,1395),(77,375)]	21.484524
839	[(12,415),(52,965)]	14.413523
840	[(6,2510),(27,1574),(49,2616)]	14.287570
841	[]	14.423693
842	[(17,1830),(25,303),(27,1542),(42,1898),(52,2052)]	14.387374
843	[(2,2253),(20,1759),(22,1656),(24,1890),(33,530)]	15.856387
844	[(10,2332),(45,811),(60,2277),(78,2154),(79,1585),(86,28),(91,400)]	14.823722
845	[(4,2161),(21,2699),(34,1852),(69,2407),(83,523)]	14.365446
846	[(18,431),(27,650),(54,1168),(90,2156)]	14.495208
847	[(3,461),(53,754)]	14.077451
848	[]	15.217576
849	[(55,885),(64,2436)]	14.798617
850	[(13,422),(14,2059),(36,2668),(37,521)]	14.755382
851	[(13,2780),(14,594),(22,1376),(29,1231),(31,2129),(48,862),(74,720),(90,466)]	14.234915
852	[(3,187),(23,791),(28,2101),(32,2637)]	14.411108
853	[(18,2750),(20,2491),(39,2811),(41,2851),(60,989),(87,1954)]	14.098411
854	[(77,1755),(83,1685)]	14.408323
855	[(9,1565),(52,2664),(77,1621)]	14.365048
856	[(92,2237)]	14.160560
857	[(32,1143),(34,1503),(54,1006)]	14.354884
858	[(23,319),(61,571)]	14.900863
859	[(5,2187),(19,1917),(27,536),(32,1539),(37,351),(68,2556)]	14.454992
860	[(18,1559),(24,2198),(29,1874),(70,1127),(74,2588),(88,646)]	14.207255
861	[(16,2277),(35,1756),(47,1862),(50,1119),(56,1429),(86,1013)]	14.384434
862	[(23,3),(34,1000),(62,313)]	14.470752
863	[(21,62),(39,1506),(52,1579),(76,1993),(83,2037),(84,1724)]	15.100591
864	[(3,1961),(10,2513),(18,1037),(70,2829),(71,1943),(73,978)]	16.582100
865	[(11,1592),(15,2047),(56,1228),(86,1774)]	15.100507
866	[(28,2458),(29,573),(65,2544),(67,750)]	14.304327
867	[(0,2558),(2,2572),(25,2318),(49,13),(62,1672),(80,1640)]	15.013647
868	[(24,1108),(26,988),(84,841)]	14.418270
869	[(19,1557),(22,1610),(34,833),(56,1112),(57,1998),(72,2218),(86,1687)]	14.720624
870	[(17,1323),(32,2808),(35,401),(46,2599),(48,304),(58,397),(67,1640)]	14.348709
871	[(18,2196),(70,2147)]	14.153180
872	[(47,2133),(51,121),(55,1043),(77,261),(91,792)]	14.407185
873	[(12,78),(25,1915)]	14.471788
874	[(1,629),(2,395),(11,615)]	20.114618
875	[(14,1188),(52,1461),(54,2275),(60,91),(81,1503)]	30.498494
876	[(60,289)]	18.070813
877	[(35,297),(36,1199),(78,2122),(79,2346),(89,1541)]	14.922024
878	[(7,1457),(17,2415),(21,2653),(34,1726),(52,1964)]	14.223069
879	[(24,1948),(26,1185),(88,38)]	27.794359
880	[(27,2754),(35,2725),(38,2569),(57,1002),(64,162),(88,2148)]	31.353577
881	[(33,1682),(68,1140),(75,2607)]	30.420950
882	[(11,1224),(15,154),(50,1921),(67,1261)]	29.403399
883	[(29,1782),(43,1129),(66,647),(73,2159),(84,1457)]	29.332876
884	[(2,2210),(58,2237),(80,251)]	30.286805
885	[(18,2030),(20,240),(27,614),(36,1071),(58,611),(71,1562),(72,382)]	28.423374
886	[(31,439),(81,1475)]	28.595512
887	[(34,1193),(52,727),(72,489),(85,944),(86,2536)]	28.132432
888	[(49,1607),(50,1663),(65,1822),(85,967)]	27.905136
889	[(16,114),(21,1102),(25,721),(26,2335),(48,1997)]	30.471271
890	[(38,459),(65,1489),(73,2335),(82,588),(85,1939)]	26.043159
891	[(48,2305),(52,1349),(72,2152)]	28.373679
892	[(25,1617),(32,1086),(70,453)]	31.292742
893	[(9,794),(42,401),(46,2007),(73,1573),(79,2196)]	28.396607
894	[(37,2199)]	28.188061
895	[(9,1364),(59,970),(77,190)]	28.156267
896	[(7,972),(20,1978),(58,1068),(78,1189),(85,1924)]	28.155463
897	[(29,138),(44,1438),(55,1662),(91,2622)]	28.504667
898	[(2,1537),(24,1787),(26,1379),(46,849),(52,928),(78,777),(84,1979)]	29.945864
899	[(20,2257),(40,1393),(67,2880),(92,1962)]	30.856903
900	[(3,2658),(27,1883),(37,1404),(42,1926),(66,2131),(69,1626),(76,812)]	28.947669
901	[(13,482),(15,621),(21,673),(80,3),(84,387)]	28.457385
902	[(28,2173),(45,1253)]	28.510030
903	[(82,1057),(87,1832)]	29.024022
904	[(18,1396),(36,208)]	28.763847
905	[(12,2122),(13,2346),(19,143),(51,2231),(55,363),(83,1204),(85,502)]	28.548257
906	[(47,1982),(52,1723),(61,361),(66,1277)]	28.437478
907	[(6,395),(25,168),(27,2648),(33,413),(63,313),(73,170)]	31.416140
908	[(19,2853),(44,2254),(55,1891)]	28.265045
909	[(3,1116),(14,1593),(61,685),(85,135)]	29.187806
910	[(8,1348),(27,136),(34,1507),(49,2660),(73,2299),(77,2178)]	26.118780
911	[(32,1679),(34,44),(41,720),(44,835),(64,432),(71,174),(75,1210)]	34.762121
912	[(91,1558)]	38.922924
913	[(2,459),(3,194)]	31.363764
914	[(35,1620),(74,2849)]	31.195375
915	[(16,1703),(22,762),(37,728),(44,2429),(81,1721)]	28.454115
916	[(14,2268),(25,2091),(43,1672)]	27.778873
917	[(20,2694),(43,2540)]	29.206631
918	[(0,2136),(29,1884),(69,2444)]	28.120706
919	[(5,1551)]	28.456781
920	[(2,733),(6,358),(59,1768),(73,1641),(74,1950),(84,587)]	29.629734
921	[(27,728),(77,1415)]	27.750857
922	[(0,582),(9,387),(42,435),(56,345),(64,2837),(66,2790)]	29.572219
923	[(3,1985),(13,423),(16,2618),(47,355),(52,272),(69,1635)]	27.982784
924	[(40,911)]	30.389050
925	[(13,1872),(56,1974)]	30.742826
926	[(0,2526),(3,2594),(26,2497),(38,2265),(77,771),(85,1923),(87,1525)]	30.386505
927	[(9,1966),(20,15),(69,1309)]	32.067989
928	[(34,224),(60,628),(74,2559),(76,2017),(86,818)]	26.274252
929	[(0,430),(9,812),(20,2152),(39,14),(45,2467)]	29.100842
930	[(88,2861)]	30.594706
931	[(1,1978),(23,1116),(26,333),(69,1671),(71,1918),(77,2237),(86,1445)]	29.809239
932	[(12,1593),(22,2870),(43,1096),(72,228)]	25.908929
933	[(4,567),(6,965),(11,1952),(17,660),(75,1577)]	27.949848
934	[(47,2061),(54,2038),(88,2455)]	27.481104
935	[(36,2042),(49,2002),(58,20)]	28.424452
936	[(13,694),(46,1641),(54,245),(56,447)]	28.769078
937	[(56,489)]	28.293618
938	[(58,2794),(78,2625),(81,511)]	28.510611
939	[(47,122),(58,2037),(59,634),(92,674)]	28.552148
940	[(23,1372),(47,491),(50,384)]	27.026684
941	[(3,1132),(21,199),(41,2007),(72,1360),(81,1638),(82,528)]	28.078780
942	[(27,2862),(36,1206),(70,344),(90,811),(91,2680)]	27.929633
943	[(6,2208),(64,2821)]	27.233397
944	[(29,1161),(57,1679)]	28.668716
945	[(54,2875),(63,550),(87,2764)]	30.414209
946	[(10,1048),(48,2597),(59,1827),(76,2256),(90,1939),(91,1174)]	30.704139
947	[(3,952),(52,2576)]	29.042407
948	[(21,2668),(22,521),(31,2886),(42,2476),(75,2288)]	28.848941
949	[(41,974),(69,2188),(84,2202)]	36.513149
950	[(16,401),(24,1683),(77,219)]	35.170803
951	[(2,2794),(22,831),(40,487)]	29.488680
952	[(35,1994),(65,1570)]	28.791517
953	[(1,1330),(9,1061),(20,2356),(48,529)]	28.410171
954	[(62,1345)]	28.353939
955	[(21,878),(28,284),(30,394),(42,1197),(70,1615),(81,1603)]	28.118148
956	[(24,584),(28,1417),(51,762),(75,2325)]	28.505621
957	[(40,1623),(45,1906)]	28.634379
958	[(68,145),(70,1074),(91,1571)]	28.551084
959	[(21,1807),(33,54),(44,1312)]	31.191888
960	[(81,1732)]	29.244454
961	[(31,433),(56,2158)]	30.194555
962	[(5,2452),(8,1049),(64,2082),(75,238),(85,1416)]	28.811034
963	[(7,347),(28,2674),(65,856)]	29.149766
964	[(10,2213),(31,670),(38,494)]	31.255341
965	[(4,1064),(38,847),(91,839)]	25.646660
966	[(43,844),(64,1982)]	29.930890
967	[(38,296),(73,2139)]	28.985707
968	[(0,1874),(3,2802),(7,1409),(21,871),(38,2781),(74,2665)]	27.547001
969	[(33,1259),(44,94),(56,524),(57,2223),(59,1522),(71,1793),(92,111)]	29.866516
970	[(23,2498),(35,291),(57,502),(65,755),(90,1252)]	28.561187
971	[(7,646),(9,1987),(31,1807),(43,2123),(67,2051)]	28.061033
972	[(1,520),(61,516),(89,2780)]	28.345939
973	[(1,327)]	29.808985
974	[(2,2285),(3,288),(58,2012),(65,950)]	28.598489
975	[(5,2842),(9,2654),(25,2179),(76,2423),(88,1536)]	28.480193
976	[(62,981)]	27.936143
977	[(41,1022),(55,1031),(72,2130),(78,1687)]	28.227493
978	[(15,1630),(21,2423),(27,1849),(33,1200),(43,1866),(63,2570),(79,992),(89,2310),(91,655)]	28.456715
979	[(5,72),(9,1368),(72,1168),(78,2601)]	31.811574
980	[(18,2409),(52,2287),(72,76),(73,842),(83,1599)]	30.605411
981	[(27,979),(48,677),(90,323)]	28.741259
982	[(38,1256),(39,772),(54,53),(61,2300),(67,2302),(87,1117)]	30.638976
983	[(2,1945),(34,1503),(68,2868)]	28.682732
984	[(6,2618),(12,254),(56,973),(58,1933),(60,147)]	28.803782
985	[(3,1668),(22,1254),(52,1356)]	29.988591
986	[(17,1596),(54,488),(70,1537),(72,992)]	26.189804
987	[(6,197),(17,1803),(58,913)]	33.927159
988	[(38,2399)]	36.907381
989	[(9,672),(29,2557),(76,1981)]	31.716352
990	[(3,1207),(14,2753),(17,196),(70,2609),(84,2016)]	28.699431
991	[(2,1665),(43,1792),(56,851),(85,2664)]	28.405318
992	[(6,1129),(11,1687),(16,2228),(62,1193),(64,1306),(74,44)]	28.533417
993	[(1,315),(20,1206),(21,2231),(25,1711),(35,2198),(41,2169),(55,617),(84,2371),(87,2830)]	27.522397
994	[(23,2036),(55,2835),(88,1426)]	27.343646
995	[(48,2661),(56,2726),(73,2246),(75,183),(79,1330)]	28.966753
996	[(2,2105),(3,980),(27,2743)]	30.046843
997	[(35,918),(36,1752),(37,1179),(43,1124),(44,2710),(86,2357)]	31.673188
998	[(5,2839),(17,1914),(32,2814),(66,607),(86,2604),(88,738)]	31.837430
999	[(29,1297),(38,105),(40,680)]	30.529582
