ruleset_index	matches	time_ms
0	[(17,386),(51,641)]	13.996528
1	[(8,1967),(23,1999),(77,1559),(78,1882)]	17.229074
2	[(55,62),(84,2395)]	13.932242
3	[(19,653),(79,1801)]	14.036660
4	[]	15.831180
5	[(38,1670)]	13.534854
6	[(14,1691),(27,773),(30,98),(56,1419),(82,706)]	13.431521
7	[(51,1770),(54,1894),(55,1267),(76,1815)]	13.357908
8	[(1,398),(10,305),(35,2377),(36,613),(44,2009),(66,1094)]	15.836200
9	[(3,892),(45,2292),(46,1634),(61,2312),(83,1365),(85,572)]	13.639199
10	[(1,693),(26,1777),(49,1075),(74,668),(75,909)]	13.612954
11	[(9,1700),(44,2405),(46,1574),(54,2063)]	13.238909
12	[(15,1687)]	13.519326
13	[(0,80),(11,1952),(38,1146),(46,873),(50,2196),(54,1963),(61,2242)]	13.434996
14	[(33,786)]	13.887278
15	[(10,2368),(17,1217),(52,654),(76,1759)]	14.134469
16	[]	13.450512
17	[(6,1939),(25,318),(62,1188),(72,1201),(74,474),(76,1502),(89,1178)]	13.935002
18	[(3,2303),(35,1772),(56,972),(59,1961),(92,132)]	13.445013
19	[(35,1406)]	13.522604
20	[(26,778),(60,741)]	13.238386
21	[(1,82),(16,2144),(64,259),(79,729)]	13.373137
22	[(12,1967),(58,1254),(90,1219)]	15.056220
23	[(34,2387)]	14.176128
24	[(10,405)]	13.345592
25	[(6,321),(80,1091),(81,703),(86,448)]	13.342844
26	[(7,2117),(17,114),(21,2038),(69,1641),(71,1698)]	15.437652
27	[(12,682),(35,1175),(42,1710),(63,1139),(66,1374),(71,1280)]	17.893253
28	[(9,638),(44,1093),(49,1253)]	14.586883
29	[(8,456),(27,378),(33,1551)]	13.381838
30	[(5,902),(12,344),(32,2389),(39,1808),(55,1493),(78,1824),(87,320),(91,21)]	13.098051
31	[(4,2095),(27,1027),(45,1380),(58,1694)]	13.293946
32	[(35,1566),(80,2186)]	15.895279
33	[(26,2336)]	13.621343
34	[(14,2381),(21,1361),(24,1535),(31,277),(39,1211),(53,1901),(80,761)]	13.321003
35	[(7,1381),(25,1009),(37,1958),(78,2319)]	13.291264
36	[(28,968),(87,2131)]	15.897984
37	[(2,2312),(37,2137),(87,1523)]	26.717196
38	[]	16.044958
39	[(9,283),(10,1116),(51,1412),(53,1978)]	13.572533
40	[(9,618),(19,240),(51,447)]	14.366998
41	[(32,1614),(61,2031)]	13.509515
42	[(36,2321),(48,2320),(63,581)]	14.151092
43	[(89,421)]	13.424552
44	[(7,621),(29,1110),(45,2209),(63,269),(79,2075)]	14.047279
45	[]	14.168059
46	[(63,982),(82,1837),(91,1317)]	13.701949
47	[(87,1771)]	13.614317
48	[(17,2384),(24,1014),(34,1410),(61,656),(81,1962)]	13.344497
49	[(68,2376)]	14.110573
50	[(7,313),(47,917),(52,2254),(68,1486),(80,1185),(81,658),(91,628)]	13.282229
51	[(75,1988)]	13.999256
52	[(57,1450)]	13.564180
53	[(23,1994),(40,899),(51,2091)]	13.168824
54	[(20,1385),(51,2399),(57,1612),(91,1029)]	13.572894
55	[(8,2320),(18,1583),(36,247),(46,694),(51,999),(54,2145)]	13.298264
56	[(17,1789),(35,743),(62,89),(65,361),(69,880),(77,756)]	13.449623
57	[]	13.570423
58	[(38,1250),(63,1695),(64,1088),(84,2321),(92,746)]	14.547553
59	[(91,1687)]	13.761093
60	[(6,1009),(24,1258),(66,1921),(75,1694)]	13.594674
61	[(57,340),(60,1562),(92,200)]	13.324621
62	[(50,1086),(52,293)]	13.164535
63	[(0,331),(50,927),(75,285)]	13.155287
64	[(4,2164),(64,1978)]	13.214744
65	[(49,1185),(53,1591),(55,1466),(70,379)]	13.359393
66	[(2,1243),(12,1625),(35,306),(50,8),(51,1275),(72,951)]	13.321517
67	[(10,1221),(25,2121),(26,2373),(47,2064),(48,2198),(67,243),(71,808)]	13.373183
68	[(10,1103),(34,1835),(59,1205),(81,1173),(87,802)]	13.077065
69	[(37,1814),(38,128),(40,1916)]	15.425584
70	[(1,1340),(26,1889),(39,1686),(43,1471),(68,1866),(69,41),(85,1706),(89,2102)]	13.753315
71	[(4,1578),(51,1756),(53,663),(77,1091)]	13.322089
72	[(6,1773),(18,2148),(37,461)]	16.194833
73	[(46,1063),(68,763)]	13.394500
74	[(12,1549),(13,41),(63,2313),(89,1346)]	13.194795
75	[(21,202),(28,54),(80,251)]	13.811262
76	[(1,395),(68,1008),(72,1195)]	13.358931
77	[(55,812),(87,397)]	13.460666
78	[(52,704),(72,1250)]	13.709402
79	[(3,2336),(54,1469)]	14.077398
80	[(7,1563),(14,1265),(55,804),(64,371),(70,1201),(78,1156),(83,2224)]	13.785725
81	[(15,2280),(43,402),(91,657)]	13.533774
82	[(65,544),(80,73),(82,2119),(86,1303)]	13.810173
83	[(18,1574),(19,2302),(20,2137),(21,1255),(63,1020),(72,309)]	13.304309
84	[]	13.758399
85	[(3,322),(8,312),(20,86),(33,1984),(55,1166)]	13.270114
86	[(22,2234),(47,1237),(71,282)]	13.161281
87	[(26,2229),(31,1375),(51,447),(61,507),(84,2006)]	13.398106
88	[(2,339),(55,1685)]	13.993421
89	[(32,2266)]	14.020831
90	[(18,71),(26,876),(49,1213),(91,2294)]	13.442782
91	[(44,351),(78,1618),(84,1081)]	13.404056
92	[(2,694),(22,638),(84,831)]	13.228520
93	[(27,717),(33,1074),(36,1909),(55,1850),(83,1883)]	13.621089
94	[(33,229),(54,2129),(70,1664)]	13.419447
95	[(18,952),(20,939),(23,2135),(61,662),(76,2055)]	13.509846
96	[(24,2407),(47,1751),(54,76),(65,911)]	14.153172
97	[(3,2374),(5,2082),(7,2296),(51,662)]	14.446257
98	[(12,1545),(70,1816)]	18.296763
99	[(18,2317),(58,1080),(74,659)]	15.696374
100	[(22,1131),(58,589),(69,881),(88,2042)]	13.976004
101	[(2,1101),(9,2053),(11,1473),(52,134)]	14.459456
102	[(4,1056),(5,548),(34,2204),(90,1601)]	13.327398
103	[(59,954),(85,2166),(90,2277)]	13.296164
104	[(15,472),(28,1680),(50,2140),(86,298)]	13.294914
105	[(36,2075)]	13.556768
106	[(21,998),(37,2293),(61,1329),(80,1746)]	13.745267
107	[(25,1041),(67,1185)]	13.211708
108	[(34,1003),(78,2406)]	13.185269
109	[(27,444),(33,1766),(38,486),(56,838),(61,398),(67,1615),(71,2238),(85,303)]	13.933838
110	[(20,1445),(26,593),(50,2060),(62,2302),(63,2137),(80,1214)]	15.883536
111	[(31,773),(72,2211),(74,1146),(87,354)]	26.779778
112	[(10,1920),(33,707),(40,964),(63,87),(74,634)]	16.647453
113	[(43,2143),(65,1763),(67,295),(74,1033)]	13.223887
114	[(3,2229),(61,346),(75,543)]	14.706127
115	[(3,1899),(4,2043),(31,1162),(40,1790)]	14.143563
116	[(38,2171)]	15.632129
117	[(26,1472),(27,1467),(35,6),(44,866)]	13.226928
118	[(6,296),(77,476)]	13.619285
119	[(28,2013),(30,1260)]	13.347271
120	[(10,2000),(24,258),(51,663),(69,457),(76,296),(80,1774)]	13.239792
121	[(19,2284),(34,664),(57,1586)]	13.812366
122	[(10,1980),(20,1113)]	13.060789
123	[(36,1835),(64,545),(76,1395)]	13.302018
124	[(9,1525),(24,500),(41,1333),(44,631),(85,1548)]	13.717168
125	[(56,702)]	13.392802
126	[(25,459),(50,2293)]	13.161783
127	[(49,1430),(52,1460),(77,1954)]	12.982684
128	[(11,427),(20,1792),(39,659),(46,128),(57,1517),(89,1734)]	13.023152
129	[(20,372),(45,180)]	13.686609
130	[(7,1425),(18,2350),(81,902),(92,2404)]	13.379627
131	[(48,1048),(53,190),(86,1141)]	13.425989
132	[(37,100),(44,1839),(55,1309)]	13.346557
133	[(15,1051),(41,2095),(77,1749)]	13.150762
134	[(15,2240),(39,43),(72,1986)]	13.819364
135	[(84,1297)]	14.526265
136	[(9,2327),(37,2369),(54,53),(66,942),(82,2042)]	13.509020
137	[(43,232),(78,164),(80,1490)]	14.044317
138	[(1,1992),(13,807),(34,1990),(67,1294)]	13.165031
139	[(13,2152)]	13.242256
140	[(11,446)]	14.589227
141	[(9,1707),(14,1244),(45,1581),(77,685),(92,1745)]	13.962017
142	[(43,980),(50,587),(67,1204)]	13.628065
143	[(48,902),(60,1805),(63,1028)]	16.082912
144	[(30,2147),(31,716),(58,316),(82,2174)]	13.766049
145	[(0,494),(23,1711),(42,1150)]	13.301939
146	[(7,829),(22,1913),(37,1736),(46,867),(87,1499)]	14.637155
147	[(41,578),(64,1564)]	14.071112
148	[(56,630),(75,812)]	13.423826
149	[(75,1391)]	13.338949
150	[(1,2022),(56,1828),(73,2398)]	13.347743
151	[(41,258),(64,500),(86,1268)]	15.674666
152	[(0,79),(10,1787),(30,986),(59,584),(60,1517),(84,1464)]	13.350675
153	[(44,1005),(58,529),(62,64)]	13.650274
154	[(47,108),(54,1853)]	13.367834
155	[(57,392),(71,1751),(86,1963)]	13.889795
156	[(9,131),(13,2306),(65,1008),(71,1339),(86,450)]	13.238486
157	[(37,2399)]	13.497377
158	[(20,171),(25,1191),(27,562),(73,2096),(78,1176),(90,870)]	13.263393
159	[(55,510),(88,1607)]	13.220975
160	[(24,2135),(63,1615),(72,1438)]	13.544362
161	[(8,720),(65,718)]	13.561898
162	[(22,315),(59,82),(60,2159),(62,168),(63,508),(83,707)]	13.372833
163	[(84,360)]	13.287770
164	[(2,1981),(33,2087),(64,465),(65,629),(75,1314),(81,1117),(84,2251)]	13.510847
165	[(5,271),(9,1748),(69,444)]	13.283594
166	[(5,324),(47,1404),(54,1732),(55,858)]	14.186180
167	[(37,2328),(42,2317),(80,318)]	13.327304
168	[(10,224),(13,1028),(64,2026)]	13.491939
169	[(28,436),(36,2273),(74,633),(86,2211),(89,1626)]	17.112156
170	[(6,1448),(19,20),(46,663),(73,1833),(78,1125)]	17.992290
171	[(57,2177),(64,1438),(68,1939)]	13.650296
172	[(5,750),(10,1343),(60,1495)]	13.250877
173	[(26,1199),(83,1152)]	13.217981
174	[(9,1632),(88,1158)]	13.623111
175	[(47,1732),(48,858),(53,1799),(63,963),(81,1674)]	13.109018
176	[]	13.290132
177	[(26,1808),(49,1095),(82,731)]	13.110173
178	[(24,77),(82,1135)]	13.219519
179	[(10,138),(40,1183),(41,1801),(44,1065),(53,2060),(91,2305)]	14.399294
180	[(1,1894),(25,2207),(33,50),(54,1562),(59,1310)]	13.125258
181	[(4,2107),(34,593),(91,1417)]	13.130974
182	[]	13.081960
183	[(14,1583),(25,1904),(29,1925),(37,1750),(91,274)]	13.381796
184	[(51,1762),(85,1450)]	15.684084
185	[(1,516),(34,1844),(37,1450),(41,762),(58,1094),(60,2201),(77,331),(84,2273)]	26.588545
186	[(13,1007),(45,923),(76,1929)]	17.938773
187	[(6,292),(24,847),(55,1869),(58,2052),(82,302)]	14.082103
188	[(89,1676)]	18.923560
189	[(1,401),(16,202),(31,2104),(47,604),(65,855)]	14.122009
190	[(20,427),(48,1001),(69,683)]	13.049681
191	[(32,1697),(39,223),(78,1690),(83,1694)]	13.421806
192	[(1,1456),(33,752)]	15.112273
193	[]	13.372141
194	[(2,315),(34,999),(42,1977),(54,2356),(82,429)]	13.287274
195	[(12,2182),(49,247),(72,1269)]	13.089612
196	[(19,220)]	13.726224
197	[(11,1591),(22,2070),(59,997),(89,1646)]	13.360599
198	[(24,1835),(36,646),(46,1193),(50,321),(74,1479)]	13.383417
199	[(21,579),(30,57),(74,1174)]	13.481592
200	[(24,900),(78,1913)]	13.992991
201	[(23,1501),(28,656),(32,1244),(49,909),(58,574),(62,1246),(82,926)]	16.542293
202	[(29,2045),(46,2112),(53,463),(73,686)]	13.263554
203	[(11,2070),(17,534),(87,321)]	13.483114
204	[(7,1426),(14,422),(17,885),(39,1958),(54,1820),(61,1791)]	13.521934
205	[(18,476),(33,2021),(40,2118),(46,491),(86,382)]	13.957997
206	[(20,2236)]	13.307909
207	[(8,96),(57,1520)]	13.194658
208	[(0,1174),(1,11),(21,1205),(74,707),(80,1199),(86,1733)]	15.851328
209	[(22,2023),(57,2256),(81,581)]	13.362854
210	[(45,871),(67,754),(84,1904)]	13.315958
211	[(6,184),(26,594),(35,221),(41,1759),(60,1726),(66,49)]	14.874859
212	[(7,732),(85,1600)]	13.747730
213	[(8,2390),(17,1481),(41,1742),(64,1054),(73,198)]	13.963530
214	[(25,660),(68,846),(88,45)]	16.964752
215	[(1,1415)]	14.716108
216	[(0,472),(14,1072),(40,1384),(50,2257),(53,1977),(61,1125),(85,1341)]	13.841095
217	[(6,1233),(40,1637),(57,2083),(91,368)]	16.022694
218	[(2,2114),(3,1125),(24,983),(49,156),(56,1403)]	13.695010
219	[(15,910),(43,1086),(64,166),(68,1814),(69,128),(74,300),(82,1810)]	13.745328
220	[(34,1795),(83,786)]	13.454327
221	[(50,2036),(76,1347),(91,1603)]	14.043701
222	[(23,1865),(29,85),(58,1857),(82,1731)]	13.681425
223	[(37,549),(45,1832),(50,1743)]	13.314061
224	[(5,238),(8,2079),(20,1208),(45,582),(65,2114),(69,2221),(89,1015)]	13.507015
225	[(34,2401),(43,471),(51,2244),(69,1428),(86,2401)]	13.696451
226	[(66,799),(76,1135),(79,2191),(82,70)]	13.898703
227	[(25,294),(59,849)]	15.004495
228	[(5,2322),(9,194),(38,2192),(75,2280),(82,1879)]	15.817230
229	[(63,1051),(88,1509)]	15.238388
230	[(2,366),(3,1498),(32,328),(65,258),(73,1906),(74,872)]	15.234296
231	[(8,1234),(55,796),(65,1077),(92,589)]	15.520936
232	[(1,273),(10,618),(38,1833),(42,1197)]	15.121362
233	[(29,2127),(77,2039)]	15.000474
234	[(45,434)]	16.418914
235	[(29,20),(59,684),(65,1552),(68,1347),(89,223)]	14.021824
236	[(4,581),(13,282),(18,979),(41,2058),(47,1026),(60,626)]	13.986570
237	[(16,1960),(32,997),(89,755)]	14.013912
238	[(6,2373),(31,2331),(56,80),(60,957),(70,1900)]	17.449660
239	[(30,152)]	17.534379
240	[(1,1365),(12,893),(13,1413),(43,1583),(46,355)]	13.890081
241	[(4,2261),(48,1814),(59,1211)]	13.642661
242	[(0,406),(42,1183),(47,90),(63,2131),(87,1949),(88,712),(92,929)]	13.408932
243	[(7,1380),(87,654)]	13.134741
244	[(17,1920),(57,96),(87,1963)]	13.278732
245	[(6,1591),(61,928),(89,786)]	13.741818
246	[(6,628),(57,2026),(61,1086),(76,357),(82,1141)]	16.077725
247	[(31,744),(50,2066),(73,860)]	13.809456
248	[(73,1992)]	14.169231
249	[]	13.653598
250	[(19,592),(51,1815),(76,193),(92,1220)]	13.290439
251	[(47,100),(73,564),(84,2301)]	13.658543
252	[(17,1150),(52,404),(68,343)]	13.371273
253	[(20,2305),(64,104),(71,1230),(73,1776)]	13.435179
254	[(7,501),(21,1081),(56,2346)]	13.555955
255	[(18,2073),(57,1868),(60,385),(70,959),(84,542)]	13.660103
256	[(49,1260)]	21.431316
257	[(4,804),(39,1615),(60,1267),(64,2127)]	23.977843
258	[(34,489),(44,1223),(53,1399),(60,713),(91,1178)]	13.665013
259	[(35,306),(37,2221),(39,762)]	13.272542
260	[(21,1029),(64,2262)]	13.158651
261	[(6,173),(7,909),(24,739),(59,1141),(85,2249)]	13.990772
262	[(50,1383),(57,509)]	13.604089
263	[(13,254),(33,1868),(40,1094),(48,1991),(51,2362),(64,1378)]	13.160010
264	[(0,1748),(53,131),(76,639)]	13.854365
265	[(3,1442),(11,1007),(32,685),(49,737),(53,1730),(62,1400),(65,1338)]	13.219429
266	[(18,915),(33,2206),(40,1294),(68,2259),(84,755)]	13.665851
267	[(23,94),(34,97)]	13.647075
268	[(13,604),(42,854),(76,1528)]	19.204479
269	[(38,539),(52,1461),(54,889),(58,1616),(60,395),(62,1285)]	13.893976
270	[(0,1566),(11,2075),(22,1878),(43,302),(56,660)]	13.306660
271	[(3,101)]	13.410295
272	[(0,1792),(7,1805),(20,1765)]	13.448112
273	[(60,1212),(62,1565),(71,2008),(85,1295)]	13.995284
274	[(46,589),(72,61),(81,1392),(84,1635)]	13.687000
275	[(10,1364),(30,278),(44,360),(53,2334),(54,580)]	13.353053
276	[(61,1256)]	13.224694
277	[(33,1723)]	13.744354
278	[(44,1521),(89,333)]	13.315176
279	[(6,1806),(21,2319),(31,1118),(69,2115)]	13.494267
280	[(27,874),(29,2261),(43,2034),(46,262),(80,476)]	13.165791
281	[(5,2397),(26,1878),(31,3),(61,755)]	15.701309
282	[(4,1347),(8,1460),(84,685)]	13.338225
283	[(21,1610),(58,174)]	13.449327
284	[(22,1375),(26,1664),(70,1325),(83,1831)]	16.256755
285	[(1,1349),(11,2218),(14,883),(52,1416),(91,1966)]	13.769821
286	[(30,2011),(37,2078),(72,1061)]	13.414001
287	[]	13.102333
288	[(11,850),(54,223),(65,1312),(90,1844)]	13.412067
289	[(1,1783),(23,2167),(39,2169),(75,59)]	13.192900
290	[(33,1619),(45,2012),(70,239),(83,1771)]	13.510488
291	[(21,1000),(30,1226),(31,2146),(78,71),(87,110)]	13.991432
292	[(16,676),(21,30)]	13.356084
293	[(71,1856),(79,2191)]	13.215615
294	[(20,1987),(32,1669)]	13.181213
295	[(88,881)]	13.455955
296	[(28,2255),(37,139),(91,85)]	13.368829
297	[(4,617),(48,2234),(56,667)]	13.413891
298	[(0,596),(22,623),(26,2197),(34,1850),(77,1097)]	13.234975
299	[(28,2120)]	13.198738
300	[(14,220),(21,2348),(23,1151),(42,1596),(74,1823),(90,1685)]	14.183906
301	[(89,1065)]	13.569644
302	[(18,1151),(22,531),(34,1095),(87,442)]	13.496234
303	[(50,963)]	13.108383
304	[(8,1746),(67,575),(82,1545)]	13.543386
305	[(32,2216),(44,1068),(54,1701),(81,718)]	13.514859
306	[(5,1760),(22,448),(36,1546),(92,800)]	13.147962
307	[(30,2238),(42,1089),(79,1383),(84,225)]	13.595852
308	[(9,1475),(39,332),(43,2267),(79,1372),(84,972)]	13.476657
309	[(15,538),(21,1855),(55,1681),(58,1370),(84,362)]	15.816670
310	[(51,2172),(52,377)]	17.612612
311	[(79,1396),(92,885)]	13.965918
312	[(15,1040)]	13.397575
313	[(46,859),(55,1930),(59,1629),(69,869),(72,800)]	13.536419
314	[(17,1245),(84,1074)]	13.292546
315	[(13,1751),(71,891),(76,76),(87,2365)]	14.353472
316	[(6,133),(47,950),(74,558)]	13.430569
317	[(2,1183),(13,661),(28,1649)]	16.220669
318	[(4,45),(37,1912),(65,157),(86,310)]	13.871205
319	[(2,1697),(22,2163),(48,15),(68,1332)]	14.555506
320	[(0,1748),(21,1934),(37,778),(41,2011),(46,2336),(61,22),(73,2008)]	13.355780
321	[(61,669),(66,1967),(79,276)]	13.751455
322	[(14,427),(31,1047),(37,2084),(62,962),(64,785)]	14.186612
323	[(2,1977),(35,701),(52,758),(84,1171),(87,727)]	13.510991
324	[(11,2168),(36,1201),(38,474),(80,2179),(85,1463)]	13.484758
325	[(8,308),(9,2107)]	13.364145
326	[(69,1386),(83,396)]	13.235197
327	[(10,1188),(27,1359),(47,192),(66,787)]	13.647728
328	[(42,591),(56,447)]	14.770427
329	[(10,1495),(31,2182),(32,784),(41,1941),(76,1314)]	16.891919
330	[(45,1523),(66,2181)]	27.018607
331	[(7,1586),(73,669),(80,351)]	19.758348
332	[(33,912),(72,1752),(73,44)]	14.196206
333	[(28,2265),(83,1923)]	13.380061
334	[]	13.447708
335	[(30,1447),(66,549),(67,2178),(91,325)]	13.286867
336	[(49,1806),(84,441),(85,370)]	13.744659
337	[(68,1807),(69,1431),(78,2352)]	13.517995
338	[]	13.397366
339	[(54,1002),(58,1392),(59,2003),(63,199),(64,1597),(70,1777)]	16.172436
340	[(26,1463),(56,22),(76,2289),(83,1064)]	14.827364
341	[(14,584),(15,1517),(34,2040),(40,1225),(58,1104),(63,333),(72,223)]	13.485221
342	[(1,2036),(22,1718)]	13.302810
343	[(3,1027),(11,317),(19,1208),(36,2034),(40,290),(46,1731),(91,1425)]	13.657766
344	[(47,1702),(55,2009),(92,1819)]	13.417557
345	[(6,1185),(16,1659),(56,2322)]	13.351009
346	[(15,1522),(27,1998),(62,340),(64,845),(76,555)]	13.285957
347	[(27,2309),(63,799)]	13.092029
348	[(60,1572),(83,2296),(87,668),(91,1488)]	13.666455
349	[(24,1330),(26,1102)]	13.314344
350	[(23,1196),(40,1300),(73,1269),(88,2402),(92,2298)]	13.227096
351	[(19,951),(62,674),(90,1680)]	13.540438
352	[(20,593),(47,481),(65,1928),(87,661)]	15.454721
353	[(13,604),(28,1510),(32,1680),(33,2256),(90,2246)]	14.026189
354	[(9,1011),(46,1991),(52,269),(54,1683),(66,639),(78,818)]	13.645636
355	[(1,1342),(12,322),(48,722),(67,579),(68,1316)]	16.297682
356	[]	13.611793
357	[]	13.352002
358	[(2,1243),(42,897),(62,951),(72,2230)]	13.548870
359	[(29,1829),(82,2129),(89,32)]	13.231218
360	[(0,1091),(24,1777)]	13.185283
361	[(43,1228),(82,1888)]	13.321129
362	[(33,1546),(82,134),(90,1112)]	13.435186
363	[(22,220),(44,1013),(54,1841)]	13.236060
364	[(11,212),(12,37),(21,982),(50,2210),(75,2180)]	13.259975
365	[(21,835),(69,2056)]	13.137406
366	[(2,1582)]	13.474954
367	[(39,1339),(40,1520),(77,1601)]	13.295388
368	[(30,323),(71,1431)]	13.244565
369	[(50,518),(64,537),(91,1526)]	13.470008
370	[(2,847),(68,1215)]	13.193479
371	[(16,394)]	13.453543
372	[(31,73),(53,1085)]	14.901625
373	[(9,2031),(17,829),(51,824),(53,1950),(63,1956),(64,2338),(70,912)]	13.959413
374	[(27,1315),(68,2175)]	14.313437
375	[(18,2322),(30,1954),(61,253)]	13.870886
376	[(19,2081),(43,656),(76,153),(89,1964)]	13.987211
377	[(13,1312),(44,958),(64,670),(72,966)]	13.397033
378	[(20,1985),(38,586)]	13.616472
379	[(7,715),(43,1208)]	13.860470
380	[(16,520),(40,1849),(69,87),(89,887)]	18.218392
381	[(2,2253),(10,1957),(43,835),(49,1860),(56,692),(77,2396)]	16.346493
382	[(24,1834),(68,326),(83,602)]	14.038737
383	[(25,281),(53,2284)]	13.158970
384	[(2,1201),(5,1361),(53,1846),(90,122)]	13.598694
385	[]	13.970212
386	[(60,1039),(64,1066),(81,1504)]	15.064198
387	[(18,1184),(21,1451),(22,1404),(58,1701),(60,2171),(78,1280)]	13.672895
388	[(31,2269),(71,2020)]	13.413432
389	[(20,1662),(25,1055),(42,11),(60,451)]	13.452877
390	[(13,1850),(31,971),(84,37)]	13.652548
391	[(10,1726),(22,2094),(23,1880),(24,2357),(42,1163),(46,1030),(71,1427),(75,1296),(76,491)]	14.016381
392	[(16,2287),(47,838)]	13.454743
393	[(7,74),(56,2269)]	13.434581
394	[(9,810),(21,649),(37,1662),(46,304),(75,600)]	13.425292
395	[(3,819),(8,402),(35,2150),(60,2162),(66,1623),(76,1568)]	13.290732
396	[(46,2260),(63,2219)]	13.466669
397	[(53,952),(57,1939),(74,1523),(85,874)]	13.411852
398	[(10,1656),(26,653)]	13.506491
399	[(51,2172),(52,377)]	13.701885
400	[(33,907),(34,1968)]	14.091257
401	[(30,2232),(40,1823),(54,890)]	13.628967
402	[(30,871),(40,112)]	13.609699
403	[(21,1299),(71,2019),(80,391),(91,752)]	19.908685
404	[(16,260),(24,536),(46,2242),(48,1264)]	25.718431
405	[(12,1565),(47,1800)]	13.941007
406	[(35,2202),(84,1488)]	13.231569
407	[(3,361),(33,2261),(53,631),(89,1622),(92,118)]	13.752546
408	[(43,433)]	15.204261
409	[(37,2258),(45,5),(46,1379),(70,704),(91,1478)]	14.051649
410	[(5,96),(35,1230),(38,2316),(46,410),(83,1756),(92,355)]	13.866224
411	[(2,1346),(5,1969),(66,2261),(75,1491)]	17.538215
412	[(5,334),(19,1624),(29,1322),(37,1412),(45,484),(79,1004)]	18.856720
413	[(17,1039),(28,685),(43,1094)]	16.706040
414	[(8,70),(26,2400),(31,249),(43,2058)]	15.987684
415	[(4,1797),(19,1642),(30,1506),(35,1611),(50,72),(51,531),(90,925)]	17.061237
416	[(0,2082),(12,1520),(36,697),(37,288),(44,819),(47,1281),(69,1274),(72,647),(78,1575)]	14.149706
417	[(2,413),(9,1798),(30,78),(37,1787),(56,430),(64,850),(85,1751),(90,425)]	15.611620
418	[(7,991),(8,2156),(27,452),(31,1862),(41,34)]	14.802121
419	[]	13.467344
420	[(68,441),(81,176),(89,1124)]	13.510259
421	[(2,1790),(79,507),(81,756)]	14.937071
422	[(25,357),(31,499),(78,2229),(90,1449)]	13.856849
423	[(73,1833)]	14.841975
424	[(37,1027),(52,560)]	13.669929
425	[(4,1675),(25,1360),(55,1633)]	16.068162
426	[(7,1111),(55,1478)]	13.223099
427	[(1,59),(27,20),(74,619),(75,659)]	13.361066
428	[(8,354),(28,48),(73,2163),(84,1533)]	13.998387
429	[(22,270),(38,1707),(71,533),(91,911)]	13.653249
430	[(38,972),(69,734)]	13.536530
431	[(20,1009),(50,1134),(73,1636),(89,689)]	14.051978
432	[]	13.020517
433	[(20,381),(36,753),(76,742),(87,2196)]	13.318310
434	[(31,1697),(52,518),(90,1606),(92,1143)]	13.156818
435	[(6,1378),(15,234),(23,149),(45,2078),(52,325),(60,1032),(75,736),(88,1613)]	13.733136
436	[(24,1600),(42,1917),(84,1717)]	13.402497
437	[(6,433),(21,1202),(72,2151),(91,2350)]	13.319192
438	[(24,778)]	13.229481
439	[(13,1885),(32,360),(92,1617)]	13.506009
440	[(40,370),(69,448),(81,1735)]	13.274480
441	[(51,1396),(67,1027)]	13.810825
442	[(8,1154),(20,667),(25,181),(63,964),(65,1005),(75,398)]	13.401955
443	[(21,351),(48,1678)]	13.546837
444	[(8,423),(52,2140),(53,745),(85,2296)]	14.654952
445	[(9,2331),(18,584),(27,2133),(50,113),(80,2059),(81,1042),(89,619)]	29.415225
446	[(1,2242),(5,2101),(20,1963),(30,82),(39,1201),(44,1329),(82,882)]	27.891203
447	[(17,220),(18,1477),(44,1069),(58,206),(71,1808),(76,937)]	28.898300
448	[(0,648),(46,1516),(69,1613),(91,390)]	26.873471
449	[(16,1834),(20,159),(88,2328)]	26.600599
450	[(18,2341)]	26.765633
451	[(9,2131),(11,1133),(14,47),(20,2345),(38,1020),(57,671),(68,2289),(72,1947),(87,1849)]	27.310951
452	[(11,89),(32,1191),(37,712),(57,2297)]	29.311244
453	[(16,225),(40,2163),(43,2176)]	24.046610
454	[(26,1551),(36,2274),(40,189)]	25.727081
455	[(43,1735),(61,2162)]	25.908265
456	[(4,940),(21,2192),(37,556),(45,1327),(47,1956),(60,1572),(78,1931)]	28.067386
457	[(8,2114),(9,1125),(17,955),(33,360),(72,1442),(82,1801)]	24.460222
458	[(12,629),(65,463)]	27.261549
459	[(27,1461)]	27.346146
460	[]	26.917574
461	[(21,587),(57,2039),(85,829)]	36.019263
462	[(24,475),(27,43),(58,345),(89,2376)]	33.124514
463	[(5,883)]	29.287583
464	[(50,2276),(80,1059)]	26.648609
465	[(5,543),(8,321),(27,1723)]	26.158891
466	[(13,1440)]	26.200621
467	[(40,864),(48,1653)]	26.196219
468	[(13,1912),(25,869),(36,1041),(48,1401),(64,1404),(78,741),(81,787),(84,222)]	26.411595
469	[(21,37),(26,1199),(34,991),(43,713),(69,38),(70,291)]	26.453642
470	[(1,225),(71,719),(80,1275)]	26.979921
471	[(28,1462),(65,1467),(85,674),(88,620)]	30.040518
472	[(8,84),(14,594),(62,1152)]	26.866941
473	[(33,1362)]	27.009315
474	[(2,2270),(21,1677),(33,1824),(43,455)]	26.741763
475	[(56,1993),(89,729)]	27.497061
476	[(0,2126),(10,564),(28,367),(43,1882)]	26.681120
477	[(40,1890)]	26.216572
478	[(25,518),(30,2342),(56,1880),(59,997),(65,1778)]	28.306727
479	[(27,1403),(38,1501),(47,1085)]	24.663089
480	[(26,1834),(48,2140),(52,2170),(66,402),(86,1528)]	26.246736
481	[(13,886),(19,664),(59,935)]	25.872136
482	[(12,719),(26,1949),(31,772),(40,1376),(80,1955),(91,340)]	25.443515
483	[(3,674)]	26.591115
484	[(39,1015),(62,1051),(65,1878),(67,2372),(70,183),(72,2129)]	27.717456
485	[(1,2271),(24,505)]	26.042001
486	[(7,1074),(71,913)]	26.332892
487	[(12,741),(58,1368),(71,2000)]	25.612870
488	[(22,2222),(47,104)]	26.086904
489	[(39,468),(60,1995),(67,1981)]	26.234923
490	[(3,49),(22,1702),(30,788),(72,1813)]	25.688753
491	[(0,1972)]	26.316312
492	[(53,677),(63,605)]	25.497737
493	[(3,242),(17,2071),(64,359),(69,2099)]	25.610309
494	[(51,831)]	25.988082
495	[(16,788)]	25.871847
496	[(3,1239),(12,1717),(22,2300),(30,1761),(78,851),(84,271)]	26.794101
497	[(18,192),(31,2006),(73,1509)]	26.365755
498	[(7,802),(51,1876)]	25.992996
499	[(0,1563),(7,450),(22,538),(57,719),(71,962)]	26.215443
500	[(4,46),(27,1836),(29,969),(32,2283),(56,427)]	30.563256
501	[(58,508)]	26.576775
502	[(61,2389),(82,757),(85,1437),(91,1134)]	29.692979
503	[(74,140)]	30.188169
504	[(8,1610),(12,2063),(32,2329),(34,1613),(41,490),(92,21)]	27.078989
505	[(2,1947),(49,1809),(92,1181)]	26.016358
506	[(50,256),(51,1498),(69,74)]	26.190289
507	[(61,1124)]	30.034221
508	[(60,321)]	29.536754
509	[(10,495),(26,2203),(60,1831),(63,1883),(75,1520),(84,1632),(86,1685)]	28.232175
510	[(23,1431),(80,2190)]	26.532680
511	[(24,1411),(37,2131),(73,1769)]	26.500541
512	[(22,544),(29,737),(34,937),(41,452),(43,1450),(48,405),(59,1178)]	27.912893
513	[(22,2274),(23,1749),(30,564),(37,852),(46,620),(83,2288)]	24.134126
514	[(15,1132),(80,1138)]	25.833391
515	[(17,406),(59,1296),(60,491)]	27.000982
516	[(4,99),(28,1252),(35,649),(84,1028)]	25.581955
517	[(31,1104),(37,61),(74,107),(77,655),(83,1612)]	27.448111
518	[(63,297)]	27.292095
519	[(22,1349),(63,58),(75,2121),(87,692),(92,2283)]	27.466637
520	[(22,2359),(25,1028),(64,1547),(73,944)]	26.890696
521	[(64,1834),(75,1064)]	29.366632
522	[(9,1370),(11,1024),(41,1017)]	27.756150
523	[(42,409),(44,120),(48,2405)]	26.195842
524	[(21,2224),(32,2158),(83,2393),(91,1637)]	27.600745
525	[(89,36)]	26.447059
526	[(68,168)]	27.165247
527	[(13,1302),(52,436)]	26.682071
528	[(3,431),(36,1159),(58,383)]	26.838755
529	[(41,368),(50,483)]	26.387392
530	[(4,2026),(22,1909),(38,290)]	26.654071
531	[(2,1259),(13,1179),(15,1948),(29,618),(37,1870),(59,676),(87,2347)]	27.968511
532	[(26,2199),(65,828),(73,2385)]	26.321291
533	[(0,295),(5,1819),(8,1574),(9,2302),(66,1670),(68,1682)]	26.702588
534	[(1,1660),(48,808)]	27.575637
535	[(28,1393),(60,174),(65,1126),(89,1361)]	27.334740
536	[(21,1828),(39,164),(40,572),(71,598)]	27.155958
537	[(20,984),(23,499),(37,1428),(46,1210),(83,627)]	27.502456
538	[(26,59),(28,183),(75,491),(83,1738),(85,2148)]	26.696247
539	[(3,1660),(29,788),(35,795),(84,2196),(86,980)]	25.794617
540	[]	27.325393
541	[(41,2097),(72,112),(73,1970),(82,822)]	29.116500
542	[]	34.494811
543	[(3,713),(47,617),(56,1859),(67,2295),(70,569),(80,26),(89,50)]	27.042723
544	[(0,262),(17,570),(62,2233)]	29.978292
545	[(34,2316),(60,1715)]	25.605375
546	[(4,1764),(66,1398)]	28.480926
547	[(24,134),(32,901),(56,275)]	25.786644
548	[(1,1109),(29,625),(43,2259),(45,1144),(55,547),(71,1118),(74,785)]	26.471843
549	[(2,2043),(20,804)]	26.178997
550	[(6,834),(17,925),(30,2170)]	25.727980
551	[(10,97),(13,2337),(27,926),(34,1561)]	25.449177
552	[(21,2120),(29,2366),(56,618),(70,546)]	25.746886
553	[(21,1384),(34,45)]	25.401687
554	[(15,1810)]	25.504572
555	[(37,1536)]	25.668862
556	[(5,1743),(45,2233),(66,2269),(70,997),(80,1272),(82,1589),(86,1948),(92,674)]	26.042258
557	[(5,534),(70,1820),(90,1855)]	25.502356
558	[(20,775),(56,325),(57,1483),(76,2111),(81,161)]	29.572954
559	[(27,1225)]	28.927675
560	[(25,1734),(63,425)]	26.818555
561	[(29,563),(56,2319),(57,2176),(65,313)]	26.166834
562	[(19,1060)]	25.787650
563	[(55,1925),(60,761)]	26.145740
564	[(4,1452),(11,645),(16,1463),(44,806),(47,1003),(67,2123),(72,1302),(88,220)]	28.695956
565	[(11,1327),(15,600),(84,1678),(86,2266)]	28.395391
566	[(30,778),(41,1335),(52,2015)]	28.848769
567	[(5,2215),(83,2183)]	32.207511
568	[(40,69),(53,1236),(62,1350),(76,1775)]	27.427002
569	[(3,90),(36,541),(61,2187),(91,2352)]	28.082694
570	[(12,2264),(64,100),(73,2248),(88,1970)]	24.156540
571	[(20,1655),(63,1392)]	25.763025
572	[(45,1361)]	27.678317
573	[(41,757),(44,790),(55,2098),(61,1387)]	26.423944
574	[(50,511)]	31.078590
575	[(3,939),(7,2295),(63,2071)]	28.082498
576	[(54,2104),(86,610)]	28.089511
577	[(5,1678),(48,1276)]	26.716222
578	[]	27.084188
579	[(5,1291)]	24.791467
580	[(12,790),(30,2020),(56,2355),(67,252),(84,726)]	26.505431
581	[(6,1926),(59,2229)]	28.213222
582	[(74,2311)]	38.129591
583	[(82,531),(85,90)]	30.678795
584	[(21,529),(40,682),(60,2243)]	27.273297
585	[(7,810),(71,1763),(76,2055)]	26.988018
586	[(38,1428),(42,191),(48,1764),(78,1634)]	26.794559
587	[(7,1513),(12,291),(18,1827),(36,1733),(51,2025),(78,2010)]	27.162008
588	[(40,2239),(48,1904),(85,2017)]	26.586670
589	[(89,484)]	26.965577
590	[(2,773),(40,1194),(66,1982),(69,624)]	26.723764
591	[(16,1615)]	23.094635
592	[(9,1358),(18,997)]	13.835287
593	[(3,1076),(9,989),(25,2062),(31,1575),(45,1056),(46,548),(71,284),(79,1657)]	13.770270
594	[(28,1344),(62,2320),(74,571)]	13.563488
595	[(11,1817),(37,1879),(42,1278),(71,1547)]	13.535436
596	[(58,2228),(88,1006)]	18.368237
597	[(25,1372),(68,2283),(87,1206)]	16.758852
598	[(2,1342),(10,193),(24,1080),(82,94),(91,1120)]	13.386787
599	[(22,1929),(47,458)]	13.290794
600	[(18,1149),(46,1186),(47,1657),(65,797)]	14.090986
601	[(11,281),(32,394),(35,1033),(56,1026),(62,145)]	14.414185
602	[(13,980),(19,1515),(32,890),(34,568),(76,1945)]	13.855987
603	[(24,619),(58,1108),(67,2047)]	13.314668
604	[(12,1638),(20,2055),(36,1299)]	13.219740
605	[(57,237),(69,1135),(73,2021),(91,901),(92,703)]	13.447664
606	[(9,1160),(31,1965),(39,2187),(62,2163),(67,2244)]	13.154790
607	[(4,1396),(31,675),(33,2297),(72,635)]	13.270322
608	[(17,2033),(21,436),(23,515),(67,364)]	13.282784
609	[(21,1059),(22,13),(32,773),(58,357),(67,455)]	13.906861
610	[(4,1557),(41,1972),(54,1812)]	14.209056
611	[]	13.463963
612	[(86,559),(92,2285)]	13.796722
613	[(35,833),(40,1666),(83,842),(87,1197)]	13.375046
614	[(4,1238),(72,1569)]	13.443164
615	[(7,1432),(56,682),(62,1271),(83,941)]	14.629848
616	[(8,1622),(11,118),(15,754),(38,1528),(51,53)]	13.822585
617	[(10,2271),(57,2045),(65,666)]	16.370606
618	[(16,1164),(26,952),(39,626),(46,1653)]	14.019153
619	[(18,1655),(45,1098),(66,1598)]	14.264531
620	[(0,659),(11,2037),(23,2120),(46,1963),(51,1470),(52,1608),(59,1441),(68,1721),(77,1180),(81,2034),(88,828)]	14.006892
621	[(1,696),(19,2374),(40,2389),(58,512)]	13.511177
622	[(15,2075),(52,236),(79,1968),(84,1913),(87,138)]	13.338416
623	[(38,1866),(43,704),(55,404),(56,804),(68,395),(79,566)]	13.708220
624	[(61,1440)]	13.471800
625	[(11,1739)]	13.731361
626	[]	13.364168
627	[(7,1767),(26,73),(49,2215),(69,621)]	13.376940
628	[(7,403),(25,1572),(33,225),(78,1802),(89,684)]	13.325750
629	[(3,2326),(17,361),(66,1746),(71,10)]	13.340812
630	[(7,2179),(10,635),(71,1762),(72,60),(77,1045),(88,669)]	13.754277
631	[(10,744)]	13.691292
632	[(15,502),(28,862),(29,1467),(36,1724),(41,502),(66,1128),(71,1866),(87,1633)]	13.595200
633	[(20,34),(27,1032),(56,1875),(69,635),(81,1746)]	13.771629
634	[(6,1464),(24,1334),(73,1491),(89,2369)]	13.378340
635	[(58,758),(77,878)]	13.265190
636	[(27,660),(56,14),(58,1172)]	14.018410
637	[(36,853),(44,1660)]	13.439421
638	[(11,181),(34,1553),(45,1613)]	13.410303
639	[]	13.282908
640	[(1,1371),(15,1465),(16,527),(92,651)]	13.462244
641	[(7,1423),(65,2402),(79,2264)]	13.501653
642	[(2,1888),(15,1668),(27,6),(74,2301)]	13.230547
643	[(0,497),(1,1864),(4,216),(9,876),(44,1346),(46,230),(68,1865),(72,1337),(91,1250)]	15.857307
644	[(13,1293),(38,1488),(52,1226)]	13.381797
645	[(7,231),(91,1124)]	13.561597
646	[(6,2401),(11,1704),(42,18),(69,868),(79,820)]	16.035039
647	[(53,1769),(83,2227)]	13.584720
648	[(22,180),(30,1924)]	24.883168
649	[(0,836),(13,380),(18,358),(28,752),(48,1293),(57,946)]	24.203478
650	[(47,988),(80,1831),(88,1555)]	14.361853
651	[(8,801),(12,1962),(23,323),(33,788)]	13.481335
652	[(54,1654)]	14.540089
653	[(4,1578),(14,2395),(21,1036),(31,1736),(48,49),(77,2015),(84,712)]	14.103236
654	[(15,1192),(79,2152)]	13.820997
655	[(46,1874),(69,2404),(71,77)]	13.295540
656	[(17,835),(83,990)]	13.823785
657	[(46,697),(79,253),(91,2381)]	13.148901
658	[(42,233),(46,363),(63,1900)]	13.512361
659	[(8,1773),(22,244),(36,327),(73,2087),(85,1201)]	13.785406
660	[(22,502),(29,957),(40,623),(45,1105),(58,664),(79,178),(81,94)]	13.423970
661	[(0,434),(6,1578),(55,2285)]	14.120389
662	[(11,1365),(16,2124),(36,495),(47,284),(59,1052)]	13.404576
663	[(2,1601),(5,804),(6,1902),(23,46),(49,1172)]	13.540168
664	[(12,2380),(49,1379),(52,1439)]	13.564611
665	[(23,411),(49,2163)]	14.194942
666	[(7,1285),(10,822),(14,83),(54,1611),(59,127),(87,80)]	15.262824
667	[(20,679),(37,2322),(50,833),(64,2125),(76,926),(82,746),(84,2201),(90,1881)]	19.376105
668	[(10,2396),(34,942)]	14.612804
669	[(5,2067),(19,770),(36,120),(47,853)]	13.963053
670	[(39,1418),(57,1875),(75,590)]	13.652062
671	[(33,187),(60,409),(61,1943),(68,1785),(74,103),(89,2370)]	13.427359
672	[(9,2075),(32,1772)]	17.694705
673	[(35,1737),(40,1673),(74,747)]	13.950008
674	[(6,2094),(7,1880),(8,2357),(17,1162),(54,1032),(90,2075)]	13.373707
675	[(0,2366),(9,2049),(78,350),(91,1781)]	13.679290
676	[(70,1410)]	13.959711
677	[(4,737),(6,550),(12,759),(15,1654),(26,119),(39,1126),(40,1121),(43,247),(68,782)]	13.616260
678	[(20,1012),(77,1728)]	14.075715
679	[(0,2046),(74,2242),(85,2381)]	13.332157
680	[(5,1936),(34,1273),(91,1631)]	13.685961
681	[(14,2123),(36,781),(38,1453),(39,1655),(45,908),(53,1095),(65,2165),(68,1399)]	13.439024
682	[(21,265),(56,44)]	13.441178
683	[(10,1059),(37,80),(46,2401),(48,32),(53,2256),(55,2287)]	13.215363
684	[(27,285),(31,2172),(52,1567)]	13.462085
685	[(18,1920),(40,327),(48,645),(52,2135),(74,1929)]	13.606674
686	[(8,1945),(13,1609),(21,1004),(24,165),(30,1696),(46,1043),(81,1209),(82,1492)]	13.770663
687	[(37,2152),(72,1401),(90,355)]	13.992625
688	[(13,1761),(20,2198),(54,308),(55,268),(65,1465),(66,527),(79,727)]	14.179898
689	[(21,388),(40,2347),(47,616),(70,1909),(85,1939),(92,469)]	13.420992
690	[(67,1013)]	13.449566
691	[(20,1560),(46,2070),(64,482),(66,649)]	16.011637
692	[(13,1995),(21,1314),(30,1447),(61,731)]	13.638618
693	[(16,1094),(38,1858),(79,1515),(92,1734)]	13.701450
694	[(63,942)]	13.568800
695	[(7,77),(15,474)]	13.531330
696	[(3,660),(7,1624),(92,2314)]	13.558668
697	[(37,1803),(41,1974),(43,1056)]	13.502974
698	[(7,1911),(14,1000),(76,396)]	13.928395
699	[(27,1496),(69,1802),(80,1075),(92,2240)]	13.707583
700	[(39,1069),(43,1617),(62,1586),(79,1792)]	13.988788
701	[(22,821),(46,2332),(76,1819),(83,1324)]	13.333551
702	[(28,750),(68,1854)]	13.691795
703	[(71,1427)]	13.453327
704	[(3,1354),(36,897)]	13.364354
705	[(5,528)]	13.913667
706	[(69,1924)]	13.768159
707	[(4,228),(28,1555),(30,952),(80,509),(82,268),(84,636),(91,1996)]	13.675789
708	[(28,557),(37,441),(39,1627),(57,1701),(86,1007),(89,2077)]	13.263213
709	[(4,2137),(61,179),(67,1164)]	13.405711
710	[(27,1604)]	13.754280
711	[(66,979),(76,1979),(91,194)]	13.497731
712	[(3,837),(30,1794),(64,771)]	13.447137
713	[(9,1216),(17,1802),(47,2273),(91,182)]	15.235288
714	[(19,2300),(28,2014),(44,1896),(84,660)]	13.572828
715	[(23,1092),(28,705),(29,19),(67,690),(71,158)]	14.430768
716	[(8,748),(46,1040),(71,960),(87,868)]	13.747046
717	[(4,1873),(15,682),(80,1191)]	14.752277
718	[(11,181),(19,1583),(22,167),(34,1615),(46,755),(54,1222),(72,1538),(73,815)]	16.136403
719	[(10,1041),(18,906),(38,315),(72,1962),(77,623),(82,111)]	15.904138
720	[(32,1937),(42,1009),(58,667),(65,2176),(69,1340)]	14.325867
721	[(13,323),(39,111),(52,1999)]	25.780023
722	[(4,1171),(74,175)]	20.085759
723	[(19,1801)]	13.841550
724	[(13,1246),(40,1245),(59,7),(61,1560),(82,38),(83,291)]	13.403067
725	[(5,432),(58,999),(60,631),(89,1815)]	13.212419
726	[(5,611),(16,135),(86,1248)]	13.503396
727	[(63,1663),(68,837),(83,1478),(88,43)]	13.498379
728	[(18,1329),(59,408)]	13.494551
729	[(10,496),(24,1545),(32,1913),(66,812),(91,2267)]	13.646025
730	[(50,1458),(60,1596),(62,1001),(92,1000)]	13.240178
731	[(9,1537),(15,1954),(53,1796),(83,981)]	13.287652
732	[(15,1800),(31,2027),(36,902),(89,140)]	13.468540
733	[(6,593),(28,2000),(55,2212)]	13.916394
734	[(3,592),(70,1266),(91,1988)]	13.906523
735	[(8,777),(12,1633),(18,1086)]	13.368081
736	[(3,1604),(29,1067),(86,1922)]	14.284987
737	[(10,42),(32,1874),(51,2057)]	17.862869
738	[(56,2272),(82,435),(91,1890)]	16.846663
739	[(11,1510)]	13.608008
740	[(81,187),(91,1428)]	13.367235
741	[(2,1275),(13,811),(84,1848),(92,356)]	13.382678
742	[(9,203),(19,1372),(34,868),(61,927)]	13.475452
743	[(64,2094)]	13.536356
744	[(14,1863),(26,1547),(31,2238),(65,2153)]	13.393386
745	[(61,2142),(90,64)]	13.835406
746	[(34,2078),(47,1473),(68,2026)]	13.414267
747	[(11,2140),(44,434)]	13.363229
748	[(2,890),(36,1616),(55,1702),(64,2040),(78,1572)]	13.924371
749	[(7,887),(38,1482),(40,6),(42,1077),(71,2320),(79,1774),(82,1356)]	13.438138
750	[(8,1097),(13,704),(23,977),(59,150),(62,2395),(64,2342),(74,67)]	14.599539
751	[(92,2088)]	13.447572
752	[(0,625),(37,820),(51,423)]	13.446822
753	[(24,1865),(80,1476)]	13.794435
754	[(8,2176),(16,1423),(23,653),(83,1733)]	13.544644
755	[(38,1904),(60,98)]	13.385924
756	[(35,2016),(51,981),(77,2400)]	14.079171
757	[(37,1746),(73,586),(81,1725)]	13.389612
758	[(4,752),(31,1063),(44,2212),(56,2384),(83,6),(92,1933)]	14.239775
759	[(15,1791),(41,534),(48,1209),(76,587),(86,2216)]	13.871515
760	[(27,1087),(30,1938),(42,1652),(61,275),(65,1858),(78,700),(88,750)]	13.842164
761	[(5,1385),(18,576),(52,723)]	13.516430
762	[(12,52),(17,773),(19,989),(33,105),(51,1868),(55,2067)]	13.539409
763	[(8,1593),(46,1034),(60,1008),(61,2344)]	16.330515
764	[]	13.911641
765	[(2,1469),(34,2038),(40,448)]	13.511913
766	[(36,198),(70,708),(75,1878),(86,140)]	14.263588
767	[(29,1348),(33,2003),(42,2229),(70,1663),(76,1204)]	13.537417
768	[(49,1551),(55,145),(62,867),(64,825),(76,1107)]	13.251053
769	[(59,1106),(77,228)]	13.385739
770	[(0,1115),(10,641),(33,2335),(48,1328),(58,396),(83,2099),(84,1552)]	13.151509
771	[(2,232),(15,2385),(19,1329),(22,970),(28,1242)]	13.191592
772	[(1,102),(2,794),(61,155),(75,2056)]	15.523190
773	[(3,594),(22,57),(28,46)]	13.534511
774	[(16,1673),(18,835),(25,446),(50,293),(60,2301),(70,393),(73,1315)]	13.699847
775	[(51,2157),(58,1754)]	13.496024
776	[(1,482),(12,1047),(41,1209),(67,1318)]	13.094934
777	[(10,1812),(14,1497),(32,1105),(40,1973),(68,583)]	13.832118
778	[(55,1199),(59,859),(71,1042),(72,1038),(88,1287)]	13.222981
779	[(5,1439),(18,231),(24,392),(92,277)]	13.378046
780	[(23,1062),(54,954),(81,795),(92,1007)]	13.210717
781	[(31,1707),(47,1745),(57,743),(87,1546)]	13.341914
782	[(5,1849),(22,1796),(24,688),(43,1900)]	16.895248
783	[(12,1637)]	13.234031
784	[(20,117),(53,2332),(69,2369),(75,1614)]	15.715694
785	[(3,1296),(4,1330),(33,1435)]	13.175314
786	[(43,80),(54,189),(76,1151)]	13.375429
787	[(15,197),(38,2265)]	13.381773
788	[(7,1036),(18,1197),(85,1279)]	13.288203
789	[(84,2290)]	13.325852
790	[(12,427),(23,2266),(43,2229)]	16.062959
791	[(6,1511),(42,386),(62,733)]	13.730623
792	[(16,1138),(19,288),(80,1803),(83,612)]	13.596712
793	[(67,1384),(84,1606)]	13.381080
794	[(48,529),(63,1997)]	17.119570
795	[(16,648),(25,1054),(37,1478)]	26.769953
796	[(26,1908)]	14.733885
797	[(44,167),(57,1572)]	13.434931
798	[(4,591),(85,1478)]	13.306039
799	[(19,1780),(31,2340),(76,1612)]	13.168437
800	[(3,2364),(48,1142)]	14.229979
801	[(55,166),(66,267)]	13.268468
802	[(43,2146)]	13.204546
803	[(58,2012)]	13.343291
804	[(23,1462),(42,1550),(82,1188)]	13.859837
805	[(70,631)]	13.891653
806	[(30,1894),(34,312),(36,2004),(37,1570),(41,842)]	13.548770
807	[]	14.398321
808	[(3,1504),(42,1847)]	18.921547
809	[(17,2212),(19,2171),(28,734),(31,459),(50,1870),(56,233)]	15.089045
810	[(54,1992),(73,1098),(90,536)]	14.103888
811	[(7,2283),(12,1580),(38,459),(59,1234)]	13.586568
812	[(1,523),(29,1361),(49,1957)]	13.481338
813	[(91,2081)]	14.047684
814	[(16,2332),(31,1189)]	15.009621
815	[(69,1540)]	14.624965
816	[(13,1979),(27,2088),(30,2063),(53,486)]	14.198609
817	[(69,2225)]	18.123865
818	[(18,2080),(50,2040),(91,939)]	13.866630
819	[(79,844)]	14.208675
820	[(1,1274),(28,1010),(48,18),(68,1383)]	13.526858
821	[(5,2132),(15,907),(16,1887)]	14.004746
822	[(3,2022),(14,692)]	13.517413
823	[(28,1718),(59,1046)]	14.244418
824	[(1,1680),(41,1494),(61,2314),(65,1523),(79,1304)]	14.559584
825	[(8,2342),(37,1086),(48,2348)]	14.918366
826	[(37,1303)]	13.915715
827	[]	13.396568
828	[(27,1102)]	13.566628
829	[(27,63)]	14.043716
830	[]	13.625811
831	[(42,789)]	13.937507
832	[(58,1910),(70,177),(71,445),(75,1418)]	13.507190
833	[(12,381),(35,2253),(85,2238),(89,1028)]	13.739429
834	[(42,64),(66,2038),(74,39)]	13.576229
835	[(18,1252),(34,1546),(44,1159),(61,1618),(70,932),(79,1841),(85,1867)]	13.581080
836	[(16,456),(25,644),(32,783),(62,210),(89,2126)]	13.892031
837	[(2,2345),(4,1236),(10,1542),(68,2111)]	13.675029
838	[(14,1775)]	14.747966
839	[(10,1238),(19,2067),(59,401),(63,2101),(72,108),(78,1702)]	15.080506
840	[(14,2000),(28,180),(30,1291)]	14.094537
841	[(28,2351),(42,2000)]	13.527018
842	[(1,183),(4,1798),(21,530),(42,828),(47,1333),(67,70)]	13.707095
843	[(86,463)]	13.913571
844	[(4,347),(17,2147),(18,716),(20,885),(43,1561),(48,1852),(52,2083),(73,1160),(78,1346),(80,230),(84,276)]	13.566106
845	[(68,117)]	13.723168
846	[(10,662),(67,104),(77,2240),(84,1661),(88,1682),(92,167)]	13.403278
847	[(5,2305),(11,1634),(55,2331)]	14.160725
848	[(39,2249),(54,776)]	13.615375
849	[(23,2177),(85,1775)]	13.663307
850	[(25,331),(32,429),(57,275),(64,1008)]	13.544356
851	[(5,1123),(64,457)]	14.146751
852	[(14,1744),(16,362),(33,628),(69,1720),(77,1465)]	13.600151
853	[(8,1279),(39,1146),(61,1533),(66,1276),(82,1779),(88,2179)]	13.362747
854	[(12,1233),(54,1945),(66,1793),(71,945),(78,1173)]	15.910016
855	[(7,291)]	13.334460
856	[(8,407),(22,1312),(50,803),(70,1901)]	13.347987
857	[(29,288),(75,2248),(82,506),(83,1233)]	13.450806
858	[(17,983),(68,754),(80,99)]	13.211802
859	[(8,2021),(25,839),(26,366),(34,2074),(69,2255)]	13.485424
860	[(43,30),(62,1252),(81,2370),(90,1708)]	15.909179
861	[(60,1199),(84,593),(86,2217)]	15.697309
862	[(28,1762),(30,22),(47,1508)]	13.320258
863	[(9,1967),(77,2333)]	14.209911
864	[(18,1359),(31,87),(71,1843),(79,661),(92,553)]	13.568902
865	[(23,623),(31,1934),(65,1553),(86,699)]	14.135329
866	[(28,914),(65,1428)]	13.622082
867	[(26,809),(57,1571),(77,1464),(84,2298),(87,533)]	23.590808
868	[(2,56),(54,2209),(59,2122)]	24.570491
869	[(30,2327),(53,2162),(81,2095)]	14.193009
870	[(10,2316),(16,1036),(57,1034),(86,1069),(90,1750),(91,893)]	15.534015
871	[(0,2216),(58,2342)]	13.479157
872	[(23,1327),(38,1596),(41,1535),(55,783),(58,1574),(59,2302),(60,2137),(89,100)]	13.270430
873	[(4,1828),(10,2305),(23,690)]	13.825859
874	[(27,1656),(58,1806),(74,2248)]	13.302035
875	[(9,915),(38,872),(46,1828),(67,1981),(70,463),(88,1856),(90,1775)]	13.822735
876	[(2,1924),(10,2124)]	13.189610
877	[(13,1240),(22,1559),(23,1882),(27,1348),(38,149),(88,2384)]	16.853418
878	[(13,2202),(46,1383),(74,138),(77,714)]	17.333374
879	[(20,2108),(36,66),(74,1626),(84,2187)]	13.573087
880	[(18,1693),(39,1697),(47,1528),(89,669)]	14.243885
881	[(2,207),(3,2084),(80,1643)]	13.540427
882	[(1,2186),(10,686),(12,1575),(29,1363),(63,2059),(87,1813)]	13.716157
883	[(91,2188)]	13.241269
884	[(20,311),(26,1022),(65,1812)]	14.262615
885	[(7,1378),(33,1595),(63,400),(70,1000)]	13.619736
886	[(9,2127),(11,2304),(14,1998),(23,1012),(53,58)]	13.232009
887	[(0,1911),(29,587),(42,345),(87,827)]	13.682675
888	[(26,880),(47,124),(54,638),(60,790),(85,193)]	13.463830
889	[(85,2072)]	13.979460
890	[(3,894),(61,78),(67,545)]	13.448455
891	[(10,1194),(33,634),(42,907),(43,1887),(80,2026)]	13.683868
892	[(8,2178),(11,116),(22,1222),(57,737)]	13.374767
893	[]	13.381960
894	[(48,869)]	14.565175
895	[(25,1675),(32,1731),(44,1636),(46,1680),(55,549),(68,2147)]	13.672857
896	[(34,1738),(36,2148),(47,1890),(83,1238)]	14.147803
897	[(11,1846),(30,724),(40,1160),(79,1042)]	13.668195
898	[(11,1779),(60,823),(83,2231)]	13.448814
899	[(42,1211),(46,1733),(57,1011)]	13.472936
900	[(9,1937),(41,934),(85,1279)]	14.679532
901	[(37,1862),(54,1259),(72,1063)]	14.291511
902	[(7,1326),(40,2309),(75,97)]	13.789132
903	[(10,624),(49,842),(85,2044)]	13.844867
904	[(26,1488),(85,1974)]	13.479604
905	[(18,619),(35,928),(48,1618),(65,1343)]	13.460380
906	[(11,186),(23,1191),(31,961),(39,1410),(76,2133)]	14.069492
907	[(30,2364),(69,1562),(92,923)]	13.708489
908	[(3,1543)]	13.867760
909	[(6,123),(28,2171),(53,617)]	13.465812
910	[(19,1929),(25,2381),(90,2224)]	13.557889
911	[(48,1542),(73,2329),(79,2160)]	13.548776
912	[(5,77),(33,1621),(55,448),(58,523),(64,226),(77,953),(92,2323)]	13.844840
913	[(4,136),(32,2371),(81,1849)]	13.670455
914	[(9,1245),(12,1262),(34,225),(45,1429),(79,1842),(88,826)]	13.544462
915	[(3,1893),(51,152)]	14.742121
916	[(30,457),(51,2185),(71,508)]	13.926963
917	[(0,195),(26,1093),(74,1291),(89,1184)]	15.378917
918	[(6,2094)]	14.785745
919	[(13,806),(31,1298),(37,2090),(57,1761)]	13.499677
920	[(51,2109),(52,546),(82,1560)]	13.411121
921	[(5,414),(22,2140),(37,540),(65,423),(68,2276),(83,1963)]	13.935478
922	[(3,1878),(19,910),(80,1143),(87,1104)]	13.728875
923	[(54,142),(75,2290),(82,518),(90,1085)]	13.991984
924	[(11,2033),(76,1433)]	15.004038
925	[(21,199),(22,399)]	13.936617
926	[]	13.453195
927	[]	13.718087
928	[(8,2240),(13,2006)]	13.190759
929	[(12,1862),(26,1313),(27,1289),(29,2288),(34,1291),(36,277),(50,2349),(72,689),(77,122)]	13.722508
930	[(53,1128),(89,2270)]	15.043959
931	[(22,1850),(66,1295)]	15.652210
932	[(13,314),(16,311),(88,2024)]	13.559519
933	[(40,2118),(69,2096),(75,2076)]	13.147986
934	[(33,1361),(91,927)]	13.444395
935	[(18,2305),(40,1667),(89,1820)]	14.521274
936	[(69,483),(77,731)]	13.725822
937	[(16,38),(29,177),(37,1048),(58,2274),(61,702),(77,756)]	13.268343
938	[(44,844),(45,457),(59,1076)]	13.750260
939	[(6,2109),(14,447),(27,142),(33,107),(64,2397)]	13.402797
940	[(3,324),(14,1184),(25,1646),(54,2282),(72,714)]	19.813725
941	[(5,172),(50,1396)]	25.620684
942	[]	13.675127
943	[(13,2155),(18,1857),(30,2034),(32,227),(34,1650),(65,1309)]	16.012707
944	[(20,73),(43,958),(50,708),(84,1039)]	15.400843
945	[(26,1086),(76,2332),(86,242)]	13.642639
946	[(46,2331),(67,1294)]	14.613181
947	[(11,488),(41,2320),(59,2399),(66,1464),(77,2179),(88,1133)]	16.121536
948	[(2,1488),(67,98)]	18.559805
949	[]	14.431802
950	[]	13.446681
951	[(3,1076)]	14.232523
952	[(6,2034),(44,1691)]	13.689050
953	[(42,515),(47,1580),(64,1138),(66,896),(88,641)]	14.537469
954	[(12,692),(41,1798),(45,2318),(54,1187)]	13.611361
955	[(2,636),(14,1990),(19,578)]	13.657013
956	[(22,541),(72,1507)]	13.558014
957	[(1,1774),(58,26),(72,802),(87,419)]	13.859320
958	[(1,1698),(6,2262),(74,1169)]	13.708942
959	[(18,2403),(24,1167),(66,1240),(67,697),(84,1076)]	13.606543
960	[(31,2101),(41,1598),(47,768),(77,770),(87,842)]	13.390494
961	[(57,1589)]	13.948199
962	[(0,1070),(15,949),(47,631),(57,427),(88,2333),(90,2036)]	13.936027
963	[(33,1527),(34,2023),(35,1587),(37,1640),(48,2294),(57,1819)]	14.649118
964	[(2,1556),(36,1054),(84,1526),(89,805)]	13.740007
965	[(18,1114),(23,2177),(89,2101)]	13.601963
966	[(20,107),(69,1615)]	13.569591
967	[(27,67),(48,669),(80,824),(81,668)]	13.372934
968	[(34,2337),(71,851),(80,995)]	13.512912
969	[(27,527),(35,1964),(51,756),(62,17),(68,1257)]	13.791114
970	[(26,276),(45,1646)]	13.333058
971	[(32,1118),(46,1263),(49,1116),(64,531),(87,1082),(89,788)]	13.796526
972	[(69,928),(76,1176),(81,834)]	13.688595
973	[(31,1372),(55,535),(59,244)]	13.305274
974	[(16,536),(50,1688),(54,104),(90,951)]	13.868420
975	[(4,1202),(12,1921),(22,751)]	13.942704
976	[(7,1865),(24,2391),(78,506)]	13.609340
977	[(75,380),(84,1308)]	14.754338
978	[(29,2202),(34,255),(37,1901),(41,168)]	13.217380
979	[(28,160),(29,1261),(79,1582)]	15.344902
980	[(8,530),(31,1013),(54,1143),(56,1541)]	27.313102
981	[(5,359),(32,1173),(38,1866),(43,1685),(70,166)]	22.521775
982	[(84,1023)]	14.129035
983	[(4,441),(86,71),(90,558)]	13.310167
984	[(9,976),(54,2348),(87,952)]	14.316595
985	[(0,1335),(5,1828),(9,11),(16,517),(43,297)]	13.249283
986	[(23,1187),(28,172)]	14.553574
987	[(1,2182),(17,18),(25,642),(40,304),(52,698),(59,469),(72,538)]	13.915736
988	[(1,927),(22,1860),(63,892)]	13.384794
989	[(16,1174),(19,2202),(58,2064)]	13.651495
990	[(11,812),(25,1971),(29,1813)]	14.660039
991	[(28,2123),(66,321)]	13.726840
992	[(8,134),(27,2269),(28,9),(34,1597),(39,1321),(53,455),(79,1742)]	13.877563
993	[(28,83),(36,1392),(44,1267),(67,1847),(76,1577),(77,884)]	15.480848
994	[(35,249)]	13.729837
995	[(26,2060),(44,729),(50,1648),(70,906)]	13.614858
996	[]	13.947594
997	[(8,1117),(50,299),(54,1555)]	13.669898
998	[(6,1088),(14,869),(28,2256),(54,517),(62,83)]	13.517600
999	[(37,1292),(39,1386),(91,999)]	16.051710
