ruleset_index	matches	time_ms
0	[(21,1148)]	12.366931
1	[(42,148),(54,1234),(74,1771)]	12.161649
2	[(35,609)]	13.164396
3	[(34,1622),(40,1294),(41,583),(50,161),(87,848)]	12.510574
4	[]	13.686301
5	[(11,822),(47,72)]	12.559542
6	[]	16.267852
7	[(11,492)]	12.965714
8	[(53,1701),(81,662)]	12.578369
9	[(18,478)]	12.128633
10	[]	12.757189
11	[(58,1744)]	13.307124
12	[(27,1289),(34,1696)]	12.322379
13	[(10,628),(33,1835),(38,1087),(85,1584)]	12.455659
14	[(5,734),(16,26)]	12.612163
15	[(56,836)]	12.133404
16	[(51,1250)]	12.428978
17	[(44,149),(64,592),(83,453)]	12.050270
18	[(3,9),(10,676),(47,1646),(56,772),(65,93)]	12.176936
19	[(70,1005)]	12.020394
20	[(13,280),(67,950),(81,1022)]	12.807126
21	[]	12.397633
22	[(31,1339),(55,408),(77,872)]	12.646147
23	[(6,1126),(44,1507),(84,391)]	12.215706
24	[(74,1227)]	12.887254
25	[(1,1089),(5,1112),(54,1075),(72,1570)]	12.208280
26	[(0,1098),(7,497)]	12.305916
27	[(7,84),(11,1738)]	13.763250
28	[(0,1252),(17,837),(38,1205)]	14.242441
29	[(23,1399),(67,1600),(68,908),(91,438)]	12.416671
30	[(78,978)]	12.584822
31	[(35,931),(57,1711),(92,1418)]	12.223592
32	[(12,146),(50,1113),(88,129)]	12.453532
33	[(11,1619),(14,1450),(15,1042),(92,536)]	12.385167
34	[(54,13),(82,294)]	12.743522
35	[(30,60)]	12.171196
36	[(48,1738),(56,1062),(60,439),(73,809),(78,1402)]	12.187776
37	[(33,1769)]	12.596909
38	[(3,1211),(10,98),(38,985),(47,1348),(49,685),(55,235)]	12.264185
39	[(57,959),(72,714)]	12.294712
40	[(92,645)]	12.293124
41	[(49,740),(77,54)]	12.226415
42	[(20,75),(48,1110),(63,1802),(92,811)]	12.444662
43	[(58,851),(73,790),(77,745)]	12.347943
44	[(76,1504)]	12.983764
45	[(1,844),(19,988),(34,1706)]	12.397911
46	[(38,301),(45,1356),(49,1835)]	12.676584
47	[(33,1039),(48,401),(77,193)]	12.415687
48	[(26,1713),(66,443)]	12.217861
49	[]	12.500543
50	[(22,593)]	12.869816
51	[(57,296),(76,70)]	12.189049
52	[(10,1052),(11,1442),(13,1036),(67,255)]	12.567761
53	[(11,311),(78,1420)]	12.197148
54	[(35,218)]	17.032422
55	[(8,1110),(29,20),(63,1364)]	24.025685
56	[(92,72)]	14.011286
57	[(43,930)]	14.053319
58	[(27,631),(30,1454),(82,82)]	12.735735
59	[]	12.013042
60	[(74,1711)]	11.936788
61	[(31,1495),(85,1385),(87,1125)]	12.364981
62	[(0,26),(6,583),(7,1479),(8,85),(12,181),(81,71)]	12.786072
63	[(37,639),(63,473)]	12.082578
64	[(14,686),(21,545),(85,1785),(91,1549)]	12.449248
65	[(18,1288),(58,176),(68,1687),(86,418),(92,954)]	12.001032
66	[(46,1639)]	14.105900
67	[(69,520)]	12.809747
68	[(21,1438)]	12.433507
69	[(13,1268),(23,1652),(67,740)]	12.226675
70	[(26,1393),(87,554)]	13.141548
71	[(25,1305),(53,1351)]	16.486847
72	[(28,1526)]	14.311538
73	[(33,720),(59,1443),(63,1288),(82,1594)]	12.209281
74	[(44,1433),(75,876)]	12.004951
75	[(30,1157),(34,551),(68,842),(85,879)]	12.182901
76	[]	12.645870
77	[(35,312),(78,809),(81,1111)]	12.308687
78	[(5,439),(57,1303),(68,1346)]	12.224688
79	[(0,308),(9,1220),(52,733),(73,145)]	12.056328
80	[(4,1112),(18,406),(30,1078),(48,1656),(55,500),(66,215)]	12.644887
81	[(8,41),(11,1844),(23,863),(71,956)]	12.297331
82	[(30,1053),(73,1765),(78,492)]	11.943319
83	[(57,447)]	12.082711
84	[(41,1619),(44,1450),(45,1042),(57,193)]	14.077459
85	[(5,1613),(76,1834)]	12.156403
86	[]	12.216903
87	[]	12.293619
88	[]	12.265415
89	[(10,1501),(54,1839),(74,957)]	12.786571
90	[]	12.157106
91	[(11,1785),(13,910),(26,60),(71,217)]	12.615183
92	[(58,830),(66,573)]	12.299873
93	[(29,893),(89,451)]	12.241504
94	[(12,1795),(24,1556),(43,297)]	12.237606
95	[(5,861),(17,813),(36,1473),(61,489)]	12.027504
96	[(23,1050),(44,1511),(78,129)]	12.079882
97	[(41,1244),(51,489),(53,739),(78,1253)]	12.031568
98	[(8,1191),(9,703)]	12.185195
99	[(24,1507),(39,246),(55,934),(59,1465),(67,1678)]	12.055284
100	[(64,1118),(66,1766)]	12.657163
101	[(77,1833),(90,131)]	12.661899
102	[(1,1659)]	12.687758
103	[(14,1498),(37,4),(47,989)]	12.176257
104	[(9,835),(46,1312)]	12.193882
105	[(77,1407)]	12.535730
106	[(14,245),(69,1531),(84,1768)]	12.072295
107	[(14,1347)]	12.486660
108	[(18,365),(28,455),(44,629),(90,1280)]	12.436926
109	[]	12.582855
110	[(26,721),(68,1549),(88,791)]	12.518975
111	[(19,187),(43,27),(73,1640),(74,1087)]	13.184947
112	[(26,177)]	13.829493
113	[(19,1259),(37,984),(57,1039)]	12.022765
114	[(49,1172),(52,1432)]	12.142917
115	[(7,803),(23,435),(57,844),(73,1613)]	12.072665
116	[(63,1630)]	12.738759
117	[(0,53),(28,140),(29,926)]	13.202495
118	[(15,825),(34,532),(69,1654)]	12.481690
119	[]	15.418066
120	[(51,1351),(62,568),(71,407),(88,837)]	12.506650
121	[(26,377),(42,1571),(72,1196)]	11.993833
122	[(2,276),(26,818),(62,1143),(92,272)]	12.147354
123	[(8,1710),(87,379)]	12.222286
124	[(7,624),(13,1589),(25,1517),(89,1504)]	11.908561
125	[]	12.507429
126	[(7,1022),(10,906),(63,970),(88,1641)]	12.467797
127	[(29,1609)]	12.129543
128	[(3,747),(35,660),(37,1681),(68,1138),(82,1348)]	12.110300
129	[(8,595),(31,533),(44,1841)]	12.604787
130	[(25,173),(35,1727),(91,1432)]	12.413859
131	[]	12.734730
132	[(0,1409),(28,152),(41,1555),(63,1250),(65,1835)]	12.832767
133	[(85,303)]	12.332734
134	[(92,729)]	12.262344
135	[(16,75),(27,1333),(43,1611),(56,276),(77,1660),(88,1416)]	16.391781
136	[(47,1016),(66,1674)]	23.950666
137	[]	20.427659
138	[(25,386),(59,1521)]	12.555526
139	[(6,321),(25,1730)]	12.228118
140	[(20,1524),(71,192),(90,1176)]	12.356241
141	[(24,607)]	12.062906
142	[(15,1309),(17,1434),(19,1662),(26,915),(58,1629),(71,1617),(78,1520)]	12.677862
143	[(82,549)]	12.828454
144	[]	14.501428
145	[(9,584),(49,1633),(64,477),(84,770)]	12.851201
146	[(21,923),(68,1447)]	12.249104
147	[(18,558),(66,468)]	12.171275
148	[(0,790),(3,859),(25,571),(29,1464),(57,34),(90,127)]	14.137151
149	[(15,1439),(54,412)]	16.456317
150	[(2,1327),(30,280),(59,921)]	15.511831
151	[(3,1828),(46,985)]	12.143486
152	[(40,913),(55,842)]	11.992391
153	[(92,552)]	12.034842
154	[]	11.955556
155	[(55,952),(56,1655)]	11.882777
156	[(88,1114)]	12.752816
157	[(8,932),(13,136),(81,1754)]	12.596917
158	[(27,847),(53,42),(55,641)]	12.071238
159	[(22,1250)]	12.489495
160	[]	12.222250
161	[(64,1070)]	12.121139
162	[(3,1176),(34,1182),(39,975),(46,1238),(63,1374)]	17.375176
163	[(20,566),(37,1380),(44,200)]	12.522430
164	[(10,330),(20,710),(39,920),(84,130),(92,604)]	12.089790
165	[(17,339),(62,1156)]	12.087771
166	[(6,1714),(35,548),(53,1066),(65,1176),(86,942)]	13.352363
167	[]	12.444374
168	[(27,1494),(66,962)]	12.220813
169	[(9,11),(29,452),(35,852),(40,1291),(91,939)]	12.620800
170	[(6,202),(46,1351),(78,560)]	12.144394
171	[(4,935),(11,522)]	13.022150
172	[(55,1132),(64,674),(69,657),(88,591)]	13.511344
173	[(6,418),(30,1541),(81,659)]	12.634147
174	[(36,710),(86,249)]	12.174711
175	[(8,132),(20,1230),(46,1066),(61,2)]	12.035218
176	[(5,782),(6,920),(20,1268)]	12.128814
177	[(31,404),(56,1130)]	11.912896
178	[(13,61)]	12.047997
179	[(22,622),(49,1505),(55,1564),(85,631)]	12.120066
180	[(62,1284)]	12.291095
181	[(30,1432),(34,721)]	12.427184
182	[(30,167),(58,557)]	12.480892
183	[(4,873),(46,1101),(85,1765),(90,1224)]	12.048643
184	[(16,360),(20,377)]	12.109623
185	[(19,746),(56,1005)]	11.911568
186	[(11,951),(50,423)]	12.429947
187	[]	12.625164
188	[(52,638),(59,716)]	12.043069
189	[(15,540),(33,1386)]	12.533458
190	[(6,1084),(30,923),(34,1187)]	12.065671
191	[(17,1190),(20,1026),(35,756),(84,1150)]	12.090808
192	[(12,401),(16,1129),(22,1149),(32,445)]	12.211681
193	[]	12.259262
194	[(6,739),(31,1617),(76,1689)]	11.998090
195	[]	12.061060
196	[(20,1084),(30,758),(43,1837),(48,1095)]	12.028843
197	[(58,1271),(67,1083)]	12.162665
198	[(18,1392),(20,1593),(72,296)]	12.489793
199	[(2,514),(30,796),(85,1317)]	12.188689
200	[(52,1207),(60,1527),(67,1614),(77,923),(81,384)]	12.688252
201	[(12,1016),(66,498),(69,59)]	12.350152
202	[(4,442)]	12.762361
203	[(36,1358),(51,1750),(74,720),(77,985),(78,543)]	12.464781
204	[(15,10),(72,1243),(83,1798)]	12.383479
205	[(9,1398),(92,722)]	11.989479
206	[(3,866),(33,517),(65,324),(71,591)]	12.049326
207	[(57,1059),(79,1651)]	12.210845
208	[(23,687),(25,1212),(28,1131),(30,1540),(44,238),(50,1624)]	12.320590
209	[(29,715),(65,542),(81,1802)]	12.208435
210	[(24,309)]	11.982136
211	[(31,357),(69,564),(72,1102),(78,137),(83,1114)]	12.190220
212	[(24,1734)]	12.230298
213	[(42,144),(57,336),(59,757),(82,285)]	12.251537
214	[(70,663),(74,1148)]	12.191159
215	[]	11.999762
216	[(18,716),(61,560)]	12.174265
217	[(55,635)]	28.988991
218	[(3,560),(25,1378),(40,248),(59,1106),(63,644),(79,703),(89,1242)]	19.357724
219	[(0,1745),(7,77),(22,922),(41,1462),(75,934),(82,1737),(92,1639)]	12.344534
220	[(29,1839),(35,3),(65,1111)]	12.119718
221	[]	12.544232
222	[]	11.871350
223	[(78,62)]	12.246744
224	[(41,1366)]	12.632181
225	[(19,424),(28,210),(45,1060)]	11.992456
226	[(4,223),(12,604),(18,1124),(40,1224),(72,523),(86,805),(88,1040)]	13.423121
227	[(34,919),(46,1010)]	16.795567
228	[(23,1322),(30,1533),(42,595),(63,266)]	14.473119
229	[(10,991),(61,307)]	12.039759
230	[(28,862)]	12.062953
231	[(40,391),(53,1281),(63,231)]	12.890544
232	[(62,1536),(90,421)]	11.930377
233	[(41,1516),(42,182),(49,304),(57,465),(66,1713)]	12.008295
234	[(0,134),(75,1709)]	12.178095
235	[(31,1439),(39,785),(52,862),(60,918)]	11.969554
236	[(0,369),(4,1802)]	12.733035
237	[(60,78),(78,1055)]	12.062212
238	[(21,1058),(66,1733),(77,446)]	12.058848
239	[(56,704)]	12.060140
240	[(3,1506),(27,566)]	13.848245
241	[]	12.952558
242	[(4,1006),(30,1049)]	12.136115
243	[(2,1839),(92,29)]	12.109642
244	[(53,1650),(86,983)]	12.299927
245	[(16,138),(37,1552),(40,250)]	12.375090
246	[(28,742),(87,1682)]	12.117093
247	[(16,1308),(45,1187),(63,448),(74,1133),(80,1506)]	12.094538
248	[(21,143)]	12.359592
249	[(30,576),(47,1054)]	11.950460
250	[(6,1004),(25,1464),(26,1428),(59,1130)]	12.465289
251	[(2,230),(49,809),(54,1654),(71,122),(86,1046)]	12.194021
252	[(15,65),(70,558),(88,1831)]	12.066725
253	[(17,386),(45,1759),(59,321),(72,1122)]	12.714609
254	[(89,748)]	12.748155
255	[(40,1588),(48,1625),(60,751),(70,87),(79,961)]	12.650756
256	[(11,343),(16,495),(84,949)]	12.158427
257	[(4,500),(23,290),(52,301)]	12.581029
258	[(2,75),(21,1840),(41,726),(76,780)]	12.179569
259	[(82,1562)]	12.120785
260	[(13,200),(24,1744),(51,1231),(70,448),(73,1014)]	12.735206
261	[(23,356),(45,511)]	12.945075
262	[(18,940),(28,108),(36,1049)]	12.324374
263	[(10,883),(42,1837),(82,1349),(84,600)]	12.235642
264	[(30,335)]	12.163884
265	[(14,837),(28,226),(34,1784),(42,1043),(49,170),(84,1543),(91,1074)]	12.143728
266	[(4,825),(31,458),(33,1424)]	12.130805
267	[(76,1348),(78,685)]	12.141461
268	[(32,734),(71,665)]	12.800008
269	[(10,1114),(69,750),(81,742)]	12.067144
270	[(21,1510),(36,229)]	12.166344
271	[(40,871),(72,1543)]	11.942898
272	[(2,235),(13,587),(21,742),(83,1304),(85,1480)]	12.089942
273	[(20,1262),(25,1784),(30,1715),(70,1180)]	12.218643
274	[(24,270),(56,1292)]	12.030638
275	[(27,867),(60,71)]	12.237297
276	[(1,1285),(13,1124),(32,124),(33,889),(80,1560)]	12.457677
277	[(7,352),(81,1256)]	12.144269
278	[(3,839),(23,935)]	12.224729
279	[(9,900),(18,747),(33,490),(66,980),(73,151)]	12.288459
280	[(43,1225),(47,1599)]	12.445655
281	[(48,1492),(63,745),(81,442),(84,1471)]	12.370536
282	[(18,627),(81,1155),(91,578)]	11.913889
283	[]	12.128179
284	[(4,76),(21,1343),(41,841),(77,1691),(83,1321)]	11.975344
285	[]	11.873854
286	[(19,621),(58,175),(87,1003)]	12.040859
287	[(83,1057)]	12.024939
288	[(68,1340),(71,1055),(82,254)]	12.142716
289	[(29,975),(58,1616),(70,153)]	12.149959
290	[(29,1527),(63,1039),(71,526),(82,384)]	11.989906
291	[(7,658),(52,1532),(64,1319)]	12.127303
292	[(52,70)]	12.204588
293	[(2,1500),(50,964)]	12.125039
294	[(30,600)]	12.205120
295	[(48,442),(54,820),(77,252)]	11.912718
296	[(10,1041),(11,1749),(41,1195),(82,736),(83,475)]	14.852248
297	[]	13.219742
298	[(37,729)]	12.296020
299	[]	22.700994
300	[(19,64),(77,24)]	20.464693
301	[(10,167),(36,109),(69,1205),(79,434)]	12.374228
302	[(72,1278),(73,291),(78,959),(79,605),(85,704)]	13.027025
303	[(62,1524),(70,283),(75,1054)]	13.774110
304	[(60,566)]	12.099159
305	[(63,187),(79,1306)]	14.003808
306	[(8,1093),(12,562),(24,677)]	16.760609
307	[(72,547),(78,888),(80,530)]	14.312529
308	[(73,1655),(84,772),(90,949)]	12.473396
309	[(27,436),(39,362),(65,806),(82,622)]	12.058209
310	[(46,644),(72,1025),(79,1616)]	12.017783
311	[(91,152)]	12.779165
312	[(44,205),(47,229)]	12.171312
313	[]	12.067156
314	[(66,617),(89,601)]	12.172646
315	[(37,1390),(58,1587)]	12.665256
316	[(19,375),(22,855),(50,871),(58,1738),(77,161)]	12.880870
317	[(3,850),(23,324),(55,465)]	12.736312
318	[]	14.884384
319	[(48,1612),(55,1023),(88,1774)]	14.008046
320	[(3,1336),(20,1634),(30,1234),(45,72),(57,1261),(72,1180),(91,1045)]	12.399779
321	[(78,279)]	12.657699
322	[(29,910),(38,1165),(51,384)]	12.389878
323	[(23,696),(66,565),(76,1016),(80,829)]	12.940261
324	[(6,1657),(58,1633),(86,1074),(90,1292)]	13.850984
325	[(70,704)]	12.164611
326	[(57,423),(78,480),(88,149)]	12.554239
327	[(5,1795),(47,319)]	12.259312
328	[(26,204)]	12.479411
329	[(22,280),(91,384)]	12.204176
330	[(24,541),(48,491),(54,842),(58,43),(63,1302)]	12.196863
331	[(8,1697),(67,602),(87,1595)]	12.370004
332	[(7,519),(53,1140)]	12.204520
333	[(16,1781),(20,1301),(47,1591)]	12.241570
334	[(24,843),(30,44),(35,153),(70,290),(78,1083)]	12.194820
335	[(21,1172),(81,1700),(90,258)]	12.084413
336	[]	12.261975
337	[(2,712),(13,905)]	12.609097
338	[]	12.167808
339	[(9,364),(23,1506),(30,1575),(73,276)]	12.238893
340	[(23,1679),(42,961),(66,1281)]	14.017276
341	[(3,1399),(25,364),(53,1688),(60,855)]	13.473320
342	[(7,1286),(11,709),(35,641)]	12.986633
343	[(36,1225)]	12.147224
344	[(31,1389),(59,1727)]	12.284795
345	[(17,1812),(27,1299),(74,1578)]	12.286729
346	[(43,158),(52,598),(67,1415)]	12.525957
347	[(15,276),(18,1571),(85,1051)]	12.217032
348	[(90,1354)]	12.797417
349	[(52,1720)]	11.987965
350	[(83,161)]	12.358335
351	[(40,1699)]	12.095182
352	[(4,173),(7,1789),(20,721)]	12.215662
353	[(24,1658),(25,985),(42,681),(44,1345),(56,1392),(74,195),(82,1540)]	12.214348
354	[(36,1067),(43,764),(82,814)]	12.183421
355	[(4,762),(14,1613),(46,905),(82,1138)]	12.422664
356	[(25,1411),(39,733)]	12.981471
357	[(27,178)]	13.166425
358	[(40,758)]	12.854742
359	[(7,477),(24,1673),(30,461),(49,668),(68,680),(80,1349),(86,983)]	12.884329
360	[(26,1637)]	12.004120
361	[(2,644),(11,1432),(65,1264)]	12.019665
362	[(15,1366)]	12.197526
363	[(13,1559),(55,1502),(57,1116)]	12.019998
364	[(4,262),(8,261),(30,942),(34,1191),(35,703),(59,652),(75,295)]	12.377208
365	[]	12.104776
366	[(62,1196)]	12.013966
367	[(38,1104),(40,1059),(43,322)]	12.047230
368	[(14,689),(73,124),(76,234)]	12.135777
369	[(33,1799),(72,753),(84,223)]	12.175018
370	[(11,1148),(35,1290)]	12.391583
371	[(32,216),(57,1197)]	12.056223
372	[(29,850)]	12.201319
373	[(36,944),(42,744),(49,1046),(57,363),(64,1283)]	12.038044
374	[(1,1740),(85,802)]	14.693729
375	[(8,593)]	12.599527
376	[(5,604),(17,1331)]	14.890904
377	[(54,998)]	12.119844
378	[(18,1444),(56,788)]	12.772723
379	[(19,981),(25,967),(60,320)]	19.271814
380	[(16,1296),(85,1413)]	30.358862
381	[(16,370),(53,340)]	28.318178
382	[(73,1571)]	27.481930
383	[(2,183),(46,872),(55,20)]	23.705879
384	[(56,1089),(60,366)]	23.886910
385	[(0,1577),(4,243),(64,722),(68,699),(79,1498)]	26.154957
386	[(24,285)]	25.085155
387	[(47,987),(55,1524),(88,1629)]	24.327391
388	[(1,702),(12,1353),(51,1534)]	24.784428
389	[]	25.421068
390	[(0,638),(15,1761)]	25.768655
391	[(11,114),(37,1786),(42,1743)]	25.442725
392	[]	24.869592
393	[(5,1340),(8,47),(34,1058)]	23.694591
394	[(86,1641)]	23.533466
395	[(2,1545)]	24.702320
396	[(58,1793),(61,1480)]	24.517312
397	[(70,528)]	24.097659
398	[(23,150),(47,180),(56,1063),(74,712),(79,840)]	24.996751
399	[]	25.278895
400	[(1,1840),(14,95)]	24.442843
401	[(56,148)]	23.968557
402	[(6,1386),(20,1688)]	24.097332
403	[(0,397),(2,531),(50,974),(67,933),(75,512)]	24.034124
404	[(12,1826),(15,490),(49,399),(55,1207),(56,1814)]	24.336872
405	[(4,406),(43,1463),(78,860),(86,1819),(91,913)]	23.821112
406	[(1,542),(15,951),(83,1354),(86,720)]	24.073610
407	[(0,458),(27,758)]	23.987463
408	[(11,544),(35,1752),(49,615),(56,1814),(62,967)]	28.836167
409	[(54,953)]	24.514494
410	[]	24.012454
411	[]	23.893905
412	[]	24.105920
413	[(45,1837),(68,1137),(72,575),(89,1261)]	24.002561
414	[(49,165)]	31.875545
415	[(48,83),(82,561)]	25.903289
416	[(12,1059),(18,102),(58,365)]	24.765456
417	[(1,1170),(83,1552),(92,291)]	23.284480
418	[(4,1715),(37,1434),(51,1336),(75,924),(92,1404)]	22.903104
419	[(5,1111),(31,779),(35,593),(48,1433)]	25.282555
420	[(3,1481),(62,1066),(77,63)]	23.370615
421	[(21,219),(68,619),(71,1238)]	28.547671
422	[(3,601),(30,907)]	25.878306
423	[(56,1034),(60,542)]	34.080305
424	[(32,286),(60,154),(72,1654)]	36.850491
425	[]	23.882593
426	[(36,893),(75,1377)]	27.947014
427	[(11,481),(29,1439),(37,1658),(89,1279)]	36.147383
428	[(35,1746),(67,584),(86,1816),(90,976)]	27.516986
429	[(70,719),(92,878)]	24.264490
430	[(18,939),(38,772),(77,1088)]	23.989653
431	[(23,1526),(35,1223)]	23.900816
432	[(64,71)]	24.048556
433	[(19,697),(29,117),(31,1445),(36,730),(51,1382)]	23.776252
434	[(23,1135),(60,138),(83,1748)]	23.758628
435	[(34,1783),(51,258),(62,1369)]	23.315550
436	[(7,465),(10,277),(14,186),(19,668),(61,1160)]	23.704010
437	[]	23.546571
438	[(60,1795)]	23.792715
439	[(48,413),(50,1400),(60,1780),(62,125),(68,278),(79,1090)]	23.560483
440	[(27,453)]	24.093097
441	[(92,85)]	25.040404
442	[(45,50)]	25.206609
443	[(8,696),(13,1171),(18,1259),(20,1399),(90,929)]	23.180453
444	[(14,965),(16,809),(19,1111),(31,1055),(39,1576),(53,1569),(71,349)]	24.043518
445	[(33,715),(68,1095)]	23.278293
446	[(19,983),(50,573)]	23.113770
447	[(41,822),(49,1115),(58,692),(78,228)]	22.764666
448	[(59,510),(82,930)]	25.994949
449	[(36,1271),(42,1299),(50,24),(58,1341),(83,1142)]	25.594284
450	[(12,173),(15,1000),(77,1498)]	24.030736
451	[(22,1539),(31,453),(83,1832)]	23.875385
452	[(15,1711),(51,169),(78,44)]	23.884100
453	[(12,235),(31,58),(38,1419),(63,91)]	22.590889
454	[(46,501),(92,1578)]	30.834142
455	[(0,619),(57,769),(68,1341),(77,816)]	23.451126
456	[(6,1800),(23,1356),(31,540)]	28.763255
457	[(9,560),(11,1211),(51,1423),(89,233)]	26.751266
458	[(3,1707),(44,1673),(83,43)]	27.149554
459	[(11,18),(23,75),(43,1588),(59,1156),(73,12),(77,1303)]	26.221498
460	[(43,1670),(89,245)]	24.876589
461	[(51,545)]	28.910851
462	[(0,1680),(5,970),(73,1053),(76,1030),(90,1812)]	25.933914
463	[(74,820)]	23.992804
464	[(17,959),(24,428),(30,1751),(63,713)]	24.516949
465	[(7,1112),(26,272)]	27.941436
466	[(48,416),(66,1183),(74,1556),(76,1628),(88,463)]	24.568246
467	[(27,1389),(71,116)]	24.265068
468	[(23,376),(85,1693)]	24.831234
469	[(10,161),(65,812),(67,226),(92,673)]	23.927721
470	[(14,1107)]	23.912178
471	[(59,1329),(64,663)]	23.721308
472	[(0,1394),(12,991),(37,1452),(49,451)]	24.174641
473	[(84,351),(90,4)]	23.875949
474	[(33,978),(45,956)]	23.866792
475	[(12,275),(60,1600)]	24.392745
476	[(56,83),(71,993),(85,676)]	24.358430
477	[(75,1727),(78,561)]	25.362501
478	[(23,786),(40,60),(58,1271),(77,434)]	25.093905
479	[(0,1548),(13,1356),(17,404)]	24.092526
480	[(42,1256)]	24.035587
481	[(23,644)]	24.029931
482	[(4,1106),(45,1182),(54,669)]	25.122546
483	[]	21.230466
484	[(13,1568),(60,700),(64,1510),(86,919)]	24.075789
485	[(48,86),(49,390),(77,509),(82,1249)]	25.649042
486	[(13,1718),(48,1349)]	24.597115
487	[(90,1076)]	23.396340
488	[(8,404),(26,303),(56,1062),(63,1149)]	23.437665
489	[(29,872)]	23.418373
490	[(0,14),(44,1081)]	23.224519
491	[(34,1453)]	23.229703
492	[(3,1644),(12,1255),(33,783),(91,576)]	24.685073
493	[(58,1165),(63,1694),(73,1153),(76,225)]	24.166837
494	[(35,61),(46,1318)]	23.981477
495	[(5,366),(91,1220)]	24.729164
496	[(51,414),(53,466),(59,1819),(68,131)]	23.452558
497	[(18,319),(32,1847),(63,1798),(74,591)]	25.966653
498	[(0,1266),(28,358),(74,1704)]	23.578853
499	[(3,190),(48,780),(75,785)]	23.108917
500	[(0,1308),(7,1627),(43,803),(66,960)]	25.145916
501	[(58,1374)]	23.678293
502	[(25,1645),(72,1658)]	24.796299
503	[(22,219),(27,363),(40,1640)]	23.842601
504	[(5,1667),(58,385)]	23.449473
505	[(7,1730),(16,913),(79,1064)]	24.362638
506	[(10,1433),(20,658),(65,1010),(70,47),(80,426),(85,546),(90,1415)]	24.859370
507	[(21,494),(29,206),(88,993)]	25.535062
508	[(36,1649),(38,630),(71,574),(88,521),(89,1759)]	25.851100
509	[(37,1673),(60,1321),(75,1059)]	29.386754
510	[(61,968),(62,1326),(79,556)]	31.567352
511	[(67,1170)]	27.352986
512	[(0,17),(3,1559),(29,170),(87,1438)]	25.641006
513	[(55,185),(68,771),(69,1356),(87,1176)]	26.980059
514	[(3,1818),(52,757),(90,1755)]	24.315197
515	[(2,1164),(72,1273),(83,353)]	23.863644
516	[(50,403),(57,1175),(62,469),(75,1419)]	26.508736
517	[]	21.445208
518	[(89,868),(90,1595)]	23.259638
519	[(37,1326)]	24.558451
520	[(79,1101),(89,12)]	23.606186
521	[(4,379),(78,1201),(86,1088)]	23.681797
522	[(49,804),(51,545),(75,924)]	25.930857
523	[(6,919),(78,299)]	25.828324
524	[(39,1843)]	24.663639
525	[(34,123),(57,1027),(59,1554),(65,1376),(85,1616)]	24.546624
526	[(9,311)]	25.492406
527	[(11,1350),(53,452),(61,1316)]	21.276464
528	[(40,1252)]	24.821156
529	[(29,255),(32,52),(55,3),(70,425),(72,519),(79,797),(89,160)]	24.061203
530	[(0,1765)]	29.563447
531	[(15,1574),(18,378),(22,1108),(33,242),(47,1544),(58,839),(68,1712),(90,521)]	27.953326
532	[(21,214),(23,1121),(63,827)]	26.735401
533	[(20,536)]	24.205088
534	[(15,1438)]	24.809935
535	[(4,445),(32,1364),(85,1013)]	25.191252
536	[(38,1516)]	25.080259
537	[(0,1840),(57,1412)]	27.026960
538	[(1,269),(42,662)]	24.004014
539	[(52,532)]	24.799798
540	[(63,423)]	21.563951
541	[(10,954),(17,1054),(85,1451)]	12.571512
542	[(18,1324),(19,1067),(90,1646)]	14.982102
543	[(17,20),(18,1002),(33,86),(69,30)]	15.984844
544	[(55,1828)]	12.340714
545	[]	12.809165
546	[(6,740),(32,1086),(34,1234),(70,299),(78,1448)]	12.151637
547	[(7,585),(16,430),(35,1052)]	12.913410
548	[(62,288),(86,766)]	12.992355
549	[(12,208),(20,500),(63,1238)]	13.437470
550	[(68,1052),(72,133)]	12.169568
551	[(21,4)]	12.035299
552	[(73,426)]	12.423933
553	[(11,1203),(36,1686),(67,11)]	12.135069
554	[(15,1737)]	12.424035
555	[(18,1781),(53,1622),(66,1729)]	13.291371
556	[(11,1469),(25,800),(73,363),(86,1574)]	12.142548
557	[(46,254)]	12.335439
558	[(13,78),(54,1122)]	14.872148
559	[(3,354),(19,985),(55,486),(85,566)]	12.252909
560	[(11,1223),(28,1735),(53,842),(59,1820),(92,1711)]	12.538021
561	[(11,641),(15,333),(40,1662)]	16.210247
562	[(0,1088),(26,1501)]	24.199236
563	[(26,1157),(42,468)]	15.013465
564	[(33,843),(89,1084)]	12.603198
565	[(14,1312),(31,1315),(62,1836),(66,1723),(89,611)]	12.499692
566	[(84,1081)]	12.176154
567	[(72,731),(87,974)]	12.544264
568	[(4,1810),(29,226),(43,539),(79,567)]	12.131760
569	[(31,1705),(41,484)]	12.072476
570	[(24,559),(25,381),(32,552),(33,994)]	12.014691
571	[(34,484),(82,373),(87,752)]	12.108902
572	[(23,1509),(27,714),(50,1067),(60,856)]	12.494677
573	[(14,845),(33,311),(62,1404)]	12.052636
574	[(66,411)]	12.168416
575	[(55,267)]	12.024185
576	[(24,1120),(35,1391),(37,1789),(51,575)]	12.064364
577	[(4,143),(20,365),(41,1822),(59,1734),(73,710),(90,728)]	12.219175
578	[(5,129),(30,1763),(52,470),(63,35),(69,1391)]	13.289736
579	[(16,649),(37,919),(76,848)]	12.240259
580	[(10,830),(24,570),(25,1350),(39,320),(51,26),(68,1568),(70,1359),(78,1406)]	12.776862
581	[(17,696),(68,1201),(91,547)]	12.199086
582	[(41,1582),(67,1062)]	12.739737
583	[(23,1658),(24,985),(25,543),(39,152),(63,197)]	12.206464
584	[(39,1738),(45,801),(57,906),(59,396)]	12.314338
585	[(1,439),(2,1204)]	12.883714
586	[(13,491),(45,1221),(81,1832)]	12.268874
587	[(26,1285),(51,614),(69,375),(90,1181)]	12.191944
588	[(39,482),(44,753),(47,770),(73,1828),(84,353)]	12.020145
589	[(15,821),(21,317),(41,171),(81,1077)]	11.933000
590	[(12,870),(38,268),(83,80)]	12.344879
591	[(30,1344),(57,780),(61,739)]	11.925412
592	[(5,682),(33,969),(46,1797),(67,1121),(82,969),(89,8)]	12.231190
593	[(23,1112),(24,649),(38,82),(66,262)]	12.314809
594	[(2,1411),(10,951),(25,516),(51,466),(62,1110)]	11.922060
595	[(5,805),(57,1757)]	12.645052
596	[(79,1263),(92,1598)]	12.294057
597	[(17,1081),(19,100),(51,346),(74,701)]	12.209814
598	[(33,1248),(81,1313),(84,1239)]	12.096846
599	[(46,543),(64,1573)]	11.966872
600	[(8,1266),(29,1722),(36,400),(57,1571),(63,778)]	12.669749
601	[(30,297),(38,588),(57,332)]	12.041676
602	[(84,1563)]	12.083011
603	[(9,1015),(32,549),(90,1648)]	12.425885
604	[]	11.949573
605	[]	12.588679
606	[(42,1635),(71,643)]	13.025617
607	[(48,1531),(77,841),(91,870)]	12.299898
608	[(29,1762),(60,1450),(61,1042)]	12.198037
609	[(23,794)]	11.935370
610	[(81,1384),(85,809)]	11.884741
611	[(48,463),(62,522),(86,1419)]	12.041167
612	[(31,1453)]	12.088515
613	[(2,248),(79,1265)]	14.608699
614	[(13,527),(25,678),(50,436),(54,1188),(88,478)]	12.172295
615	[(25,1344),(65,862)]	12.380050
616	[(18,1365),(43,1758),(74,1555),(89,1246)]	14.162015
617	[(5,792),(12,872),(46,303),(66,1538),(90,854)]	16.161121
618	[(25,813),(52,442)]	13.302507
619	[]	15.388270
620	[(54,816),(81,1225)]	16.924412
621	[(24,282),(82,909)]	15.279768
622	[(8,63),(56,941),(83,971)]	13.679895
623	[(11,1238),(25,897),(56,500),(82,1396),(92,1053)]	12.506884
624	[(6,1147),(37,1815),(64,1478),(67,951)]	12.393108
625	[(7,495),(11,1202)]	12.307460
626	[(2,278),(11,169),(22,1164),(66,399)]	12.120590
627	[(46,444),(60,54),(80,1070)]	13.187136
628	[(70,1516),(73,204),(77,1397),(90,918)]	12.347963
629	[(42,1643)]	12.481020
630	[(28,411)]	12.979299
631	[]	12.508441
632	[(6,442),(8,805),(45,1429),(70,582),(86,513)]	12.352936
633	[(4,1515),(65,1021),(79,534)]	12.142186
634	[(21,1206),(29,774),(43,1509),(61,1048)]	11.959635
635	[(23,426),(56,1668)]	12.237518
636	[(1,84),(34,1207)]	14.043207
637	[(53,1578),(72,1584)]	12.852773
638	[(53,1757),(81,1597)]	12.537855
639	[(19,1367),(31,1219),(36,1352),(60,1313),(81,507),(89,1193)]	12.052165
640	[(43,1572),(86,185)]	12.042930
641	[(70,321),(73,1815)]	12.253718
642	[]	17.530720
643	[(60,355),(73,126)]	24.325069
644	[(10,268),(18,1457),(48,581),(76,975),(91,1201)]	13.090152
645	[(10,430)]	12.067051
646	[(19,1037),(43,1596)]	12.023951
647	[(9,1655),(42,197),(88,995)]	11.945556
648	[(21,1841)]	11.983693
649	[(5,1501),(19,69),(22,1233),(78,1631),(88,94)]	12.082788
650	[(23,985),(24,543),(38,1028),(74,109),(80,1321),(91,1753)]	11.918636
651	[(40,1515)]	12.090723
652	[(42,466),(49,320)]	11.988894
653	[(28,1564),(56,1233)]	12.662156
654	[(87,1109)]	12.092412
655	[(13,31),(45,1311),(83,1343)]	11.971115
656	[(35,307)]	11.922588
657	[(8,523),(51,736)]	12.018115
658	[(44,939)]	11.987332
659	[(16,1825),(46,1131),(91,837)]	11.968510
660	[]	12.324362
661	[(3,1078),(54,943),(58,676),(59,387)]	12.200873
662	[(48,1538),(67,276)]	12.527308
663	[(5,500),(81,1557),(85,615)]	12.112587
664	[(74,1367),(80,1307),(92,616)]	11.850689
665	[(36,214),(59,300)]	12.067203
666	[(31,1539),(57,1678)]	11.882603
667	[]	12.045486
668	[(29,205),(34,1674),(45,209),(50,390),(66,1260),(87,742)]	12.294554
669	[(2,1844),(7,1539),(30,749)]	12.002890
670	[]	12.293024
671	[(38,233),(51,341)]	12.215858
672	[(66,1036),(77,459)]	12.050838
673	[(6,1722),(42,869),(90,938)]	12.263235
674	[(38,693),(50,444)]	13.065214
675	[(48,167),(56,353)]	12.264736
676	[(0,1782),(6,1315),(27,312),(50,597),(57,82),(74,403),(89,663)]	12.276917
677	[(4,170),(9,624),(53,1413),(87,534),(88,1611)]	12.235573
678	[(44,1441)]	12.648739
679	[(37,193),(42,1625),(71,1542)]	12.198654
680	[(42,151),(55,542),(66,1730)]	12.449448
681	[(7,1164),(30,689),(60,1805),(81,1592)]	11.998231
682	[(26,1022),(72,150)]	12.454741
683	[(51,43),(78,1317),(81,1512)]	13.906238
684	[(20,1620),(28,374),(43,1297),(48,1325),(68,1746),(74,1638)]	12.230548
685	[(0,1248),(89,1037),(90,1720)]	11.990372
686	[]	12.141300
687	[(7,343),(24,320),(46,532),(63,1662)]	12.050147
688	[(19,237),(63,693),(64,74)]	12.174541
689	[(12,1429),(14,1648),(36,1072)]	12.085168
690	[(36,67)]	12.147035
691	[(15,980),(26,490),(54,1234),(74,1090),(86,528)]	12.860307
692	[(16,73),(79,596),(86,1198),(87,639)]	14.702525
693	[(7,873),(47,1704),(50,1621)]	12.776831
694	[(5,1444),(41,1787),(63,1674)]	12.109464
695	[(42,268),(51,797),(54,759),(91,45)]	12.112568
696	[(52,1390)]	12.244902
697	[(1,1032),(15,1253),(30,1017),(71,1692)]	12.136140
698	[(23,713),(91,1672)]	12.838226
699	[(26,1660)]	16.453702
700	[(9,601),(15,1162),(35,965),(52,1118),(56,94)]	15.018139
701	[(80,117)]	12.296608
702	[(3,1756),(13,1565),(22,205),(36,753)]	12.237806
703	[(41,1316),(51,1563),(81,1086)]	13.357225
704	[(47,644),(54,209)]	12.117936
705	[(14,1151),(84,1652)]	13.082781
706	[(38,1688),(51,1722)]	12.135624
707	[]	12.459991
708	[(13,441),(29,1818),(56,111)]	12.303836
709	[(48,589),(56,1313)]	11.934140
710	[(27,281),(28,599),(31,1613)]	12.174322
711	[(2,892),(4,1161),(6,1555),(73,405),(81,657)]	12.200417
712	[(21,362),(59,1824),(66,1532)]	12.052181
713	[(71,1540)]	12.780726
714	[(23,1422),(56,1442),(75,159)]	12.456566
715	[(28,1842),(45,1346)]	14.342420
716	[(0,1449),(16,1466),(32,141),(73,220)]	14.649711
717	[(5,1391)]	12.883587
718	[(3,941),(48,745),(73,1383)]	12.707779
719	[(34,1077),(85,622)]	14.951094
720	[(21,274),(82,427)]	12.793139
721	[(17,113),(40,551),(79,1683)]	12.360829
722	[(47,1423),(57,173),(59,879)]	12.735356
723	[(34,698)]	13.753447
724	[]	23.805270
725	[(69,460),(79,516)]	19.718337
726	[(0,1489),(22,710),(76,1436)]	12.538225
727	[]	11.879326
728	[(35,1535),(62,1711)]	12.756211
729	[(31,923),(47,518),(85,492),(87,1515)]	12.315823
730	[(2,1771),(70,138)]	12.414004
731	[(2,1811)]	11.994978
732	[(43,66)]	12.066579
733	[(6,721),(26,1662),(54,1511)]	12.213666
734	[(89,397)]	12.146795
735	[(90,1016)]	11.920468
736	[(3,281),(7,210),(31,1489),(83,1726)]	12.398853
737	[(31,1311),(65,129)]	13.167095
738	[(9,1528)]	13.151247
739	[(43,1046),(44,1645),(49,142),(58,452),(72,188),(92,889)]	12.804413
740	[(65,1233)]	12.153316
741	[(7,790),(17,1644),(26,92),(28,195),(36,1049),(37,662),(38,516),(46,443),(75,73)]	12.161842
742	[]	12.310200
743	[(44,1601),(83,606)]	11.997881
744	[]	12.386396
745	[(45,947)]	11.969379
746	[(1,1794),(10,189),(70,1317),(85,1272)]	12.134140
747	[(66,77)]	12.267960
748	[(18,1584),(71,956),(73,1632)]	11.981238
749	[(15,209),(35,1350),(71,1110),(92,481)]	12.109917
750	[(15,717),(39,684)]	11.848164
751	[(18,1703),(78,1774)]	12.111991
752	[]	14.963993
753	[(5,274),(18,1326),(68,938)]	13.312744
754	[(4,330)]	12.270950
755	[(25,271),(37,770),(40,1179),(71,955)]	12.153657
756	[(39,840),(46,1793),(73,236)]	12.191439
757	[(9,471),(64,1550),(67,1444),(87,1276)]	12.281025
758	[(68,1132)]	12.445078
759	[(74,992),(89,598)]	12.148586
760	[(31,329),(79,378),(82,1601)]	12.053652
761	[]	12.160711
762	[(72,12),(90,532)]	13.127729
763	[(31,534),(32,1611),(47,603),(62,791)]	12.203950
764	[(41,1811),(64,1548),(82,787)]	11.986702
765	[(20,1451)]	12.074954
766	[(4,335),(30,1357),(42,568),(43,935),(74,1510)]	11.961736
767	[(21,1188),(65,1218),(78,488),(88,734)]	12.016842
768	[(28,1344),(44,627),(47,1496)]	13.294268
769	[(40,1833),(59,610),(68,767)]	13.418112
770	[(0,625),(13,626),(27,1216),(53,480)]	14.377524
771	[(77,1213)]	12.310512
772	[(29,1474),(76,1676)]	12.086466
773	[(22,796),(25,1293),(61,354),(68,174),(82,1054),(91,682)]	12.755709
774	[(81,1583),(91,484)]	12.062538
775	[(2,153),(4,1425),(29,1481),(46,273),(90,1682)]	12.167502
776	[(5,1230),(71,1539)]	13.990412
777	[]	16.077722
778	[]	13.902159
779	[(23,1655),(25,1478),(60,687)]	12.541110
780	[(7,642),(12,224),(33,922),(34,1231)]	13.166605
781	[(25,174),(82,422)]	12.140866
782	[(18,375),(32,1329)]	12.746096
783	[(22,1327),(77,1081),(78,415)]	13.027197
784	[(8,112),(57,567),(67,529)]	12.668631
785	[(17,323),(40,300),(63,1159)]	14.421004
786	[(0,89),(31,0),(68,931),(73,471)]	13.455961
787	[(72,1619),(80,1630)]	12.643465
788	[(9,454),(52,206),(59,933)]	12.067144
789	[(56,330)]	12.140406
790	[(41,977),(48,167)]	11.950481
791	[(74,1347)]	12.307524
792	[(28,1647),(64,1079)]	12.599532
793	[(17,142),(81,769),(90,1404)]	14.026246
794	[(46,514),(63,1217),(78,1705)]	12.773709
795	[(27,838),(51,961)]	12.117752
796	[(8,1691),(20,1787),(21,565),(28,1054)]	12.409621
797	[]	17.019758
798	[(20,676),(23,732)]	12.399365
799	[(17,1475),(29,835),(42,1063),(85,1582),(92,1148)]	12.128427
800	[(11,1454),(56,517),(63,1410)]	13.190149
801	[(18,1276)]	12.074994
802	[(20,1385)]	12.064466
803	[(21,850),(65,1450),(66,1042),(83,1774),(87,1286)]	11.934741
804	[(1,1447),(31,1328)]	15.262747
805	[(21,1728)]	24.033063
806	[(59,1486),(92,934)]	15.873982
807	[(12,1034),(58,182),(63,566)]	12.175858
808	[(58,1680)]	12.155866
809	[(24,249),(45,527)]	12.645696
810	[(75,895)]	12.370790
811	[(40,1166),(56,1407),(63,1446)]	12.369637
812	[(41,1081),(43,100),(68,1105),(88,769)]	12.421774
813	[(35,501),(42,919)]	12.289488
814	[]	12.743509
815	[(13,1131)]	13.688657
816	[(59,731)]	15.617557
817	[(13,1801)]	12.353395
818	[(7,1222),(71,1456)]	12.424276
819	[(10,1438),(73,667)]	12.093608
820	[(67,888)]	12.257769
821	[(61,720),(65,1563),(84,1707)]	12.387957
822	[(24,1373),(75,605)]	12.053520
823	[(58,1780),(91,1582)]	12.336290
824	[(46,1721)]	11.989999
825	[(82,201)]	12.315017
826	[(12,1827),(28,854),(35,731),(40,999),(50,1396),(89,4)]	12.448217
827	[(3,1556),(56,1167),(69,1519)]	12.268692
828	[(70,76),(85,1765)]	12.016127
829	[(4,1256),(26,622),(82,1192)]	12.785107
830	[(47,135),(78,581)]	12.190321
831	[(4,153),(49,1341),(67,932),(84,117),(86,1445)]	12.193239
832	[(4,131),(8,1138),(25,1760)]	12.226815
833	[(20,1660),(73,1763)]	12.019662
834	[(14,1685),(24,1049),(51,714),(54,487),(70,742),(78,1548)]	12.376034
835	[(41,1401)]	12.303215
836	[(14,1723),(15,355),(35,1021),(65,1375)]	11.882073
837	[(30,985),(39,1276),(63,1237),(78,1605)]	12.328919
838	[(6,1542),(23,555),(70,711)]	11.993341
839	[]	12.486063
840	[(11,1398),(27,1841),(72,996)]	12.194937
841	[(35,1335)]	11.934600
842	[(51,1670),(87,1384)]	12.125212
843	[(29,1470),(33,1785),(52,739),(88,1095)]	12.007347
844	[(9,230),(83,279)]	12.043134
845	[(19,1292),(46,380),(60,1801),(83,1204)]	12.134260
846	[(2,416),(10,489),(19,1578),(51,303)]	11.936958
847	[(56,188),(78,1242)]	13.038038
848	[]	14.378029
849	[(6,491),(9,1500),(19,585),(22,1203),(40,1509),(77,634),(87,600),(90,664)]	14.448454
850	[(13,1138),(67,184),(92,1615)]	13.503195
851	[(66,1836)]	12.037232
852	[(6,732),(73,1309)]	12.220626
853	[(39,1087),(58,1541),(63,1816),(91,894)]	12.190618
854	[(74,518)]	16.374610
855	[(12,1573),(18,1063),(38,504)]	15.062979
856	[(27,20),(43,525),(73,1630),(76,1181)]	12.155345
857	[]	13.379450
858	[(8,204),(76,29),(88,414)]	14.041526
859	[(17,1034),(35,1845)]	13.706387
860	[(86,611)]	13.662662
861	[(5,723),(6,419),(40,406),(80,1084),(84,721)]	14.247514
862	[(19,1457),(81,1456)]	12.097895
863	[(31,1139),(56,115)]	12.063951
864	[(46,81),(57,1443),(61,655)]	12.024623
865	[(3,1646),(64,464)]	12.095722
866	[(26,119),(46,393),(53,1733),(69,578)]	11.942403
867	[(20,825),(27,741),(73,1340)]	11.998157
868	[(44,1133),(61,842)]	11.928953
869	[(24,1548),(83,584)]	11.992672
870	[(74,17)]	13.465183
871	[(26,1377),(46,576),(53,1056),(84,146)]	12.836616
872	[(14,1490),(21,1813),(50,1066),(53,854)]	13.297501
873	[(27,1498),(33,1182),(53,1338),(55,1835)]	12.325611
874	[(20,224)]	12.140279
875	[]	12.410124
876	[(35,1527),(48,1095),(55,921)]	12.749750
877	[(34,1469),(50,1844),(58,779)]	12.422608
878	[(32,1039),(56,961),(62,1016),(65,1116),(76,1631)]	12.252506
879	[(7,453),(19,859),(25,1624),(41,467),(76,939)]	11.927205
880	[(25,1271),(72,1139)]	12.160108
881	[(33,538),(34,1291),(72,1620)]	12.627723
882	[(36,759),(50,1341),(53,256)]	12.506053
883	[(8,463),(16,1647),(39,1635),(53,78),(55,1088),(69,959)]	12.303319
884	[(11,780),(51,357),(59,1681),(78,959)]	12.133063
885	[(26,1801),(61,51),(86,449)]	17.319743
886	[(25,473),(35,631),(73,133)]	24.114100
887	[(17,222),(43,1053),(46,1030),(53,722)]	13.566863
888	[(43,1316),(75,1026),(79,1830)]	12.068567
889	[]	11.986320
890	[(2,1656),(42,346)]	12.321171
891	[]	12.475809
892	[(9,498),(57,170),(63,548),(75,785)]	12.168437
893	[(3,251),(8,554)]	12.591938
894	[(38,1697),(42,226),(51,1836),(53,1022)]	12.604691
895	[(81,166),(87,137)]	12.313007
896	[(3,1048),(17,233),(25,120),(92,336)]	12.218807
897	[(4,206),(16,1332)]	12.181645
898	[(33,1404),(72,1429),(83,128),(85,848)]	12.288302
899	[(28,925),(50,1235),(79,666)]	12.237310
900	[(16,598),(33,1798)]	12.822179
901	[(6,953)]	12.292863
902	[(12,1153)]	12.297355
903	[(39,431),(73,1405)]	12.224924
904	[(41,266),(64,57)]	12.126706
905	[(53,1278),(54,291),(80,467),(86,351)]	12.152964
906	[(22,1572),(31,1518)]	12.632557
907	[(18,1237),(43,280)]	13.529542
908	[(69,531)]	12.068034
909	[(58,1114),(80,1564),(89,209)]	12.265627
910	[(32,1810),(38,631)]	12.272677
911	[(34,1158)]	12.394768
912	[(47,1238)]	12.432300
913	[(1,699)]	12.109427
914	[(17,942),(55,878),(74,332)]	11.984562
915	[(17,1546),(41,1503)]	12.133960
916	[(34,1379),(40,1140),(47,127),(71,1374)]	12.626102
917	[(63,735),(86,1320),(91,1232)]	14.008081
918	[(4,504),(70,1601),(82,1761)]	12.625822
919	[(14,836)]	13.929388
920	[(64,581),(69,903),(71,1645)]	13.003634
921	[(10,7),(15,320)]	12.141177
922	[(2,1510),(67,1400),(78,182),(89,233)]	14.302332
923	[(24,406),(60,892),(66,987),(80,786)]	13.811924
924	[(1,1571),(9,1636),(37,196)]	13.822867
925	[(30,374),(49,1263),(85,1759)]	16.385863
926	[(50,922)]	14.122600
927	[(80,1526)]	12.193164
928	[(2,633),(44,54),(46,465),(77,19),(79,1598)]	12.000265
929	[(16,1255),(61,1006)]	12.142485
930	[(85,1026)]	12.456752
931	[(46,1709),(60,1591),(68,668),(76,660),(80,586)]	14.716256
932	[(18,466),(21,1189),(23,1562),(42,851)]	16.555326
933	[(0,379),(5,1057),(72,520)]	13.090934
934	[(20,56),(67,1831),(68,1361)]	12.218236
935	[(24,977),(82,1357),(85,1673)]	12.990502
936	[(21,1528),(22,880),(43,1046),(44,1645)]	12.344254
937	[(12,812),(14,226),(92,1288)]	12.232376
938	[(69,1466)]	12.713381
939	[(4,1456),(21,166),(66,1846),(69,1128)]	12.111481
940	[(5,1257),(6,375),(9,233),(37,1423),(71,1631)]	12.530137
941	[(29,403),(54,1457)]	12.887661
942	[(2,376),(13,774),(18,678),(81,1531)]	11.990633
943	[(8,1557),(30,1225),(39,997),(70,217)]	12.298881
944	[(18,1377),(61,1039),(72,1739)]	11.993400
945	[(45,731),(73,411)]	12.028873
946	[(4,584),(12,1273),(47,188)]	14.566379
947	[(2,1784),(41,1110),(81,185),(92,374)]	12.207880
948	[(1,1245)]	13.998026
949	[]	12.857381
950	[(30,1464),(48,994),(63,95)]	12.321640
951	[(11,385),(17,1119),(74,1414),(82,67)]	12.102347
952	[(4,1600),(5,908),(6,1225),(38,1324),(39,1067),(41,531),(62,1072)]	12.256497
953	[(7,443)]	12.077115
954	[(0,823)]	12.061748
955	[(49,1459),(87,141)]	12.322033
956	[(30,1309),(57,10),(58,622),(89,1205)]	12.202819
957	[(2,444),(49,1046),(50,1645),(61,1293),(80,437),(90,1058)]	12.022213
958	[(3,1695),(4,1216),(42,677),(43,44),(59,142),(68,1580),(90,966)]	12.078405
959	[(52,553)]	12.084028
960	[(29,184),(34,1076)]	11.956489
961	[(35,532),(51,496),(69,638),(92,1064)]	12.159949
962	[(11,902)]	12.104738
963	[(8,1722),(35,1044),(68,993)]	12.145735
964	[(12,1064),(49,1355)]	12.045043
965	[(28,1405),(59,1615)]	12.055636
966	[(15,1228),(46,533),(56,326),(65,637)]	21.499101
967	[(13,1735),(32,233),(69,1421)]	21.223898
968	[(36,1371),(48,918),(82,1295)]	12.439841
969	[(33,782),(40,1550),(89,972)]	12.237775
970	[(44,707),(58,1523),(89,662)]	12.393823
971	[(57,832),(71,214)]	11.964789
972	[(28,862)]	12.335382
973	[(1,1094),(12,1106),(44,198)]	12.105871
974	[(57,443),(70,1494),(84,335)]	12.110461
975	[(9,1575),(54,853)]	12.023248
976	[(48,1685),(88,519)]	12.608201
977	[(16,864),(74,1504)]	12.202784
978	[(10,467),(17,305),(38,13),(44,213),(49,519)]	12.597462
979	[(32,1582),(34,527),(57,1242),(73,357),(78,1740),(84,91)]	12.159755
980	[(47,1791),(53,118),(56,1440)]	12.148712
981	[(7,127),(37,582),(56,430)]	12.527936
982	[(26,946),(34,986),(86,1041)]	12.000432
983	[(38,1289),(51,992),(66,1259),(77,548),(84,1311)]	12.112072
984	[(33,1770),(86,813)]	11.971853
985	[(55,828)]	12.247616
986	[(11,723),(43,348),(83,465),(90,1406)]	12.109768
987	[(10,627),(18,1596),(50,1040),(74,420),(76,851),(83,1588)]	12.614095
988	[(16,207),(25,765),(35,1592),(86,429),(90,458)]	13.294754
989	[(26,1036),(78,1840),(80,452)]	12.292932
990	[(42,1364),(61,211)]	12.039603
991	[(15,1153)]	12.246296
992	[(71,1123),(74,1158)]	12.018490
993	[(26,59),(62,1713),(72,1186),(88,1551)]	12.056030
994	[(38,1662),(44,362)]	12.117397
995	[(68,1308),(78,905)]	12.395647
996	[(31,64)]	12.177371
997	[]	12.104333
998	[(5,557),(26,43)]	12.017808
999	[(28,1261),(44,1474),(58,700),(85,1520)]	12.627558
