ruleset_index	matches	time_ms
0	[(0,3545),(5,383),(30,2867),(32,2734),(39,3472),(45,3196),(76,2757),(83,3576)]	16.881342
1	[(38,1638),(41,3580),(51,478),(69,2416)]	17.056606
2	[(13,3355),(25,3635),(27,918),(38,3545),(75,844),(86,3796),(92,3658)]	16.828160
3	[(3,85),(23,323),(32,1576),(36,2993),(48,1302),(74,2167),(79,2936),(84,3310),(89,2153)]	17.608488
4	[(46,2493),(50,2684),(51,1193),(53,573)]	24.538908
5	[(7,345),(9,893),(16,1913),(28,1960),(44,1921),(49,1929),(66,2939),(77,2577)]	19.170601
6	[(18,849),(27,2111),(29,3705),(74,3758),(75,2066),(77,418),(88,1995)]	17.181747
7	[(1,1894),(15,2043),(52,843),(67,989),(69,2233),(88,3331)]	17.220463
8	[(28,2321),(48,3079),(51,3538),(59,3334),(77,421)]	17.921929
9	[(7,859),(9,1926),(33,2965),(38,2563),(53,2560),(57,3734),(60,2765)]	16.973191
10	[(5,108),(33,1535),(46,639),(56,470)]	16.989640
11	[(5,844),(17,3254),(20,309),(31,1900),(55,2698),(57,2018),(62,1810),(64,2253),(65,3585),(69,1163),(86,3733)]	18.144334
12	[(12,659)]	18.308771
13	[(17,3664),(64,674),(81,1062),(88,176)]	18.639492
14	[(4,2588),(17,1715),(21,2579),(31,413),(37,64),(51,460),(85,2007)]	18.082656
15	[(50,1906),(63,1140),(71,2136)]	17.149523
16	[(5,2893),(8,3892),(29,2701),(81,3162),(82,3073)]	17.049593
17	[(3,3838),(15,1096),(46,3649),(58,631),(85,2580),(87,3130)]	16.645470
18	[(35,1073),(66,1780),(73,3633)]	16.543938
19	[(19,2619),(37,1075),(38,215),(47,3057),(48,3807),(64,1669),(73,3441),(85,3197)]	16.278556
20	[(28,1770),(46,1332),(65,1954)]	16.617543
21	[(9,3606),(36,2406),(87,541)]	25.772491
22	[(11,3236),(36,2043),(41,3872),(43,3364),(80,1483)]	26.626189
23	[(17,2301),(26,3221),(29,3653),(41,20),(50,741),(62,727)]	17.232618
24	[(6,104),(17,211),(22,2520),(47,3925),(75,2306),(91,784)]	17.144640
25	[(0,1210),(37,1379),(46,3092),(79,1535)]	16.493017
26	[(20,749),(29,3303),(30,2274),(58,1719),(82,1479)]	16.567193
27	[(18,2615),(24,1802),(85,3133),(89,1468),(90,1065)]	16.173282
28	[(25,2371),(40,3203),(58,3624),(70,1354)]	16.570460
29	[(38,1341),(71,2720)]	17.678701
30	[(5,2762),(58,408),(65,1041),(69,3362),(86,3040),(88,627)]	22.459609
31	[(22,3621),(24,2940),(43,653),(77,233)]	17.067995
32	[(50,3518),(63,303),(87,2901)]	16.396458
33	[(28,17),(77,1223)]	16.061959
34	[(1,2403),(32,2562),(54,1952),(60,3047),(68,3613),(89,1433)]	16.527265
35	[(13,3222),(25,1778),(34,1330),(35,3772),(73,497),(77,2780),(80,748)]	16.148553
36	[(23,2301),(26,2201),(43,2100),(80,1806),(86,1271),(90,2471)]	17.863344
37	[(1,2765),(7,1989),(13,3164),(14,1062),(28,2857),(52,1280),(59,174),(82,2740),(85,3217),(91,748)]	17.966097
38	[(3,411),(20,3854),(25,662),(26,1290),(36,1668),(70,2300),(73,961)]	17.110097
39	[(3,1094),(10,3163),(36,722),(57,2750),(74,1653),(80,236),(81,168),(87,3250)]	16.642058
40	[(15,3902),(58,3248),(59,585),(77,1424)]	17.395940
41	[(12,1787),(16,225),(22,3661),(26,1713),(32,1251),(43,3246),(57,2897),(82,2611),(85,955)]	16.368852
42	[(15,561),(53,574),(54,1275),(63,3593)]	17.302072
43	[(10,3119),(14,532),(32,1280),(37,2720),(54,3130),(82,3484)]	17.263640
44	[(22,2329),(49,1492),(67,1898),(80,3317)]	17.601216
45	[(14,1415),(22,3025),(33,1101),(35,2914),(44,3139),(60,2047)]	17.758206
46	[(2,1869),(7,450),(8,2962),(12,3572),(42,3887),(51,421),(64,595),(66,3063),(69,347),(76,2366)]	16.432283
47	[(19,3880),(43,1874),(49,1813),(55,470),(57,2630),(61,1135),(64,1008),(74,3769)]	17.308792
48	[(11,1407),(31,1287),(42,1255),(59,755),(72,1130),(79,385),(83,1629)]	16.615714
49	[(38,129),(68,2658),(69,340),(84,2731)]	16.693601
50	[(17,412),(48,1697),(84,3389)]	16.813933
51	[(1,1781),(13,546),(28,3170),(34,3716),(46,691),(64,1325),(85,3319)]	16.432562
52	[(28,1812),(88,3126),(89,1174)]	16.389039
53	[(9,1045),(28,1160),(31,476),(46,3794),(74,251),(75,1540),(92,951)]	16.379063
54	[(26,2041),(56,3476),(90,2739)]	16.148652
55	[(61,2680),(85,2113)]	16.410242
56	[(28,1455),(34,2575),(38,777),(53,3397),(54,3089),(60,700),(80,3059),(90,1372)]	16.362239
57	[(24,1322),(34,1119),(54,3810),(58,2783),(89,3724),(90,889)]	16.280167
58	[(0,1648),(6,2996),(7,348),(50,1773),(56,1586),(72,892),(92,1220)]	16.146491
59	[(9,3398),(62,1578),(66,2345)]	16.998800
60	[(3,1604),(6,1778),(23,810),(31,3125),(40,3006),(72,1304),(82,256),(85,2687)]	19.442857
61	[(3,2939),(27,2509),(33,649),(42,2842),(43,1290),(68,613),(71,1594),(74,3751)]	23.263355
62	[(1,1715),(10,240),(24,2461),(31,933),(77,3225),(79,1048),(86,1374),(92,3138)]	16.870705
63	[(3,1588),(6,2018),(14,2377),(20,3718),(22,276),(23,155),(34,519),(39,713),(49,2091),(50,2075),(70,2239),(89,958),(90,2614)]	17.123293
64	[(32,1490),(39,3892),(44,1583)]	17.569958
65	[(8,1375),(11,2021),(28,1773),(36,1826),(45,665),(54,846),(56,2424),(75,2746),(86,1692)]	17.743473
66	[(51,1338),(60,2277),(61,272),(64,1550),(68,2082),(85,1018),(87,2835)]	16.298517
67	[(8,1193),(16,1243),(17,3803),(32,2401),(60,1413),(69,2821),(81,222),(84,2851),(90,2519)]	17.742713
68	[(12,1493),(21,963),(33,1995),(76,1529),(88,3823)]	16.639600
69	[(5,908),(17,485),(19,1659),(30,3886),(31,794),(39,2222),(49,1400),(64,146)]	16.991655
70	[(13,3840),(56,1296),(63,921),(86,141)]	20.598014
71	[(21,3092),(76,1535)]	18.171995
72	[(2,1894),(11,3877),(46,3647),(80,3340),(91,2135)]	16.728135
73	[(17,2433),(66,1299),(70,1708),(91,2149)]	16.510621
74	[(9,2665),(11,1979),(20,1451),(25,3761),(56,3228),(57,1551),(58,1158),(62,666),(66,2657)]	16.559493
75	[(3,3565),(20,2613),(39,2722),(47,1062),(77,2459)]	16.826405
76	[(35,2332),(85,1609),(87,1092)]	16.647359
77	[(3,2444),(33,544),(47,269),(79,2010)]	17.091373
78	[(8,3656),(12,2042),(17,3366),(27,3829),(40,3480),(66,3633),(81,575),(88,1169),(91,386)]	17.164409
79	[(23,902),(24,1623),(41,1382),(46,2183),(50,417),(78,556),(84,1363)]	18.267765
80	[(1,1574),(22,3047),(76,2686),(83,1646)]	22.900253
81	[(29,2422),(36,2946),(67,772),(87,1912),(92,1578)]	29.821128
82	[(7,764),(13,1988),(16,1826),(57,3247),(65,2598),(74,3863),(86,2176)]	17.183984
83	[(8,3021),(28,2388),(40,35),(54,556)]	16.454392
84	[(20,1213),(35,226),(37,3652),(64,3413),(79,1893),(83,1384),(85,1631)]	16.389437
85	[(28,3224),(30,254),(48,742),(53,3592),(65,1524)]	16.736094
86	[(18,2021),(29,3078),(75,2120),(81,1459),(91,709)]	16.686026
87	[(5,2918),(32,3595),(41,1433),(44,3029),(45,2805),(69,91),(86,683),(90,1197)]	16.405059
88	[(8,1729),(10,1110),(27,2458),(35,3905),(44,1127),(49,974),(74,2595),(76,2720),(81,1771),(89,3820),(91,2398)]	16.262226
89	[(13,797),(47,2946),(77,2716),(87,1318)]	16.765432
90	[(37,480),(44,747),(51,130),(56,1337),(67,2505),(71,1137),(76,1678)]	16.075808
91	[(35,3122),(45,2967),(59,2474),(62,3328),(71,1024),(91,735)]	16.299459
92	[(0,426),(16,1181),(28,3689),(48,1018)]	16.536308
93	[(7,3872),(41,880),(58,800)]	16.282701
94	[(14,1785),(20,3864),(22,798),(68,3573)]	16.148645
95	[(2,475),(14,1504),(38,1839),(53,1444),(56,3398)]	16.158884
96	[(19,2284),(29,455),(48,2554),(64,1378),(75,3245),(86,143)]	16.200113
97	[(1,3359),(2,329),(23,2468),(30,3250),(40,2650),(70,557),(75,3922)]	16.381096
98	[(6,2337),(18,962),(24,2885),(58,1747),(70,1978),(76,3419)]	16.242699
99	[(8,973),(13,1687),(26,1921),(35,1918),(36,3412)]	16.248782
100	[(4,890),(9,2030),(23,3247),(28,1449),(33,3318),(47,2630),(51,2471),(60,2713),(72,755),(78,2483),(87,964)]	17.523458
101	[(6,1350),(7,1446),(22,1055),(41,1300),(49,265),(65,690),(78,2549),(84,1361),(86,1089)]	16.843314
102	[(1,847),(7,400),(46,1397),(62,1914),(83,2514),(85,2196)]	16.337563
103	[(23,1228),(78,2964),(84,2158)]	16.492968
104	[(23,2727),(59,1851)]	16.811050
105	[(11,2068),(33,2147),(49,2436),(58,2601),(61,1228)]	16.953012
106	[(3,841),(26,606),(54,2770),(73,1036)]	16.178984
107	[(7,56),(10,1556),(12,1765),(22,2150),(25,2346),(50,2474),(55,587)]	16.956886
108	[(3,2856),(12,2317),(36,2003),(45,3663),(65,3380),(72,1847)]	16.499863
109	[(9,1258),(23,3071),(25,657),(49,3835),(66,690),(68,3458),(82,2494),(83,3616),(84,1308)]	16.292131
110	[(11,1672),(13,2052),(21,2385),(34,3547),(46,3380),(54,1247),(72,2225),(90,2243)]	16.436221
111	[(11,163),(13,2955),(14,889),(15,370),(31,2111),(43,3444),(44,1252),(53,2784),(84,2648)]	18.232985
112	[(27,1835),(31,950),(40,2365),(49,2376),(58,1932),(59,3597)]	18.580441
113	[(3,377),(15,662),(17,3044),(26,2527),(38,1968),(55,1582),(80,71)]	17.418808
114	[(1,180),(53,1659),(65,1703),(70,1282),(74,537),(75,1185),(85,561)]	19.336936
115	[(16,0),(17,312),(28,3157),(29,2503),(32,2233),(43,2058),(63,3812)]	17.451665
116	[(0,1389),(43,3082),(59,3068),(81,1209),(83,2887)]	16.587430
117	[(3,3194),(19,381),(28,2633),(31,2609),(52,1851),(92,2589)]	17.753277
118	[(10,706),(26,2403),(33,837),(71,1305),(74,3503),(82,2542),(90,1887),(92,1695)]	23.490871
119	[(34,1617),(50,351),(57,3248),(64,980),(69,820),(84,3809)]	18.724704
120	[(14,2175),(37,1174),(58,1524),(85,3688)]	16.291224
121	[(21,774),(43,2728),(58,3112),(66,3205)]	16.530460
122	[(3,3784),(12,1592),(48,1503),(66,2466),(81,2884)]	18.824494
123	[(5,3457),(15,3849),(22,3714),(26,2386),(27,3413),(35,1995),(84,1871)]	16.918862
124	[(22,1917),(49,1454),(52,1930),(65,2926),(85,655),(92,3839)]	16.306125
125	[(4,3654),(33,1413),(49,715),(54,3589)]	16.549535
126	[(1,400),(12,2720),(35,3500),(55,2203),(62,3507),(74,2390),(75,47),(90,2887)]	16.488369
127	[(8,1551),(35,811),(57,1934),(59,2421),(69,504),(73,1586)]	16.329022
128	[(13,40),(24,2829),(42,1027),(64,2714),(90,1035)]	19.761499
129	[(28,660),(83,3910)]	17.077319
130	[(2,970),(12,1236),(81,2762),(90,2041)]	16.422481
131	[(33,2776),(36,3396),(40,2141),(41,2656),(46,1578),(52,1237),(69,2606),(72,177)]	16.367543
132	[(0,3377),(1,309),(12,2616),(35,1391)]	16.380473
133	[(5,1776),(17,1177),(70,1823),(71,235),(76,991)]	16.282497
134	[(12,2094),(37,1947),(53,1787),(61,2961),(65,210),(86,1787),(91,618)]	16.734622
135	[(9,2855),(24,274),(40,2527),(60,557),(67,3120),(79,768),(81,804),(89,2357)]	18.736063
136	[(27,804),(58,1010),(62,2667),(64,2292),(83,797),(92,873)]	28.329734
137	[(0,209),(4,407),(8,1914),(15,28),(73,66)]	27.465332
138	[(2,1055),(10,3777),(13,2144),(14,2772),(32,1749),(55,2967),(64,3531),(72,2530)]	36.581651
139	[(12,205),(17,1819),(38,826),(39,2908),(57,2539)]	37.234264
140	[(1,2050),(5,2678),(22,1783),(24,3420),(29,1593),(38,3843),(47,1704),(57,2214),(60,3263),(68,1402),(89,3861)]	49.254271
141	[(28,491),(65,151),(66,3258),(72,1427),(77,204),(79,147),(81,2405),(85,3059)]	39.904058
142	[(14,3777),(18,1829),(19,3793),(36,3555),(39,2608),(50,2578),(53,492)]	34.218890
143	[(22,2195),(48,2762),(55,3436),(84,2465)]	33.625760
144	[(68,3622),(78,2098),(82,2782)]	28.676322
145	[(2,2393),(40,1327),(47,2528),(52,2522),(74,135)]	32.273847
146	[(7,3348),(26,1334),(39,887),(43,1134),(46,3639),(60,1525),(74,1551)]	35.776278
147	[(13,2352),(21,1484),(25,2600),(73,1659),(80,3703),(83,467)]	52.427247
148	[(46,1634),(54,1070),(61,2871),(70,3310)]	30.528454
149	[(3,2574),(16,3353),(59,678),(69,1005),(87,3416)]	33.432262
150	[(6,157),(44,1244),(55,39),(63,2894)]	32.325472
151	[(22,3661),(62,1917),(65,932),(68,1639),(79,1600),(80,3337)]	32.320764
152	[(43,2637),(69,1959),(87,3278)]	49.441742
153	[(5,650),(35,637),(62,3292),(85,1797),(91,1518)]	33.955355
154	[(16,2305),(25,1886),(27,2335),(45,909),(47,1231),(48,1075),(49,215),(75,1789),(77,1362),(87,3399)]	33.495907
155	[(10,2168),(52,154),(55,863),(77,548),(82,625)]	35.903289
156	[(21,3287),(23,2397),(31,1166),(55,1408),(72,3331),(79,3093),(87,717),(92,932)]	33.208595
157	[(54,3075),(60,1232)]	57.522003
158	[(7,2672),(28,2609),(41,879),(63,1810),(65,2180)]	58.780370
159	[(7,1882),(19,1873),(25,1858),(84,2522)]	52.606732
160	[(2,1365),(9,1609),(20,2879),(26,1975),(28,528),(64,3458),(76,2928)]	54.926716
161	[(30,3912),(59,1995)]	52.907132
162	[(14,2337),(19,234),(27,3506),(53,131),(55,1637),(89,2080)]	50.276436
163	[(11,2757),(17,577),(25,759),(27,1939),(37,2428),(45,3503),(49,1596),(67,196),(70,1851),(84,3756)]	52.048986
164	[(16,3915),(27,2319),(28,420),(68,476),(70,2643),(72,3195)]	56.756238
165	[(7,2101),(22,1193),(63,1211),(90,1259)]	46.800079
166	[(0,1121),(15,2130),(21,719),(26,389),(54,1097)]	33.257653
167	[(9,2455),(14,2136),(27,1483),(30,2631),(33,2441),(36,1674),(37,1922),(40,1464),(77,3093)]	33.787370
168	[(11,3358),(34,2820),(38,1592),(39,10),(51,2763),(59,1430),(73,2443),(74,3856)]	31.683911
169	[(28,419),(30,2729),(46,731),(53,685),(54,3539),(58,950),(62,1894),(67,2860)]	31.303095
170	[(5,935),(10,1784),(13,2255),(19,2694),(32,2195),(62,2961),(65,583),(76,1612)]	31.333577
171	[(7,247),(39,2354),(46,3507),(50,2432),(72,2769)]	31.616395
172	[(5,2145),(30,1606),(35,2164),(42,3209),(45,1246),(54,2703)]	31.639519
173	[(5,917),(6,1692),(9,3145),(12,252),(18,2563),(20,112),(21,3027),(25,3312),(50,3159),(85,3217)]	31.763197
174	[(0,2236),(11,29),(43,2291),(48,1001),(49,1457),(61,71)]	31.296387
175	[(39,3739),(47,1097),(52,1363),(65,663)]	34.239550
176	[(3,294),(9,910),(51,1126),(58,3261),(60,1512),(78,282),(87,764)]	30.133303
177	[(60,2231),(68,3519),(82,2417)]	33.591437
178	[(17,3609),(21,3600),(41,3025),(56,658)]	37.141568
179	[(6,1622),(26,242),(41,2936),(70,2120),(78,2036),(89,2551)]	33.022183
180	[(11,3264),(47,2851),(58,2257),(84,613)]	34.967200
181	[(19,3146),(29,2041),(65,2844)]	33.958396
182	[(6,2138),(27,2705),(43,1277),(80,1277)]	31.269243
183	[(2,1731),(11,3108),(17,3068),(19,1683),(31,2347),(86,3863),(90,3431),(91,1688)]	34.334701
184	[(7,794),(45,2753),(51,2151),(87,2673)]	33.233865
185	[(7,1310),(18,2348),(20,2682),(23,3796),(24,2458),(25,643),(27,3270),(43,1041),(44,3206),(46,3368),(47,1121)]	35.624971
186	[(2,1007),(72,3123),(90,3622)]	35.983524
187	[(16,2362),(45,1150),(64,2953),(65,2848),(70,2742),(72,1179),(80,883),(85,693)]	30.212562
188	[(27,2864),(28,1531),(41,3193),(42,3681),(49,3757),(82,820)]	31.747640
189	[(2,911),(48,2719),(67,3440),(73,1971)]	31.590782
190	[(15,3880),(49,2234),(53,3857),(63,39),(65,2280),(77,2000),(84,1822)]	32.731970
191	[(4,2053),(33,1582),(60,20),(61,1543),(63,2645),(65,1339),(77,178),(87,976)]	33.228778
192	[(44,384),(65,3261),(67,1512),(83,2567)]	33.120253
193	[(2,238),(4,2665),(24,602),(30,1132),(39,127),(57,425),(67,3497),(72,205),(86,958)]	32.495520
194	[(9,3625),(10,746),(11,3340),(16,3522),(17,3260),(64,1080),(75,58)]	32.611196
195	[(20,3006),(26,2960),(42,242)]	32.326588
196	[(8,1737),(29,2091),(33,473),(62,1368),(78,3643),(87,1611),(91,2971),(92,2974)]	32.447950
197	[(12,846),(23,1640),(52,1451),(68,3152),(69,3459)]	37.355502
198	[(1,1779),(27,3463),(35,1247),(66,1857),(77,3375),(78,2947)]	41.466676
199	[(17,1752),(62,608),(63,3459),(67,650),(76,1609),(89,3838)]	39.244272
200	[(4,2188),(15,1919),(50,3733),(86,2130)]	34.522801
201	[(8,1925),(9,2764),(26,755),(53,3583)]	33.226446
202	[(1,1014),(4,199),(20,2842),(21,1290),(54,886)]	33.413479
203	[(18,1562),(26,3685),(35,1152),(53,3739),(72,2773),(90,1028)]	32.743161
204	[(17,1355)]	33.135496
205	[(10,925),(14,355),(36,1312),(71,274)]	32.808188
206	[(29,1037),(60,1831),(76,1654),(83,1310)]	33.567668
207	[(9,2406),(17,2779),(20,3471),(23,3569),(70,1413)]	33.950876
208	[(41,1490),(51,3223),(68,2512),(79,3312),(91,252)]	31.806590
209	[(2,1467),(5,2244),(20,2114),(39,1508),(41,990),(47,2602),(64,3123),(77,289),(80,2534),(81,3593)]	34.052339
210	[(15,3789),(19,3677),(36,2669),(38,3466),(41,925),(49,367),(82,3259),(88,2529)]	37.399355
211	[(5,162),(11,834),(14,3357),(34,1657),(43,1156),(90,1273)]	32.101070
212	[(33,542),(36,1747),(49,1018),(50,3122),(73,2781),(81,3824),(82,3586)]	33.690298
213	[(13,2579),(17,1673),(22,645),(59,2296),(62,1794),(78,314),(88,3721)]	31.819828
214	[(2,1028),(5,2719),(15,1705),(18,2228),(33,2898),(39,2002)]	32.493120
215	[(4,1656),(42,2146),(51,1281),(61,986),(71,2271),(86,1546)]	34.943500
216	[(11,773),(14,3136),(36,1893),(72,2266),(79,485),(90,1682)]	34.115845
217	[(5,839),(6,635),(9,3157),(52,1184),(70,1386)]	31.928401
218	[(17,1154),(40,2020),(50,3290)]	32.001708
219	[(5,598),(8,874),(15,2264),(33,699),(50,2727),(70,2993)]	31.824436
220	[(13,2348),(36,3712)]	32.712857
221	[(26,1050),(34,446),(41,2517),(70,757),(88,2836)]	33.998975
222	[(5,1142),(12,642),(15,1067),(43,3113),(62,2957),(71,2430),(74,1142),(92,1974)]	32.527612
223	[(15,1188),(30,2756),(40,709),(47,279),(61,2167),(67,777),(73,2076),(81,2192)]	39.936794
224	[(8,1229),(44,817),(86,121)]	45.631732
225	[(1,1685),(18,696),(63,1545),(75,2820)]	33.506371
226	[(15,779),(16,1586),(17,3726),(40,3431),(62,3560),(66,3168),(73,1430)]	30.903827
227	[(3,1747),(82,2681)]	33.028611
228	[]	36.391625
229	[(6,968),(7,44),(34,566),(40,2851)]	35.617314
230	[(7,2573),(8,1862),(25,2575),(33,3711),(39,2661),(56,2483),(59,2201),(79,2118)]	43.982521
231	[(1,252),(16,2736),(68,2737),(75,1675),(88,3521)]	45.137832
232	[(31,3335),(54,2879),(76,3391)]	32.637782
233	[(13,1094),(40,2026),(54,54),(62,3634)]	32.017331
234	[(4,3417),(49,554),(62,3480)]	31.754799
235	[(4,593),(29,2694),(32,3353),(48,2986),(50,827),(57,2899),(66,2558),(91,3458)]	32.744128
236	[(0,2858),(4,3593),(21,652),(49,921),(74,1008)]	38.280194
237	[(4,3560),(26,2832),(42,3402),(47,3672),(66,1427),(77,1123)]	34.771601
238	[(15,2395),(21,1452),(65,3226)]	40.180631
239	[(34,3529),(39,3633),(44,1991),(58,103),(65,580),(68,2254),(91,9)]	35.020934
240	[(3,2506),(7,3864),(29,1631),(58,2540)]	32.066116
241	[(30,986),(35,737),(38,3822),(55,1100),(65,3641),(89,3396)]	34.241608
242	[(18,3172),(22,196),(28,2460),(66,232),(71,44)]	33.280541
243	[(6,3446),(10,0),(16,2206),(49,3651),(70,1921),(72,1032),(79,559),(85,1906)]	33.991426
244	[(1,2857),(18,891),(43,3288)]	35.290915
245	[(3,2080),(7,846),(18,1325),(33,3387),(36,1002)]	35.399307
246	[(4,2540),(22,3344),(26,2702),(29,249),(30,2426),(60,2554),(64,350),(65,2093),(86,2567)]	36.094175
247	[(15,3438),(27,1270),(55,3215),(76,3399),(80,2506),(89,2816)]	43.470324
248	[(4,956),(8,2705),(10,2273),(20,2911),(30,3783),(48,3169),(71,80)]	36.296900
249	[(6,3460),(19,1374),(40,3552)]	34.626128
250	[(24,3376),(34,430),(37,1275),(54,593),(62,134),(82,2652),(85,930),(90,2198)]	40.085334
251	[(4,445),(42,60),(66,3873),(86,2429)]	35.582298
252	[(25,2612),(61,3689),(72,3392),(90,3034)]	32.635409
253	[(2,2830),(9,2661),(29,1827),(39,3725),(40,2791),(42,3919),(52,3558),(70,2449),(83,1491)]	17.350540
254	[(2,3634),(29,2149),(42,1156)]	16.148293
255	[(3,1245),(5,3711),(47,3682),(60,258),(68,752),(83,1538)]	16.353231
256	[(19,1565),(25,2595),(78,1141),(79,174),(90,383)]	16.130983
257	[(24,1742),(46,888),(61,3327),(71,1259)]	16.375697
258	[(10,1811),(35,2132),(40,837),(53,2272),(62,82),(71,2713)]	16.256276
259	[(2,2318),(16,356),(20,2188),(65,2168)]	16.647498
260	[(8,249),(28,2476),(64,2912),(77,2469)]	17.208886
261	[(72,2961),(74,1104)]	16.295350
262	[(34,357),(43,3784),(63,1986),(66,1075),(73,2148)]	16.153240
263	[(23,450),(27,1258),(58,2617),(59,2152),(67,3240),(68,718),(74,1950),(77,3664)]	16.246511
264	[(5,1984),(35,468),(44,2439),(57,1444),(60,2371)]	16.367498
265	[(0,1754),(3,1879),(22,2753),(31,65),(32,204),(38,1080),(49,953),(60,702),(67,3659),(71,218),(74,2884),(80,762)]	18.527655
266	[(1,3259),(8,1026),(80,2399)]	33.274363
267	[(0,378),(18,734),(21,1161),(23,2945),(33,3746),(41,5),(72,3588)]	17.311125
268	[(7,1754),(10,1008),(14,2719),(15,775),(22,3614),(23,2866),(30,658),(31,2588),(59,2299),(62,2186),(68,2937)]	16.710801
269	[(18,2193),(24,492),(53,2813),(69,1064),(72,2754),(82,249),(84,2738),(91,1353)]	16.411459
270	[(2,856),(16,640),(53,407),(71,2650),(78,742),(84,1987),(85,1051),(91,972)]	16.341862
271	[(4,3618),(28,1054),(45,1639),(50,1516),(53,2199),(66,409),(67,1404),(77,2717),(80,2340)]	16.280694
272	[(14,150),(28,3398),(33,3707),(70,2504),(71,3446),(74,1484),(80,569),(83,629),(91,2006)]	16.232825
273	[(46,1384),(50,1964),(81,657),(86,425)]	16.204936
274	[(4,1437),(14,2063),(15,393),(25,1720),(42,2401),(62,2565),(69,1710),(75,3305),(82,2653)]	16.394944
275	[(14,456),(25,1517),(44,3756),(63,678),(70,3237),(78,3286)]	16.211592
276	[(18,608),(20,1825),(54,1672),(55,2126),(69,2499)]	16.202336
277	[(7,1548),(8,177),(13,922),(16,422),(32,2530),(40,2199),(91,745)]	17.192268
278	[(13,994),(27,2941)]	17.874299
279	[(9,3642),(13,908),(57,1374),(75,2527)]	17.809927
280	[(19,136),(25,495),(35,1347),(41,2520),(68,1384),(72,359),(75,803)]	22.866032
281	[(2,3742),(10,87),(13,3121),(68,3310),(75,883),(81,199)]	19.534957
282	[(13,971),(51,1031),(65,2995),(69,1066),(78,3655),(83,65),(84,204),(86,147),(92,3694)]	16.531652
283	[(47,116),(79,3258)]	16.179737
284	[(12,332),(23,3595),(25,2006),(38,417),(49,2556),(52,740),(85,1653),(88,493)]	18.199225
285	[(39,2854),(54,2794),(63,130),(66,3421)]	16.424757
286	[(2,1456),(19,171),(29,1660),(46,1248),(49,1106),(56,3685),(63,304),(68,1518),(74,1625),(83,603)]	16.295410
287	[(39,2955),(40,889),(83,1774)]	16.472239
288	[(44,3647),(53,3694),(61,2148),(62,3047),(66,768),(75,3235)]	16.349157
289	[(22,2385),(48,536),(52,170),(72,1972),(74,3151),(75,2685)]	16.889881
290	[(2,129),(10,2802),(49,1997),(55,533)]	16.324786
291	[(15,2069),(20,1196),(34,49),(47,148),(55,3255),(66,619),(86,1442)]	16.511907
292	[(7,703),(16,2402),(35,3050),(59,2710),(63,196),(65,150),(82,768),(84,804)]	16.868253
293	[(8,2947),(10,2814),(29,2833),(43,76),(48,535),(58,32),(70,2963)]	19.498119
294	[(9,1026),(14,554),(36,346),(49,1642),(51,2118)]	16.212641
295	[(20,53),(21,2813),(25,2919),(37,2565),(48,199),(61,720),(64,3646),(84,3879)]	17.252259
296	[(2,1514),(63,632)]	16.254971
297	[(71,311),(75,1468)]	16.438627
298	[(25,2071),(35,3423),(63,2699),(70,442),(90,3393)]	16.301217
299	[(32,2933),(36,1709),(57,2007),(76,2048)]	16.207678
300	[(3,239),(6,2744),(10,498),(19,2356),(35,500),(50,1637)]	17.076569
301	[(19,2566),(50,522),(74,1488)]	16.298492
302	[(29,300),(41,3649),(66,3605),(78,2750),(83,3658),(89,3134)]	16.537329
303	[(29,569),(46,3568),(47,1996),(48,3758),(49,2066),(90,1847)]	16.509621
304	[(54,752),(61,3351),(75,1863),(91,2098)]	16.712558
305	[(0,1657),(19,368),(50,1058),(53,619),(86,3147)]	16.416868
306	[(5,1072),(40,1085),(63,2051)]	16.541085
307	[(11,429),(18,1191),(22,41),(40,3201),(61,23),(74,2030),(75,2267),(88,314)]	16.808211
308	[(9,2237),(35,773),(71,2652),(79,1815),(82,1882)]	17.168676
309	[(20,455),(35,3305)]	16.660373
310	[(1,3311),(24,3226),(48,2947)]	16.423816
311	[(1,2868),(17,1127),(39,2067),(51,3075),(72,3037),(75,831),(83,3157),(86,986),(92,1355)]	16.261582
312	[(8,470),(15,397),(17,3752),(20,1753),(22,3752),(24,333),(27,3488),(30,131),(32,3565),(67,3452)]	17.725318
313	[(4,1907),(35,3563),(52,1263)]	16.829241
314	[(29,1850),(56,1838),(60,3895)]	20.295488
315	[(0,1207),(4,3014),(15,3670),(45,3602),(54,613)]	16.468353
316	[(32,1195),(36,1192),(40,187),(60,1763),(62,3655),(66,957),(71,3512),(74,3673)]	16.384371
317	[(30,3769),(45,1911),(63,1702)]	16.103710
318	[(14,1838),(43,2629),(81,290),(87,2534)]	16.516271
319	[(15,2340),(35,2119),(38,2850),(61,2602),(67,2478),(75,1619)]	16.188541
320	[(7,391),(21,3210),(42,191)]	16.339509
321	[(19,370),(34,497),(61,1189),(62,3600),(65,3236),(83,1468)]	16.496575
322	[(23,2368),(28,104),(32,2240),(33,2040),(50,1234),(54,435),(61,587)]	16.814463
323	[(25,3846),(55,76),(56,3286),(67,2779),(69,931),(73,1465),(82,641)]	16.025777
324	[(18,3908),(79,3264),(91,1343)]	16.512437
325	[(31,1517),(78,621),(83,995),(85,3092),(90,3383)]	16.964921
326	[(8,485),(10,1659),(12,2340),(54,3677)]	30.866318
327	[(32,2055),(33,2161),(40,2668),(43,1081),(91,2252)]	21.655902
328	[(5,3141),(16,3775),(25,2843),(33,127),(50,2414),(58,194),(78,1438),(88,602)]	16.208243
329	[(13,2904),(39,242),(49,1196),(51,213),(56,2966),(62,857)]	16.511488
330	[(3,2594),(31,924),(64,3388),(65,3327)]	16.188909
331	[(27,1418),(42,2726),(60,1715),(73,1189),(81,2967),(83,2786)]	16.447390
332	[(64,2581),(92,1110)]	16.645313
333	[]	16.596755
334	[(47,1630),(59,2251),(80,2879)]	18.000121
335	[(47,2527),(55,2966),(58,3176)]	17.561308
336	[(11,3870),(22,2108),(30,676),(39,3159),(42,2516),(47,1201),(50,3523),(55,3544),(59,1071),(64,3565),(90,3371)]	16.402123
337	[(2,2131),(48,3787),(68,2679),(86,1377),(87,1517)]	17.384097
338	[(24,1218),(44,1958),(59,3325),(65,3225),(70,3165),(79,3729),(83,1946),(88,657),(89,2611)]	21.635073
339	[(2,659),(3,2116),(23,2506),(26,800),(30,75),(44,290),(46,1549),(64,1515),(86,3479)]	19.401211
340	[(24,321),(34,3033),(39,2691),(48,2652),(73,290)]	16.923361
341	[(50,986),(81,1783),(83,2839),(88,1478)]	16.166678
342	[(12,1741),(16,2279),(21,2182),(22,89),(38,3240),(66,785),(81,2612),(87,2004),(90,378)]	17.010364
343	[(27,1160),(54,3506),(70,2607),(82,254),(87,832)]	16.881655
344	[(26,1236),(48,857),(61,3788),(66,3353),(86,70)]	16.291691
345	[(20,2641),(32,1962),(45,315),(73,3167)]	16.326690
346	[(21,2660),(26,373),(51,912),(59,1330)]	17.119357
347	[(12,2746),(16,34),(56,463),(58,367),(63,3168),(67,3042),(69,3504),(71,2657),(74,2586),(78,2157)]	16.723739
348	[(14,2655),(22,3751),(24,779),(28,3699),(52,3195)]	16.455945
349	[(16,1259),(19,354),(25,1440),(35,659),(38,1345),(59,1168),(77,257),(79,513)]	16.914591
350	[(21,1617),(56,1163),(58,3568),(63,3524),(75,1854),(76,2298),(79,3256)]	16.702576
351	[(34,909),(37,1700),(46,305),(85,2087)]	19.048429
352	[(33,44),(49,1365),(60,1868),(71,3679),(85,2456),(90,3023)]	16.674899
353	[(52,3425),(55,3771),(63,761),(65,690)]	16.278048
354	[(9,3300),(19,3186),(33,451),(43,2976),(50,3629),(56,564),(72,3131)]	16.272118
355	[(18,3546),(55,3084),(71,1123)]	18.139476
356	[(3,2548),(26,513),(44,3037),(60,1438),(90,350),(91,2093)]	16.303478
357	[(2,1658),(15,1944),(40,2188),(84,350),(85,2093)]	16.276847
358	[(0,437),(15,1511),(33,396),(39,2091),(44,2369),(70,2067)]	17.138171
359	[(16,3455),(23,1040),(26,1837),(79,664)]	16.598538
360	[(8,567),(17,501),(31,360),(47,180),(62,1511),(68,3128),(75,1287)]	16.391632
361	[(18,58),(19,956),(51,1419),(52,882),(75,2770),(80,1321)]	19.517281
362	[(0,602),(8,927),(46,684)]	16.830605
363	[(13,2389),(17,1830),(36,2367),(38,874),(54,2),(64,2847)]	18.422984
364	[(25,3630),(32,2337),(38,3674),(44,318),(51,1719),(67,3286),(82,1525)]	17.688097
365	[(15,790),(40,2463),(54,2211),(62,2802),(63,3037),(67,671)]	17.644106
366	[(5,149),(14,2818),(42,576),(56,3192),(86,3527)]	17.038022
367	[(20,1085),(46,1277),(49,752),(62,1432),(65,1420),(76,1929)]	16.349994
368	[(9,2846),(25,1746),(34,765),(55,3872),(84,231)]	16.697273
369	[(0,2684),(1,1193),(10,1525),(34,1552),(81,164)]	17.304663
370	[(22,3766),(49,2226),(54,3119)]	16.405827
371	[(4,3061),(5,1822)]	17.532711
372	[(4,3496),(13,653),(25,2957),(42,3068),(57,2932),(75,3826)]	19.328414
373	[(17,3348),(20,2933),(49,2429),(60,1816)]	19.355226
374	[(15,49),(27,1088),(40,1660),(74,872)]	18.141493
375	[(4,1350),(46,1274),(79,3161)]	16.149668
376	[(3,2089),(6,890),(13,2662),(25,1858),(31,1701),(32,441),(33,848),(34,3808),(35,2359),(75,1747),(77,1178)]	16.487643
377	[(14,768),(19,1907),(21,3473),(79,3521)]	16.467105
378	[(0,781),(2,1141),(3,174),(21,2749),(24,3400),(49,3287),(60,1161),(64,3495),(82,2873),(86,2817),(90,818)]	16.659756
379	[(17,2129),(31,607),(32,2139),(38,3819),(65,2100),(71,3491),(81,107)]	16.915118
380	[(4,3373),(25,1436),(36,527),(37,3753),(44,113)]	16.422438
381	[(9,2678),(10,167),(20,925),(26,2052),(32,3847),(40,1677),(48,544),(55,3553),(68,85)]	16.758479
382	[(32,2816),(36,1645),(46,2243),(55,1941),(62,1406),(76,3013),(89,3462)]	16.220869
383	[(44,1943),(60,1818),(67,1270),(70,1988),(72,506),(74,2288),(90,1890)]	16.224454
384	[(7,375),(9,3117),(24,480),(84,92),(91,1075),(92,215)]	16.024326
385	[(11,989),(51,1209),(73,1451),(81,2327),(83,1634)]	20.635525
386	[(1,387),(40,3314),(50,1936),(61,3882),(64,1260)]	31.548601
387	[(0,3763),(2,3726),(9,2806),(14,1385),(17,1100),(35,2727),(47,1933),(74,3544),(79,3517),(81,3393)]	16.995309
388	[(27,3868),(40,3242),(48,1230),(54,971),(67,3127)]	16.423153
389	[(44,3383),(58,2331),(64,1429)]	16.493721
390	[(17,1233),(50,1511),(62,2149),(86,266),(89,1448)]	16.246034
391	[(5,2215),(11,2515),(20,379),(23,277),(34,1976),(40,2621),(48,1950),(51,416),(53,202),(69,2701),(88,2007)]	17.060024
392	[(10,1558),(19,1506),(37,1821),(43,2742),(90,1421)]	16.751837
393	[(15,2377),(27,2982),(28,1011),(34,1452),(45,1243),(54,1372),(60,213),(64,2698),(66,2018),(70,3927)]	16.618952
394	[(24,1106),(32,510),(54,2713),(55,2652),(62,3315),(72,429),(91,1890)]	16.544283
395	[(27,297),(42,646),(55,2118),(58,1052)]	19.805920
396	[(7,2329),(34,245),(52,3785),(56,1382)]	21.338799
397	[(11,139),(30,2064),(42,1404),(69,3586),(83,495)]	18.504136
398	[(14,1656),(37,1472),(74,2131)]	16.979518
399	[(15,31),(19,2249),(23,2516),(71,3328),(74,143),(83,1235)]	16.947131
400	[(10,1484),(22,2529),(35,3414),(44,3164),(56,1522),(61,585),(63,1578),(81,1679),(85,3650)]	17.158434
401	[(8,3245),(74,2776),(75,1217),(86,3608)]	16.255967
402	[(23,2022),(52,118),(55,14),(73,1903),(86,3449)]	16.961932
403	[(28,2564),(49,3671),(57,1315),(59,972),(72,3319),(81,2322)]	16.663023
404	[(19,453),(81,1982)]	16.594284
405	[(11,1792),(41,1803),(54,722),(57,1505),(68,1460),(75,464)]	20.644266
406	[(0,3123),(3,2188),(6,2983),(28,3554),(32,2489)]	17.610384
407	[(12,3397),(17,2160),(28,3921),(64,1295),(68,841),(74,990),(78,3894)]	16.325559
408	[(14,3442),(21,196),(23,150),(29,95),(41,2504),(77,3104),(82,2624),(83,3579),(89,1083)]	18.907474
409	[(18,1134),(32,2857),(44,601),(46,78),(53,509),(84,479)]	16.973900
410	[(11,3322),(34,2449),(56,2818),(73,2984),(75,2434)]	16.291491
411	[(8,732),(9,3855),(17,2253),(37,3702),(44,361),(80,375)]	16.441566
412	[(14,2600),(34,2795),(58,3141),(75,2621),(86,1743),(87,1435)]	17.549748
413	[(6,3447),(28,204),(32,120),(40,879),(76,1753),(85,2609),(86,547),(90,3015)]	16.895220
414	[(0,1473),(13,2002),(38,2967),(40,2786),(62,636),(64,26),(84,1181),(87,2627)]	19.187897
415	[(3,1336),(7,2626),(8,2302),(19,2978),(41,1851),(71,1747)]	16.621046
416	[(14,3577),(17,2440),(33,1258),(38,2697),(40,846),(63,1682)]	16.595443
417	[(7,1999),(27,3888),(43,3375),(45,3731),(61,1681)]	16.507259
418	[(13,3798),(14,723),(31,3899),(41,128),(70,2732),(75,2696)]	16.385936
419	[(7,3888),(19,467),(21,2807),(28,672),(66,3844),(74,1836)]	16.170557
420	[(24,1319),(32,1859),(81,424),(84,1235),(89,597)]	16.731492
421	[(20,3338),(26,3911),(27,1823),(36,2391),(46,3851),(55,92)]	17.418996
422	[(39,648),(71,2271)]	16.994679
423	[(18,2520),(32,176),(36,165),(39,2015),(54,1301),(55,288),(83,1602)]	17.588346
424	[(1,1151),(23,2004),(24,1127),(81,500)]	16.851044
425	[(27,840),(46,972),(52,3128),(53,3789),(54,3787),(89,286)]	16.506654
426	[(4,1149),(13,3260),(15,1019),(16,1147),(19,185),(65,2038)]	16.707081
427	[(0,3151),(1,2685),(22,2337),(26,3002),(27,2694),(30,3353),(43,449),(44,119),(71,1244),(89,401)]	16.595679
428	[(4,322),(5,2648),(38,3039),(92,1427)]	16.433919
429	[(5,1250),(24,1658),(43,3409),(54,3218),(62,2015),(66,2745),(88,2816),(90,1378)]	16.304534
430	[(83,1757)]	16.350749
431	[(20,1778),(75,1972),(77,3151),(82,2201)]	16.242641
432	[(17,2093)]	16.391572
433	[(9,2701),(28,894),(48,306),(50,1563),(54,1492),(79,747)]	18.504973
434	[(9,1927),(22,1585),(34,2371),(49,1300),(65,3164),(66,1062),(76,1876)]	16.560325
435	[(7,394),(23,2276),(39,2397),(60,1276),(74,1135),(84,2404)]	18.445887
436	[(49,1504)]	16.942827
437	[(12,1825),(27,2188),(38,213),(82,2062),(86,44)]	16.596710
438	[(16,3388),(20,536),(23,2411),(27,999),(85,3122)]	16.384652
439	[(17,2323),(24,107),(32,3756),(47,1992),(60,814),(62,2343),(72,2889),(91,3290)]	16.299396
440	[(21,3615),(46,986),(49,583),(65,73),(66,950)]	16.410723
441	[(12,2746),(13,1957),(56,3003),(80,3364)]	16.460633
442	[(8,687),(10,3293),(44,3066),(45,3239),(51,2958),(62,3847),(63,2365)]	16.434143
443	[(3,529),(34,3878),(42,3737),(84,72),(92,1663)]	17.250964
444	[(17,2010),(24,2361),(28,973),(32,3248),(56,1164),(57,47),(69,1784),(89,3054)]	17.159811
445	[(1,1408),(32,1389),(57,3373),(85,2403)]	26.264419
446	[(7,2998),(17,943),(27,3548),(33,3802),(42,1099),(59,2345),(69,553),(88,3411)]	25.802229
447	[(9,1736),(45,685),(46,3539),(58,987),(62,1595)]	16.998761
448	[(1,1767),(8,2584),(14,479),(55,3906),(59,2733),(70,106),(92,3555)]	16.725007
449	[(0,2809),(3,2022),(54,3242),(64,3433),(66,1872),(77,1648),(88,1922)]	16.600276
450	[(1,3602),(19,3524),(65,2609),(68,1192),(81,1218),(86,3825)]	16.754020
451	[(1,1546),(5,2551),(12,3331),(35,418),(37,2384),(58,1984),(72,153),(75,3008),(81,1472)]	16.559580
452	[(2,222),(8,605),(36,2523),(44,648),(58,2442),(85,2542)]	17.834753
453	[(0,296),(14,3057),(15,3807),(22,25),(38,3710),(49,2555),(58,3647),(60,3337),(65,1394),(90,1488)]	23.153586
454	[(43,453),(46,1796),(56,854),(66,2162),(77,3525)]	17.864534
455	[(21,1366),(38,1912),(67,3582),(77,3816),(78,142),(86,499)]	18.560848
456	[(16,1845),(26,2203),(28,1866),(75,3049)]	16.947243
457	[(11,411),(26,1519),(33,3756),(56,2721),(72,1879),(82,2936)]	17.083675
458	[(29,3130),(37,697),(75,3671),(92,623)]	16.396325
459	[(3,3551),(10,1017),(63,3765),(74,3622)]	17.714472
460	[(19,2537),(57,3624),(71,1989),(83,3145)]	16.625131
461	[(9,1294),(21,2578),(34,2734),(50,815),(69,1990),(85,3348)]	16.790640
462	[(19,3796),(42,68),(46,1259),(48,2801),(59,3762),(65,593),(81,1163),(89,2658)]	16.786127
463	[(10,929),(13,457),(37,2434),(61,3702)]	16.580445
464	[(17,2750),(27,3069),(29,3896),(33,2113),(60,3794),(63,1076),(73,3386)]	16.748890
465	[(5,1185),(10,961),(58,1406),(64,3322),(80,1142)]	18.065672
466	[(11,930),(13,1288),(25,695),(53,1645),(84,1827),(86,1842),(92,1457)]	19.315802
467	[(61,3592),(77,3094),(92,2479)]	16.656271
468	[(34,46),(36,2346),(40,3571),(77,2490),(89,2660)]	16.285508
469	[(0,3301),(4,2942),(16,875),(28,3713),(81,983),(87,894)]	16.360455
470	[(77,2619),(80,1338),(81,1817),(86,723)]	17.015178
471	[(5,2785),(16,1346),(23,1219),(28,3238),(49,2422),(83,1077)]	16.893322
472	[(13,781),(17,2534),(27,3923),(55,2281),(68,2680),(82,2862)]	16.806850
473	[(1,3908),(24,2305),(31,3492),(54,1262)]	17.263399
474	[(20,1436),(26,1856),(63,732),(76,2478),(80,173)]	16.233596
475	[(6,3790),(9,1261),(50,2478),(61,3001),(65,2185),(73,2768)]	16.639644
476	[(17,4),(22,2878),(61,366),(62,715),(89,294)]	17.097210
477	[(26,1490),(29,1396)]	16.703682
478	[(43,1014),(50,2220),(56,277)]	16.343634
479	[(15,467),(22,3560),(28,2556)]	16.389920
480	[(0,357),(24,2195),(38,619),(92,3170)]	16.405207
481	[(42,19),(50,569),(74,2541),(90,3600)]	16.539046
482	[(2,1225),(5,3036),(54,3109),(56,2374),(67,2141),(85,2124)]	16.537555
483	[(68,918),(83,1539),(88,1693)]	16.299227
484	[(84,1420),(90,709)]	16.392020
485	[(32,971),(58,1664),(61,2714),(70,2665),(73,336),(87,2625),(88,1486)]	16.221237
486	[(1,168),(9,2045),(12,197),(17,1505),(46,2907),(56,851),(66,2938),(70,959),(73,714)]	18.203778
487	[(18,2367),(48,2829),(59,2298),(62,1736),(66,426),(73,210),(82,2327)]	17.059390
488	[(24,1083),(42,3092),(69,3331),(75,3203)]	17.185732
489	[(4,2982),(11,3684),(15,2862),(28,1204),(39,2338),(42,112),(52,342),(71,2006),(78,821)]	17.290913
490	[(23,857),(57,989),(67,697),(69,778),(92,2514)]	16.499043
491	[(14,2646),(17,1752),(20,3115),(36,450),(42,1228),(43,1227),(50,2722),(51,3249),(56,958),(57,2614),(88,1789)]	16.695379
492	[(19,2879),(28,427),(34,2044),(38,2588),(47,3009),(57,1239),(58,1648),(66,2228),(73,730),(75,2808),(79,3698)]	16.321324
493	[(9,2337),(15,3629),(24,3277),(49,1060),(63,2959),(78,2383)]	16.412279
494	[(17,2846),(23,2277),(24,272),(32,1006),(71,1098),(90,2991)]	16.159124
495	[(10,1969)]	16.699491
496	[(63,2886),(81,2009),(82,2737)]	16.283837
497	[(6,892),(8,512),(27,3568),(41,2158),(44,1805),(70,1216)]	16.569602
498	[(35,2846),(43,2302),(83,2674),(86,3723)]	16.405358
499	[(5,551),(13,734),(26,1161),(40,3665)]	16.747662
500	[(35,1241),(60,868),(67,1985)]	17.521373
501	[(5,632),(13,197),(15,3362),(43,3724),(66,1039),(79,2783)]	16.510403
502	[(5,1328),(13,83),(32,3319),(46,2990)]	17.142226
503	[(15,3521),(35,1410),(39,9),(50,1949),(75,2371),(90,1553)]	16.365643
504	[(18,232),(33,3513),(35,560),(36,2888),(41,109),(44,1542),(57,1000),(61,202)]	16.473621
505	[(2,153),(19,938),(25,414),(28,2340),(57,3533),(61,618),(81,1898)]	27.339143
506	[(2,1380),(14,2212),(16,2765)]	25.468893
507	[(17,3123),(19,1374),(61,597),(73,2156),(74,3753),(76,3043),(84,525)]	16.679976
508	[(18,3234),(48,2309),(72,860)]	16.458587
509	[(27,2934),(36,2789),(48,2219),(89,108)]	16.961531
510	[(30,55),(39,1461),(52,1559),(79,2524)]	19.383699
511	[(2,1143),(14,454),(26,1751),(36,1271),(55,1082),(59,3245),(75,2654)]	24.666428
512	[(2,3398),(3,2389),(4,2905),(22,2598),(29,953),(44,441),(49,3325),(87,963)]	18.309487
513	[(11,1753),(14,3447),(20,3770),(27,1604),(55,1575),(63,908),(72,261),(83,3542)]	16.950894
514	[(17,3049),(26,1287),(32,3905),(46,3046),(52,2296),(60,2174),(72,1853)]	17.504086
515	[(53,192),(68,2869),(75,1230),(84,1317)]	16.672314
516	[(25,2351),(61,166),(71,3768),(75,3710),(89,1245)]	16.307757
517	[(0,3561),(1,706),(40,3305)]	16.612381
518	[(21,2943),(32,3909),(52,3145),(59,2610),(60,1359),(82,2557)]	16.656125
519	[(14,690),(26,2765),(31,1826),(54,129),(67,2125),(83,381),(86,3553)]	17.292608
520	[(3,1917),(6,2840),(30,2656),(36,926),(42,772)]	17.076299
521	[(8,2620),(67,3345),(78,2671)]	16.615154
522	[(13,735),(18,3042),(28,3485),(41,3360),(44,2882),(57,185),(75,2696),(77,1322)]	16.429046
523	[(43,2700)]	16.533163
524	[(21,1646),(23,299),(28,1491),(66,2393),(74,2865),(82,1626)]	21.759731
525	[(9,175),(13,2583),(23,23),(41,3876),(47,3314)]	16.818212
526	[(22,136),(48,198),(61,2289),(77,645),(84,675)]	16.508371
527	[(2,2575),(6,2333),(45,114),(47,3341),(52,419),(54,2729),(57,2435),(61,1194),(63,2103),(68,2513),(80,2473),(85,548)]	21.491216
528	[(2,360),(42,3510),(61,573)]	21.276123
529	[(1,3441),(9,1456),(23,958),(38,379),(50,1485),(61,1156),(74,13),(77,1869)]	16.681346
530	[(7,2554),(21,1437),(28,3030),(32,3021),(51,3413),(57,1022)]	18.108018
531	[(1,3885),(42,220),(59,2402),(77,596)]	16.528540
532	[(20,295),(40,1593),(63,1832),(80,225)]	17.296892
533	[(14,1735),(15,588),(21,864),(36,108),(48,1069),(56,442)]	16.987669
534	[(1,2639),(5,2512),(15,963),(28,651)]	17.127924
535	[(2,1498),(8,586),(13,1947),(24,707),(25,1512),(36,3103),(41,1902),(59,1418),(64,3110),(91,3440)]	17.787026
536	[(7,2268),(20,39),(41,2876),(46,568),(58,3895),(59,3044),(78,1166)]	17.231326
537	[(4,1587),(10,903),(13,1404),(38,1751),(56,849),(65,112),(71,1977),(75,2265)]	16.928994
538	[(9,304),(24,1983),(25,3151),(26,2685),(29,1999),(35,210),(37,1640),(81,215),(88,2761)]	16.642984
539	[(3,2639),(17,326),(25,2447),(47,3123),(51,837),(69,2634),(72,2597)]	16.239569
540	[(72,2789)]	16.336075
541	[(24,675),(35,3397),(36,3089),(49,3662),(51,2831),(54,2580),(65,3452)]	16.489016
542	[(1,3014),(9,2049),(10,1749)]	16.399470
543	[(22,3099),(23,264),(36,3397),(46,1319),(85,1364)]	16.286881
544	[(1,948),(56,2704),(60,2514),(82,1284),(85,1347)]	16.358854
545	[(43,714),(44,2809),(56,3325),(84,1541)]	16.277745
546	[(0,660),(12,1584),(25,2611),(38,3243),(52,3576)]	16.360177
547	[(44,2143)]	17.559279
548	[(15,554),(18,3002),(19,2324),(68,2676),(84,720)]	16.855082
549	[(28,2803),(29,3181),(32,2514),(34,140),(47,1326),(51,2021),(59,184),(66,3421)]	16.293154
550	[(12,2061),(21,1617),(23,2195),(31,2968),(76,1811),(88,2705)]	16.461509
551	[(73,3662)]	16.289148
552	[(1,2934),(7,1786),(24,1649),(45,3545),(59,2164),(65,327),(69,2400),(77,3337)]	17.097972
553	[(5,724),(30,3609),(32,3102),(38,2869),(58,1258),(71,615),(84,909),(91,326)]	16.674184
554	[(2,3055),(6,94),(14,52),(20,1816),(73,2760),(77,3500)]	16.839068
555	[(6,2924),(57,694),(65,3610),(67,3173)]	16.172104
556	[(1,2665),(10,1658),(22,2360),(42,3533),(54,1910),(62,3868)]	16.553076
557	[(4,2957),(22,2925),(24,3413),(40,1733),(53,3215),(59,1015)]	16.414688
558	[(20,743),(30,378),(47,2603),(53,1856),(68,623),(73,1427),(78,1520),(87,369)]	16.442472
559	[(5,951),(17,1668),(33,2395),(65,3603),(79,2177)]	16.336373
560	[(7,3253),(26,1035),(31,674),(35,1626),(37,329),(38,1851),(44,3820),(47,2778),(57,3725),(70,2600),(86,2828)]	17.611426
561	[(8,1170),(40,3793),(71,9)]	17.621788
562	[(1,2012),(6,972),(9,2725)]	17.060257
563	[(0,2162),(30,3230),(50,3113),(65,1833),(69,1585)]	17.118585
564	[(14,321),(18,1201),(22,2886),(51,1697),(55,1574),(66,551)]	26.295315
565	[(13,315),(24,1516),(28,908),(64,1430),(73,3770),(81,824),(87,2952)]	27.296824
566	[(19,1749),(33,3197),(34,1016),(77,2943),(81,185)]	16.755925
567	[(42,1771),(47,1645),(62,111)]	19.910042
568	[(0,28),(6,3461),(32,721),(45,3272),(47,218),(61,2255),(64,3770)]	21.885007
569	[(39,2179),(51,2435),(55,2495),(59,885),(70,1035),(75,1367)]	18.680208
570	[(2,279),(37,1106),(58,1713),(68,1484),(73,3213)]	17.153174
571	[(1,2215),(10,1893),(21,3791),(35,440),(61,1216),(70,3788),(72,1892),(75,469)]	17.710720
572	[(7,3177),(18,400),(61,3280),(81,2553),(84,1749),(87,1444),(90,353)]	17.493995
573	[(13,2170),(18,722),(29,2080),(37,1759),(38,3101),(74,485),(84,230)]	16.901570
574	[(2,203),(15,1652),(19,387),(24,555),(26,3646),(61,1391),(82,2670)]	17.107286
575	[(21,789),(48,1285),(54,2778)]	16.448049
576	[(9,3110),(14,3233),(68,325)]	16.952116
577	[(22,3456),(38,2299),(53,3323),(67,954),(79,1992)]	16.885046
578	[(71,3263)]	16.791361
579	[(12,135),(13,2862),(34,1822),(48,1232),(57,3576)]	16.512342
580	[(14,2631),(20,1573),(33,2141),(36,3227),(40,2721),(54,2071),(61,2288),(75,2581),(77,2409),(78,867),(81,593),(90,1962)]	16.243245
581	[(1,3708),(15,2147),(29,791),(36,2251),(37,376),(51,860),(68,2671),(78,2019),(88,2501)]	18.992415
582	[(19,1785),(38,114),(40,1828),(45,2896)]	16.840026
583	[(41,352),(49,3640),(90,1061)]	16.427870
584	[(8,1437),(10,122),(25,3695),(66,2342),(67,1819),(76,3295)]	16.233683
585	[(64,2737),(86,2933)]	16.466830
586	[(24,1022),(28,2871),(39,1751),(59,3276),(63,391)]	16.216347
587	[(1,2392),(8,1973),(46,1056),(51,3022),(71,656)]	16.559831
588	[(32,2708),(41,3798),(60,1279),(64,3656),(76,3647),(80,562),(81,1377),(82,1517),(85,2743)]	16.786808
589	[(37,1016),(56,1186),(79,2984)]	16.924121
590	[(2,2111),(10,1555),(48,996),(62,3596)]	16.521040
591	[(41,3260),(63,698),(68,1124),(90,2588)]	16.286695
592	[(10,3048),(32,3046),(35,1050),(85,980)]	16.260659
593	[(26,3029),(42,2044),(64,3509)]	16.327547
594	[(20,3672),(34,2740),(46,2687),(80,477)]	18.229503
595	[(4,206),(15,1744),(22,2357),(32,3682),(41,966),(44,2902),(52,1330),(57,2140),(66,624),(76,395),(89,658),(90,2588)]	21.921966
596	[(0,2748),(10,197),(28,3149),(63,3686),(76,2498),(91,730)]	27.342606
597	[(25,1815),(29,24),(34,3497),(37,3078),(38,2289),(84,3702)]	17.213202
598	[(9,3383),(37,345),(39,1303),(48,2746),(66,815),(82,2945)]	16.518748
599	[(16,3917),(32,1256),(42,2418),(45,2431),(54,2038),(57,1500),(78,849),(82,1993)]	16.346051
600	[(15,398),(43,3011),(52,3082),(77,3388),(78,3327)]	17.294061
601	[(13,1650),(27,407),(39,2826),(41,2047),(63,913),(73,2239),(74,3493),(85,2839)]	16.808135
602	[(3,1504),(6,3356),(31,3773),(41,501),(47,1770),(48,1525),(51,1549),(55,956),(70,2083),(85,1043)]	16.479510
603	[(3,2817),(6,3098),(11,2067),(33,2583),(48,1677),(62,2684),(65,1615),(70,468),(79,3892)]	16.781732
604	[(24,3005),(33,3451),(38,3446),(54,3809),(65,3020),(70,2462),(84,140),(85,2866)]	25.462934
605	[(4,1790),(33,653),(41,757),(85,3779),(86,875)]	17.294242
606	[(9,1370),(59,205),(68,2915),(79,2263),(91,1588)]	16.071306
607	[(11,2760),(34,2442),(36,1938),(69,1918),(70,333),(71,620)]	16.473847
608	[(21,419),(34,3880),(50,1425),(74,350),(85,2740),(92,1714)]	16.481685
609	[(6,2419),(15,3683),(18,2278),(26,1402),(32,2111),(47,2716),(63,3647)]	16.675352
610	[(33,2949),(71,3880),(86,2010)]	16.245271
611	[(3,3550),(41,151),(46,2162),(69,720),(71,3258),(77,3922),(86,3710),(91,2206)]	16.643837
612	[(28,1650),(37,3802),(60,3919),(73,624),(87,1148),(92,3818)]	17.961958
613	[(2,2020),(25,3064),(65,2491),(72,2800),(79,3012)]	32.202057
614	[(5,1794),(7,383),(22,1473),(44,3220)]	34.444762
615	[(16,3002),(35,719),(37,2758)]	17.041877
616	[(21,688),(58,2173),(88,928)]	16.504034
617	[(5,2798),(7,2265),(8,493),(70,373),(81,1106),(87,363)]	16.602623
618	[(28,3526),(51,3567),(52,199),(59,3077),(74,785),(83,763),(86,1950)]	16.328884
619	[(29,442),(39,838),(85,1398)]	16.380282
620	[(1,642),(6,55),(17,3383),(54,3816),(55,142)]	16.250458
621	[(5,1417),(25,1105),(28,2695),(61,236),(64,56),(65,877),(81,3391),(86,3490)]	32.360928
622	[(16,3317),(38,121),(66,2165),(77,1369)]	25.873821
623	[(17,3017),(40,2868),(60,748)]	26.783561
624	[(11,1176),(23,1935),(43,2771),(52,507),(61,1288),(69,3620),(92,2029)]	18.973222
625	[(15,2927),(36,1830),(82,855),(85,3613)]	16.681826
626	[(39,1170),(64,3118),(71,1564)]	17.101239
627	[(1,3470),(2,3311),(11,3261),(13,713),(30,1103),(38,3701),(39,1206),(46,1884),(62,3785),(76,2991),(83,1779)]	17.081157
628	[(12,3528),(19,3227),(21,2879),(48,563),(58,293),(65,1870),(69,2026)]	16.843628
629	[(13,6),(23,342),(43,791),(46,2946),(51,519),(80,383)]	17.730375
630	[(12,2311),(19,3764),(25,2847),(30,2273),(36,2918),(43,910),(67,1785),(71,2151),(75,1437),(88,1189),(89,3600)]	16.457846
631	[(23,3324),(33,2993),(40,1901),(49,1361),(54,3254),(57,2368),(62,92),(68,865),(78,22)]	16.578950
632	[(5,1593),(6,199),(13,2894),(20,305),(33,1550),(36,1329),(73,2868),(88,2355),(91,3613)]	35.797120
633	[(4,1706),(20,128),(21,3817),(27,1276),(73,2518),(91,266)]	38.417771
634	[(29,2079),(49,1281),(55,824),(72,1695),(76,3363),(80,2606)]	36.609480
635	[(25,3311),(48,573),(70,1758),(92,237)]	36.347917
636	[(13,1672),(59,1222),(76,3525),(80,3633),(85,490)]	28.832115
637	[(44,2639),(52,3167),(61,3923),(68,3391)]	16.496220
638	[(46,106),(53,2140),(59,3256),(68,2661)]	16.506083
639	[(16,980),(23,2899),(61,3410)]	16.288516
640	[(16,1624),(54,460),(84,1134),(86,1575)]	16.310813
641	[(10,3123),(15,1803),(56,2660),(66,1519),(69,446)]	18.684383
642	[(24,1332),(48,2818),(55,1445),(56,1027),(71,3541)]	16.881470
643	[(11,170),(40,1107),(89,1176)]	16.379992
644	[(3,3203),(5,3517),(7,3393),(36,1362),(65,3452),(75,2376),(81,3684),(91,2671)]	17.161246
645	[(5,1083),(37,1616),(91,597)]	16.340015
646	[(4,1265),(15,2308),(16,2380),(23,2114),(52,3224),(65,2158),(77,3877)]	16.398191
647	[(61,1940),(69,62),(71,1296),(79,436)]	16.168646
648	[(18,1428),(38,1325),(43,2010),(62,551),(72,912)]	16.374321
649	[(15,381),(58,3079),(74,2756),(87,799)]	16.793705
650	[(7,3671),(50,557),(69,1812),(86,2845),(88,3591)]	16.548470
651	[(37,1744),(40,1706),(45,1376),(46,2485),(87,1961)]	16.813429
652	[(0,2729),(17,3717),(23,1639),(50,2721),(51,942),(62,3684)]	16.625447
653	[(8,2087),(47,2319),(73,653),(83,669)]	16.326561
654	[(19,1410),(22,1378),(23,3819),(41,2641),(57,1591),(73,637)]	16.508022
655	[(10,2877),(75,2789),(82,1691),(87,734)]	16.211854
656	[(13,1693),(45,1163),(68,3331),(73,3602)]	16.795305
657	[(13,3674),(28,110),(53,1573)]	16.501602
658	[(6,290),(8,1549),(30,2117),(47,1677),(65,722),(67,2932)]	17.011042
659	[(0,1814),(5,491),(10,3876),(42,1171),(72,148),(87,1156)]	16.240223
660	[(4,1598),(35,1431),(47,2360),(64,3511),(68,2629),(81,2945)]	17.996333
661	[(29,2478),(39,2968),(41,31),(54,3749),(55,3818),(70,3491)]	16.486707
662	[(13,389),(55,3042),(57,3504),(82,3040)]	16.834795
663	[(42,3248),(53,3664),(67,1284)]	17.246492
664	[(8,819),(12,599),(22,1236),(31,3628),(46,2326),(49,78),(72,1153),(78,824),(80,2920),(84,586)]	16.804430
665	[(8,1709),(9,2000),(15,3364),(43,2657)]	16.225654
666	[(49,691),(59,1661),(66,3681),(85,3100),(86,678)]	16.990025
667	[(53,3084),(74,3125),(82,1220)]	16.382434
668	[(24,475),(46,1738),(59,1517),(78,2315),(81,2349)]	16.498982
669	[(10,2324),(20,879),(35,2700),(69,1330),(88,282)]	16.933145
670	[(13,664),(46,3357),(66,552),(77,408),(84,1519)]	17.358156
671	[(44,3874),(45,1848),(52,2259),(65,648),(71,1744),(81,1562),(87,3358)]	16.637615
672	[(10,3317),(16,236),(32,1073),(33,1003),(40,967),(57,1131),(68,3060),(72,1271),(88,1299)]	16.780851
673	[(9,1514),(21,1253),(34,43),(36,2436),(59,3277)]	16.261678
674	[(7,277),(18,2233),(42,3144),(50,1884),(54,1276),(69,2471),(81,2806),(84,3356)]	17.301280
675	[(4,1671),(6,2536),(11,2884),(57,1317),(72,1816),(90,2156)]	31.832293
676	[(4,3120),(29,571),(90,159)]	26.409306
677	[(4,953),(27,1400),(70,3418)]	17.367625
678	[(20,1772),(39,650),(51,615),(55,1749)]	16.843493
679	[(6,759),(33,2517),(41,3682),(49,1553),(69,1676),(83,122),(86,515)]	16.889030
680	[(44,3898),(67,2773)]	16.222863
681	[(9,91),(13,551),(15,1866),(32,1356),(68,2272)]	16.558542
682	[(65,2802)]	16.306997
683	[(3,3917),(22,3785),(26,2977),(39,413),(58,1498),(64,1659),(80,2336),(86,3752)]	16.176333
684	[(60,1428),(65,719),(80,592),(81,2751),(89,2179),(91,1360)]	16.291401
685	[(8,1568),(28,1297),(56,3516),(87,9)]	16.494459
686	[(41,3832),(67,2595)]	16.215696
687	[(2,2220),(18,3765),(25,725),(26,3506),(44,3590),(52,1863),(63,3793),(67,785)]	16.122813
688	[(17,2527),(22,688),(66,1624),(91,1264)]	16.493404
689	[(16,1573)]	19.244623
690	[(12,884),(47,91),(51,551),(58,1125),(69,1201),(79,2393),(90,214)]	16.426423
691	[(6,3257),(22,1763),(38,1484),(51,1357)]	16.084954
692	[(1,2479),(4,1403),(36,410),(47,1441),(61,2417),(68,2853),(86,273),(91,122)]	16.519141
693	[(10,2373),(43,1816),(84,879)]	16.314202
694	[(4,3199),(31,1863),(36,127),(41,3687),(50,571),(82,1164),(83,870)]	16.688511
695	[(34,222),(57,3385),(83,121)]	16.422350
696	[(22,3879),(26,1809),(51,97),(58,1768)]	16.517925
697	[(32,2258),(52,3323),(69,2638),(77,225),(92,3269)]	16.620922
698	[(5,2873),(7,3296),(23,1076),(31,1685),(44,2455),(83,182)]	16.246908
699	[(16,667),(17,1333),(44,285),(46,650),(48,3007),(59,3200),(65,1877)]	16.079499
700	[(0,3920),(1,2829)]	16.932293
701	[(8,2092),(50,2132),(59,1138),(71,2239),(72,3493),(79,894)]	16.593272
702	[(3,1399),(28,2145),(31,2536),(51,571)]	16.535147
703	[(0,627),(6,3831),(37,2984),(41,1194),(49,3667),(54,2109)]	16.279816
704	[(5,843),(23,254),(35,7),(39,1696),(46,1909)]	16.388975
705	[(12,2516),(36,2880),(73,2360),(76,1898)]	16.449560
706	[(19,3672),(31,852),(73,1699),(78,3777)]	16.156024
707	[(13,269),(28,3591)]	16.138204
708	[(0,522),(46,2928),(52,3632),(83,3297)]	16.215120
709	[(2,2755),(26,2199),(27,1567),(50,1498),(54,2373),(57,3410),(61,3515)]	16.499872
710	[(20,2440),(22,1294),(43,2988),(89,1917)]	16.117255
711	[(32,1125),(48,3389),(70,1730),(77,2177),(90,1467)]	16.115419
712	[(3,90),(16,817),(22,3166),(37,2193),(73,2783),(76,513),(92,20)]	16.807956
713	[(12,3150),(21,3900),(62,2723),(80,526)]	17.482229
714	[(31,1371),(37,110)]	16.685335
715	[(4,417),(13,596),(20,2766),(21,2673),(33,2085),(50,713),(59,911),(68,1943),(86,115),(91,2146)]	19.305896
716	[(5,2837),(7,2350),(15,2367),(19,1511),(36,2289),(46,397),(53,1655),(54,2878),(56,19),(60,3844),(68,2701),(80,855)]	16.318310
717	[(12,612),(14,2856),(69,1604)]	16.098700
718	[(5,2092),(52,2477),(64,1988),(67,1807),(73,1905),(81,828)]	16.267100
719	[(10,2346),(15,659),(16,2014),(40,566),(41,1278),(43,1914),(55,1440),(81,1053),(88,731)]	16.251254
720	[(8,1066),(13,2225),(16,3382),(42,1778),(71,1669),(88,647)]	16.653552
721	[(27,3481),(41,55),(45,1177),(83,1376),(87,58),(88,956)]	16.186402
722	[(2,1848),(50,1001),(67,2068),(75,3407),(81,1753),(82,25),(87,1483)]	16.505971
723	[(19,2936),(31,3167),(45,2764),(54,2927)]	16.792966
724	[(19,1699),(44,3845),(47,1717),(63,1763),(92,2954)]	16.263013
725	[(10,2602),(18,2505),(53,309),(62,2877),(80,1606)]	16.334812
726	[(0,604),(14,3640),(62,3557),(64,1685),(82,2263),(92,794)]	16.130073
727	[(3,29),(11,741),(13,1867),(22,744),(25,612),(55,2948),(59,1165),(67,2602),(68,90),(73,2608),(86,1947)]	17.086363
728	[(21,38),(26,3735),(28,1501),(30,1872),(31,310),(48,3774),(80,3357),(84,136)]	16.575675
729	[(5,348),(52,331),(81,415),(87,1706)]	16.146277
730	[(5,1480),(22,2870),(31,965),(47,112),(83,1047)]	26.496429
731	[(41,3350),(53,2381),(64,312)]	24.031438
732	[(36,2762),(73,805),(82,1890)]	19.356490
733	[(24,3257),(25,1829),(26,3793),(45,2158),(49,2741),(59,181),(65,926),(82,1480)]	22.525841
734	[(10,3294),(75,649),(78,3470),(86,1887),(88,1695)]	16.744209
735	[(0,3380),(9,3879),(76,3218)]	33.625655
736	[(10,3038),(22,1153),(31,604),(40,3440),(62,1180),(91,3235)]	21.529625
737	[(6,767),(18,518),(27,3274),(36,563),(38,2186),(41,2450),(43,1314),(45,3693),(64,2901),(72,757),(81,960)]	16.410003
738	[(0,767),(4,1203),(28,2121),(51,2025)]	16.297489
739	[(8,3724),(14,3904),(43,2429),(59,3313),(61,1348)]	16.643195
740	[(4,1801),(14,2266),(45,1878),(70,2853),(78,503),(86,1535)]	16.483101
741	[(2,1338),(39,1606),(45,821),(56,698),(61,1154),(69,3447),(73,3774),(76,1207)]	16.340544
742	[(2,3232),(3,3020),(12,1998),(19,1815),(28,685),(48,810),(56,87),(61,2075),(73,548),(89,2793)]	16.166763
743	[(2,960),(5,2561),(26,2584),(29,3325),(51,1186),(65,2341)]	16.285329
744	[(3,3577),(12,286),(22,386),(35,911),(69,86),(92,291)]	16.250624
745	[(9,1193),(17,1697),(31,3221),(69,3735),(84,611),(90,3292)]	16.193011
746	[(0,234),(31,602),(72,2336),(79,617)]	18.081947
747	[(2,3386),(22,1967),(39,3827),(59,3197),(74,1988),(78,2432),(81,3146),(88,693)]	19.021490
748	[(1,724),(34,383),(47,2215),(51,3751),(57,3758),(65,2766),(66,2673)]	16.376280
749	[(19,2125),(29,1660),(60,2153),(61,1729),(65,1918)]	17.268259
750	[(30,1980),(43,3474),(48,1620),(51,3323)]	16.751872
751	[(0,1606),(8,2397),(20,1760),(29,1460),(35,1885),(49,1099),(74,260)]	16.441969
752	[(25,2388),(35,3569),(48,521),(74,2268),(80,1744),(88,2132)]	16.552693
753	[(0,3125),(15,2471),(19,893),(38,989),(40,3105),(52,3721),(58,56),(64,731),(65,2842),(69,1728),(70,2073),(78,1429),(79,1514)]	16.456435
754	[(0,3675),(5,672),(71,970),(92,2735)]	16.669552
755	[(19,2305),(21,1116),(36,978),(59,3705),(85,1179)]	16.705415
756	[(1,1476),(31,3517),(33,2728),(45,2256),(48,73)]	16.165070
757	[(16,1958),(21,1145),(23,2877),(58,2517)]	17.098868
758	[(5,1078),(7,2766),(62,893),(67,2703),(72,3862),(87,1091)]	16.326313
759	[(17,3326),(20,2269),(22,1652),(42,1562),(59,3460),(76,2578)]	16.305645
760	[(20,871),(23,119),(33,331),(39,1180),(50,571),(74,3613),(76,763),(88,2145),(92,1120)]	16.679269
761	[(34,123),(50,1867),(72,2567)]	16.790037
762	[(17,2111),(22,2470),(67,2083),(68,1459),(89,837)]	16.103754
763	[(53,2590),(67,3625),(83,2425)]	16.343222
764	[(58,354),(80,2823)]	16.133445
765	[(33,749),(53,2608),(55,2659),(65,2480),(78,3449)]	17.526223
766	[(6,3832),(54,637),(61,1544),(71,2385)]	16.150280
767	[(1,291),(19,3026),(41,1869),(47,1658),(86,658),(87,2588)]	17.072914
768	[(18,2171),(19,395),(22,3375),(32,3767),(56,913),(59,3619),(62,3639),(64,1732),(71,1944),(74,3338),(82,1935)]	16.819539
769	[(0,1614),(24,1883),(26,400),(57,3277),(69,570),(70,566),(88,219)]	16.360817
770	[(22,117),(41,3049),(69,3011)]	16.248367
771	[(11,3359),(41,3310),(69,911),(84,3674)]	17.083121
772	[(11,3271),(12,3323),(13,51),(36,2013),(37,654),(64,2629)]	16.137009
773	[(6,2393),(51,3750),(73,2500),(75,2490),(77,2841)]	16.274814
774	[(2,3489),(28,828),(30,790),(33,2170),(34,3805),(43,3713),(59,2484),(73,1088),(75,366),(81,661),(89,3898)]	16.404462
775	[(4,3273),(7,1216),(8,3884),(32,2811),(34,2025),(87,746),(89,2567)]	16.402288
776	[(3,3764),(15,2950),(21,3271),(29,942),(77,3490)]	16.255300
777	[(82,1376),(91,3625)]	16.227916
778	[(13,1620),(14,3826),(35,1914),(41,233),(44,2080),(86,1322),(90,3672)]	16.466439
779	[(54,231),(66,188),(74,3901),(77,3169)]	16.668479
780	[(30,679),(36,2697),(38,846),(40,3666),(42,2241),(67,3620),(68,3173),(77,257),(83,1760)]	16.746170
781	[(16,298),(19,2818),(23,3658),(29,1246),(32,644),(61,3417),(74,2654),(82,2372),(92,3146)]	16.231246
782	[(6,120),(22,2381),(28,857),(34,3519),(35,1395),(42,2457),(45,722),(80,1747),(91,2556)]	16.301460
783	[(19,2167),(74,3544)]	16.283542
784	[(20,2104),(34,1142),(36,279),(37,1920),(41,1394),(42,3082),(58,894),(65,2091),(67,216),(75,1251)]	16.093622
785	[(23,1197),(33,2283),(43,2473),(68,3393),(72,2569),(91,2823),(92,3897)]	16.431966
786	[(2,3669),(7,3678),(8,2533),(34,2845),(41,3636),(42,678),(88,3347)]	16.993681
787	[(6,908),(10,3739),(29,1230),(41,462),(51,1920),(77,431),(92,801)]	16.339909
788	[(22,3886),(23,794),(28,968),(44,3453),(67,3123),(84,2105)]	18.525736
789	[(11,548),(31,1753),(34,3145),(41,854),(57,672),(61,977),(63,975),(67,10),(75,2253),(76,1662)]	16.774718
790	[(14,374),(16,825),(22,1079),(58,3247),(61,2095),(69,323),(92,98)]	16.818391
791	[]	23.000536
792	[(1,2853),(25,3465),(26,642),(86,610),(92,3128)]	18.216469
793	[(7,2147),(18,1411),(32,3651),(55,2015),(61,3770),(82,1647)]	16.260749
794	[(36,2397),(75,3350)]	18.677355
795	[(20,3725),(66,3607),(70,325),(74,2501),(78,1569)]	21.855120
796	[(3,1765),(20,3687),(24,3079),(32,67),(40,2482),(55,143),(69,722),(70,3883),(82,1077)]	31.108981
797	[(12,451),(15,1441),(16,694),(69,2228)]	16.836852
798	[(1,232),(41,3058),(48,2993),(89,3545)]	16.455905
799	[(0,1645),(18,3814),(61,1756),(63,1856),(72,794)]	16.153695
800	[(55,3578),(78,3604),(92,1046)]	16.941188
801	[(1,3366),(34,1805),(51,841),(60,18)]	18.037434
802	[(6,2143),(81,1179)]	16.456792
803	[(3,3764),(15,2572),(16,3649),(25,1961)]	16.822013
804	[(13,1563),(23,3238),(36,2910),(38,1572),(49,145),(54,3220),(92,2448)]	16.503079
805	[(0,528),(9,2913),(32,3082),(36,2661),(43,3217),(55,1727),(72,2877),(79,539)]	18.879190
806	[(15,1400),(16,3363),(43,3256),(51,3183),(69,3402),(76,2122),(81,2828),(85,2345),(89,2931)]	17.578898
807	[(11,288),(22,1258),(44,142),(65,1631),(90,1494)]	16.472120
808	[(10,859),(51,3281),(53,1948),(54,998),(57,2878),(65,1027),(73,1270),(74,3638)]	16.427406
809	[(5,745),(16,1648),(60,526)]	17.102178
810	[(1,1239),(5,904),(7,3370),(10,3724),(14,547),(29,2709),(36,196),(38,2872),(57,2000),(66,521),(68,3554),(87,2785),(92,1273)]	17.210591
811	[(11,1373),(30,394)]	16.848192
812	[(48,2678),(49,167),(79,3829),(83,3046),(89,1647)]	20.487474
813	[(7,474),(10,228),(14,3450),(30,2546),(35,1796),(62,1430),(70,3909)]	17.654275
814	[(2,3857),(12,600),(21,2268),(22,1205),(28,2749),(54,3207),(64,484),(66,1217)]	16.694866
815	[(6,2182),(11,1521),(40,570),(65,1116)]	16.834516
816	[(15,3677),(23,1103),(25,347),(31,2698),(71,2022),(78,2185),(82,819)]	16.625935
817	[(13,1601),(22,2774),(33,3297),(63,313),(69,3349),(70,1422)]	16.846650
818	[(12,631),(51,2766),(58,1888),(80,2918),(86,1532),(87,2353),(89,3483)]	16.488706
819	[(10,963),(23,1396),(25,205),(55,1638),(72,3789)]	16.423389
820	[(0,1829),(10,2718),(24,929),(25,3621),(32,1497),(33,2666),(49,784),(51,1758),(59,1993)]	22.327471
821	[(18,616),(29,1597),(55,1217),(73,278)]	35.766916
822	[(5,324),(7,2141),(27,2394),(41,2854),(42,2857),(81,2774)]	33.896564
823	[(28,89),(34,3197),(35,1016),(43,2137),(58,814)]	34.237792
824	[(6,1055),(16,3715),(22,2977),(45,81)]	33.722397
825	[(3,3906),(49,1603),(66,2148),(91,619)]	34.114952
826	[(0,1699),(20,2870),(24,8),(37,2176),(45,886),(81,909),(85,3861)]	33.902080
827	[(61,569),(81,1459),(87,3380)]	30.330869
828	[(17,3845),(20,2127),(37,2555),(40,3275),(45,3278),(57,2497),(79,2811)]	31.895638
829	[(57,1902),(61,665),(68,1432),(77,1813),(80,2318),(82,3000)]	32.985006
830	[(3,132),(11,964),(24,1323),(33,1213),(51,828)]	32.477126
831	[(15,1210),(22,1298),(59,3009),(64,3566),(83,894),(89,1437)]	33.648785
832	[(43,3351),(55,2154),(63,1768)]	33.354032
833	[(39,2531),(67,2053)]	32.807987
834	[(0,1474),(42,3292),(65,749),(68,1658),(79,3189)]	32.729807
835	[(4,3551),(47,318),(49,2481),(53,2850),(62,2497),(69,508),(79,2),(88,412)]	34.113269
836	[(23,3021),(55,2197)]	34.731287
837	[(1,1683),(21,396),(32,663),(53,584),(54,913),(57,3619),(66,967)]	33.804833
838	[(1,2636),(7,559),(13,2863),(18,474),(59,1855),(69,733)]	36.819143
839	[(4,1475),(29,330),(38,3078),(72,1231),(74,3613),(80,3840)]	33.654311
840	[(0,2908),(12,925),(52,1465),(55,2961),(57,1104),(63,3882),(80,173)]	34.592081
841	[(14,482),(21,271),(39,693),(54,1710),(62,1523),(85,3260)]	32.787407
842	[(2,1999),(7,775),(24,3801),(48,1752),(49,3115),(72,3506),(74,3340),(81,108)]	35.400903
843	[(5,984),(11,3812),(16,2051),(39,809),(40,512),(44,3019),(60,1596)]	33.014870
844	[(11,445),(20,1355),(24,2742),(25,1718),(31,686),(45,1615),(60,3533),(73,1370)]	32.690725
845	[(7,2974),(46,594),(60,1601),(63,2124),(68,2104),(80,3219),(92,1770)]	33.039220
846	[(5,2621),(11,1991),(14,3868),(18,3167),(38,1628),(55,3486),(58,1312),(65,2899),(72,3603),(73,2250)]	32.692936
847	[(16,2301),(36,2674),(89,1020)]	32.458900
848	[(17,1381),(31,2391),(43,1543),(52,670),(54,680),(55,607),(89,357)]	31.963543
849	[(16,2814),(42,3310),(64,586),(73,3853)]	31.240080
850	[(35,3791),(59,3379),(60,3001),(66,1731),(73,2354)]	32.874802
851	[(5,1090),(32,1424),(65,2546),(70,1495),(73,2268)]	32.183147
852	[(29,2758),(31,2540),(51,954),(63,2036),(64,368),(65,2623),(72,3777),(81,2834)]	32.733786
853	[(15,2119),(28,1240),(31,1462),(54,376),(73,399),(79,1289)]	33.409022
854	[(12,635),(19,2105),(83,1098)]	33.175199
855	[(78,3240),(79,718)]	31.753467
856	[(9,2454),(23,768),(24,734),(60,3473),(72,1044),(77,3736),(78,1493),(82,969)]	31.827088
857	[(7,1867),(17,3397),(18,3089),(43,3227),(75,3213),(83,635),(88,3908)]	31.684277
858	[(0,460),(3,3183),(15,2773),(21,1315),(37,3632),(74,2440),(77,1888),(91,2777)]	32.510886
859	[(16,288),(32,2217),(70,1735)]	31.692233
860	[(30,2339)]	32.439969
861	[(8,1870),(13,1899),(16,3533),(59,3312),(82,1269),(87,1433)]	32.016120
862	[(7,904),(18,168),(28,2151),(42,2948),(57,1005),(62,729),(63,3676),(70,1420),(83,3116)]	32.045791
863	[(11,287),(40,2258),(60,1886),(85,2999),(91,170)]	34.326810
864	[(1,2992),(30,1755),(74,2352),(81,229)]	31.202038
865	[(31,3210),(35,606),(42,810),(53,1802),(82,2241)]	37.852014
866	[(4,3316),(61,1944),(67,1530),(81,2723),(88,1802)]	33.361007
867	[(9,1984),(59,638),(61,2531),(64,3725),(69,1781)]	35.487495
868	[(9,1415),(20,2574),(39,2193),(69,421),(84,3539),(91,2475)]	31.979214
869	[(7,2995),(10,2012),(15,1379),(25,3189),(37,2025),(58,2254),(67,2470)]	33.195060
870	[(60,2148),(71,2891),(76,3398)]	33.981494
871	[(43,2469),(60,2052)]	39.263634
872	[(4,3736),(5,1493),(28,322),(36,3815),(65,1302),(77,1935)]	34.768250
873	[(3,39),(5,3125),(36,1478),(51,1829),(57,3450),(87,3310)]	34.980320
874	[(33,1861),(41,548),(47,805),(55,327),(59,887),(62,2221),(74,3213),(78,316),(80,2241)]	39.270524
875	[(11,792),(36,73),(53,2037),(84,2386)]	37.509229
876	[(19,1359),(37,143),(44,1018),(61,1480),(70,157),(81,3025),(90,9)]	38.513510
877	[(2,1001),(3,1457),(5,157),(14,1060),(19,806),(38,2276),(40,1786),(45,2072),(56,2406),(61,3060),(66,3812)]	32.668542
878	[(16,1518),(30,2693),(39,2546),(71,3698)]	32.556835
879	[(59,1814),(82,885),(89,1341),(92,3832)]	33.276190
880	[(6,1092),(23,454),(29,2188),(66,3085),(89,1189),(90,3452)]	33.449835
881	[(1,3519),(5,717),(15,2796),(20,1166),(22,3155),(38,693),(51,3516),(56,3546),(82,1801),(85,351)]	33.404510
882	[(17,1094),(54,2630),(58,3832),(68,2488)]	36.939010
883	[(24,2968),(29,2303),(31,3831),(49,2247),(51,416),(56,2012),(63,2989),(69,2750),(78,2031)]	33.618676
884	[(14,3497),(63,451),(78,2750),(92,1094)]	35.661348
885	[(5,1721),(22,1092),(24,939),(26,1601),(86,3432)]	38.790628
886	[(0,767),(3,3204),(23,1772),(26,2304),(33,1341),(92,542)]	33.055131
887	[(0,3296),(29,2578),(33,1830),(40,3433),(51,3640),(70,1850)]	32.971441
888	[(0,2263),(30,1210),(33,3856),(39,3225),(40,3635),(43,1194),(45,2103),(50,696)]	32.947115
889	[(3,3284),(40,1824),(47,2164),(53,2972)]	34.452135
890	[(27,226),(40,2329),(44,759),(47,1573),(83,3441)]	32.955604
891	[(2,3640),(44,3638),(46,3280),(51,2153),(52,1729),(54,1680),(65,15)]	33.286706
892	[(1,227),(4,2689),(17,1474),(57,953),(83,3831)]	33.688630
893	[(11,651),(23,193),(52,692),(71,2675),(90,568)]	32.699141
894	[(61,3067),(79,3666)]	34.397061
895	[(11,2459),(29,2809),(49,323)]	33.211449
896	[(19,3484),(42,3625),(44,3302),(45,2969),(46,1908),(52,3716),(53,265)]	36.754449
897	[(7,2353),(18,459),(21,3218),(40,1370),(72,3323),(78,1547)]	31.516325
898	[(9,2017),(17,3269),(46,2886),(58,1007),(74,1837)]	33.374027
899	[(13,327),(15,2364),(22,142),(35,3103),(49,293),(57,3300),(89,1770)]	33.079305
900	[(6,3476),(27,1266),(30,1267),(47,1267),(53,3783)]	32.197730
901	[(9,3679),(37,3899),(39,3333),(46,1361)]	31.620502
902	[(17,1050),(42,432),(55,2430),(61,2459),(65,778),(88,3400)]	34.653113
903	[(22,2871),(53,516),(67,494),(83,1356),(85,2133),(89,2121)]	34.130442
904	[(2,3341),(13,2483),(17,1143),(47,452),(73,2505)]	33.529642
905	[(58,2120),(78,2595)]	34.197860
906	[(3,3201),(6,3781),(12,3241),(26,2246),(49,3018),(89,2564),(92,1195)]	33.423682
907	[(4,1398),(19,1070),(21,1267),(59,395),(63,729),(64,3676),(75,2873)]	32.553106
908	[(7,296),(31,3551),(33,2776),(35,3294),(36,825),(59,2054),(77,3361),(88,2184)]	31.712058
909	[(5,800),(13,2823),(14,3897),(19,919),(39,428),(82,697)]	31.893343
910	[(0,1227),(1,3717),(12,530),(65,175),(69,3310),(85,3524),(87,1256),(88,3415),(90,1646)]	32.044608
911	[(5,581),(7,2212),(25,3670),(33,2423),(34,36),(40,2268)]	32.352242
912	[(36,667),(37,1333),(53,3454),(68,3706),(76,1643)]	32.620845
913	[(7,1748),(15,1056),(25,2493),(50,2934)]	31.452332
914	[(4,1337),(14,1628),(42,964),(62,2080),(68,915)]	32.775260
915	[(4,2518),(34,1857),(40,268),(76,3196),(86,145)]	33.794843
916	[(11,2982),(12,1011),(18,3461),(22,3714),(33,2318),(79,1549)]	34.569221
917	[(8,535),(38,1776),(49,529)]	30.787797
918	[(7,2341),(35,3284),(55,1942),(83,871)]	35.023630
919	[(5,3059),(63,3419)]	33.601385
920	[(2,2045),(6,2457),(48,99),(78,242),(83,3867),(85,1049)]	34.853666
921	[(1,3456),(14,3127),(29,3315),(62,362)]	34.297310
922	[(19,2264),(54,3103),(69,3859)]	33.382319
923	[(2,3917),(66,1933),(67,3526),(88,3324),(92,2270)]	34.429374
924	[(8,3596),(45,607),(48,3033),(60,820)]	37.773995
925	[(7,2019),(12,1068),(18,2482),(62,3246),(69,3309)]	32.865064
926	[(7,3099),(16,3119),(22,1204),(42,705),(63,731)]	38.280256
927	[(7,1777),(10,267),(25,1755),(28,203),(30,3073),(55,2661),(58,1175),(77,2206),(86,2910)]	34.431343
928	[(27,1843),(45,3290),(52,2810),(58,1110)]	35.263330
929	[(12,3899),(29,3542),(30,1392),(37,2562),(63,2238),(78,1075)]	35.270616
930	[(3,3831),(30,3653),(34,2335),(35,69),(78,1927)]	29.902124
931	[(4,3621),(9,3843),(42,1274),(63,2860),(67,3815),(82,2545)]	32.794520
932	[(7,900),(12,3897),(30,975),(47,752),(56,433),(64,2953)]	35.999873
933	[(5,1774),(9,3524),(72,2821),(87,2998)]	34.235625
934	[(4,1581),(17,3823),(20,2535),(29,783),(52,3040),(65,459),(87,1184),(90,2091),(91,2075)]	40.124164
935	[(11,464),(49,66),(69,3405),(80,3065),(84,1040)]	41.660057
936	[(15,681),(27,3462),(43,2429),(51,2190),(58,1497),(69,1485),(77,2417)]	35.988458
937	[(27,3091),(30,2121),(38,2656),(44,3156),(72,3773),(76,3293),(81,2065)]	34.014389
938	[(9,1861),(10,2957),(57,3251),(60,116),(81,3017),(84,1009)]	34.805740
939	[(10,2953),(11,2848),(26,532),(40,502),(48,2447)]	33.515597
940	[(5,1004),(42,2665)]	33.767424
941	[(11,2339),(16,1250),(59,1202),(60,660),(67,3830),(92,2358)]	33.967441
942	[(11,2484),(13,2079),(24,1620),(36,1554),(65,1182),(71,3128),(72,3789),(88,54),(90,1615)]	35.321667
943	[(7,1464),(32,124),(70,1024),(85,3121)]	34.369879
944	[(1,1862),(4,3249),(8,658),(26,3746),(31,3366),(34,3071),(47,3182),(52,3409),(59,2693),(65,2528)]	18.492813
945	[(25,2554),(36,2853),(53,297),(75,2273)]	16.871336
946	[(7,1709),(8,2000),(44,3024),(53,785),(56,1391),(60,2604),(88,3441)]	17.412624
947	[(8,67),(34,360),(49,1082),(51,1148),(53,662),(54,1290),(69,3278),(74,1755),(81,1575),(82,3884),(86,1134)]	16.637920
948	[(4,1357),(32,1029),(55,1192),(75,2965),(78,1053)]	17.160416
949	[(0,1623),(12,3562),(48,3707),(61,2705),(80,3007)]	16.841867
950	[(2,448),(12,1628),(27,368),(45,803),(68,1061),(79,1274),(80,3696),(90,2735)]	16.620914
951	[(23,432),(24,2691),(60,2341)]	16.257831
952	[(11,1558),(53,2117),(71,751),(81,2757)]	16.310628
953	[(31,2973),(51,3298)]	16.244352
954	[(5,3107),(11,3553),(29,3077),(39,1999),(62,844)]	18.837429
955	[(12,820),(33,3869),(35,3430),(41,3185)]	18.408440
956	[(1,3099),(13,762),(16,2383),(28,665),(41,2031)]	16.503680
957	[(2,1884),(8,107),(12,970),(49,2429),(62,2240),(63,2040),(78,3732),(90,1452),(91,3685)]	16.134758
958	[(6,2912),(13,806),(57,1790),(85,2833),(88,498)]	16.414808
959	[(36,1126),(47,1334),(82,3242),(85,116)]	16.671954
960	[(5,2098),(30,940),(57,474),(62,3008),(67,2452),(70,1720),(78,879),(80,2059),(92,2280)]	17.536780
961	[(17,1043),(29,1272),(41,1081)]	24.272031
962	[(2,3883),(6,946),(49,1226),(83,1429)]	20.290659
963	[(6,919),(45,2548),(69,3630)]	16.592722
964	[(15,345),(17,1303),(32,1525),(37,2776),(48,34),(88,1850)]	16.909580
965	[(56,718),(67,2656)]	18.562317
966	[(23,380),(58,2042),(90,2453)]	18.079779
967	[(22,3748),(28,2123),(33,481),(48,1189),(49,3600),(86,2629),(89,3810),(90,504)]	16.437916
968	[(8,3135),(20,887),(28,2608)]	16.643038
969	[(8,700),(27,1624),(31,294),(50,3293)]	16.417961
970	[(30,1468),(31,1065),(35,3750),(40,684),(42,2219)]	16.488980
971	[(5,2255),(40,1176),(49,3163)]	16.187560
972	[(22,2433),(26,827),(56,3733),(75,1870)]	16.606814
973	[(3,3326),(31,1815),(36,3342),(51,3409),(61,1605),(89,2030)]	20.768823
974	[(10,1760),(23,1591),(30,3025),(44,1834),(46,2626),(47,2302),(68,2836),(73,2917)]	16.705087
975	[(1,544),(9,75),(83,3624)]	18.802843
976	[(1,1375),(15,1962),(45,2000),(59,1999),(73,2841),(75,3623),(85,2881)]	18.318325
977	[(30,2650),(55,1435),(67,2930),(69,3649),(72,909)]	18.691526
978	[(18,3502),(19,558),(20,741),(38,1952),(65,441),(74,1737)]	21.741602
979	[(7,1347),(15,861),(25,1869),(36,2270),(67,2298),(87,704)]	19.085315
980	[(32,1199),(61,2098),(83,1244)]	18.754094
981	[(54,1477),(58,1279),(65,3798),(75,3859),(83,3705)]	20.098784
982	[(7,1085),(37,3645),(49,2551),(53,1170),(69,2709),(83,906)]	16.950087
983	[(1,2645),(3,253),(11,2689),(25,2322),(41,2574),(60,2939),(90,3673),(92,1864)]	16.651306
984	[(0,1936),(7,3100),(33,3792),(39,3907),(49,1747),(55,1603),(59,3806),(60,927)]	16.728357
985	[(7,2533),(27,3628),(39,2610),(40,1359),(63,2555),(87,2107),(92,3346)]	21.632134
986	[(12,2675),(24,2964),(25,675),(64,1057),(77,1920),(89,2409),(90,867)]	31.613321
987	[(44,2900),(51,2799),(90,315)]	17.186914
988	[(1,2075),(5,1558),(9,3848),(20,2662),(23,2908),(32,1824),(57,1654),(74,3209)]	16.386481
989	[(25,2247),(29,3063),(61,1208),(81,3313)]	16.170175
990	[(7,1801),(16,588),(17,1456),(48,3715),(81,2032)]	16.391650
991	[(17,2516),(27,2983),(34,402)]	16.169591
992	[(0,3558),(32,3147),(34,1515),(50,3468),(72,1047),(74,36),(89,1773)]	16.533989
993	[(20,1554),(23,1327),(25,279)]	16.155949
994	[(3,1278),(28,970),(38,3793),(62,726),(67,2844),(89,3002)]	16.266432
995	[(0,2015),(6,1501),(12,3271)]	16.399710
996	[(0,3301),(5,1779),(13,3216),(21,2243),(31,2356),(40,2165),(57,3532),(82,3150)]	16.311537
997	[(6,2565),(34,3098),(37,3680),(54,3591),(92,1198)]	16.217784
998	[(53,190),(56,827),(60,512),(89,1938)]	16.238495
999	[(10,1802),(22,150),(71,2430),(83,3866)]	16.257305
