ruleset_index	matches	time_ms
0	[(2,2875),(20,1061),(26,2837),(43,4466),(69,2283),(91,1480)]	36.001234
1	[(6,2096),(18,3226),(38,2658),(50,2860),(59,2550),(60,3874),(61,1334)]	50.841284
2	[(18,4798),(20,2416),(27,3666),(52,3277),(58,2400),(70,255),(77,292),(85,2391)]	41.318043
3	[(14,2285),(16,2845),(27,1558),(34,3106),(58,3619),(69,1746)]	40.198323
4	[(2,2413),(16,4018),(17,2609),(18,2239),(55,4537),(56,1552),(72,2333),(73,4215),(76,1118)]	37.419384
5	[(8,780),(11,1958),(30,971),(33,1459),(48,3368),(75,1476),(80,2688)]	38.909280
6	[(37,2244),(39,2289),(58,3378),(73,1078),(77,954),(90,1376)]	36.412696
7	[(5,1386),(8,2326),(16,4252),(22,4150),(41,360),(49,3408),(62,3804),(77,590),(79,4886),(92,2937)]	36.178207
8	[(17,1407),(19,417),(21,446),(23,1331),(45,1152),(54,2285),(55,2396),(68,4201)]	36.720276
9	[(1,601),(12,5004),(55,3022),(57,1411)]	37.445510
10	[(10,3718),(31,4378),(48,2095),(50,1847),(61,3510)]	42.479142
11	[(14,3162),(23,1253),(39,3675),(41,2996),(42,4483),(53,4946),(66,4716),(75,1532)]	39.170206
12	[(9,1201),(23,1215),(24,4035),(31,4831),(34,907),(43,470),(58,1384),(62,4489),(74,2929)]	37.657280
13	[(30,4502),(32,3415),(55,3426),(66,2814),(78,4697)]	37.463192
14	[(18,2638),(35,2985),(57,2635),(61,2372),(65,1470),(81,354)]	37.068432
15	[(53,3423),(68,751),(92,1196)]	37.486677
16	[(31,1724),(62,2861),(75,4059),(89,1486)]	38.228012
17	[(13,3898),(20,2694),(23,4306),(28,4781),(39,1124),(58,1524),(66,2580),(75,2103),(87,1984)]	38.727774
18	[(11,327),(19,3592),(54,2111),(60,1244),(68,4066),(83,4291)]	37.046857
19	[(17,4478),(19,540),(21,1107),(30,420),(38,3175),(62,661),(64,4429)]	37.565476
20	[(12,2145),(34,2149),(46,2525),(54,720),(55,3303),(57,1447),(66,1738),(67,3150),(68,925),(85,604),(92,3402)]	37.179704
21	[(11,3472),(18,2990),(19,2700),(24,2058),(32,2069),(50,3930),(68,4130),(73,3659)]	40.057068
22	[(4,620),(7,1213),(16,196),(20,175),(26,3147),(37,4252),(50,821),(73,689),(85,2883)]	37.311489
23	[(1,2715),(3,4027),(18,1141),(26,88),(32,4709),(49,4265),(51,1),(65,4496),(72,4595),(79,4398)]	37.374476
24	[(21,340),(30,2046),(41,1872),(43,2004),(86,4566)]	37.110896
25	[(13,4306),(23,2425),(29,3468),(70,431),(77,4378),(87,3774),(89,3869)]	36.637059
26	[(8,1638),(9,656),(18,2098),(29,2229),(32,4362),(44,2594),(79,3657)]	37.322805
27	[(0,1479),(5,526),(27,3565),(31,4995),(45,1424),(66,1285),(70,1131),(78,4503)]	36.373137
28	[(0,2087),(19,2744),(21,228),(39,2646),(87,318)]	36.009489
29	[(13,4685),(17,4599),(22,3491),(44,4063),(68,2082),(70,4621),(90,3059),(91,4646)]	46.185757
30	[(2,4768),(6,4091),(7,1756),(10,4809),(13,3248),(32,4007),(64,3954),(79,3370)]	46.390123
31	[(0,447),(3,387),(17,1134),(33,1813),(60,2281),(61,3424),(70,3781),(79,3220)]	38.409661
32	[(0,3799),(9,3862),(56,198),(83,1744),(92,2175)]	36.299754
33	[(35,3511),(58,4458)]	35.770894
34	[(0,580),(5,3577),(18,1336),(22,1471),(24,5002),(38,2041),(48,1680),(49,3906),(62,378),(74,2538),(87,3893)]	37.104519
35	[(12,4071),(24,4111),(30,3365),(35,468),(38,279),(54,1062),(80,1555)]	36.446756
36	[(5,4531),(64,1130),(77,523)]	40.053753
37	[(12,3313),(48,1162),(51,4125),(89,2276),(91,1555)]	40.211233
38	[(9,3367),(14,746),(43,2689),(55,4257),(70,3488),(72,3856)]	37.376847
39	[(4,669),(16,2266),(24,4386),(34,2386),(39,4833),(63,1303),(78,1186),(82,642)]	38.287394
40	[(1,1261),(26,4463),(30,4873),(35,2376),(71,1767),(75,1977),(76,1776),(85,675)]	38.393804
41	[(2,2004),(32,2553),(48,2691),(63,4502),(92,2332)]	35.730307
42	[(0,1522),(4,4532),(17,549),(20,2435),(27,2041),(32,3625),(66,5042),(73,3035),(81,3377)]	41.263400
43	[(13,3882),(54,1984),(62,1345),(80,2832)]	40.519691
44	[(22,4694),(25,3891),(29,2582),(38,502),(53,4711),(57,1472),(69,3526),(70,2478),(83,3323),(91,1104)]	39.309252
45	[(2,2244),(3,4649),(19,1184),(37,3344),(53,2039),(60,2684),(70,4141),(92,2503)]	36.821000
46	[(2,4635),(4,933),(5,2066),(14,1872),(32,939),(41,2157),(48,3415),(53,1024),(65,2665),(76,488),(86,3156)]	35.969465
47	[(1,4653),(25,3770),(57,3097),(62,3761),(85,4326)]	39.158235
48	[(78,3410),(88,3468)]	37.876757
49	[(1,4100),(7,3899),(13,4023),(17,1422),(44,611),(48,2560),(67,2876)]	42.726306
50	[(3,738),(14,3010),(19,988),(29,1384),(60,1803),(61,4383),(76,872),(79,677),(89,4250),(92,1432)]	42.562811
51	[(9,2178),(18,432),(32,1808),(43,514),(56,1564),(67,4911),(76,2034),(82,3570)]	37.778550
52	[(14,4537),(15,2665),(25,4972),(30,3455),(39,3002),(56,1404),(66,2300),(90,3873)]	43.804224
53	[(33,4792),(52,3912),(69,3349),(84,4700),(89,3887)]	42.150426
54	[(8,1750),(12,2142),(31,3930),(34,3398),(77,1305),(84,1043)]	42.279801
55	[(10,3030),(11,2359),(16,2315),(23,4552),(80,1092),(88,3039),(90,3770)]	38.453433
56	[(11,2081),(17,1287),(45,4297),(88,2388)]	38.376760
57	[(3,1998),(27,1514),(39,1528),(42,3199),(49,4481),(57,1701),(77,3706),(82,1347)]	52.218201
58	[(6,921),(11,5041),(26,1578),(38,1825),(46,683),(72,1556),(80,4496)]	45.385787
59	[(16,3111),(17,3353),(21,3432),(31,3490),(37,1313),(38,1103),(40,4622),(51,1662),(70,3357),(77,3647),(90,4835)]	43.372202
60	[(1,4156),(36,411),(42,1110),(44,926),(52,689),(61,3903),(83,1479),(85,2465),(90,3529)]	40.051897
61	[(6,2108),(22,3601),(25,4273),(32,65),(41,1610),(79,2865),(86,1230)]	65.477362
62	[(2,2638),(19,435),(25,4335),(27,4932),(30,1389),(46,4680),(57,696),(68,4015),(89,660)]	49.592192
63	[(4,1472),(5,4526),(19,1943),(34,3293),(52,3034),(70,288),(80,1054),(85,1142)]	53.986986
64	[(10,885),(37,658),(54,4710),(68,4713)]	42.896958
65	[(2,4325),(8,357),(23,2187),(44,712),(48,677),(51,2675),(53,2479),(62,439),(67,2374),(74,4068)]	39.796145
66	[(6,4100),(8,4396),(56,1431),(58,4836),(67,3416),(76,792),(78,1944)]	26.271932
67	[(2,4101),(6,50),(9,2370),(18,50),(26,1645),(59,2451),(78,1140),(80,2632),(86,3304)]	18.587199
68	[(1,2914),(22,3209),(70,4538),(72,3239),(80,3579),(82,1861)]	20.964823
69	[(1,221),(54,2598),(84,480),(89,3561)]	29.416469
70	[(12,1078),(18,3405),(32,3769),(55,1283),(84,982),(86,3205),(87,4605),(90,3807)]	18.637445
71	[(1,2766),(6,1895),(9,188),(44,463),(46,3055),(54,1262),(61,1929),(68,476),(69,1420),(73,209),(85,3133),(86,2733)]	19.172547
72	[(10,4610),(19,4445),(38,1437),(51,4897),(89,2634)]	18.381601
73	[(6,3723),(7,709),(13,27),(14,1068),(17,4739),(52,1562),(54,256),(55,4772),(64,1229),(65,3502),(74,4461),(77,2258)]	18.514013
74	[(26,1362),(45,3970),(58,717),(88,606)]	18.471611
75	[(6,4313),(28,2769),(72,3434),(92,4986)]	21.617486
76	[(21,2687),(22,4879),(38,4376),(40,1596),(42,1936),(43,2554),(86,4058)]	20.345827
77	[(3,265),(8,2944),(16,2611),(35,1243),(55,3720),(75,4810),(81,2894),(83,2816),(86,1372)]	21.878599
78	[(2,1221),(21,1883),(23,1985),(53,4839),(65,3227),(72,1825),(78,3737),(85,2736)]	40.688488
79	[(30,2025),(66,1589),(81,3163)]	41.742409
80	[(17,1772),(24,250),(38,2104),(46,4242),(49,628),(67,1207)]	41.339507
81	[(46,4165),(63,1472),(77,377),(83,1045)]	41.253563
82	[(19,1238),(31,3681),(44,53),(50,4737),(56,1476),(70,1376),(79,2842),(81,4254)]	38.605152
83	[(11,950),(66,572),(74,3609),(75,3344),(83,3268),(90,4288)]	20.145698
84	[(32,1489),(70,2634),(79,2758)]	19.172239
85	[(13,3835),(19,3583),(23,1562),(29,3842),(30,1495),(33,4019),(39,2564),(42,4636),(57,502),(59,323),(88,606),(91,2371),(92,3018)]	18.804451
86	[(21,1638),(34,520),(57,3312),(61,4908),(85,1435),(92,1814)]	18.387215
87	[(14,2866),(29,1234),(38,722),(43,581),(49,1146),(63,3883),(73,341)]	18.881470
88	[(24,1315),(28,26),(53,2199)]	18.510891
89	[(8,564),(17,4639),(18,1496),(21,747),(23,4093),(26,68),(53,646),(75,4610),(89,1579),(90,3395)]	19.354131
90	[(18,1799),(48,1563),(60,1468),(64,3836),(75,3277)]	20.097901
91	[(1,862),(18,4508),(22,446),(26,3365),(31,724)]	18.456005
92	[(23,1935),(27,740),(77,3195),(89,3984),(90,4509)]	19.391463
93	[(18,4820),(20,1805),(21,1302),(25,2874),(32,3278),(44,218),(59,3323),(65,4793),(70,4116),(74,108),(77,2341)]	28.013836
94	[(0,2400),(49,3954),(62,2441),(79,3267),(83,4433),(88,3561)]	29.839480
95	[(9,4301),(14,1264),(28,4441),(31,3511),(35,1865),(65,4921),(79,44),(83,1912)]	19.104936
96	[(5,3573),(12,3434),(16,3313),(27,324),(28,1627),(31,13),(46,82),(48,2729),(50,321),(51,182),(60,2998),(66,2694),(75,1574),(77,68)]	19.243678
97	[(17,1804),(18,4093),(67,1994),(68,1774),(71,2925),(88,4280)]	20.886819
98	[(38,4187),(67,4152),(81,754)]	26.501645
99	[(25,712),(29,2616),(35,536),(66,1134),(68,2202),(69,238),(72,691)]	19.816357
100	[(18,1749),(22,4157),(47,3097),(61,148),(77,1214),(81,4659)]	21.233362
101	[(2,365),(8,3208),(19,581),(20,3743),(26,2726),(29,1231),(36,2481),(40,3015),(83,18),(87,2996)]	18.854260
102	[(10,2029),(24,1118),(32,3179),(37,4277),(41,388),(47,2440),(64,900),(70,2464),(74,1652)]	22.402427
103	[(23,4180),(27,2269),(32,728),(57,1753),(92,2308)]	20.309450
104	[(4,3489),(10,549),(15,77),(17,4063),(23,3421),(37,4766),(43,2936),(50,2314),(59,2641),(61,820),(78,4705),(84,306)]	18.730594
105	[(0,4294),(18,4912),(20,4624),(51,1847),(61,4180)]	18.901492
106	[(8,3306),(44,163),(45,4052),(54,2647),(56,3974),(65,280),(72,3612),(82,481),(85,2268),(86,3268),(89,860)]	18.364156
107	[(0,692),(6,320),(14,47),(33,2934),(42,455),(44,2106),(56,1817),(64,1630),(66,677),(82,601)]	19.182836
108	[(1,138),(5,3521),(24,3685),(25,3270),(30,3833),(40,2886),(47,4193),(50,4350),(58,2791),(59,3874),(70,2814),(85,4109),(87,4265)]	18.751196
109	[(7,1024),(21,469),(25,1800),(29,3184),(31,851),(44,1349),(54,1735),(75,1140),(87,2419)]	19.043247
110	[(9,3390),(15,3416),(49,4008),(84,2154),(92,3618)]	19.525103
111	[(1,1016),(10,828),(18,452),(22,1122),(23,1601),(27,3842),(53,1263),(63,2459),(65,4738),(68,562),(77,4353),(83,3999),(87,4607)]	19.840942
112	[(0,3968),(2,1586),(16,498),(17,3588),(32,4908),(39,2471),(56,1532),(67,3822),(75,3681)]	22.841753
113	[(11,4295),(16,335),(30,4679),(34,4146),(39,3841),(54,1194),(81,337)]	18.485271
114	[(7,1122),(20,2321),(21,2248),(88,1266)]	18.936341
115	[(18,578),(27,4808),(42,4053),(47,232),(53,275),(58,2244),(59,4649),(69,662),(78,3066)]	19.088977
116	[(9,615),(24,399),(44,4700),(56,1296),(82,259),(86,2124),(88,3456),(92,218)]	18.566814
117	[(7,4382),(13,2747),(15,2811),(21,1797),(24,318),(33,416),(40,1912),(52,2641),(59,3326),(72,182),(87,4663)]	18.703717
118	[(1,1993),(17,4187),(18,15),(31,1573),(34,1620),(40,4422),(60,1197)]	19.261818
119	[(12,4536),(15,4996),(56,2083),(69,1513),(77,3668),(86,4686)]	18.898169
120	[(13,810),(38,3873),(63,507),(70,2096)]	22.195454
121	[(0,4987),(24,3833),(28,2724),(30,4873),(36,1129),(38,1062),(44,4524),(55,3026),(86,2591)]	19.010387
122	[(6,2659),(14,4899),(43,3374),(71,4467),(82,2179),(92,3752)]	18.721977
123	[(21,1962),(54,1125),(62,1187),(75,1180),(79,4582),(86,4657),(87,694)]	18.972192
124	[(10,331),(33,880),(38,2944),(53,21),(73,2455),(83,1227)]	19.111792
125	[(16,339),(20,3209),(32,2451),(38,4038),(54,3921),(81,3608),(90,2731)]	18.999153
126	[(8,1820),(38,3255),(40,4128),(48,452),(60,3148),(70,975),(76,4535)]	18.862487
127	[(9,554),(21,1176),(28,639),(32,4343),(51,482),(63,1834),(67,2838),(89,1932)]	18.692125
128	[(11,5022),(23,16),(25,122),(36,4465),(42,997),(51,2917),(56,3121),(58,2085),(67,2015),(74,3980)]	18.770222
129	[(21,3013),(23,3543),(25,3507),(35,2660),(79,4141)]	18.794624
130	[(19,49),(23,1814),(40,1780),(62,2588),(63,1028),(74,1204),(76,2200),(92,421)]	18.399230
131	[(0,4094),(6,3928),(43,223),(75,1519),(77,3877)]	18.963180
132	[(10,1501),(35,2238),(41,166),(54,3877),(60,686),(61,4062),(64,1632),(67,4748),(77,826),(91,3596)]	18.587793
133	[(19,2518),(28,1312),(31,1002),(47,2180),(52,4912),(54,3389),(56,2513),(79,2917)]	23.883918
134	[(21,3953),(28,4098),(50,4905),(58,4110),(74,4853),(85,4074)]	18.704550
135	[(6,570),(9,200),(16,2435),(20,1139),(32,1922),(43,3157),(58,1774),(61,2925),(62,524)]	18.777358
136	[(18,1049),(23,4147),(31,2067),(38,846),(46,3996),(56,3544),(62,3232),(74,4159),(91,3924)]	18.774719
137	[(17,62),(33,4443),(50,2985),(64,4993),(65,12),(69,341),(78,4615),(90,3202),(91,1259)]	18.582530
138	[(0,1578),(8,2077),(37,1964),(46,929),(51,865),(56,3744),(73,1111)]	18.722895
139	[(0,267),(9,1578),(15,4162),(55,1804),(65,2545),(68,4914)]	19.637956
140	[(19,4647),(24,144),(25,2358),(55,3075),(59,3124),(68,3593)]	18.460383
141	[(13,2070),(28,4671),(32,1843),(41,2477),(52,1073),(80,79),(86,3247),(92,3207)]	18.602196
142	[(7,212),(19,4759),(46,736),(76,2672),(91,683)]	18.455124
143	[(2,1095),(15,4477),(37,793),(46,3863),(49,4091),(50,1756),(85,267)]	18.547369
144	[(51,3849),(56,3446)]	18.581265
145	[(13,3683),(22,1197),(31,208),(43,4012),(52,3957),(58,4612),(59,816),(72,3130),(75,3441),(82,3549),(91,2616)]	21.817041
146	[(2,1246),(3,3098),(33,3170),(34,106),(35,2351),(82,2615)]	34.574295
147	[(1,1796),(23,2351),(53,3420),(57,3972),(59,1822),(66,373),(87,58),(89,1736)]	18.896607
148	[(3,3167),(18,3110),(48,958),(51,3712),(57,2504),(75,3720)]	26.529553
149	[(5,3735),(20,175),(23,1077),(40,2339),(43,2672)]	22.522998
150	[(5,2873),(9,4648),(77,2463),(83,246),(87,1185)]	18.437867
151	[(23,1370),(24,806),(32,3450)]	19.401569
152	[(18,2363),(30,1626),(35,2472),(39,4305),(61,2085),(66,3592),(77,3769),(82,4904),(89,4839)]	19.383082
153	[(6,4799),(10,4380),(20,1404),(32,1255),(49,1197),(56,3676)]	18.786486
154	[(0,289),(14,710),(18,2936),(20,949),(31,480),(49,3175),(52,3879),(71,1835),(85,3649)]	18.839590
155	[(5,1419),(17,115),(40,674),(47,617),(54,1710),(80,3482),(87,3426),(89,4722)]	18.537714
156	[(1,2288),(13,594),(25,1768),(30,3039),(33,1681),(36,1173),(53,1735),(64,908),(69,3642),(83,4391)]	18.639019
157	[(1,950),(6,1249),(44,150),(46,2753),(59,260),(72,4231)]	18.757016
158	[(29,1844),(54,3816),(55,4966),(64,1272),(75,1558),(78,375),(88,1550)]	19.447651
159	[(0,1310),(6,4334),(15,2486),(16,3880),(23,1632),(41,1700),(51,2971),(54,3459),(66,4744),(71,3753),(78,4196),(84,3957),(88,2662)]	18.739319
160	[]	19.141410
161	[(11,2383),(12,857),(17,578),(20,2776),(28,2630),(37,3068),(50,4775),(52,3704),(54,2394),(85,1295)]	18.631959
162	[(11,4760),(18,1231),(21,541),(22,4907),(45,2401),(54,4471),(79,214)]	18.531083
163	[(7,5034),(12,2721),(14,4231),(42,2187),(43,3229),(47,3073),(58,2396),(59,4458),(70,2641),(75,2640)]	21.053200
164	[(7,2566),(13,3213),(28,987),(37,59),(39,1762),(46,22),(51,579),(66,1914),(88,3237)]	18.384479
165	[(0,2983),(18,2777),(25,2863),(27,3576),(35,2728),(50,4269),(63,3453),(67,305),(70,3868)]	18.525204
166	[(1,4724),(4,2654),(5,180),(13,2547),(19,1563),(33,4044),(35,4763),(40,2402),(62,5028),(72,1852),(75,972)]	19.079102
167	[(7,4187),(13,751),(23,18)]	23.880717
168	[(23,4388),(40,4051)]	19.089242
169	[(0,470),(7,2081),(11,4845),(19,1157),(22,3009),(24,2068),(28,1174),(36,4292),(52,1212)]	18.321742
170	[(9,2194),(16,1961),(30,3190),(41,1585),(50,1790),(69,4298),(71,507),(76,873),(85,4183)]	19.443050
171	[(22,4889),(33,2919),(34,4673),(38,1955),(40,4450),(47,1034),(73,243)]	21.735974
172	[(7,4933),(10,2089),(56,3591),(72,64),(82,1122),(92,2944)]	18.290971
173	[(22,4583),(31,1314),(39,1359),(45,2648),(59,1649),(84,863),(91,1156)]	18.781501
174	[(3,2602),(9,1547),(10,199),(19,2296),(24,2765),(60,3584),(72,4949),(79,3399),(85,1428)]	18.858212
175	[(0,1157),(49,3163),(57,2195),(66,2921),(83,2446),(89,4719)]	18.888904
176	[(6,1762),(9,1698),(27,3482),(34,3966),(37,3605),(38,854),(62,3213),(67,2937)]	19.808607
177	[(9,2962),(33,4350),(39,2441),(48,4935),(61,2343),(67,684),(70,3465)]	18.870147
178	[(3,3545),(13,3460),(32,3937)]	19.396935
179	[(3,341),(26,3200),(51,4866),(55,3223),(68,2079),(81,1357),(84,1578)]	18.782523
180	[(25,3597),(44,1887),(46,939),(50,4356),(57,4328),(69,2316),(77,3454),(79,2301),(92,4900)]	18.862127
181	[(7,301),(38,1967),(54,1606),(64,2220),(81,1036)]	18.654028
182	[(26,1881),(74,3894)]	19.005630
183	[(8,3616),(13,1974),(29,2722),(38,1893),(41,4595)]	19.156308
184	[(17,349),(22,2724),(23,2037),(48,2882),(80,4656),(84,1404),(89,843)]	18.396653
185	[(0,3584),(18,2652),(19,4127),(28,1801),(36,1404),(42,3954),(75,834),(84,4292),(88,4131)]	18.744522
186	[(3,3683),(9,264),(37,4017),(59,1195),(71,3628)]	18.686650
187	[(6,3282),(10,1213),(12,2256),(38,1885),(47,4332),(48,3352),(50,1542),(57,1341),(65,1398),(81,2164)]	19.194656
188	[(13,4017),(30,3474),(71,477),(73,1994),(74,4815),(81,1249),(82,1513)]	18.720705
189	[(11,46),(19,913),(44,4101),(51,2501),(52,4034),(54,3236),(55,3621),(58,1742),(64,3616),(67,370),(84,3839),(88,4201)]	18.977252
190	[(1,785),(8,2096),(20,5022),(21,1225),(23,984),(49,1853),(77,555)]	19.073585
191	[(6,4370),(11,2306),(28,1721),(31,2215),(34,1681),(41,3934),(43,1964),(52,4556),(56,249),(68,3950)]	18.626834
192	[(3,4008),(21,2864),(29,1564),(40,1187),(51,1670),(58,3890)]	18.625482
193	[(17,407),(21,4622),(32,3628),(44,1091),(50,1749),(73,4094),(78,4088),(83,830),(92,4633)]	19.721113
194	[(1,2854),(2,4907),(8,153),(9,3177),(18,4310),(22,96),(32,1661),(33,772),(39,3900),(49,2603),(62,4474),(69,2478),(75,3072),(82,3005)]	18.535107
195	[(4,4104),(7,2188),(28,1655),(32,516),(42,3200),(61,3419),(63,2751),(64,3376)]	19.115256
196	[(10,2292),(37,5000),(41,4970),(51,2432),(65,1582),(69,3675),(76,470),(79,3956)]	18.833740
197	[(8,2947),(11,2479),(16,1150),(18,4210),(22,429),(24,1370),(34,1854),(36,2162),(56,241),(87,132)]	18.801583
198	[(26,791),(32,56),(41,601),(48,4645),(49,3407),(51,3856),(55,965),(82,1014),(89,3565),(91,354)]	39.418309
199	[(0,2383),(58,3103),(65,1005),(69,2963)]	30.063774
200	[(45,3731),(55,2343),(68,4810)]	20.170569
201	[(11,3996),(29,4158),(31,2070),(33,3659),(74,947),(78,4959),(81,1477)]	18.586264
202	[(1,5045),(12,2341),(16,4061),(19,1610),(28,604),(34,930),(60,3414),(61,2404),(68,686),(70,3470),(79,2638),(81,2760),(87,4983)]	19.324112
203	[(9,4207),(11,429),(19,2798),(29,3286),(63,1315),(69,492),(86,3407),(88,2188)]	20.095105
204	[(0,2448),(10,1761),(18,3940),(40,279),(82,736)]	25.767936
205	[(0,2659),(8,4988),(22,3014),(53,192),(57,3118),(69,1166),(76,4101),(81,3786)]	19.093236
206	[(13,557),(41,206),(42,3457),(44,259),(62,578),(86,1605),(92,3686)]	20.553781
207	[(8,2868),(21,3477),(53,3665),(84,3204)]	19.091981
208	[(2,4697),(11,4608),(22,2501),(31,3311),(33,1864),(66,4160),(73,4908),(77,1985),(86,4594),(90,1437)]	21.751498
209	[(3,191),(33,1985),(36,5044),(38,3216),(44,2675),(48,3091),(52,1756),(55,1392)]	19.554571
210	[(18,92),(34,4901),(54,4689),(61,530)]	21.118858
211	[(45,206),(59,3198),(77,2406)]	23.009698
212	[(40,1701),(46,834),(56,1240),(59,4306),(76,4150)]	19.967559
213	[(11,570),(21,670),(31,2436),(32,1074),(35,609),(41,467),(43,872),(49,3316),(56,2235),(57,1793),(58,324),(62,4149),(70,733),(74,3759),(83,355),(84,29),(90,3962),(92,497)]	19.897077
214	[(0,2188),(26,3284),(48,257),(51,2657),(70,1155),(77,4075),(83,2375)]	18.560369
215	[(12,757),(26,2951),(30,1502),(55,1811),(71,2970)]	19.154674
216	[(0,77),(11,4964),(14,1366),(15,4450),(25,632),(36,2758),(46,2824),(50,3823),(83,54),(89,3380)]	19.458134
217	[(4,4684),(5,322),(7,3121),(14,1326),(18,2175),(22,1695),(59,249),(65,2931),(83,2567)]	22.121939
218	[(2,99),(28,3577),(30,1721),(42,4718),(58,4037),(83,971)]	19.277967
219	[(4,4957),(9,5046),(17,1482),(24,382),(50,3421),(54,1146),(74,5038),(80,3546),(82,803)]	19.179344
220	[(11,205),(13,2652),(23,2974),(24,2668),(56,1499),(59,3554),(63,1016),(65,2894),(72,1635)]	21.107767
221	[(24,1140),(28,3136),(31,3024),(41,4363),(54,703),(62,432),(78,1663)]	19.573137
222	[(8,820),(14,3637),(39,2654),(40,2533),(42,2368),(43,1930),(51,3287)]	18.662820
223	[(0,3094),(13,2959),(26,2837),(32,1330),(82,1738),(92,4972)]	18.812934
224	[(5,1475),(37,433),(41,1320),(59,158),(65,99),(85,1998)]	18.807078
225	[(6,4112),(14,687),(15,213),(18,2278),(25,3537),(39,1852),(53,837),(57,2162),(68,137),(77,1369),(83,3444),(87,343)]	19.626400
226	[(5,2990),(9,1559),(18,739),(29,2405),(52,4612)]	19.073416
227	[(34,3393),(39,2560),(59,2134),(60,2093),(64,2146)]	18.497382
228	[(0,4110),(10,1086),(21,2837),(27,2610),(39,87),(72,2700),(74,4388),(80,5035)]	19.864748
229	[(1,437),(3,1904),(10,695),(37,3014),(53,2103),(55,3490),(59,4760),(68,4954),(82,3768)]	18.925885
230	[(4,1980),(28,4219),(69,2891),(74,3372)]	18.509615
231	[(0,1437),(5,2995),(17,2315),(46,1156),(48,4917),(50,159),(65,3902),(84,1710),(86,4297)]	18.889863
232	[(35,577),(37,3570),(41,3281),(42,4868),(48,112),(69,3845)]	18.944182
233	[(9,4835),(11,2845),(14,669),(27,5015),(37,671),(53,2849),(75,870)]	21.189355
234	[(1,3911),(7,2870),(18,2079),(20,3567),(35,3204),(57,3981),(73,1193),(79,4339)]	22.326721
235	[(2,2336),(12,2792),(26,1961),(37,2403),(43,2705),(52,4219),(59,1237),(88,23)]	18.742718
236	[(25,4967),(26,1446),(34,457),(45,2140),(69,5028),(80,1684),(81,4534)]	19.087458
237	[(9,3858),(13,1505),(19,3716),(20,757),(75,4850)]	18.365121
238	[(5,148),(6,1645),(17,4375),(38,4151),(68,4813),(73,4774),(75,646),(86,3101)]	18.988205
239	[(21,3796),(36,2751),(38,3227),(57,4527),(66,1746),(67,4971),(83,1942),(85,1439),(86,4222),(89,1442)]	19.567361
240	[(22,3193),(23,4383),(34,1899),(69,4737),(73,2747),(91,689)]	18.981926
241	[(8,1131),(40,4776),(45,2917),(75,4663),(81,2295)]	19.199400
242	[(8,2018),(19,1954),(50,3102),(53,4566),(67,29),(86,3222),(89,2419)]	18.782322
243	[(30,4273)]	18.561470
244	[(7,4613),(10,4462),(14,3199),(23,4582),(25,2633),(57,2868),(60,3537),(73,3087),(88,3426)]	19.376484
245	[(6,2479),(21,3768),(29,293),(44,813),(67,1755),(70,3362)]	18.620710
246	[(0,1013),(1,4248),(23,1063),(35,1361),(48,3217),(60,2729),(75,929),(78,4350)]	18.831424
247	[(2,2420),(11,3510),(32,3797),(62,564),(75,1580),(77,1241),(81,583)]	19.228137
248	[(5,1619),(7,1881),(12,2834),(23,315),(29,2447),(57,2167),(61,3014),(64,3594),(67,2829)]	18.640437
249	[(1,3719),(8,1694),(31,2962),(32,3338),(49,3420),(60,1167),(67,1108),(73,277)]	30.758434
250	[(1,3654),(2,2675),(17,5017),(24,3809),(40,2366),(41,2259),(65,67),(83,277)]	33.818664
251	[(1,3756),(15,4417),(51,1260),(57,4332),(63,4676)]	20.010053
252	[(2,3054),(5,2203),(27,3780),(28,1077),(33,867),(57,1686),(60,740),(67,3723),(71,4863),(74,2762)]	19.228412
253	[(18,1109),(43,3988),(45,2139),(51,4267),(54,1897),(63,186)]	18.850000
254	[(31,4978),(32,2857),(38,1356),(51,4492),(65,3055),(69,3443),(75,3115)]	18.991080
255	[(21,5040),(22,785),(23,1624),(42,136),(46,475),(69,4851),(76,202),(92,4595)]	19.117926
256	[(29,1753),(35,3247),(44,475),(50,2384),(52,2628),(54,1030),(62,2620),(64,2486),(65,3466),(81,681),(88,1986)]	18.797672
257	[(0,2734),(27,4867),(62,1599),(79,367)]	19.904004
258	[(2,2435),(14,2696),(31,3317),(32,521),(33,2130),(44,1657),(57,4053)]	20.014216
259	[(5,3149),(31,3587),(41,4382),(85,1164)]	21.128184
260	[(0,3440),(25,1717),(69,564),(83,4478),(86,2831),(89,703)]	19.378376
261	[(19,2559),(21,4310),(29,3951),(48,785),(55,4447),(69,2409),(81,2574)]	18.493443
262	[(15,1929),(16,4330),(29,3500),(40,820),(79,2674)]	18.612699
263	[(8,3396),(22,928),(24,4178),(56,2291),(60,1142),(63,435),(67,1678),(71,3960),(73,2613),(82,3575),(88,3174),(90,908)]	21.076901
264	[(14,4032),(15,287),(26,1935),(30,4056),(51,3755),(86,898)]	18.784974
265	[(6,1666),(9,2137),(16,2744),(24,3384),(44,3445),(75,2179),(81,2618),(85,86)]	20.297611
266	[(22,328),(25,1922),(44,2167),(71,1750),(88,2360)]	19.163029
267	[(23,3677),(36,3266),(45,4662),(49,747),(54,4995),(60,426),(68,3423),(85,2604),(90,3103)]	18.844839
268	[(17,886),(59,4930)]	19.140494
269	[(35,2117),(37,1230),(46,5029),(55,2012),(59,4756),(85,4354),(90,2422)]	18.631055
270	[(5,1687),(42,2164),(57,3284)]	18.910430
271	[(1,3477),(6,1953),(9,2405),(27,4234),(42,2796),(52,2534),(60,1833),(63,4523),(75,2085),(76,2644),(83,3683)]	22.106375
272	[(2,4257),(20,5012),(25,963),(34,1656),(38,4291),(49,1535)]	19.015803
273	[(11,1092),(14,2645),(52,1333),(81,1800),(88,413)]	19.220187
274	[(20,592),(30,1410),(36,4417),(64,2136),(70,1035)]	19.392157
275	[(7,3889),(28,4016),(41,2241),(68,1037),(74,4909)]	18.793575
276	[(4,2663),(13,739),(23,923)]	19.543128
277	[(23,2523),(36,4746),(37,97),(38,566),(62,1276),(66,5029)]	19.278136
278	[(8,4357),(9,3717),(30,4383),(44,4860),(49,4863),(88,1342),(92,610)]	19.628806
279	[(3,2015),(27,2981),(43,3691),(62,353)]	19.743681
280	[(18,4870),(22,3278),(28,1419),(40,340),(43,2163),(73,4298)]	19.786629
281	[(13,3100),(32,1293),(58,1497),(65,136),(70,1907),(89,3721)]	20.110142
282	[(6,1663),(19,2428),(40,175),(55,4768),(59,4063),(64,3578),(71,2190),(79,2561),(88,815)]	19.359178
283	[(4,2764),(62,4389),(76,3038),(87,1283),(89,1932)]	19.441213
284	[(1,452),(14,3995),(16,4784),(28,946),(29,4538),(40,4155),(43,2392),(46,2322),(58,2285),(59,2396),(60,4458),(67,908),(76,2288),(81,978),(86,1330)]	18.969960
285	[(20,181),(23,310),(48,3928),(53,527),(86,1885),(87,909),(91,4581)]	18.532601
286	[(0,4239),(24,2524),(36,3186),(37,69),(39,4141),(41,2136),(66,2075),(70,3761),(91,3204)]	19.527200
287	[(20,4864),(25,1047),(41,1505),(67,95),(82,390)]	18.806077
288	[(4,38),(8,4204),(12,953),(21,1689),(23,3145),(50,4450),(52,3522),(69,4508),(74,4068)]	18.837882
289	[(27,2544),(30,1331),(31,2209),(48,1924),(55,760),(57,3721),(67,3445),(70,2496),(75,3385),(76,511),(81,2995)]	20.819500
290	[(9,2474),(18,287),(40,4045),(43,1961),(58,585),(80,743),(89,3220)]	23.821507
291	[(13,2231),(14,147),(20,2228),(58,807),(61,2032),(73,4440),(75,2095),(78,1799),(82,3959),(86,1418),(90,3586)]	25.925115
292	[(21,2186),(27,797),(35,1289),(52,2034),(59,3056),(61,2100),(76,1452),(87,2988)]	22.361258
293	[(5,4188),(7,4221),(13,1822),(14,4373),(32,14),(39,2958),(57,2876),(88,1851)]	25.019113
294	[(19,2590),(50,3434),(72,108),(77,1189),(89,3404)]	19.079239
295	[(7,3978),(17,2620),(34,1266),(36,3549),(72,2079),(75,2340)]	20.735650
296	[(46,948),(48,294),(51,1246),(89,4779)]	21.326140
297	[(4,3008),(7,4553),(33,3711),(41,3548),(76,4427),(86,2452)]	20.280349
298	[(20,2999),(39,4516),(60,3110),(62,197),(63,1409),(75,4270),(82,926)]	26.175054
299	[(3,3391),(17,3049),(18,2244),(19,4649),(28,4393),(40,2062),(47,3662),(70,2256),(74,658),(84,4908),(90,3445)]	20.184967
300	[(0,1015),(43,1722),(49,4471),(60,775),(79,880)]	30.442528
301	[(8,4767),(11,1651),(30,2593),(34,61),(46,1009),(56,2674),(58,724),(70,2646),(72,3378),(77,471),(86,2066)]	28.578203
302	[(2,2212),(13,4385),(16,283),(39,4197),(59,2378),(92,4128)]	19.867665
303	[(27,4520),(32,872),(41,2490),(61,1499),(86,1631)]	20.430332
304	[(10,481),(40,4657),(65,2455),(72,979)]	18.968331
305	[(3,1759),(6,59),(24,3595),(26,4423),(35,2572),(39,1709),(49,2285),(50,2885),(58,1369),(62,452),(76,4075),(80,2328),(83,4058)]	18.831558
306	[(6,3910),(8,4199),(13,823),(28,1565),(29,2383),(33,2280),(37,3262),(46,3984),(57,731),(59,4812),(78,1788),(79,4012)]	18.972414
307	[(11,3032),(20,960),(22,1536),(23,3573)]	20.912438
308	[(4,3746),(35,4964),(36,297),(37,4559)]	18.887917
309	[(0,623),(19,1627),(28,4053),(43,1238),(60,1585),(61,3577)]	22.109048
310	[(23,66),(26,2544),(57,2247),(78,3721)]	21.065280
311	[(38,1009),(39,3242),(45,2433),(56,564),(57,3642),(67,2246),(75,3481),(82,4808)]	21.281766
312	[(15,4348),(21,593),(24,4557),(27,4785),(54,2846)]	20.481141
313	[(8,1494),(19,1433),(31,4258),(32,3113),(57,2168),(60,177),(62,3366),(66,711)]	18.549929
314	[(23,4648),(60,2821),(75,3509),(76,3857),(79,763),(82,1279),(83,3278)]	19.157971
315	[(3,3663),(29,2955),(68,2016)]	19.336989
316	[(8,1578),(24,863),(26,3450),(89,2833)]	18.543799
317	[(27,931),(28,1795),(33,4776),(73,3169),(77,3567),(91,3591)]	18.675602
318	[(1,2714),(5,3639),(19,2877),(23,470),(42,607),(69,4922),(75,894)]	18.643707
319	[(1,2215),(4,4527),(14,4176),(19,2813),(22,3123),(25,3815),(30,3955),(48,3907),(50,3115),(80,1124),(81,1098),(89,1068)]	18.774160
320	[(21,4903),(56,3756),(71,3757)]	21.853159
321	[(12,1571),(26,1064),(59,1772),(75,1740),(77,1811),(84,4427)]	18.613829
322	[(14,5022),(32,3125),(71,2383)]	18.726839
323	[(8,2543),(41,330),(53,1168)]	19.209104
324	[(3,4612),(4,816),(7,2208),(12,1429),(18,4696),(20,1260),(39,2103),(41,3490),(56,161)]	18.782994
325	[(8,682),(33,4159),(34,4497),(65,867),(67,1729),(71,1090),(76,2275),(90,2430)]	19.121508
326	[(7,1007),(21,3807),(53,92),(58,2827)]	18.589819
327	[(1,2664),(25,2724),(36,3299),(39,952),(46,2930),(53,522),(56,2605),(60,4283),(62,4999),(67,3484),(86,3328)]	18.707568
328	[(8,4116),(17,129),(24,1757),(37,3485),(45,422),(46,3931),(52,442),(69,2157),(79,1512),(82,272),(84,4854)]	18.990016
329	[(15,362),(19,4013),(39,3200),(49,2228),(68,3045),(71,553),(82,2147)]	18.777550
330	[(23,3044),(55,1388),(73,2207),(83,75),(86,72),(87,4970),(89,1623)]	18.788974
331	[(36,1575),(38,3148),(42,2234),(44,4688),(57,1072),(61,2638),(87,2750)]	18.870140
332	[(1,379),(3,4798),(5,2416),(15,4297),(37,3336),(45,2053),(48,4744),(54,1941),(64,4200),(74,3373),(91,1503)]	21.024623
333	[(12,1952),(43,4390),(61,1621),(68,2255),(76,3266)]	19.455458
334	[(7,3619),(8,4912),(35,2496),(44,3141),(90,2723)]	18.969123
335	[(2,1368),(29,3461),(30,3480),(36,2056),(39,4661)]	18.732759
336	[(5,1890),(6,4613),(9,4482),(46,2590),(73,3653),(86,3833),(91,2224)]	18.873780
337	[(37,4440),(46,2888),(53,3107),(62,2026),(67,2360),(75,1476),(90,4350)]	18.727936
338	[(11,1582),(35,1736),(39,2960),(48,557),(49,3249),(51,2954),(56,39),(58,2405),(67,581),(71,2703),(74,1989),(77,834),(81,3521),(88,1800)]	19.308418
339	[(3,2757),(17,3594),(19,2370),(27,3323),(39,1791),(45,1864),(54,3132),(57,2971),(66,327),(71,479),(84,1182)]	19.309084
340	[(5,4728),(11,22),(21,4824),(49,277),(50,4297),(51,2152),(74,1864),(77,4141)]	18.978959
341	[(18,3482),(35,158),(59,2123),(62,1342),(71,23),(78,3556),(87,2932)]	19.053681
342	[(5,3057),(22,3945),(35,4966),(38,1678),(55,1101),(79,3792),(82,946),(92,3988)]	18.912611
343	[(5,4562),(36,2163),(82,1495),(87,3892)]	19.202909
344	[(6,3866),(11,4996),(19,414),(40,1753),(42,1972),(44,662),(47,4067),(49,1908),(56,1152),(80,4300)]	18.754131
345	[(5,677),(17,993),(23,236),(33,775),(38,899),(51,4369),(53,4493),(54,2060),(62,3903),(70,2389)]	18.703284
346	[(17,116),(18,1704),(19,3126),(39,1534),(68,141),(70,4996),(74,4433),(85,4052)]	19.086313
347	[(5,503),(11,4068),(20,4688),(26,2691),(42,645),(53,527),(54,3264),(61,2360),(69,4878),(76,105),(80,4084),(88,2825)]	18.848520
348	[(20,747),(32,194),(34,556),(75,4840)]	23.785115
349	[(73,2802)]	22.756564
350	[(26,1775),(32,453),(34,2110),(38,3101),(75,4351),(84,1863),(91,2253)]	18.951739
351	[(1,3082),(16,114),(18,2158),(22,1508),(25,2367),(36,3074),(61,3627),(78,4394),(87,1280),(88,4692)]	19.682929
352	[(2,1814),(13,4517),(41,3037),(89,681)]	23.712347
353	[(29,3309),(50,2965),(75,2628),(76,3886),(84,3283),(92,855)]	34.789300
354	[(1,446),(3,18),(13,2679),(23,503),(26,1098),(33,2732),(67,3073),(78,1135),(89,4504)]	18.735126
355	[(22,3025),(60,1298),(76,2688),(79,3355)]	18.661820
356	[(12,489),(19,195),(32,4571),(61,1512),(69,59),(76,3382)]	18.534402
357	[(1,3016),(29,2567),(68,1333),(72,4818),(83,3623)]	19.019987
358	[(0,2031),(4,311),(32,4034),(46,400),(49,1952),(54,4340),(70,3242),(74,629)]	18.682621
359	[(0,4555),(14,3470),(24,4585),(51,3199),(80,3575),(81,2130),(84,1568)]	18.988663
360	[(1,3961),(12,996),(19,3234),(25,479),(32,1686),(45,1631),(51,4896),(55,2590),(61,2064),(74,1745),(90,2182)]	18.628762
361	[(18,3072),(37,3073),(57,788),(65,2772),(75,2647),(81,4418),(89,4967)]	18.472650
362	[(1,3018),(15,1320),(34,3262),(50,4169),(55,2181)]	21.041201
363	[(6,1229),(7,3502),(19,4358),(28,4446),(33,3944),(37,3556),(41,1798),(65,3791),(67,1406),(77,4456),(88,2953)]	20.869213
364	[(19,586),(22,926),(24,1729),(31,4965),(41,2066),(59,2065),(79,1250),(90,2166)]	20.283229
365	[(2,1987),(5,3136),(8,3024),(23,4854),(49,5009),(78,1886),(81,3762),(90,1098)]	19.493778
366	[(30,65),(42,1381),(45,4421),(53,2628),(54,3886),(58,3601),(85,2907)]	18.900507
367	[(7,4210),(16,1404),(23,724),(38,2171),(57,1455),(60,2883),(63,3059),(75,3368),(79,2748),(83,4859)]	18.569332
368	[(20,1279),(41,1468),(43,1487),(75,2436),(81,3405),(92,3785)]	19.591161
369	[(12,4804),(31,749),(35,66),(36,1689),(75,4466),(77,642),(79,2419)]	18.799159
370	[(4,825),(7,3013),(9,4556),(15,1240),(18,1773),(32,3443),(41,756),(45,1231),(51,3527),(61,629),(63,258),(81,4647)]	19.603827
371	[(0,3246),(15,2213),(39,1148),(43,784),(45,3142),(57,2223),(65,756),(80,1085),(81,378),(84,1156),(87,1446)]	23.008649
372	[(18,4778),(22,3182),(30,2842),(47,607),(56,4658),(69,4849),(88,414),(91,3444)]	19.265574
373	[(21,2696),(28,1808),(35,3377),(43,376),(50,4915),(51,4510),(55,3596)]	19.592126
374	[(12,115),(23,4101),(51,4971),(65,3249),(71,2376),(90,903)]	18.964833
375	[(0,4427),(15,2133),(36,4668),(64,2566),(75,1127)]	20.104555
376	[(8,597),(50,2175),(55,1725),(56,3065),(58,2976),(66,3621),(82,2366),(83,2259)]	18.574439
377	[(18,1069),(23,4362),(41,275),(51,757),(52,1494),(59,3979),(69,4362),(73,2608)]	18.835090
378	[(10,4003),(52,642)]	19.204444
379	[(0,4568),(17,4379),(54,543),(56,1058),(79,4370),(92,3470)]	18.706264
380	[(5,886),(17,1648),(32,1319),(37,490),(45,4861),(50,4236),(57,457),(71,214),(76,4548),(84,1599)]	18.803370
381	[(14,2086),(16,650),(50,4118)]	18.445093
382	[(0,2253),(7,2185),(29,849),(39,396),(58,3763)]	19.599360
383	[(10,3852),(63,4507),(81,2472),(85,4305)]	18.553596
384	[(15,269),(25,710),(30,3306),(35,1347),(38,3141),(40,3658),(50,3222),(55,2702),(83,4550),(87,192),(92,3175)]	19.343393
385	[(13,1396),(22,3414),(35,1996),(45,1340)]	19.420598
386	[(1,4323),(10,3585),(11,1957),(25,355),(26,29),(43,4789),(75,4360),(76,1316),(81,1604),(88,3468),(92,1421)]	18.880997
387	[(15,2116),(29,4472),(35,3421),(45,2327),(46,2217),(77,3263),(85,4061),(89,645)]	18.686489
388	[(18,1350),(29,497),(43,2705),(45,775),(72,4436),(75,797),(79,2376)]	18.393365
389	[(3,5039),(5,3009),(44,2430),(47,4422),(78,3753)]	20.368731
390	[(9,257),(16,880),(18,4311),(30,2680),(32,1557),(40,1503),(42,377),(45,3031),(46,4324),(54,1566),(63,4252),(77,2536),(89,4586),(92,4967)]	18.569234
391	[(0,48),(9,3198),(24,5033),(31,676),(32,1317),(38,3406),(40,4630),(59,2366),(60,2259)]	19.162512
392	[(33,2302),(34,4255),(40,1960),(45,1735),(49,4844),(71,645)]	18.677336
393	[(13,2573),(17,1164),(23,3912),(46,3937),(47,2706),(52,2388),(77,45)]	18.511666
394	[(5,2701),(15,936),(35,1878),(44,129),(49,2169),(56,277),(57,4297),(58,2152),(69,4904),(71,4015),(72,3032),(81,3071),(84,3973)]	19.141090
395	[(18,1600),(21,361),(23,4896),(34,2336),(36,1290),(40,244),(54,3434),(60,1325)]	19.149299
396	[(7,4694),(22,712),(26,4833),(33,1318),(55,4685),(67,1912),(83,1111)]	18.886085
397	[(1,526),(3,2330),(13,358),(24,3179),(86,1419)]	19.029861
398	[(25,4316),(32,3430),(38,3182),(46,1271),(64,4098)]	20.060858
399	[(1,4140),(13,439),(15,2214),(20,1720),(26,3374),(29,3676),(33,2285),(68,1057),(82,2630)]	27.169725
400	[(14,2880),(16,4788),(43,3726),(49,313),(56,4637),(64,2083),(76,1871),(79,1463)]	20.368000
401	[(5,4151),(8,1574),(9,3938),(53,346),(71,3285),(86,4991)]	20.182071
402	[(1,3134),(41,3901),(46,3965),(50,4990),(53,4362),(56,4706),(60,4325),(64,989),(68,1429),(77,2552),(80,4343)]	18.549127
403	[(4,3388),(5,5029),(11,2693),(12,567),(15,4041),(42,4361),(46,2308),(50,4025),(56,5026),(63,2819),(77,2135)]	19.132416
404	[(8,1937),(21,735),(24,4132),(44,278)]	21.018485
405	[(2,2546),(3,1772),(23,4490),(31,368),(41,4113),(53,1222),(65,4426),(73,4057)]	36.334192
406	[(10,5026),(38,3729),(48,1824),(59,2343),(60,1517),(68,2530),(72,3249),(75,649)]	21.862041
407	[(5,3591),(9,2494),(28,3196),(38,710),(47,3753),(60,2726),(63,1021)]	18.920941
408	[(12,3024),(16,450),(25,2888),(27,1625),(29,3486),(65,3004),(87,341)]	19.103866
409	[(4,1559),(58,3793),(61,396),(76,4727),(87,4548),(90,2763)]	20.057716
410	[(5,2868),(11,4618),(12,2364),(25,3162),(60,63)]	20.454368
411	[(1,606),(31,2628),(32,3886),(40,1422),(56,593),(70,1063),(71,552),(75,2304),(77,2417)]	22.175854
412	[(4,1505),(7,3390),(24,1564),(40,2867),(44,4378),(49,4114),(75,4630)]	19.921923
413	[(12,1131),(23,3500),(26,4112),(50,442),(67,3969),(68,2520),(77,593),(92,4314)]	20.820105
414	[(24,3567),(29,2606),(53,2682),(58,2715),(64,4587),(74,130),(77,4952)]	19.467842
415	[(1,1403),(22,3209),(39,1189),(41,2641),(46,4987),(57,3690),(64,2018),(74,4171)]	18.852910
416	[(2,1586),(10,2923),(53,4085),(55,3475),(60,1802),(85,4520)]	20.909026
417	[(5,3317),(6,521),(17,877),(19,2218),(28,2301),(36,4549),(49,3449),(53,4564),(65,953),(67,3784),(84,82)]	21.739583
418	[(3,1857),(18,3038),(26,1240),(38,584),(65,2392),(75,4453),(79,1138),(84,1015)]	18.616641
419	[(5,2894),(9,760),(17,122),(26,4144),(49,3970),(53,3592),(64,3876)]	20.344318
420	[(1,2128),(38,305),(89,1056)]	19.085095
421	[(19,1033),(21,2991),(23,3870),(37,2324),(88,693)]	21.805249
422	[(5,849),(8,1893),(24,929),(35,3012),(44,2744),(71,2970),(75,1018),(89,4576),(91,2877)]	19.008450
423	[(9,531),(10,5040),(11,785),(15,1976),(44,4390),(53,3544),(62,1791),(71,4741),(76,895),(82,1559)]	19.261161
424	[(31,3774),(35,3713),(41,132),(47,4713),(52,4604),(53,3573),(71,3847),(83,847),(88,4227)]	18.815904
425	[(2,3520),(20,121),(29,2889),(36,2222),(38,4160),(40,947),(48,3142),(58,2205),(79,3900),(83,1267)]	18.782903
426	[(5,1408),(9,349),(46,4407),(61,4712),(78,3981),(88,1827)]	19.245234
427	[(1,3385),(12,4293),(50,2544)]	19.717470
428	[(3,2195),(4,4232),(8,4607),(15,45),(26,207),(30,4085),(47,4806),(64,763),(68,1548),(70,4882),(73,3123)]	19.536455
429	[(1,4679),(4,1188),(13,1433),(21,1726),(23,3016),(27,1666),(47,539),(54,4286),(64,1241),(69,4456),(70,4795)]	19.317178
430	[(6,679),(8,2271),(31,3793),(54,4698),(57,4490),(61,1267)]	18.937656
431	[(7,3788),(12,4645),(43,1002),(65,610)]	18.783113
432	[(0,2321),(1,2560),(10,4192),(15,3335),(23,791),(26,1978),(32,1963),(34,2956),(52,1659),(54,3773),(56,267),(66,4983),(69,4988),(81,3851)]	22.931674
433	[(0,1296),(49,1457),(84,738),(85,2160)]	20.176844
434	[(4,4172),(48,3015),(64,3313),(87,3807)]	18.534611
435	[(19,4936),(33,572),(45,69),(56,234),(75,1782),(78,2627),(83,930)]	19.545579
436	[(22,3490),(32,3890),(41,4530),(49,1264),(56,3684),(65,1355),(89,3425)]	19.136424
437	[(2,3913),(16,4182),(49,491),(55,3496),(57,4631),(63,914),(71,1457)]	18.892502
438	[(0,4140),(7,664),(8,884),(20,1924),(62,3224),(74,3329),(80,4689)]	19.637480
439	[(22,2845),(53,4821),(58,4633),(72,2801),(73,1653),(90,366),(92,1948)]	19.209991
440	[(8,3725),(16,918),(36,2459),(61,2277),(68,4431),(79,4864),(81,4708),(90,4339)]	18.813510
441	[(31,821),(47,1893),(57,2333),(88,1849)]	18.626587
442	[(38,269),(81,3805),(86,4156)]	19.349573
443	[(9,2964),(11,4643),(15,1990),(17,4384),(19,3491),(41,1773),(44,4812),(52,2342),(54,283),(62,4481),(67,2692),(72,1870),(76,4145),(91,4079)]	18.797130
444	[(12,3395),(19,2894),(29,3749),(46,743),(52,2314)]	18.920945
445	[(3,4715),(30,3374),(40,4518),(53,3139),(82,2222),(84,580)]	21.454319
446	[(7,2380),(10,875),(12,3900),(18,3341),(21,3426),(26,4201),(42,2555),(48,280),(51,3264),(84,1811),(91,1026),(92,2495)]	19.937959
447	[(21,105),(25,4833),(41,1958),(74,4552),(80,1781)]	19.895924
448	[(8,1322),(29,1413),(30,3542),(31,1250),(34,3830),(42,2825),(54,2441),(59,2596),(67,3164),(74,3703),(90,939)]	23.676823
449	[(24,2554),(48,406)]	22.005247
450	[(26,2303),(41,4715),(83,1022),(84,2050)]	18.745896
451	[(0,1700),(2,2739),(35,954),(41,1802),(66,2355),(69,4141),(78,953),(80,3784),(90,3970)]	18.717311
452	[(0,4652),(9,92),(17,422),(56,1518)]	20.169844
453	[(12,4257),(13,2619),(17,1388),(23,583),(40,3123),(45,3988),(52,2888),(54,1625)]	19.567348
454	[(8,865),(10,4807),(20,1452),(31,1378),(34,596),(42,2716),(54,931),(69,320),(78,4227),(82,4791),(90,4245)]	18.731864
455	[(23,964),(26,4591),(41,4864),(43,4708),(45,55),(53,1468),(58,4981),(61,1325),(74,398)]	19.345022
456	[(5,2500),(22,87),(42,2334),(48,2760),(76,2240),(86,1157)]	24.885816
457	[(8,99),(15,1481),(19,1616),(91,4558)]	32.529539
458	[(13,2948),(29,1984),(37,2260),(39,4974),(44,4585),(48,2400),(91,2115)]	19.147638
459	[(6,731),(10,2352),(12,3051),(23,2435),(42,1491)]	19.317195
460	[(2,4322),(17,3174),(30,1515),(51,1696),(70,118),(78,1321),(79,2542)]	19.198413
461	[(23,512),(39,4476),(54,291),(55,870)]	18.665502
462	[(13,2062),(52,4665),(66,3800),(79,113),(88,2876),(90,993)]	18.632604
463	[(3,4464),(10,1812),(18,1777),(26,2518),(34,2272),(46,1407),(59,3505),(78,1307),(88,4065)]	21.043684
464	[(0,4186),(8,811),(25,491),(29,2487),(40,4369),(45,4870),(57,3420),(83,1308),(88,2568)]	19.443568
465	[(0,1928),(4,4575),(6,4891),(9,3856),(25,577),(26,3752),(38,79),(40,3340),(50,679),(55,3180),(64,4618),(65,2364),(70,2445),(89,644)]	18.639637
466	[(5,4871),(9,4205),(19,948),(30,4990),(41,3875),(47,2172),(65,2461)]	18.767011
467	[(6,3586),(10,3394),(44,2085),(55,1578),(59,1689),(66,816),(84,557),(90,2266),(92,4409)]	18.992193
468	[(2,2879),(17,1178),(21,2989),(24,4309),(35,1499),(85,4925)]	19.340652
469	[(6,906),(15,704),(20,3747),(37,4464),(48,4336),(52,3287),(63,3475),(84,1073)]	18.848996
470	[(2,1388),(4,1885),(11,1437),(31,392),(35,26),(60,2854),(71,4001),(77,540)]	19.068734
471	[(32,1527),(38,3201),(48,3082),(62,3054),(64,1155),(72,3813),(74,1575),(84,3627),(90,4120)]	21.728262
472	[(8,3279),(12,695),(26,2402),(27,1117),(39,422),(56,2747),(76,1350),(78,400)]	19.214901
473	[(1,4696),(16,1662),(17,1667),(20,2311),(22,710),(40,3079),(68,4322),(82,316),(92,1946)]	18.893277
474	[(4,1668),(6,4486),(13,4729),(23,813),(36,3498),(43,4855),(48,3195),(57,4782),(85,3981)]	18.801783
475	[(2,2807),(18,1609),(22,3011),(25,2600),(26,2783),(29,5014),(51,1066),(54,1748),(69,1736),(86,4035)]	18.899046
476	[(5,518),(25,1468),(28,4318),(33,1937),(36,1600),(66,2594),(67,4228),(81,3449)]	22.318145
477	[(3,1855),(8,1986),(17,406),(28,4783),(48,2054),(59,2528),(73,213),(91,4009)]	19.133499
478	[(6,2840),(17,157),(39,2315),(40,3365),(43,5045),(68,4176),(84,4703),(88,4251)]	20.173453
479	[(6,4610),(42,377),(50,4658),(57,4754),(66,4136),(77,2041)]	23.292796
480	[(13,323),(15,4418),(48,2314),(57,4620),(73,3217),(76,3707)]	20.925070
481	[(3,1615),(5,3925),(18,4825),(39,1778),(68,3030),(69,2359),(75,1654)]	19.749947
482	[(0,3271),(7,127),(12,4001),(24,2546),(29,3380),(54,2707),(58,428),(77,1541)]	19.863841
483	[(20,638),(21,222),(47,4996),(61,4716),(68,3666),(73,1783),(74,625),(83,2284),(86,3003)]	18.613378
484	[(10,762),(17,2875),(34,1123),(69,511),(71,2130),(73,240),(82,409),(86,3393)]	18.667697
485	[(8,916),(54,470),(85,1777),(87,2398)]	18.714238
486	[(2,642),(32,4310),(36,2857),(48,3575),(49,2130),(50,3141),(55,843),(56,2571),(61,1996),(68,1923),(84,2026)]	18.730570
487	[(15,3158),(47,16),(58,599),(88,2967)]	18.525076
488	[(21,1017),(33,1671),(46,2681),(52,1815),(62,782),(66,2296),(92,3050)]	19.837679
489	[(6,1283),(33,614),(38,705)]	18.930932
490	[(22,4067),(50,2632),(67,2260),(85,2840)]	18.679981
491	[(4,1124),(8,2450),(14,4049),(24,814),(28,1120),(42,4180),(86,4920)]	19.754402
492	[(12,3795),(29,3638),(64,2326),(83,4848),(88,2809)]	18.367601
493	[(1,1790),(8,4965),(26,383),(33,869),(51,3202),(52,1259),(85,1628),(89,2236)]	18.622362
494	[(18,258),(35,3460),(37,2911),(54,1251),(59,1820),(74,673),(89,4682)]	18.927385
495	[(10,3096),(18,113),(49,1383),(61,56),(74,3585)]	22.291044
496	[(19,3755),(38,2699),(43,1746),(47,2974),(48,2668),(50,1911),(74,164),(78,529),(79,4757),(80,1385),(81,43)]	19.575202
497	[(4,2615),(6,1556),(8,1329),(62,416)]	19.101907
498	[(4,368),(21,130),(25,220),(36,258),(56,3721),(87,2770)]	23.803465
499	[(55,4904),(57,4001),(63,3895),(67,1046),(77,1712),(78,2425),(84,3447)]	22.999027
500	[(2,4715),(9,3548),(34,3002),(49,4516),(51,1815),(56,5022),(57,1286),(74,1217),(87,2717)]	19.653031
501	[(16,304),(23,2476),(34,2917),(61,205),(74,1189),(83,2387)]	22.221307
502	[(10,1637),(29,2477),(48,3995),(54,289),(61,4007),(77,1234),(87,2097)]	19.578472
503	[(22,2991),(24,3870),(66,1165),(73,4779),(89,2074)]	20.519934
504	[(6,1245),(10,2655),(19,29),(23,2742),(28,2666),(44,1373),(49,718),(69,2274),(77,3745),(82,1707)]	19.635652
505	[(12,3815),(14,1353),(15,4305),(20,4151),(32,2975),(33,2076),(35,3832),(43,1970),(44,2969),(48,1680),(69,411),(73,420),(85,4310)]	18.667604
506	[(11,3970),(22,3908),(27,4482),(29,1796),(42,4345),(44,252),(46,1939),(88,329)]	18.808942
507	[(3,2950),(16,3628),(32,102),(45,557),(61,1056),(74,490),(81,4877)]	18.531958
508	[(29,4264),(53,875),(57,3373),(61,2188),(77,4600),(80,1359),(89,2139)]	30.802060
509	[(16,3710),(27,4304),(31,1840),(37,4585),(61,1340),(65,1819),(68,5043),(77,2638),(84,1547)]	28.967804
510	[(6,4498),(28,522),(56,4337),(64,4423),(68,2294),(71,4121),(77,220),(92,2019)]	19.639397
511	[(0,1432),(14,560),(24,4133),(40,3939),(42,2365),(59,1574),(78,4780),(81,4043)]	22.211306
512	[(20,1230),(56,2513),(63,3193),(66,3680),(74,2389),(88,3209)]	21.989749
513	[(12,593),(44,2027),(76,3928)]	19.463248
514	[(9,4414),(18,1911),(25,1745),(29,4054),(55,3782),(90,4284)]	19.071813
515	[(6,1787),(9,2852),(20,4008),(26,1330),(31,2564),(46,3976)]	18.901962
516	[(6,5007),(10,3579),(13,2252),(14,395),(26,917),(34,112),(43,340),(46,4701),(49,2293)]	19.484202
517	[(21,4612),(28,3768),(68,2252),(69,395),(72,755),(75,3020),(85,280)]	18.932257
518	[(28,2457),(31,4183),(41,4725),(65,1447),(90,2750)]	19.096098
519	[(91,922)]	19.006144
520	[(19,3350),(26,2957),(28,3704),(65,1256),(72,3458),(76,4245),(87,1160)]	18.895781
521	[(4,694),(6,3216),(15,3548),(44,4156),(70,4652),(84,876)]	22.013245
522	[(10,3655),(21,4482),(25,4341),(31,3228),(36,793),(41,587),(43,4296),(50,3984),(63,192),(75,4453),(81,4551)]	18.939252
523	[(6,3393),(18,4501),(22,1066),(27,863),(74,2770),(85,2261)]	18.638961
524	[(0,664),(12,2638),(26,3920),(29,630),(45,3832),(63,3144),(85,1386)]	19.048369
525	[(0,3339),(13,2997),(27,4080),(64,3790),(66,1242),(68,508),(69,4852)]	19.425034
526	[(0,929),(21,4870),(24,2619),(30,2155),(43,2296),(63,3363),(76,670),(83,2423)]	18.750740
527	[(13,1402),(29,4806),(52,1174),(56,2768),(72,1618),(81,2173)]	18.861768
528	[(27,1060),(40,2087),(51,4639),(52,1496),(58,4617),(76,3278),(78,1368),(84,3989),(86,4426)]	19.720474
529	[(17,3524),(18,2595),(44,3559),(57,3471),(77,4635),(85,3222)]	18.822337
530	[(3,1797),(7,2729),(15,2291),(45,1152),(49,3525),(57,1001),(58,1887),(60,2646),(90,2023)]	18.580974
531	[(11,4959),(20,4253),(21,4787),(33,3975),(39,567),(42,4198),(55,3271),(71,2923),(72,4350),(74,1283),(84,744)]	18.846834
532	[(11,3866),(22,1317),(27,350),(31,2325),(56,463),(64,3816)]	21.369916
533	[(1,2008),(3,3812),(10,1912),(16,1506),(23,1625),(34,3142),(71,4248)]	18.807886
534	[(10,4231),(26,5003),(43,4589),(55,2206),(58,1910)]	19.014780
535	[(26,1005),(28,3197),(75,3725),(77,2950),(91,370)]	18.893081
536	[(10,633),(39,4615),(54,686),(58,2821),(72,2212),(77,3039),(86,2569)]	18.803199
537	[(6,3484),(17,2888),(30,4568),(46,104),(55,4307),(57,126),(60,1684),(92,1394)]	18.961950
538	[(26,3385),(27,511),(40,463),(81,3175)]	19.832674
539	[(15,4181),(17,3964),(22,2446),(31,113),(34,4130),(39,1973),(52,1620),(56,1462),(57,380),(58,349),(74,1805),(88,1114),(90,2213)]	29.468471
540	[(0,125),(11,4050),(22,2135),(65,761),(76,363)]	19.117317
541	[(1,2956),(23,2423),(26,4285),(47,149),(88,4731)]	19.756365
542	[(0,3663),(2,2118),(43,2853),(50,3826),(51,4584),(82,2545),(86,716),(89,2256)]	19.134879
543	[(11,2301),(31,4428),(38,3767),(43,2255),(47,3008),(64,3357),(72,4552),(80,1079)]	19.987423
544	[(9,2046),(16,3007),(44,4244),(49,67),(73,3037),(87,476),(89,805)]	19.367778
545	[(2,440),(30,1492),(47,3111),(66,2191),(91,809)]	19.586409
546	[(1,4559),(10,254),(24,305),(33,2891),(48,2659),(53,3154),(62,4794),(86,603)]	19.006069
547	[(15,4939),(16,1029),(19,3471),(28,3201),(30,2332),(44,3581),(54,1108),(56,2686),(63,2375),(69,3448),(89,3054),(91,247)]	32.007549
548	[(9,3217),(20,1189),(25,1860),(35,177),(38,2725),(41,186),(64,3277),(76,2323),(80,1904),(88,2110)]	22.489998
549	[(22,4401),(25,3612),(47,385),(53,2655),(56,2853)]	20.245679
550	[(4,110),(35,4274),(50,1421),(90,3367)]	19.529954
551	[(13,2650),(31,716),(33,93),(57,2981),(61,297),(75,2365),(81,1600),(85,2604)]	18.987994
552	[(1,4304),(21,4393),(28,3559),(33,4805),(52,1632),(84,507),(89,2760)]	19.101639
553	[(1,3762),(3,2831),(61,362),(69,1284),(89,4181),(91,3964)]	19.191551
554	[(14,4926),(15,803),(17,3000),(23,1666),(24,4137),(31,3324),(32,3440),(37,3224),(48,2384),(63,40),(68,4782),(82,3473),(85,883)]	18.792754
555	[(6,1901),(11,210),(22,2852),(30,3619),(31,4912),(36,1551),(42,3766),(53,3106),(72,3190),(76,5023),(86,4656),(92,1336)]	26.167085
556	[(12,2898),(15,4415),(23,103),(28,1376),(39,1309),(52,3208),(64,497),(68,4461),(78,1814)]	41.825815
557	[(12,700),(16,2045),(20,1525),(27,1258),(31,2974),(36,2450),(38,4306),(47,1692),(57,900),(58,354),(73,4443)]	24.308982
558	[(9,1907),(57,499),(62,4285)]	48.921139
559	[(37,3122),(51,1067),(63,1577),(75,2919),(89,410),(92,1471)]	41.226146
560	[(33,2814),(38,2641),(50,3296),(55,4406),(84,190)]	38.687005
561	[(0,4871),(7,441),(11,4966),(26,25),(40,4759),(42,2522),(48,2400),(60,979),(88,4782)]	58.643890
562	[(32,4523),(35,1101),(46,2312),(68,4600),(89,4395)]	41.348856
563	[(17,2893),(21,1387),(29,2094),(32,1740),(42,373),(48,4589),(50,1930),(55,2722)]	40.936088
564	[(11,4410),(26,4509),(58,304),(70,1553),(72,1402)]	37.711989
565	[(32,2412),(33,2983),(60,4225),(66,3811),(70,4936),(79,3415),(87,713)]	40.689757
566	[(17,1699),(22,2776),(29,831),(43,663),(63,1709)]	75.103840
567	[(7,4614),(26,4531),(62,3734),(85,2127),(87,4025)]	46.643543
568	[(28,2393),(62,2475)]	38.989277
569	[(20,240),(21,4386),(29,1351),(43,4568),(58,2512),(62,4592)]	38.825477
570	[(7,773),(44,1042),(82,4553),(89,699)]	87.797920
571	[(10,2758),(13,2532),(16,724),(37,3118),(45,382),(66,1300),(84,4782)]	59.575469
572	[(12,3377),(17,3805),(19,550),(46,1471),(57,1470),(64,4156),(80,81),(90,3697)]	40.572739
573	[(39,3292),(73,1007)]	40.835189
574	[(11,1464),(19,4323),(29,1788),(30,4012),(38,4874),(41,4201),(51,1288),(55,1260),(61,2238),(75,2333)]	38.244960
575	[(4,1960),(12,2064),(16,2442),(33,654),(56,1866),(76,2854),(83,1221),(84,3533),(88,1618)]	40.347015
576	[(2,3872),(20,133),(47,1756),(52,2051),(57,194),(63,4888),(65,2610),(91,3891)]	38.271983
577	[(2,4237),(22,3518),(38,4930)]	38.701646
578	[(20,1168),(21,3107),(30,454),(37,1318),(79,1519),(81,2363)]	38.293121
579	[(3,328),(8,1770),(37,3393),(43,3616),(53,1455),(63,3745),(72,1453)]	38.656318
580	[(3,3237),(17,4565),(31,4436),(34,2394),(59,2965),(66,3723),(75,4200),(76,4364),(82,1036),(88,4780)]	39.003804
581	[(45,4498),(55,1697),(62,3409)]	47.637923
582	[(12,4221),(23,685),(51,836)]	35.692226
583	[(27,4896),(48,34),(75,3404),(83,1147)]	36.217859
584	[(3,894),(12,217),(23,3995),(25,94),(41,2548),(44,531),(55,1820),(68,4700)]	36.581540
585	[(24,2008),(26,3879),(30,1390),(33,348),(34,3063),(63,3326)]	36.934322
586	[(2,3009),(9,4634),(20,2656),(24,1001),(34,3898),(37,137),(46,2788),(50,2724),(56,4743),(57,515),(66,4230),(71,3592),(80,1991),(85,3668)]	38.082477
587	[(4,1092),(5,3101),(23,2490),(28,812),(34,2700),(36,4594),(39,1469),(53,829),(59,2030),(67,387)]	36.052676
588	[(11,3129),(16,2253),(22,4039),(24,1138),(29,2500),(63,396)]	36.112750
589	[(2,1101),(3,4371),(20,3108),(33,908),(41,483),(57,4738),(63,3922),(64,2279),(87,1840)]	37.678217
590	[(23,1394),(44,3508),(74,2206),(80,4221),(87,2587),(89,1213)]	35.828113
591	[(0,3110),(7,2291),(13,2144),(19,2420),(24,1696),(26,2091),(29,4995),(32,3497),(50,788),(52,494),(66,3037)]	36.070796
592	[(7,2174),(16,3599),(26,4971),(37,4714),(40,4176),(46,2521),(56,3951),(64,4728),(89,1988)]	36.029270
593	[(84,3164)]	36.561332
594	[(6,4507),(9,1933),(27,3532),(40,2653),(46,2465),(48,1628),(54,214),(58,1323),(68,2985),(73,2891)]	37.965989
595	[(7,1765),(13,708),(21,3285),(33,2786),(45,2622),(46,2688),(47,2080)]	37.705188
596	[(1,3440),(3,3405),(20,3564),(23,426),(25,2622),(42,3084),(51,3343),(63,3090),(78,3215),(79,3297)]	39.801016
597	[(11,727),(48,661),(73,2240),(86,1008),(87,3854)]	40.515703
598	[(9,2430),(15,2318),(28,3664),(29,1144),(32,3700),(70,2834),(82,3677),(85,3500)]	36.414071
599	[(2,3601),(11,1379),(21,5043),(43,3091),(56,1919)]	40.044822
600	[(11,1005),(53,2915),(69,1808),(79,1599),(89,2273)]	41.774827
601	[(4,1216),(23,1763),(41,2684),(68,4895),(71,1531),(73,288),(75,4723),(81,4870),(87,3212)]	41.512273
602	[(3,1264),(23,237),(33,1914),(56,1619),(60,1638),(65,4481),(70,4444),(72,2817),(91,2422)]	37.874009
603	[(11,3242),(29,4768),(33,2997),(34,4021),(50,299),(53,4320),(57,2145),(61,2320),(63,3719),(68,2367),(73,2725),(81,616),(92,4584)]	37.269921
604	[(43,2111),(65,1346),(81,1987),(88,1015),(92,2199)]	36.414721
605	[(9,3748),(30,2461),(79,4329),(85,332)]	42.476796
606	[(7,706),(13,232),(23,1897),(62,3123),(75,677),(78,426)]	36.388084
607	[(21,3952),(31,4641),(32,1518),(36,1040),(46,2930),(54,388),(69,536),(70,4557),(72,2424),(73,3181),(78,2856),(79,960)]	37.460184
608	[(11,498),(21,1174),(29,119),(39,1218),(43,718),(66,2377),(68,3850),(82,4974)]	44.590410
609	[(3,2921),(14,4109),(26,3593),(42,4469),(46,4645),(50,4281),(55,4815),(67,4855),(71,4680),(73,3832)]	44.808597
610	[(3,794),(5,1294),(8,4923),(42,720),(88,2218)]	39.651187
611	[(16,3507),(47,4314),(52,1441),(66,2276),(67,428)]	37.342653
612	[(11,910),(26,797),(39,2441),(44,50),(67,324),(76,149),(92,10)]	39.641741
613	[(1,3316),(14,2013),(64,4439),(68,4647),(70,5046),(81,2648),(82,4545),(86,578),(87,4868)]	37.400218
614	[(5,4149),(13,4627),(32,219),(68,330),(85,2233)]	37.691302
615	[(10,2135),(22,4218),(29,1088),(30,1826),(32,3701),(44,2583),(65,4219),(85,984)]	38.441509
616	[(13,1510),(28,1702),(43,3814),(44,1400),(45,3325),(63,138),(74,166)]	36.988864
617	[(6,1014),(18,3080),(21,3839),(27,1065),(33,3673),(56,604),(60,933),(69,4707),(89,3660),(91,2547)]	37.615558
618	[(15,1033),(21,2222),(32,655),(34,1138),(40,4148),(43,4666),(85,2613),(91,3158),(92,2842)]	37.178307
619	[(16,44),(38,986),(55,3180),(61,855),(62,3219),(63,3428),(88,3068)]	37.427712
620	[(17,2430),(20,2114),(23,4393),(31,1994),(32,4815),(35,3696),(47,3426),(80,3958),(81,2163)]	37.964516
621	[(0,2735),(3,1330),(26,3931),(32,4027),(40,4007),(43,3389),(52,4812),(63,320),(67,3342),(68,1391),(71,2701),(75,5039),(77,2672),(88,663),(90,4017)]	38.599447
622	[(2,656),(37,1998),(50,1643),(53,4223)]	37.236230
623	[(2,1048),(4,3003),(45,1523),(60,1555),(62,2389),(67,4756),(81,3405),(85,3325)]	40.459401
624	[(38,4061),(52,460),(70,1149),(71,2895),(85,4528)]	37.436993
625	[(19,3331),(23,3745),(43,4891),(44,4233),(48,4415),(52,4119),(57,550),(66,4144)]	38.651792
626	[(20,1894),(31,4266),(34,2941),(40,2909),(41,4874),(50,4237),(83,368)]	39.000867
627	[(15,673),(21,3675),(30,451),(42,304),(50,3007),(58,1765)]	41.484840
628	[(3,2973),(47,3041),(62,2432),(67,177),(76,3377),(81,2792),(86,816),(89,1237)]	36.540796
629	[(4,932),(51,3293),(60,4092),(63,539),(67,3331),(70,4992),(78,1986)]	37.277814
630	[(10,2424),(11,3181),(43,1698),(51,2833),(77,4154),(83,2971)]	37.709766
631	[(11,3797),(25,685),(38,1242),(41,2679),(60,3644),(72,821),(77,4289),(83,4816)]	36.567813
632	[(9,4119),(22,2407),(35,2808),(40,1748),(51,875),(68,4386),(81,1404),(82,1583),(83,279)]	36.620079
633	[(5,2566),(12,2881),(19,4660),(25,1654),(29,438),(48,4985),(69,2424),(88,1734)]	37.175370
634	[(1,4470),(28,3650),(73,2304),(81,1119),(82,2072)]	38.188338
635	[(1,3331),(50,4537),(52,2817),(53,1709),(81,2907),(87,1906)]	36.434535
636	[(0,2728),(9,1080),(11,2562),(16,1534),(39,1319),(47,1046),(57,1706),(60,2357)]	36.281298
637	[(7,1482),(37,4079),(57,1635),(61,1117),(65,4840)]	48.443692
638	[(7,3392),(16,3273),(24,1138),(30,4350),(51,611),(52,1832),(61,4308),(65,969),(89,4869)]	51.206621
639	[(21,2236),(24,1704),(26,4385),(46,711),(64,3768),(87,434)]	43.513703
640	[(3,4111),(28,888),(29,3978),(39,3819),(41,5005),(67,3144)]	40.422895
641	[(9,3628),(15,4113),(28,2965),(32,228),(41,4924),(42,4110),(45,2145),(50,402),(52,3933),(53,2222),(55,3173),(92,1922)]	40.397996
642	[(11,5035),(13,2350),(15,4934),(18,2361),(19,2022),(21,27),(24,2525),(30,3110),(37,1769),(42,1655),(56,997),(83,3041),(86,3579),(87,2249),(89,3799)]	38.259782
643	[(2,1268),(5,3993),(24,4960),(33,2999),(62,4252),(84,2893),(91,1825)]	39.015319
644	[(31,3263),(46,2074),(68,1848),(70,641),(77,1331),(83,2378),(88,3751)]	37.340255
645	[(10,1029),(19,190),(25,4279),(28,2794),(36,4599),(54,792),(73,3039),(75,622),(84,3268),(91,1056)]	37.094137
646	[(25,691),(42,3914),(48,1277),(74,4832),(75,4063),(88,2410),(89,2625)]	37.052622
647	[(4,4447),(8,459),(22,3627),(24,1538),(38,3443),(62,4515)]	39.854182
648	[(2,4145),(34,1491),(64,4857),(66,1102),(76,1582)]	41.823957
649	[(0,1723),(13,2912),(14,1548),(44,1588),(56,2481),(88,892),(89,4980)]	38.967981
650	[(25,4994),(54,78),(71,3455),(81,1340),(84,1334),(85,3621)]	39.139418
651	[(3,3255),(5,4128),(30,3070),(41,2566),(72,4724),(75,2654),(76,4737),(90,5028)]	38.439153
652	[(3,2109),(13,4997),(52,296),(69,4208),(87,815)]	39.013616
653	[(2,3761),(23,4066),(28,3223),(37,4623),(59,3538),(60,2014)]	40.601686
654	[(4,3798),(14,2298),(15,576),(51,4566),(65,2716),(76,270),(78,4882)]	38.886848
655	[(0,3245),(53,2241),(60,2170),(69,421),(79,2807)]	39.015397
656	[(5,441),(11,3003),(25,1734),(28,4319),(40,1425),(57,4644),(64,3665),(84,2198),(90,1300)]	39.228574
657	[(15,475),(18,3061),(26,2699),(28,84),(40,828),(56,1046),(92,4910)]	39.731093
658	[(7,1864),(12,1412),(33,1318),(39,280),(42,1113),(52,347),(72,3243),(77,2826),(79,2530)]	39.702360
659	[(5,4671),(15,4746),(37,4106),(59,4365),(75,2863),(80,346)]	40.484667
660	[(1,2705),(21,1748),(27,3615),(78,1726),(81,3677)]	38.828401
661	[(4,424),(8,4690),(37,2623),(41,2214),(48,771),(50,1889),(52,3148),(55,10),(64,1758),(65,4583),(75,2499),(77,1807),(79,1819)]	39.748044
662	[(51,3549),(57,4878),(61,4467),(70,5028),(85,1699),(87,2739),(90,2252)]	34.987429
663	[(22,520),(29,4965),(37,4511),(72,543),(92,868)]	18.993940
664	[(5,1470),(24,4488),(38,2145),(48,965),(53,1630),(57,693),(70,4534),(89,3291)]	19.433176
665	[(1,3778),(6,3403),(9,555),(13,1775),(29,4125),(37,1317),(49,3123),(83,3773),(89,4055),(90,1754)]	24.838857
666	[(2,242),(6,4769),(26,2085),(33,941),(38,3546),(44,4078),(56,353),(63,5032),(79,2185),(91,2296)]	19.605275
667	[(2,1783),(3,625),(4,2799),(52,3308)]	29.656903
668	[(30,1540),(41,464),(68,2699),(85,619),(90,3510)]	29.526427
669	[(18,1214),(25,4520),(60,4184),(62,4367),(74,807)]	20.542659
670	[(62,5005),(64,3963),(67,2934),(73,2936),(81,1064),(92,4786)]	18.809423
671	[(8,3805),(13,1161),(19,1002),(28,3250),(55,3837),(82,2884)]	19.742072
672	[(45,942),(50,1123),(54,5028),(75,2773)]	20.502237
673	[(3,2995),(13,4679),(23,4751),(42,4276),(49,417),(57,4780),(70,4435)]	19.982946
674	[(8,5033),(19,3979),(23,618),(24,4491),(46,4906),(56,438),(60,4905)]	18.812219
675	[(9,386),(12,2179),(20,1816),(28,4867),(35,1778),(41,4636),(81,3583),(88,3310),(91,4097)]	18.845081
676	[(0,1299),(7,2412),(27,1243),(46,2120),(55,4496),(84,2517),(89,1155)]	18.753998
677	[(0,238),(47,1721),(50,3199),(58,2248),(77,520),(88,3157)]	18.599853
678	[(26,195),(41,2963),(61,4824),(84,4398)]	19.359812
679	[(20,250),(33,4363),(48,2074),(56,2094),(59,2269),(62,1507),(65,2691)]	20.168546
680	[(0,3294),(45,4285),(62,2255),(77,732),(86,2633),(88,4483)]	18.772191
681	[(40,4165),(46,1027),(57,2098),(59,4978),(79,2208),(81,4226)]	18.735701
682	[(21,1850),(33,1032),(58,1667),(64,2474),(71,396)]	19.686271
683	[(20,3411),(43,2270),(69,1270),(82,1686),(85,593),(90,2460)]	19.206187
684	[(4,3912),(8,2407),(18,415),(22,5044),(35,3326),(43,845),(51,3919),(54,2944),(71,4061),(81,2006),(87,3400),(88,1602),(91,4299)]	19.169289
685	[(24,814),(37,1106),(48,4410),(59,1628),(67,2248),(80,2871),(85,1442)]	18.816382
686	[(5,4670),(52,2058),(61,2629),(64,2067),(78,356)]	19.209401
687	[(5,1652),(10,524),(25,1569),(30,3185),(32,1732),(39,2494),(46,1620),(50,2135),(63,4759)]	18.861081
688	[(52,278),(54,682),(55,309),(70,696),(86,2528)]	22.251509
689	[(10,3664),(11,1144),(33,2887),(49,1467),(73,4825)]	24.247847
690	[(5,4807),(12,1430),(32,2028),(34,3310),(43,836),(62,1422),(68,2590)]	18.537676
691	[(10,1022),(11,2050),(12,3383),(35,4183),(46,429),(53,2891),(64,2851),(81,2152),(85,3733),(90,4368)]	19.715513
692	[(1,4409),(8,1684),(30,3480),(50,2891),(86,3240)]	18.548728
693	[(24,2323),(27,2450),(39,3319),(77,1666)]	19.089670
694	[(16,2336),(27,248),(33,2550),(34,3874),(42,3641),(47,1182),(69,3441),(83,4271),(89,1275),(90,988)]	20.106722
695	[(5,256),(9,4029),(18,3142),(23,2568),(35,2785),(43,2250),(47,2403),(56,942),(58,2133),(82,1998),(89,4382)]	19.060724
696	[(5,2371),(12,2369),(24,2076),(48,1973),(57,2246),(64,67),(84,4496)]	18.889307
697	[(10,3425),(18,2792),(59,1508),(75,4985),(78,1651)]	19.484167
698	[(6,3739),(19,3384),(40,1443),(45,1250),(57,825),(68,4834),(89,1399)]	19.872117
699	[(13,2062),(36,1231),(42,1854),(48,3436),(54,282),(71,2426),(75,4552),(87,4800)]	19.053622
700	[(18,505),(32,1579),(33,3395),(41,3411),(43,1948),(56,892),(57,4980),(64,3724),(65,3966),(82,3996),(92,3577)]	21.231701
701	[(10,2968),(15,2985),(23,2964),(42,1041),(63,4624),(69,1531),(71,288),(89,2353)]	19.829428
702	[(5,2509),(27,2789),(41,2468)]	18.877431
703	[(17,1630),(33,3022),(35,4880),(63,1016),(65,4106),(85,2253),(91,1802)]	18.965870
704	[(3,4500),(8,3566),(21,2302),(22,4255),(23,1495),(30,588),(80,911)]	19.015806
705	[(27,2458),(30,30),(46,310),(48,4259),(74,103),(88,3874),(89,3760)]	20.987924
706	[(15,4176),(23,4083),(41,3111),(42,3353),(53,3359),(85,3400),(86,1602)]	20.754773
707	[(19,2357),(53,3470),(82,309),(92,584)]	19.092462
708	[(26,2024),(49,1241),(51,1824),(53,1489),(75,3022),(83,3467)]	19.049483
709	[(20,2833),(27,1451),(28,1168),(34,1884),(66,61),(73,1714),(74,2216),(81,2753)]	19.435697
710	[(7,1972),(40,891),(46,1493),(56,2190),(57,2825),(63,2539),(73,4710),(84,1186),(85,2209)]	20.069484
711	[(3,3198),(6,166),(24,961),(30,4289),(46,1946),(73,3462)]	19.800994
712	[(13,1390),(14,360),(15,826),(41,5042),(54,354),(57,2287),(89,814)]	22.664501
713	[(5,2925),(31,2148),(36,4786),(47,4292),(58,4689),(63,3352),(66,3276),(67,197),(72,2128),(77,3897),(87,1804)]	21.108697
714	[(4,4068),(13,2807),(16,2522),(29,4337),(34,3332),(37,84),(60,4414),(86,1175),(87,4206)]	20.328657
715	[(1,3908),(3,742),(25,1044),(27,3248),(31,4590),(33,4640),(43,1868),(63,3470),(65,1361),(75,2679),(88,2038)]	22.711611
716	[(3,1224),(28,4756),(37,2509),(39,4325),(41,1922),(46,4348),(64,3066),(65,901)]	19.550624
717	[(1,961),(19,4790),(33,3333),(52,2598),(62,2677),(63,1877),(76,252),(90,307)]	20.531516
718	[(13,379),(18,1974),(24,4143),(27,2349),(39,2870),(52,443),(54,647),(65,1169),(72,1581),(85,3278),(91,2905)]	19.275291
719	[(9,1499),(14,1149),(37,2854),(38,4907),(65,2899),(70,4380),(75,2999),(81,2003)]	37.533539
720	[(18,894),(41,4111),(55,4704),(60,3094),(71,4429),(81,2480),(87,2257)]	19.184099
721	[(74,1177),(81,317),(84,2318),(87,3072),(89,1619)]	18.866080
722	[(38,4426),(43,15),(83,583)]	19.630497
723	[(36,752),(47,2619),(80,1324),(87,1099)]	18.709312
724	[(8,704),(26,1720),(35,96),(38,4208),(55,3371),(78,348),(79,3063),(88,2808),(89,1358),(90,1633)]	18.839445
725	[(2,4532),(11,3091),(57,2588),(82,4408),(90,590)]	18.839018
726	[(5,4650),(15,2084),(17,4541),(36,3629),(37,609),(39,3770),(49,1769),(51,1332),(53,1442),(60,4760)]	18.834326
727	[(9,2603),(12,1),(18,801),(28,2199),(43,3970),(48,1372),(54,1919),(62,217),(82,2763)]	18.527526
728	[(10,3400),(11,1602),(58,3992),(60,1376),(66,3364),(79,5020),(86,3996)]	18.827237
729	[(28,3379),(48,1372),(53,3940),(58,2808),(66,3720),(74,2497),(81,1292),(83,2987),(86,2842)]	19.186699
730	[(0,2292),(27,2371),(35,4112),(50,171),(59,3288),(67,459),(76,1332)]	18.549989
731	[(5,4072),(13,9),(49,3074),(72,2291),(89,1533)]	18.668230
732	[(14,2988),(19,127),(24,405),(34,136),(37,4091),(39,1710),(54,285),(59,1538),(78,1282),(88,1733)]	19.254130
733	[(3,2075),(16,257),(26,4759),(30,2598),(34,2928),(55,1423)]	19.712180
734	[(16,2264),(24,3512),(37,1682),(38,3650),(39,4830),(41,2370),(67,4596),(74,65),(82,1177)]	18.598370
735	[(17,101),(23,1142),(44,4328),(69,2274),(76,4286),(86,299)]	21.690577
736	[(28,2859),(40,370),(90,4068)]	18.664296
737	[(11,3338),(23,2543),(27,2639),(29,4233),(48,258),(53,314)]	18.868686
738	[(5,601),(9,1071),(11,761),(32,3348),(46,1566),(51,4175),(54,3386),(68,621),(71,3763),(78,1262)]	29.709289
739	[(6,2667),(26,4165),(60,2036),(80,2042)]	21.980738
740	[(26,3183),(32,1481),(34,3503),(45,3986),(56,4122),(57,3418),(60,2602),(85,4403),(89,3021),(90,137)]	20.042082
741	[(25,4405),(27,932),(32,2420),(53,4623)]	20.279193
742	[(3,1346),(16,4240),(26,1397),(41,3684),(42,1766),(53,4256),(68,2714),(78,3075)]	18.824465
743	[(5,1023),(26,1322),(86,2584),(87,3595)]	21.965807
744	[(27,1256),(38,4136),(49,1608),(54,3990),(57,230),(85,2841)]	19.001189
745	[(2,2199),(10,2370),(23,4525),(31,88)]	19.349869
746	[(20,4623),(33,3186),(34,69),(41,3287),(55,977),(58,1956),(75,3999),(80,4468),(85,548)]	18.874613
747	[(11,2314),(19,2998),(38,3829),(45,4462),(53,1892)]	20.042646
748	[(31,4501),(42,4269),(52,1200),(54,3340),(55,4067),(60,777),(79,2768),(85,4306)]	19.539363
749	[(26,345),(39,805),(42,3902),(57,977),(65,536),(75,1738),(90,4900)]	19.811743
750	[(6,4270),(35,1246),(45,2840),(74,595),(79,257),(82,2638),(85,4848)]	20.649098
751	[(5,478),(13,1467),(43,1728),(44,1096),(49,2555),(58,2551),(70,3619),(73,193)]	19.729165
752	[(1,2798),(6,539),(15,423),(30,983),(33,358),(39,4552),(73,1330),(77,633),(83,4455)]	19.762059
753	[(47,2879),(69,1454)]	19.051044
754	[(10,3988),(22,4316),(53,1015),(81,2283),(83,4594),(90,1344)]	18.751489
755	[(9,1903),(29,1471),(31,1914),(76,3028),(82,3958),(91,2327)]	20.940983
756	[(21,2510),(23,4026),(32,1219),(34,4524),(36,3803),(41,1429),(56,4957),(57,2086),(58,3361),(85,2316),(86,912)]	20.408706
757	[(6,2172),(12,1708),(14,62),(27,1227),(29,2384),(51,199),(58,4363),(59,4614),(61,209),(64,2890),(78,412),(89,2741)]	18.966114
758	[(18,512),(27,2864),(35,287),(37,4218),(41,1412),(44,1423),(45,1127),(53,3268),(69,1608),(73,731),(76,4912),(88,2668)]	19.133311
759	[(10,2055),(11,3689),(17,3722),(33,960),(51,3522),(60,3234),(71,2902),(74,665)]	19.107517
760	[(3,1833),(8,551),(10,3837),(26,4312),(29,4529),(34,3940),(44,1355),(61,2686),(78,1913),(84,2856)]	19.107059
761	[(1,3867),(4,1685),(26,3402),(33,4078),(34,2309),(38,24),(51,2059),(52,635),(55,4923),(66,165),(87,4678)]	19.052287
762	[(2,2342),(5,2197),(13,164),(26,2081),(28,297),(38,2558),(45,3217),(50,2298),(65,4704),(67,4444),(74,337),(75,2088),(90,1620)]	18.873370
763	[(4,4850),(13,1258),(24,1054),(26,3946),(32,3157),(40,4088),(67,3177),(68,1847),(71,2857),(81,4214),(86,3562),(91,1088)]	19.665962
764	[(18,4565),(23,1125),(29,3745),(32,3739),(68,2453),(81,3711)]	23.992712
765	[(11,4166),(29,3186),(35,2536),(43,2549),(46,1361),(56,2088),(62,706),(65,2196),(66,4552),(71,3617),(85,46),(87,1308)]	22.709957
766	[(4,4056),(18,3466),(20,3822),(22,3071),(27,598),(41,1005),(45,3414),(47,1340),(52,918),(85,4779)]	21.738841
767	[(41,4635),(48,4036),(58,3068),(66,1175),(67,4206),(78,938),(89,3821)]	21.060260
768	[(15,2972),(30,3497),(39,2654),(40,2533),(60,4159),(66,3060),(77,2549)]	22.071190
769	[(6,1500),(22,86),(47,4516),(64,1955),(71,2542),(80,3977),(88,4574)]	22.874203
770	[(1,1689),(2,2546),(31,4911),(42,2240),(47,444),(48,698),(51,123),(65,4306),(76,1124),(80,563)]	41.125673
771	[(9,4181),(10,5),(12,2660),(33,2760),(50,37)]	21.521817
772	[(19,2069),(27,3475),(31,2963),(55,131),(63,607),(72,4859)]	21.270439
773	[(0,3785),(8,3949),(10,4239),(17,1872),(35,551),(41,2908),(45,3537),(58,4809),(88,4443)]	21.046287
774	[(22,4260),(44,4987),(62,1463),(66,436),(78,1956)]	22.289726
775	[(2,2496),(9,3976),(22,3209),(33,2077),(34,4175),(43,1248),(56,42),(74,1422),(85,2499),(91,263)]	18.741874
776	[(0,3982),(1,2851),(33,2558),(55,3876),(62,3599),(79,663),(91,1408)]	25.597850
777	[(8,3661),(13,616),(27,4081),(46,2611),(56,4126),(77,1425),(91,3177),(92,1847)]	19.579209
778	[(15,3367),(25,1202),(32,4150),(36,586),(58,2502),(62,480),(68,814),(79,2422)]	19.163868
779	[(6,1630),(19,1647),(39,1714),(47,3482),(51,3405),(59,2501),(68,343),(69,9),(76,3940),(86,4660)]	18.836268
780	[(12,574),(22,2872),(25,4435),(31,4686),(51,4834),(52,1753),(60,3009),(90,2137)]	19.112317
781	[(4,22),(12,2514),(47,3207),(58,1133),(82,672)]	19.544969
782	[(41,1089),(58,2038),(72,4525)]	19.509068
783	[(8,4566),(37,608),(39,254),(69,3675)]	19.145129
784	[(8,1999),(12,2123),(21,3466),(33,3153),(43,4700),(70,846),(74,4044),(75,2553),(85,1527)]	18.665565
785	[(10,4727),(31,3836),(32,835),(75,3935),(83,3793)]	19.449352
786	[(9,1551),(38,4766),(49,4830),(51,2370),(79,2538),(90,1741)]	25.655362
787	[(18,925),(34,2251),(44,4653),(48,1421),(61,3617),(70,1282)]	20.675164
788	[(10,192),(17,3281),(18,4868),(32,4081),(46,2150),(66,3628),(71,3111),(75,5034)]	18.541708
789	[(24,977),(61,2790),(64,3894),(92,4192)]	19.268361
790	[(5,2810),(12,5022),(38,2518),(49,1651),(57,1476),(63,1744),(78,2344),(92,154)]	18.569677
791	[(2,3684),(9,3102),(12,4414),(19,3776),(33,3267),(74,47),(81,772),(82,1028)]	19.726874
792	[(25,2614),(29,462),(31,2335),(46,1092),(67,1116),(68,2334),(91,783)]	19.022009
793	[(0,452),(4,4464),(77,2029),(85,935),(91,487)]	18.762944
794	[(11,518),(38,3894),(44,2383),(62,3092),(63,688)]	19.240617
795	[(2,3725),(59,808),(81,689),(89,167)]	18.956648
796	[(7,914),(30,3420),(39,221),(60,4573),(63,2325),(68,1222),(79,2404),(90,3251)]	19.027570
797	[(7,142),(12,2732)]	18.687336
798	[(8,4685),(19,4378),(21,327),(29,680),(50,4421),(63,1473),(64,2283),(72,3554),(84,2763)]	20.146392
799	[(6,4697),(12,706),(22,366),(26,2050),(54,2985),(68,3039),(80,4012),(89,1399)]	18.707240
800	[(17,3917),(38,4195),(66,1673),(92,1025)]	21.693673
801	[(4,2058),(39,268),(49,4705),(67,2219),(71,4598),(88,2532)]	18.933480
802	[(6,3581),(17,4302),(22,2266),(24,3007),(28,4396),(30,5016),(35,4358),(49,2227),(59,2287),(63,1714),(64,2216),(73,372)]	22.703517
803	[(2,112),(24,617),(56,1961),(60,3508),(68,2643),(84,1068),(89,4328)]	23.593116
804	[(12,1457),(43,51),(73,469),(75,884),(78,2982)]	21.480834
805	[(4,4591),(24,3433),(28,2581),(29,4982),(41,4657),(48,842),(54,4705)]	20.980250
806	[(9,5015),(21,3215),(27,3435),(40,4545),(62,1894),(76,430),(79,190)]	20.459931
807	[(13,85),(14,1868),(19,2208),(26,3947),(41,3929),(54,747),(56,4093),(78,2509),(79,3063)]	18.879738
808	[(3,1604),(4,2485),(7,640),(18,3979),(37,2311),(65,997),(79,3013),(81,3543),(90,70),(91,4046),(92,1920)]	18.947524
809	[(0,1856),(17,1423),(25,950),(45,4627),(56,1113),(71,3337)]	19.232304
810	[(34,819),(57,555),(82,1993),(90,4132)]	20.314319
811	[(6,150),(41,130),(42,1942),(44,1912),(55,1151),(57,1962),(63,4416),(67,2373)]	19.437845
812	[(1,613),(11,4152),(18,1887),(71,1088)]	21.994540
813	[(0,554),(8,3922),(12,3696),(23,4),(36,973),(42,3393),(46,1458),(50,341),(69,4183),(73,181),(76,4182),(86,2588),(87,1028)]	23.814172
814	[(1,2657),(8,251),(10,248),(20,3776),(38,192),(40,2311),(65,659),(72,1648),(87,3435)]	18.784811
815	[(46,966),(48,661),(49,3845),(51,3930),(64,2483),(85,533)]	18.726553
816	[(1,2777),(4,70),(22,2116),(23,451),(29,4946),(37,2136),(45,4092),(85,1783),(86,625),(87,2799)]	18.865265
817	[(10,1388),(22,545),(23,3629),(24,609),(33,3467),(60,4319),(69,4263),(70,1730),(81,4753),(86,4885)]	18.981694
818	[(1,4653),(12,1524),(14,162),(18,3881),(27,4077),(41,4768),(54,3248),(83,2986)]	18.712161
819	[(15,3360),(16,2048),(55,2658),(78,4119)]	19.072414
820	[(24,1812),(26,1546),(42,3312),(44,4042),(48,3914),(50,1545),(65,3860),(74,3076),(85,207)]	26.731223
821	[(1,1304),(7,570),(45,1919),(46,4212),(53,2258),(70,4846),(76,1405)]	31.174074
822	[(23,692),(28,1412),(31,4620),(36,1610),(51,5009),(61,3949),(71,1590),(81,545),(83,1736),(88,4224)]	18.816290
823	[(9,4162),(28,3945),(32,2594),(63,1949)]	19.437392
824	[(11,2420),(52,272),(64,4402),(74,2762)]	18.887776
825	[(1,49),(9,889),(11,2458),(19,4070),(21,212),(35,2257),(56,4805),(74,1319),(88,3095)]	19.235112
826	[(7,3640),(11,3213),(13,1317),(21,253),(38,956),(49,3405),(58,46),(69,1201)]	21.099714
827	[(0,38),(7,3050),(17,328),(55,1954),(64,1349),(69,1363),(73,252),(82,5025)]	23.134167
828	[(11,1316),(21,3993),(23,5001),(59,1947),(84,2538)]	21.620959
829	[(8,4319),(20,4024),(21,4394),(45,601)]	21.032891
830	[(45,2109),(66,4832),(80,1141),(91,1073)]	22.413346
831	[(4,2496),(25,4283),(28,2366),(29,2259),(54,3679)]	21.983124
832	[(24,4597),(39,2402),(55,2746),(67,3949),(72,458),(76,4330)]	20.950229
833	[(4,2982),(25,3679),(44,3405),(60,3831),(61,2055),(73,454)]	18.941816
834	[(0,804),(17,4305),(19,3923),(63,2098),(84,2678),(85,4704)]	20.435818
835	[(10,1268),(12,2274),(24,4022),(56,404),(65,1892),(72,5044),(78,1688)]	26.657892
836	[(14,3811),(17,664),(36,2426),(47,2786),(51,3561),(54,1375),(61,3190),(79,3900),(92,4733)]	23.353868
837	[(35,2478),(36,1737),(42,2865),(50,2532),(51,2488),(58,4159),(59,4497),(65,4609)]	19.844812
838	[(22,4065),(28,4211),(56,1057),(72,4661),(77,194),(79,1703)]	19.838637
839	[(6,4207),(22,2914),(23,3422),(25,3617),(35,2286),(36,83),(44,735),(52,3601),(67,826),(78,4067)]	26.168627
840	[(10,4988),(16,2262),(17,4981),(23,3308),(36,1164),(38,4431),(39,4900),(44,2049),(48,2718),(69,3505),(77,2396)]	20.277577
841	[(35,3708),(44,2598),(86,4310)]	19.500239
842	[(11,1497),(14,4026),(21,1982),(24,2395),(26,3414),(30,4885),(34,1757),(36,1502),(41,3816),(77,2083),(90,4914)]	19.159331
843	[(1,1659),(2,2969),(17,936),(26,1979),(34,914),(40,1329)]	18.808458
844	[(7,2041),(14,4215),(34,2689),(39,2695),(42,93),(47,335),(54,4485),(62,485),(77,606)]	21.897667
845	[(1,521),(2,2130),(3,3141),(8,463),(51,1017),(54,2004),(72,3859),(76,789)]	19.104106
846	[(5,4630),(28,4656),(59,46),(64,4346),(70,1577),(83,1185)]	19.264177
847	[(48,2956),(65,3078),(70,2665),(86,2459),(90,456)]	18.830766
848	[(8,4038),(23,3615),(33,3280),(48,794),(50,3239),(57,1757),(74,49)]	18.796195
849	[(31,4334),(34,1718),(50,2004),(51,1270),(63,913)]	19.074257
850	[(19,990),(32,3005),(47,4619),(57,2686),(74,4450),(79,4835),(83,2246)]	18.933690
851	[(6,1544),(14,4695),(29,1380),(30,93),(55,4738),(72,3776),(76,633),(77,1281)]	19.307555
852	[(24,3254),(40,3686),(45,203),(55,2910),(59,107)]	20.208250
853	[(21,3493),(27,868),(30,2221),(50,1535),(75,4817),(85,73)]	19.116099
854	[(2,4530),(8,958),(13,3121),(34,3118),(51,4556),(52,3042),(63,2820),(64,1394),(73,2010),(90,942)]	19.968758
855	[(34,3259),(36,3202),(42,2939),(47,4680),(78,1678)]	19.290902
856	[(15,793),(30,4110),(33,1640),(36,964),(63,1288),(67,2414),(77,4884),(83,1878),(92,4465)]	19.109283
857	[(5,3451),(15,2478),(60,1769),(72,105),(77,5025),(88,4696),(90,1260)]	18.983130
858	[(20,5026),(24,1427),(33,2456),(36,1824),(43,5008),(45,2016),(54,1906),(58,3114),(59,3868),(61,1105)]	18.828057
859	[(18,85),(21,736),(34,3558),(61,3668),(81,1813),(89,2164),(92,1201)]	18.857008
860	[(4,3443),(14,2742),(43,2186),(46,1368),(51,3359),(57,1763),(92,567)]	18.880917
861	[(28,3507),(31,1003),(38,2546),(39,1772),(55,877),(57,1753),(73,3443),(76,4674),(81,2937)]	18.665171
862	[(4,57),(14,3006),(40,1000),(41,1173),(68,3585),(69,1957),(87,1462)]	22.073411
863	[(5,3615),(28,3408),(44,2349),(61,1704),(63,4385),(85,4139)]	19.395193
864	[(2,4033),(6,4106),(14,2177),(25,4873),(29,1041),(41,2025),(49,27),(50,1068),(85,4726),(87,1212)]	18.582301
865	[(18,4734),(31,4903),(64,4387),(84,2023),(86,4770)]	19.862397
866	[(30,1358),(31,1633),(55,4813),(64,137),(71,2366),(82,3352)]	19.509586
867	[(2,3573),(5,20),(51,4560),(67,846),(79,2450)]	19.061742
868	[(13,664),(14,884),(29,4177),(77,1121)]	18.737601
869	[(9,173),(14,2057),(37,4175),(49,3807),(53,1325),(56,1746),(57,4971),(60,3264),(76,4841),(85,4824)]	19.038564
870	[(43,3095),(44,3)]	20.130370
871	[(4,1012),(9,1343),(13,221),(32,1414),(64,455),(66,3799)]	33.808095
872	[(4,4884),(21,1959),(28,4232),(39,1722),(41,5002),(43,3425),(68,877),(70,2218),(91,2649)]	26.017942
873	[(17,22),(29,3889),(35,2932),(59,3837),(68,923),(69,2191),(80,3479),(90,40)]	19.071205
874	[(12,2301),(20,574),(43,724),(51,1248),(76,5025),(89,336)]	20.100931
875	[(0,4147),(1,1468),(13,3414),(38,3372),(41,1672),(57,1343),(86,353)]	20.923925
876	[(29,415),(60,2433),(65,3566),(72,2950)]	20.874595
877	[(16,2610),(30,2384),(33,619),(35,276),(71,3040),(75,1124)]	19.118707
878	[(4,3355),(28,504),(29,3909),(61,3996),(68,1507)]	20.655502
879	[(9,583),(19,3167),(20,3714),(36,4342),(37,1431),(51,2929),(85,4592)]	19.099613
880	[(5,2593),(10,379),(23,560),(41,4527),(57,1144),(67,106),(70,1590),(71,4042),(73,2293),(92,3479)]	18.945219
881	[(4,4446),(9,3831),(15,4802),(45,2892),(49,4548),(68,1987)]	18.842786
882	[(15,381),(38,942),(43,2024),(54,3097),(61,1204),(80,5034)]	18.969395
883	[(6,2212),(17,462),(35,3493),(42,4869),(65,4573),(83,2015),(90,4306)]	19.768025
884	[(30,886),(31,852),(32,1139),(33,4861),(40,3886),(58,4465),(63,2732),(74,178),(76,1094)]	25.493951
885	[(11,2671),(17,4566),(34,3158),(47,2207),(60,2219),(63,3417),(78,2062),(84,4712),(89,3844)]	21.650491
886	[(10,4968),(22,1226),(42,56),(69,1477),(72,1775),(79,3931),(88,2464),(89,4384),(90,1003)]	19.185175
887	[(2,4184),(18,5005),(20,2042)]	18.835208
888	[(2,3783),(14,2476),(50,2278),(65,3895),(77,3712),(84,2986),(87,3148)]	21.067378
889	[(4,1178),(21,4610),(26,4939),(27,2069),(54,1348),(58,4002),(80,3503),(90,567)]	19.723570
890	[(0,4242),(6,420),(8,4677),(32,4665),(35,4403),(40,4694),(50,1046),(65,3286),(73,4939),(74,2069),(78,2953)]	19.289365
891	[(3,2084),(36,4798),(38,2416),(59,1828),(64,2601),(66,4269),(75,3743),(79,1797),(85,3215),(86,1787)]	18.750708
892	[(17,804),(21,3075),(22,647),(63,4763),(67,2132)]	18.843474
893	[(8,4605),(9,971),(10,1141),(24,3732),(37,3253),(56,2264),(70,2470),(82,2947),(86,2255)]	19.870658
894	[]	19.452080
895	[(23,3520),(33,3274),(54,898),(85,3882)]	19.847020
896	[(42,3177),(46,4918),(50,1808),(59,675),(63,3086),(67,690),(69,493),(92,1793)]	19.831981
897	[(21,4286),(23,4331),(25,1074),(39,89),(80,2222)]	19.332166
898	[(23,5),(34,487),(59,3683),(79,2365)]	21.109939
899	[(21,2307),(46,4594),(77,491),(84,1332),(85,2142)]	19.117426
900	[(3,437),(10,859),(11,1395),(32,416),(37,740),(38,3013),(39,2317),(68,4642),(76,3428)]	20.555280
901	[(48,4313),(50,2167),(51,1368),(62,3479),(73,1715)]	21.037209
902	[(1,3586),(7,3613),(30,959),(45,4888),(47,2610),(76,2456),(81,4143)]	21.919633
903	[(3,4145),(5,2191),(6,2502),(63,3611),(74,4164),(80,1061)]	21.282244
904	[(5,2150),(25,71),(27,2583),(42,1353),(80,4080)]	21.158524
905	[(19,2697),(20,492),(27,258),(65,2089),(67,473),(88,410)]	20.584634
906	[(18,3819),(20,5005),(32,4471),(35,5015),(46,3913),(49,3853),(69,291),(83,4068),(90,3971)]	20.820086
907	[(13,1433),(23,416),(31,628),(42,2145),(53,3290),(81,3185)]	19.447380
908	[(14,4357),(15,4970),(49,4108),(51,550),(66,1500),(71,246),(84,346)]	19.596133
909	[(31,3298),(53,3008),(60,3110),(80,3223),(82,2260)]	19.104093
910	[(28,1016),(34,752),(54,1203),(77,3792),(88,2617)]	20.482964
911	[(19,4437),(34,3705),(56,1960),(92,2204)]	25.279085
912	[(49,2719),(58,613),(60,4628),(63,3812),(85,2905),(86,596)]	20.214254
913	[(19,3497),(36,2850),(43,1248),(50,4304),(73,4584)]	18.857235
914	[(1,2979),(12,955),(18,1006),(28,3035),(30,3810),(66,5011),(82,65),(90,2213)]	22.606428
915	[(1,4794),(3,4432),(12,3587),(13,3394),(35,2152),(61,4790),(68,4656)]	19.303606
916	[(9,2008),(14,2449),(15,1719),(19,3105),(31,4680),(34,992),(41,1941),(48,2887),(62,3846),(67,1899),(84,3890)]	19.921203
917	[(4,3741),(45,895),(50,4518),(52,3685),(53,3253),(56,1788)]	19.237241
918	[(8,1469),(14,2418),(33,701),(41,1394),(46,5040),(60,3541),(66,1792),(88,2538)]	19.108785
919	[(2,3408),(26,2748),(29,1822),(87,2011)]	18.878863
920	[(4,237),(5,1089),(8,1195),(13,2289),(78,3200)]	18.671736
921	[(1,3518),(17,4326),(22,2314),(26,4905),(34,1383),(38,1932),(46,632),(54,2781)]	20.099367
922	[(8,4377),(12,2374),(34,3020),(61,4549),(75,4580),(79,2176),(88,2123)]	36.512395
923	[(32,4892),(37,2027),(39,934),(49,2814),(52,3347),(54,2818),(57,3230),(63,877),(70,3327),(72,4171),(85,303),(92,981)]	20.706054
924	[(3,4688),(24,1624),(50,3470),(53,4927),(60,1513),(68,2335),(83,1054)]	19.083835
925	[(8,4736),(19,299),(25,3142),(37,2633),(49,3297),(83,3988),(85,2139),(92,934)]	18.747633
926	[(3,1128),(14,3485),(24,1979),(30,4729),(38,1887),(61,87),(65,352),(70,2919),(71,4673),(86,2484),(90,572)]	20.696674
927	[(3,327),(5,3390),(7,3738),(15,1512),(17,4589),(62,4090),(87,210)]	19.626736
928	[(18,3012),(37,910),(42,2062),(43,4136),(53,4679),(62,2761)]	20.128407
929	[(1,780),(8,3219),(9,3428),(16,3795),(39,2849),(54,1376),(68,2538),(74,3473),(90,685)]	26.109680
930	[(4,1596),(24,500),(35,824),(49,3161),(51,2682),(76,2572),(83,2690),(87,3323),(91,1668),(92,4706)]	22.253665
931	[(45,3696),(48,4365),(77,4465),(84,4171)]	18.722178
932	[(38,1646),(65,2527)]	28.597478
933	[(0,694),(4,390),(6,3601),(29,3456),(87,2380)]	30.273078
934	[(7,75),(47,4247),(61,1710),(72,2506)]	19.526321
935	[(3,1805),(4,1302),(27,2788),(85,4585)]	19.564576
936	[(1,755),(21,1071),(67,1318),(79,1650)]	19.363817
937	[(48,59),(54,743),(63,4506),(64,4530),(65,4674)]	23.071560
938	[(16,718),(38,479),(40,2272),(46,4680),(49,3179),(65,4176),(80,3647)]	19.656814
939	[(2,2109),(9,1306),(11,1398),(25,3882),(27,2818),(28,522),(37,2846),(72,4985),(74,4747)]	20.153255
940	[(3,180),(11,4558),(12,2827),(41,2595),(47,759),(52,787),(62,2255),(65,4623),(89,495)]	35.674450
941	[(14,2974),(27,2572),(28,2293),(37,2604),(46,1081),(59,3606),(61,4559),(62,2206)]	19.211773
942	[(3,4103),(12,3650),(48,4534),(51,3416),(56,4840),(61,2197),(87,2775)]	19.990377
943	[(2,3732),(24,1726),(30,2163),(37,3415),(56,3668),(71,573),(85,3100),(89,863)]	20.380937
944	[(0,1563),(11,1274),(13,2988),(29,4051),(35,953),(37,2025),(71,1766),(77,3274)]	18.553431
945	[(5,3459),(10,857),(19,4210),(23,2174),(25,2729),(43,2144),(68,1592),(84,4036)]	18.830709
946	[(8,555),(19,313),(29,693),(56,2238),(59,2980),(65,4138),(82,5011)]	18.796795
947	[(0,1202),(5,3763),(6,3420),(9,2960),(13,2266),(20,3376),(29,138),(35,1357),(60,840),(64,4904),(84,1614),(91,3780)]	18.763340
948	[(1,3137),(3,2583),(39,2824),(53,4681),(62,1729),(68,3092),(78,2003)]	23.531666
949	[(16,741),(37,1205),(66,518),(73,446),(80,3436),(85,1601),(90,3556)]	41.960204
950	[(6,3562),(7,1829),(9,400),(10,4366),(13,4539),(23,3769),(39,217),(43,1676),(63,2880),(78,2726),(80,1364),(81,118),(86,3808)]	26.317779
951	[(26,3709),(43,3543),(74,3172),(86,3877),(87,4662),(88,2485)]	19.248935
952	[(5,2082),(6,2163),(30,1904),(66,3013),(67,2317),(75,264),(83,3085)]	18.773371
953	[(11,2677),(16,3138),(20,605),(78,3370),(85,4095),(91,2178)]	19.500639
954	[(17,3521),(19,701),(24,2494),(37,237),(38,1089)]	19.400439
955	[(11,1249),(12,1513),(27,3500),(30,4112),(53,2189),(60,473),(65,3431),(75,860)]	20.212665
956	[(10,1416),(14,2618),(20,2338),(72,2232)]	18.843965
957	[(26,4891),(27,3843),(45,3923),(58,1079),(62,3125),(86,4958)]	30.225176
958	[(22,4660),(35,441),(55,1248),(87,3858)]	22.556027
959	[(0,3740),(6,4954),(7,133),(27,3215),(38,1534)]	19.688201
960	[(7,2579),(11,292),(12,1695),(27,2345),(28,4681),(58,3922),(69,4917),(76,1214)]	19.346853
961	[(6,5047),(14,3592),(35,1620),(75,3115),(80,4691),(83,1032),(87,2671)]	18.711217
962	[(3,1378),(6,4962),(37,1410),(41,686),(45,1566),(57,5022)]	18.849765
963	[(12,2976),(33,509),(35,1461),(37,3885),(44,4463),(50,2110),(60,2645),(83,3254),(90,3271)]	20.854386
964	[(6,2217),(63,1643),(76,3441)]	19.716580
965	[(19,615),(31,4147),(32,1468),(39,2782),(40,4281),(42,3166),(43,2603),(69,223),(72,1659),(82,877)]	35.064140
966	[(18,755),(29,986),(81,3835),(82,841)]	42.493195
967	[(4,359),(8,991),(27,595),(52,54),(69,474),(80,4510)]	62.039452
968	[(9,372),(11,3340),(34,2650),(36,4419),(47,2200),(53,1693),(58,522),(71,529),(72,4757),(73,1385)]	57.013427
969	[(4,3646),(23,4447),(25,1145),(40,2890),(54,3801)]	36.752175
970	[(3,1651),(24,2893),(79,1468)]	18.824132
971	[(16,3942),(17,372),(27,972),(50,4004),(55,4390),(57,839),(66,2982),(75,3868)]	18.743681
972	[(3,4253),(22,4739),(28,4219),(41,2177),(42,785),(76,375)]	22.648924
973	[(3,3722),(36,1236),(46,3747),(49,4319),(63,4848),(81,1499),(85,1671)]	23.953047
974	[(2,3249),(12,1899),(16,4132),(33,292),(43,1893),(53,2681),(64,2979),(78,2275),(84,4056)]	19.432717
975	[(11,4493),(28,321),(31,2014),(63,4960),(69,3737)]	18.753627
976	[(1,357),(9,2311),(20,254),(45,555),(57,3317),(58,521),(63,2137),(71,5009),(75,4745),(90,253)]	18.731579
977	[(1,4858),(11,2964),(20,431),(35,3138),(75,2912),(77,4824),(83,2752)]	20.113375
978	[(4,2415),(6,4160),(26,2978),(63,2339)]	18.870247
979	[(25,4635),(30,4984),(34,4627),(36,981),(47,1677),(52,1276),(77,2633)]	18.998277
980	[(8,1982),(18,3026),(41,4611),(45,3893),(46,1367),(51,1481),(58,3479),(81,4436)]	18.649064
981	[(4,746),(19,1954),(48,3312),(56,1029),(80,4381)]	18.480289
982	[(9,3065),(60,143),(63,2266),(80,4045),(90,246)]	20.908640
983	[(20,1000),(51,665),(64,3425),(75,2903),(77,4763),(86,1799),(91,1539),(92,3656)]	18.966252
984	[(2,960),(5,2846),(29,520),(38,3641),(44,1975),(64,3441),(71,4919)]	19.370547
985	[(19,2413),(25,4654),(36,4111),(67,277),(68,4297),(89,944)]	19.123645
986	[(8,2233),(44,1232),(50,3039),(52,622),(54,374),(92,174)]	19.231504
987	[(17,3914),(22,796),(57,2422),(67,3087),(82,1491),(87,948),(89,294)]	19.203877
988	[(18,225),(35,4226),(37,726),(41,1523),(50,3485),(67,2660),(87,5021)]	20.146406
989	[(14,610),(27,4537),(28,2665),(34,3449),(39,76),(56,2364),(73,1820),(79,4282)]	19.947280
990	[(11,3720),(35,986),(43,4563),(52,4564)]	20.824110
991	[(10,2055),(29,527),(32,2275),(40,3468),(53,1020),(88,4050)]	20.228280
992	[(2,1897),(5,4869),(36,2576),(42,4035),(45,755),(53,4855),(59,2041),(74,3705),(79,467)]	18.937621
993	[(47,791),(49,268),(55,1666),(56,4137),(77,2156),(83,131)]	20.657575
994	[(33,2606),(38,4759),(57,1018),(64,1058),(72,1648),(80,2094),(88,1926)]	20.459727
995	[(7,2823),(13,138),(16,4072),(25,4008),(64,155),(82,4803),(88,245),(90,1554)]	20.382125
996	[(3,3188),(49,1801),(53,4503),(71,2416)]	19.134483
997	[(27,473),(51,1677),(58,3219)]	18.965904
998	[(7,1612),(8,1660),(13,4309),(44,255),(58,3947),(60,1329),(70,36),(82,1983),(89,1040)]	18.966508
999	[(3,4357),(4,3717),(73,2999),(74,2419),(84,3084),(90,2588)]	18.626565
