ruleset_index	matches	time_ms
0	[(3,3729),(33,3518),(45,1061),(81,2517),(83,3228)]	30.817089
1	[(0,5678),(71,5779),(75,5687),(87,3854),(89,207)]	21.265464
2	[(12,4398),(16,3687),(22,5199),(23,4350),(32,4617),(39,653),(40,4873),(46,2872),(54,2897),(66,2517),(77,5560)]	21.427512
3	[(22,3088),(49,3683),(54,5749),(59,3378),(75,3753)]	21.390581
4	[(10,1345),(15,4170),(18,464),(31,3447),(39,3205),(81,1219),(83,5819)]	27.046178
5	[(6,555),(34,3800),(48,916),(50,2060),(61,1334),(63,3169),(64,4374),(78,4310)]	22.165326
6	[(35,1527),(60,5299),(62,5034),(91,2093)]	21.495228
7	[(29,5777),(38,563),(42,507),(47,3896),(48,3317),(52,5297),(58,3212),(64,4337),(68,4145),(74,3841),(85,3891),(90,2531),(92,835)]	21.412452
8	[(1,2434),(6,940),(8,409),(12,3632),(20,5592),(22,5945),(38,524),(67,1253)]	21.167570
9	[(9,1814),(33,5462),(41,2818),(62,313),(70,4492),(76,5479),(77,5640),(84,3843),(91,5336)]	21.473190
10	[(11,3501),(19,2170),(31,5579),(32,3388),(36,1632),(49,2551),(52,1593),(82,1481),(87,4727),(91,1112)]	22.065327
11	[(7,4758),(11,1713),(23,2591),(46,713),(60,2267),(66,4351),(77,3151),(86,5192)]	23.098053
12	[(0,3998),(8,4243),(16,5628),(38,3891),(48,3537),(54,5779),(85,1340)]	21.169447
13	[(10,1413),(16,4861),(23,2129),(41,3224),(68,273),(92,5180)]	21.528926
14	[(1,617),(38,5390),(43,3394),(51,1209),(80,4140),(91,5263)]	22.402726
15	[(1,2990),(11,4888),(22,2524),(24,5766),(40,1224),(45,5945),(67,2721)]	21.934210
16	[(5,3780),(19,1750),(20,4810),(28,621),(30,825),(79,3145),(81,3971)]	28.272762
17	[(3,1333),(9,4952),(16,2920),(41,976),(49,1522),(52,4455),(60,2694),(72,3612),(80,1488)]	25.874155
18	[(4,2349),(9,1520),(15,2878),(23,3250),(47,4487),(57,4561),(74,2566)]	21.152153
19	[(3,3242),(27,292),(36,1094),(38,5989),(55,3028),(65,2616),(82,5272),(87,3639)]	21.211977
20	[(23,3997),(33,4599),(34,3182),(42,1278),(45,5214),(49,492),(52,1339),(56,614),(75,4034),(89,4722),(90,3953)]	21.908971
21	[(2,1660),(17,5464),(19,3477),(22,2098),(26,1849),(47,5715),(49,1159),(51,5386),(77,2915),(82,5106)]	21.282664
22	[(7,5893),(8,4079),(18,1875),(23,1736),(27,4609),(29,5141),(44,2263),(54,5937),(55,3384),(58,1099),(60,3746),(68,2439),(72,2854),(78,150),(80,53)]	23.657836
23	[(2,547),(5,4308),(27,4545),(35,4967),(45,2876),(51,5882),(52,5689),(58,739),(61,3988),(69,1720),(72,2212),(74,4333),(82,3882),(91,2390)]	24.064209
24	[(0,2280),(11,2984),(21,3525),(22,342),(31,3203),(51,4417),(56,4952),(59,5152),(64,1624),(66,5177),(67,1037),(81,1697),(83,77)]	39.960421
25	[(23,684),(24,656),(31,3488),(33,574),(57,2638),(67,4350),(76,4329),(77,5579),(78,3388),(89,644)]	24.220292
26	[(5,5029),(11,495),(12,3164),(13,1434),(15,2746),(26,3234),(27,3821),(32,4794),(37,4646),(52,2323),(70,504),(76,3620),(77,948),(79,1856),(82,2648)]	22.471681
27	[(5,5246),(8,5571),(13,609),(48,827),(52,4443),(55,460),(57,5307),(62,4356),(63,4254),(64,2413),(67,2287),(71,2274),(73,2115),(74,3204),(91,4424)]	21.857240
28	[(9,2096),(22,1699),(24,2189),(30,3661),(55,4185),(57,4267),(64,5233),(66,1698),(73,650),(82,207),(89,4430)]	21.641558
29	[(1,3449),(7,4170),(12,879),(13,3002),(22,3875),(27,4521),(29,1288),(35,591),(41,1999),(47,5673),(58,5038),(59,4548),(73,4965),(87,1199)]	21.249076
30	[(2,2890),(15,2284),(18,646),(30,5097),(35,4815),(39,3424),(52,66),(53,396),(73,1660),(80,38)]	40.925121
31	[(2,5307),(6,2447),(14,427),(20,1087),(21,5306),(29,3334),(35,2095),(41,91),(47,4222),(53,1789),(76,297),(80,5686)]	33.920039
32	[(7,2136),(11,848),(15,5622),(25,4581),(26,5661),(35,5377),(54,5066),(66,3238),(80,1008),(91,2181)]	21.205584
33	[(8,1552),(14,4488),(34,2549),(35,4474),(59,1631),(63,2741),(87,2461)]	21.264687
34	[(4,5821),(31,57)]	20.972531
35	[(4,2264),(43,1447),(53,5175),(61,335),(80,107)]	21.115176
36	[(4,5252),(11,1618),(13,5815),(25,5774),(37,1702),(50,2464),(52,5291),(67,5419),(81,1296),(91,5506)]	21.573167
37	[(3,313),(19,1905),(25,3160),(30,3613),(34,1711),(46,1800),(50,981),(51,308),(68,5747),(91,107)]	21.218782
38	[(22,5351),(45,5214),(49,2003),(57,66),(58,3817),(76,434),(91,5081)]	20.805400
39	[(20,4095),(29,1272),(66,22),(79,4651),(89,5060)]	30.663872
40	[(18,3559),(20,2222),(24,2276),(50,2954),(63,3269),(64,3016),(77,573)]	21.128558
41	[(9,297),(24,2126),(44,5218),(48,4949),(60,95),(74,1023),(91,1972)]	22.357206
42	[(18,1875),(22,2282),(56,3110),(57,3673),(65,3423),(75,1941),(87,4703),(89,28)]	30.228554
43	[(18,2),(23,5815),(50,4181),(58,3426),(64,140),(70,5262),(77,2117),(78,280)]	35.624066
44	[(0,5540),(11,5119),(27,330),(29,2398),(34,2563),(40,5898),(41,2388),(44,402),(50,2593)]	21.548915
45	[(4,3508),(6,792),(30,3645),(37,880),(49,543),(82,2953)]	47.066749
46	[(3,2884),(5,3479),(9,3381),(16,837),(21,1795),(37,1144),(52,5055),(56,4993),(58,1144),(66,1929),(67,3713),(81,4792),(87,5575),(91,953)]	46.254987
47	[(11,343),(26,2316),(38,2365),(45,5146),(51,4707),(54,2454),(59,5856),(68,3573),(69,413),(80,2441)]	46.116041
48	[(25,2092),(36,1279),(76,5237),(83,5191),(90,3488)]	47.812397
49	[(9,2803),(24,2568),(27,5004),(28,5478),(45,2646),(47,364),(56,937),(58,4348),(72,1844),(80,3963),(90,1330),(91,1914)]	45.759328
50	[(0,1089),(8,1253),(11,200),(17,724),(43,1109),(50,5243),(61,4206),(64,5909),(70,4903),(72,2570),(75,1163),(82,5792),(84,4388),(87,1825),(88,51)]	24.919553
51	[(36,2298),(55,1667),(61,2581),(67,5376),(72,198)]	21.665244
52	[(1,4403),(4,3978),(13,486),(22,5059),(23,4769),(28,5915),(29,2611),(33,5099),(35,3262),(36,5442),(37,5901),(91,3218)]	21.385825
53	[(0,5762),(3,4359),(7,1303),(27,4016),(38,1378),(52,5350),(74,1558),(89,3866)]	21.191144
54	[(17,3535),(25,426),(36,4538),(46,68),(58,1912),(80,3670),(82,5565),(86,5208)]	21.023790
55	[(0,3757),(4,4316),(39,4127),(47,968),(50,3237),(54,5505),(59,4270)]	21.870913
56	[(7,999),(8,5232),(19,2493),(36,2864),(37,3093),(63,2058),(69,1241),(76,5967),(77,1895),(78,343)]	21.774579
57	[(4,4181),(10,3279),(23,87),(24,882),(35,598),(48,4450),(66,3009),(76,240),(81,5894),(82,2044),(91,3027),(92,3430)]	21.969810
58	[(1,2633),(15,1084),(34,3009),(47,764),(55,5855),(82,3666)]	24.116593
59	[(1,4611),(8,593),(17,5510),(19,3376),(70,4933),(84,3972),(89,1045),(92,5628)]	21.530681
60	[(29,2973),(33,3643),(38,1691),(63,611),(67,4076),(78,4252),(81,3205),(86,5430)]	24.676717
61	[(5,748),(14,2524),(22,3026),(25,5596),(37,1976),(51,3447),(58,3910),(67,289),(69,3855),(72,2501),(85,4216),(89,2679)]	27.162048
62	[(7,3925),(8,4104),(17,5824),(34,1349),(37,3630),(61,3956),(67,4835),(76,769)]	22.243739
63	[(0,1673),(15,3503),(20,4604),(28,1385),(32,4038),(37,5907),(76,4803),(81,4563),(82,4401)]	21.381128
64	[(12,4038),(32,1374),(37,2952),(55,1380),(61,942),(63,295),(80,4084),(81,3054)]	22.239424
65	[(10,4619),(13,2000),(34,3584),(35,4075),(40,1768),(44,2385),(62,4999),(82,1969)]	22.493109
66	[(3,2985),(22,409),(39,801),(52,2181),(66,2010),(80,4752),(82,3402)]	22.740691
67	[(4,3762),(15,565),(21,1234),(42,5717),(50,3517),(61,1028),(75,128),(76,5184),(78,4895)]	22.240384
68	[(1,3646),(23,62),(25,2941),(39,3885),(42,1976),(43,5884),(57,2143)]	21.253960
69	[(22,4953),(26,6005),(27,3769),(30,5162),(46,2837),(47,619),(82,5619),(83,5063),(85,1602)]	21.402213
70	[(8,1835),(9,2468),(13,786),(21,747),(27,4055),(34,3805),(54,2379),(63,5617),(65,1887),(78,4470),(79,5806)]	21.506845
71	[(3,5069),(13,3534),(51,5206),(58,2830),(68,5158),(79,5296),(84,3176)]	21.398718
72	[(6,2767),(21,2749),(23,1596),(25,5574),(26,3325),(44,4646),(47,2061),(48,346),(55,4965)]	21.829663
73	[(27,161),(44,3438),(45,4215),(52,5529),(68,5209),(80,4729),(83,1917)]	22.925374
74	[(2,556),(9,1201),(34,2866),(39,4990),(73,5920),(91,4191)]	21.459393
75	[(1,3777),(8,3678),(10,1327),(11,2944),(28,1352),(41,2893),(73,4115)]	21.729775
76	[(6,842),(48,3989),(50,5506),(58,122),(65,3241),(75,4940),(80,5294)]	21.452910
77	[(12,1043),(14,1711),(30,64),(34,2658),(50,5274),(56,2190)]	21.231409
78	[(4,5802),(6,4407),(9,3281),(20,2070),(35,4730),(56,624),(64,5392),(67,2566),(70,4282),(86,1943),(90,3539)]	21.197063
79	[(2,4239),(7,237),(8,1139),(15,1050),(21,2105),(46,2405),(60,3399),(76,5437),(85,3707),(90,3517)]	21.728722
80	[(2,4142),(6,5502),(30,4224),(37,5496),(56,435),(69,749),(70,3612),(74,1962),(89,5034)]	21.105432
81	[(15,271),(30,1515),(33,4454),(35,4277),(49,344),(50,810),(53,5765),(55,4466),(56,560)]	21.084177
82	[(1,598),(7,5043),(15,4075),(29,2129),(32,5067),(34,334),(53,2730),(73,3890),(85,5407),(86,5620),(87,5105),(91,3587)]	20.988926
83	[(11,5302),(18,713),(45,1378),(71,5123),(75,880),(76,1661)]	37.570547
84	[(21,5335),(39,716),(44,4488),(48,5712),(50,2139),(53,3458),(84,5576)]	26.137566
85	[(6,5831),(14,5996),(15,1292),(23,5529),(28,3694),(32,1469),(34,5285),(45,4844),(46,1946),(62,3572),(64,5006),(69,3873),(70,4438),(72,4858),(87,3350)]	25.529142
86	[(13,5263),(17,190),(20,2000),(50,3956),(66,976),(68,1134),(71,2453),(80,1202),(81,4408),(82,3878),(84,1087),(87,929)]	22.035151
87	[(34,5094),(35,2133),(66,1721),(67,5429),(73,5912),(79,1049)]	22.353738
88	[(12,2811),(16,1475),(29,1449),(30,2450),(47,2260),(57,812),(65,3842)]	21.279065
89	[(0,1996),(31,1982),(46,4277),(69,1454),(70,2166),(89,2432)]	22.768943
90	[(5,2218),(15,3412),(16,2467),(25,3997),(47,2732),(52,3533),(57,1268),(60,4600),(61,2661),(69,1766),(72,4114),(77,4958),(80,3704),(86,2638)]	21.218846
91	[(1,5011),(14,3059),(30,4555),(33,1550),(65,4735),(76,3277),(84,4280)]	21.429934
92	[(0,2940),(3,968),(10,5701),(22,2096),(24,4310),(28,582),(33,1587),(34,287),(35,55),(40,2506),(61,4978),(78,5233)]	21.226100
93	[(0,5512),(10,5740),(16,4592),(21,4897),(42,722),(43,1431),(63,4943),(73,5310),(85,1429)]	21.447340
94	[(15,5862),(23,1705),(33,628),(45,3214),(51,4859),(56,1078),(58,3626),(70,3779),(82,2530),(85,2278),(91,4860)]	21.185897
95	[(5,2676),(11,1451),(26,586),(31,4474),(46,4420),(55,593),(61,705),(67,5700),(71,1635)]	21.695848
96	[(13,4115),(40,3249),(59,1233),(74,3174),(75,2151),(84,4500)]	21.778331
97	[(10,4059),(43,4179),(51,705),(75,751),(81,424),(88,4939)]	21.159038
98	[(13,4386),(20,81),(43,4068),(81,5873),(84,5928),(89,881)]	21.645863
99	[(2,1831),(25,2385),(30,329),(63,2092)]	21.677754
100	[(1,2102),(3,592),(7,1186),(8,5781),(13,3796),(18,493),(29,2208),(52,5506),(63,5744),(81,455)]	22.438982
101	[(5,4065),(9,754),(25,5701),(40,195),(43,1781),(56,4341),(58,4815),(77,5127),(86,2537),(92,3896)]	23.170368
102	[(17,974),(19,4727),(42,891),(46,3936),(59,795),(74,4184),(84,2866),(89,2408),(92,3141)]	21.529870
103	[(0,1780),(5,1342),(20,560),(21,462),(22,1560),(30,2665),(37,2500),(42,39),(55,2946),(78,1456),(80,1375),(81,3320),(85,1474),(86,893)]	21.527912
104	[(2,3392),(9,3499),(15,4801),(29,1337),(30,3679),(43,5481),(52,2786),(68,1608),(86,2265)]	21.803610
105	[(6,4578),(9,2484),(11,5303),(14,972),(17,4882),(18,4121),(22,665),(42,3787),(48,211),(50,1544),(69,2886),(77,5573),(81,3439),(84,4195),(91,97)]	28.902730
106	[(4,5250),(6,2526),(20,41),(21,554),(22,1239),(31,5485),(64,5222),(66,3488),(83,3907),(89,3102)]	24.330591
107	[(11,4673),(12,4143),(14,4525),(19,1062),(41,152),(48,454),(49,5101),(73,3992),(76,5954)]	21.740951
108	[(18,3349),(30,5638),(35,625),(46,44),(62,439),(79,5119),(83,2493),(85,908),(88,1648)]	21.634514
109	[(6,5055),(22,5459),(26,3799),(27,4275),(29,3055),(30,4618),(38,4052),(47,3782),(52,841),(55,3025),(57,3759),(61,2434),(75,4895),(79,4983)]	23.532447
110	[(14,2010),(17,839),(21,2584),(30,3662),(49,1652)]	27.387186
111	[(15,5172),(24,4689),(26,2414),(39,1101),(46,4784),(57,5639),(66,5336),(86,4585)]	21.877162
112	[(10,956),(23,1387),(36,1643),(41,5453),(48,2567),(64,586),(77,5823),(92,4533)]	22.846512
113	[(4,3235),(13,3516),(53,5959),(72,564),(83,840)]	21.663427
114	[(8,1480),(20,163),(31,24),(34,1795),(36,1216),(38,2332),(61,568),(63,2847),(73,4282),(75,3874),(77,918),(88,3056)]	21.999400
115	[(7,1569),(14,3157),(17,846),(18,767),(21,775),(28,3039),(33,3458),(47,2137),(49,5897),(60,3876),(74,4965),(86,3756)]	21.991605
116	[(13,5155),(23,4325),(26,1049),(29,2602),(37,2084),(42,2858),(55,4909),(58,3701),(61,4630),(64,2115),(91,1431)]	21.626576
117	[(0,4202),(5,5157),(11,12),(27,1441),(28,2817),(29,5544),(53,5735),(65,3069),(78,5606)]	21.480643
118	[(0,507),(8,1290),(16,2631),(23,4706),(50,745),(53,648),(62,3160),(67,4396),(87,2493),(89,5394)]	21.188254
119	[(1,1604),(4,5724),(15,636),(17,1958),(18,1157),(22,3814),(29,4049),(34,5768),(82,4582)]	22.375807
120	[(14,5836),(15,2946),(16,4165),(21,4119),(22,2181),(39,3218),(55,1992),(57,5006),(66,1235),(78,1290),(81,818),(90,2221)]	22.107799
121	[(2,4749),(3,5686),(7,3591),(13,4688),(24,5638),(37,5175),(65,4111),(69,1766)]	21.587124
122	[(9,727),(13,2592),(33,2622),(42,5918),(43,2842),(55,1058),(67,667),(84,2293)]	21.505538
123	[(5,1980),(18,1178),(33,2337),(46,2407),(50,742),(68,3341),(83,1923)]	22.263580
124	[(5,375),(11,5799),(17,1222),(39,3728),(50,3064),(70,3082),(90,4950)]	23.832982
125	[(25,4570),(26,3367),(34,2558),(38,4367),(47,3980),(60,593),(73,4637),(75,5520),(77,3211),(86,4084)]	21.726228
126	[(4,1991),(10,3385),(26,5287),(28,3029),(31,5687),(41,2020),(68,2343),(83,4649)]	21.174756
127	[(30,771),(36,4937),(43,5304),(45,2628),(47,2266),(72,5855)]	21.932822
128	[(10,4645),(21,623),(30,1126),(53,3354),(54,2420),(57,2839),(89,3233),(92,4133)]	23.356411
129	[(48,2970),(59,4384),(60,2600),(70,1199),(75,722),(76,1431),(77,3473),(86,2660)]	42.067111
130	[(10,5455),(12,2393),(20,3642),(21,5520),(24,4033),(36,1438),(50,829),(54,4575),(57,259),(64,1210),(89,972)]	44.926557
131	[(4,5413),(8,4172),(10,96),(12,3573),(13,2165),(26,2590),(32,4868),(52,5948),(77,1559),(84,2280)]	43.381109
132	[(12,4346),(23,2217),(35,4635),(36,4764),(40,2784),(42,110),(54,1559),(61,2889),(75,3898)]	43.870454
133	[(9,4412),(11,561),(14,4097),(16,1626),(17,5027),(36,4536),(37,579),(45,2984),(52,4121),(81,866)]	43.022990
134	[(5,4918),(9,5986),(16,2628),(20,3366),(42,1482),(43,4879),(54,4458),(80,4931),(83,232),(90,1399),(92,2152)]	44.414429
135	[(6,4529),(10,2667),(22,5487),(67,4486),(68,3733),(69,2098),(77,4595),(84,1512),(85,289)]	42.317122
136	[(19,3969),(30,704),(41,771),(50,1524),(51,468),(64,1),(65,5711)]	41.015092
137	[(1,5347),(12,534),(16,4795),(18,545),(24,2288),(32,1102),(40,5847),(59,4636),(60,4054),(64,2725),(66,5651),(69,5912)]	41.838557
138	[(13,1211),(16,1560),(35,2241),(44,3927),(45,212),(46,762),(54,1928),(65,3184),(70,5661),(72,5890),(76,1386)]	42.991687
139	[(27,4766),(47,4708),(58,3928),(62,4291),(74,5567),(90,1128)]	41.690581
140	[(7,4123),(9,2059),(11,3107),(16,3785),(42,3591),(43,3777),(45,1212),(46,4514),(47,3188),(54,1173),(59,2726),(69,1601),(83,1130),(87,828),(88,322),(90,4307)]	43.604641
141	[(0,4507),(3,4993),(29,4345),(43,3476),(45,2321),(50,507),(57,2707)]	44.267204
142	[(8,3200),(15,2372),(20,5314),(25,2471),(28,2403),(60,1610),(67,536),(76,5256)]	43.347315
143	[(31,5829),(41,3456),(55,388),(57,2020),(60,1117),(69,241),(77,2350),(78,655),(82,397)]	41.949846
144	[(30,3849),(34,4137),(36,5856),(60,3234),(66,5455),(78,758),(79,969)]	42.298616
145	[(8,1715),(36,2964),(37,3128),(39,2533),(42,2285),(52,5657),(60,4027),(80,461),(82,5952),(89,2693),(92,4601)]	41.857094
146	[(39,2227),(43,3266),(48,2049),(64,2614),(75,3699),(90,4218)]	42.044752
147	[(12,5681),(29,105),(31,3392),(40,4112),(50,5555),(71,4540),(74,2264),(78,1007),(91,421)]	41.817465
148	[(2,3454),(4,4),(9,5029),(16,4374),(17,4922),(62,45)]	41.934926
149	[(18,1541),(22,4376),(25,5695),(33,4834),(43,5256),(48,5383),(51,3350),(81,1596),(88,3152)]	42.652937
150	[(43,2413),(50,5513),(53,3897),(63,2328),(74,151),(78,2837)]	43.155192
151	[(2,4276),(57,6003),(91,2560)]	39.994263
152	[(8,1131),(15,5372),(42,2268),(58,631),(60,2839),(71,2911),(74,5296),(75,1815)]	40.873367
153	[(8,5678),(27,24),(59,4029),(67,3861),(82,2963),(88,3862)]	46.200779
154	[(2,2276),(4,5477),(6,552),(18,5481),(20,4217),(23,3960),(30,571),(32,1602),(40,344),(41,810),(44,779),(49,5989),(68,589),(75,1320),(86,5346)]	44.677760
155	[(8,4831),(18,1289),(44,437),(48,4051),(49,2932),(66,603),(75,5557),(88,5483)]	41.766857
156	[(3,1937),(10,4384),(11,2600),(28,3458),(31,305),(41,3126),(43,2987),(45,420),(47,4653),(49,1422),(51,2867),(69,931),(77,4381)]	41.950059
157	[(1,5302),(22,5523),(42,4456),(57,4406),(66,1493),(73,419)]	42.415437
158	[(8,872),(17,5949),(18,2005),(27,2100),(33,1548),(48,2364),(53,1419),(73,2821),(86,1640)]	41.571442
159	[(4,2577),(34,4045),(35,2320),(40,4491),(51,2307),(62,2579),(74,5978),(84,5657),(92,1561)]	41.416879
160	[(0,2710),(8,4490),(14,4129),(18,774),(20,275),(27,4960),(35,5272),(52,3918),(75,4168),(84,5727)]	40.635794
161	[(17,767),(20,2026),(46,807),(64,2011),(73,1288)]	41.785197
162	[(3,4307),(20,924),(26,1623),(35,1700),(36,809),(39,781),(41,4944),(51,5693),(53,1396),(64,1788),(67,3287)]	41.247210
163	[(5,4773),(15,2803),(18,2989),(19,5242),(21,4147),(31,3411),(41,757),(44,3727),(49,4822),(50,3046),(51,1288),(54,946),(57,1073),(81,5745),(83,2185),(91,3776),(92,2235)]	46.345637
164	[(17,193),(24,5253),(30,868),(31,391),(50,4086),(75,4552),(77,5942)]	51.564384
165	[(2,3279),(23,5666),(41,1720),(43,5876),(68,3799),(69,4275),(71,1296),(88,4876)]	45.752726
166	[(31,141),(38,4566),(41,5272),(65,4307),(67,5867),(77,944),(80,64),(86,5039),(91,770)]	41.659769
167	[(6,2631),(27,53),(37,2437),(46,421),(49,4562),(53,2719),(54,5233),(68,3679),(83,2549)]	41.932248
168	[(9,5816),(16,4258),(31,4951),(36,5999),(72,1186),(89,5146)]	42.864540
169	[(1,3968),(29,3222),(37,1228),(38,2928),(51,1884),(60,5764),(71,1921),(76,3459)]	45.421202
170	[(2,3156),(6,2204),(10,2175),(12,4350),(41,1677),(53,5324),(78,496)]	41.948500
171	[(48,1952),(56,2275),(75,4670),(83,3474),(86,1273)]	43.296011
172	[(10,3837),(19,5611),(21,2170),(33,263),(50,1518),(83,2373),(85,3163),(88,3444)]	39.563771
173	[(8,1417),(11,5440),(19,5021),(20,3142),(22,2253),(27,678),(44,339),(45,4126),(84,998)]	41.550857
174	[(5,842),(9,4511),(16,1364),(17,2776),(24,1824),(44,3843),(55,5811),(68,2195)]	42.108543
175	[(9,3915),(17,4482),(18,870),(20,4375),(26,5699),(36,4390),(70,2355),(74,5728)]	43.523036
176	[(14,4110),(17,3604),(41,1871),(50,4517),(51,3261),(55,5307),(64,2743),(67,835),(78,2494),(87,5043)]	44.496561
177	[(3,3301),(26,3424),(35,538),(38,4637),(48,612),(55,3173),(86,828)]	47.193685
178	[(67,482),(78,2967)]	46.962196
179	[(3,5912),(4,2276),(16,3607),(35,2477),(45,5086),(66,1252),(69,708),(92,2652)]	51.980288
180	[(2,359),(23,2576),(28,3944),(34,703),(42,1259),(43,3201),(60,2844),(69,4839),(74,4085)]	44.070784
181	[(37,5138),(40,3259),(54,4499),(58,2615),(59,5378),(63,5623),(73,1868)]	42.251132
182	[(3,5096),(22,5726),(35,5678),(37,518),(39,3702),(67,1032)]	42.101720
183	[(0,365),(1,4019),(15,2692),(41,2212),(48,2177),(52,1178),(55,3626),(65,507),(79,1675),(85,3890),(87,243),(89,72)]	42.665704
184	[(4,4380),(24,209),(51,5295),(55,5232),(66,5674)]	42.225397
185	[(8,5521),(15,5737),(26,2376),(39,1096),(59,1253),(74,1509),(77,1673),(81,785),(86,3832)]	42.760289
186	[(10,595),(26,3673),(33,5857),(42,749),(45,1221),(46,80),(61,55),(63,792),(80,2340),(81,228),(86,853)]	54.200259
187	[(1,2127),(5,5428),(10,5893),(11,4079),(13,2635),(15,5211),(17,2082),(23,5287),(38,1665),(44,170),(50,3857),(51,1602),(58,4464),(67,4683),(72,993)]	42.960269
188	[(3,2985),(11,3856),(27,4788),(32,4734),(41,4994),(57,4902),(68,7),(85,3179)]	41.867802
189	[(17,3842),(25,3220),(26,4606),(45,2669),(82,544),(87,1253),(92,3632)]	42.317042
190	[(1,1986),(10,4470),(21,1369),(26,3841),(55,3988),(75,4384),(85,1392),(89,5832),(90,4931),(91,4361)]	42.452477
191	[(36,2361),(44,5727),(53,3038),(63,3601),(74,5450),(75,5942)]	42.061731
192	[(0,2631),(3,1652),(10,5623),(15,5522),(25,17),(48,5602),(50,4735),(79,1301),(87,1168),(90,123)]	41.172258
193	[(1,1102),(4,1201),(9,5493),(29,2587),(50,493),(62,1524),(63,468),(79,3919),(80,5190),(81,2103),(82,4625),(83,2689)]	41.182675
194	[(8,3031),(12,5441),(51,1648),(55,4852),(73,1415),(77,2893)]	43.210088
195	[(4,1864),(5,4222),(22,2489),(32,1140),(48,2293),(57,1198),(63,5730),(64,2580),(67,3114),(73,5870),(79,4057),(86,4058),(92,1625)]	43.835056
196	[(2,461),(15,5188),(17,3280),(32,2302),(35,4125),(77,2194),(78,3811),(81,1513),(83,4836)]	45.991908
197	[(0,1837),(37,4591),(40,3740),(43,517),(60,985),(84,5690)]	40.439752
198	[(16,5098),(46,4627),(53,3593),(55,1510),(59,4406),(64,2098),(70,3742),(71,791),(76,3418),(82,337)]	41.274425
199	[(2,2154),(7,3631),(12,2923),(34,3388),(37,3804),(44,1506),(47,498),(48,5858),(55,2187),(68,1216),(69,773),(71,2050),(79,3216),(80,2681),(89,1333)]	46.543055
200	[(3,4325),(9,445),(14,618),(26,4105),(34,2550),(47,1097),(50,5192),(54,2641),(71,1837),(82,928)]	43.955391
201	[(7,577),(18,2157),(35,3375),(36,5852),(38,4562),(42,1171),(82,1070),(83,1190),(88,4035)]	43.582618
202	[(1,4998),(4,4631),(8,4212),(23,5632),(24,366),(42,3817),(46,4668),(63,5032),(72,4099),(92,2244)]	43.968866
203	[(7,3092),(8,1968),(25,790),(30,5176),(35,3797),(40,1828),(45,1020),(51,1684),(69,5966),(85,895),(92,3270)]	49.158983
204	[(18,5822),(35,2002),(43,68),(50,1758),(76,1229),(84,3807),(87,4975)]	52.137775
205	[(3,685),(10,410),(14,1920),(24,3466),(29,1808),(36,1250),(68,1702),(80,2757),(89,2173)]	46.348366
206	[(12,1305),(13,3356),(22,1032),(46,427),(62,767),(71,3444),(79,3019)]	46.509673
207	[(12,2260),(63,5475),(71,2558),(91,1454)]	44.769669
208	[(3,860),(14,518),(17,3088),(28,3073),(32,168),(35,2614),(40,1501),(41,1374),(53,3445),(70,1913),(71,1284),(81,4982)]	43.541867
209	[(1,4001),(12,4527),(14,1169),(37,153),(60,613),(83,662)]	45.448981
210	[(5,1284),(12,5175),(20,4064),(24,4642),(28,1285),(29,3919),(39,1912),(41,410),(62,5261),(63,4409),(69,4462),(77,4646)]	50.056958
211	[(7,3278),(13,4197),(23,3742),(24,1105),(35,1141),(43,4139),(44,4313),(60,966),(72,843),(85,4406)]	46.658088
212	[(38,5552),(39,2198)]	52.435477
213	[(1,4744),(9,4700),(11,4529),(17,4379),(24,4183),(41,4357),(49,4761),(82,3119),(88,5598)]	40.250903
214	[(8,4369),(36,5142),(52,689),(62,2882),(75,1314),(82,1231),(87,545),(92,667)]	44.082449
215	[(1,4665),(3,1194),(14,984),(20,3441),(23,691),(28,1691),(52,2446),(56,4413),(86,88)]	44.479805
216	[(0,4801),(2,3044),(4,28),(11,5136),(40,2935),(47,4369),(49,5856),(61,496)]	43.482506
217	[(9,3039),(62,3014)]	44.817439
218	[(3,496),(17,2904),(25,4365),(44,1839),(47,4497),(56,4385),(63,172),(64,3515),(71,368),(88,5020),(92,2826)]	43.411386
219	[(4,2535),(26,4096)]	43.407573
220	[(2,5960),(18,3283),(20,5362),(24,2850),(35,5546),(41,2844),(44,1507),(54,2792),(76,4800),(82,5990)]	45.959421
221	[(4,3238),(24,4895),(43,3697),(47,961),(60,5809),(78,65),(91,3772)]	46.414039
222	[(5,5889),(17,142),(31,840),(33,3093),(49,594),(54,5998),(57,2357),(61,4620),(63,3791),(72,2606),(74,5889),(77,717),(85,1434),(89,1606)]	50.058455
223	[(12,2954),(14,4403),(42,5310),(55,4649),(62,3753),(77,512),(88,1405)]	43.688299
224	[(20,3024),(24,171),(35,267),(38,3455),(39,4190),(61,5439),(72,2534),(76,907),(78,4456),(82,2948),(88,1200)]	22.394118
225	[(5,3420),(9,3126),(17,3741),(26,1837),(30,5466),(35,5329),(41,2153),(42,3695),(45,1004),(47,3838),(56,1254),(58,4591),(65,117),(77,1782),(87,1731)]	22.162698
226	[(20,384),(27,1699),(46,3081),(50,912),(56,4807),(71,3223),(87,3521)]	23.163146
227	[(14,2451),(52,468),(57,5244),(60,5114),(62,665),(65,1183),(89,3945)]	22.592454
228	[(2,5089),(34,359),(52,5222),(54,4657),(68,5061),(72,3477),(75,271)]	22.443250
229	[(23,4189),(51,3487),(61,446),(64,1626),(70,1003),(71,2123),(72,277),(76,669),(83,2806)]	25.232896
230	[(3,3999),(7,360),(9,25),(17,2674),(28,3492),(44,5493),(61,1796),(64,5511),(72,4132),(78,5632),(83,3530)]	37.965778
231	[(23,306),(37,1528),(51,2273),(60,1605),(79,1067),(87,155)]	22.118401
232	[(12,1136),(13,2083),(20,995),(22,947),(33,5367),(36,4209),(44,3179),(45,1804),(54,275),(67,510),(86,326),(90,1942)]	22.553656
233	[(4,4811),(20,6005),(34,4766),(41,2659),(64,4211),(65,2092),(79,321)]	22.406559
234	[(25,5673),(27,1361),(29,3926),(39,4744),(51,36),(74,2255),(80,1138)]	21.350625
235	[(14,2401),(16,4569),(18,497),(39,5896),(50,2771),(52,3492),(81,4340)]	21.984382
236	[(10,5759),(13,2453),(37,549),(40,1135),(49,5617),(56,2276),(62,3698),(71,2581),(77,5924)]	28.130415
237	[(3,3991),(6,4),(9,1759),(18,4034),(21,901),(36,1006),(39,2567),(41,2643),(60,98),(69,710)]	25.235799
238	[(25,2091),(26,3846),(43,1486),(48,4560),(51,206),(60,4770),(72,1114),(74,1519),(91,129)]	22.840967
239	[(0,292),(6,4741),(14,2427),(25,4170),(31,1096),(32,2112),(36,5730),(40,2566),(56,2008),(84,5179)]	22.498458
240	[(12,4686),(22,1013),(23,4206),(26,5242),(34,3964),(46,3318),(54,2629),(71,795),(75,5249),(90,2854)]	22.876047
241	[(27,4256),(32,4118),(37,5867),(40,3450),(41,134),(47,532),(58,4784),(61,1173),(67,2056),(71,3589),(79,2515),(85,1975),(92,1744)]	21.613378
242	[(0,367),(9,711),(30,4366),(33,3131),(44,2870),(48,4849),(56,5413),(69,1119),(79,2531)]	20.987632
243	[(20,1606),(30,5596),(32,2284),(43,5803),(78,642),(79,3576),(82,4914)]	21.307388
244	[(3,3613),(17,956),(48,4089),(61,1837),(67,778),(72,4741),(81,2745)]	21.953271
245	[(13,62),(27,3731),(35,858),(42,3423),(52,1988),(77,5202),(79,5945),(88,5990)]	21.663919
246	[(1,5154),(10,1386),(21,937),(49,5586),(74,212),(75,762)]	21.559617
247	[(36,1861),(41,700),(55,2666),(61,1170),(68,3819),(77,1774),(90,3929)]	21.833255
248	[(32,1482),(37,3214),(48,108),(57,4009),(76,4161)]	23.728596
249	[(1,269),(9,4583),(12,2723),(25,1576),(39,4086),(61,5031),(87,2247)]	21.715561
250	[(8,2646),(9,189),(24,2962),(45,1313),(64,2888),(67,2460),(76,383),(81,3380),(82,4771)]	22.460448
251	[(11,2201),(81,1302)]	21.488288
252	[(1,475),(16,4004),(17,2285),(30,5695),(55,1919),(61,582),(75,3825),(76,4303),(84,3043)]	22.254672
253	[(4,1249),(10,4790),(13,1754),(45,2791),(62,4564),(76,3337)]	22.345204
254	[(21,4280),(42,4139),(43,2209),(66,3296),(73,3652)]	21.520332
255	[(10,4036),(15,3505),(18,3148),(22,1986),(37,2421),(74,2980),(88,5557),(92,2212)]	21.490815
256	[(1,661),(22,4683),(33,1365),(42,4354),(47,828),(48,4049),(70,5458),(77,3962),(89,4336),(91,5565)]	21.920553
257	[(0,1388),(5,435),(8,732),(28,3243),(65,1575),(67,3760),(79,5807),(92,3869)]	21.236986
258	[(10,3389),(21,3795),(49,1593),(51,2134),(66,2819),(92,5764)]	21.217269
259	[(9,4318),(10,2433),(18,5665),(19,4325),(29,1681),(45,4826),(53,3362),(75,845),(82,2135),(85,5553),(86,3370),(91,3147)]	21.153636
260	[(7,2251),(13,3727),(59,2412),(60,5341),(61,4946),(74,1542),(84,1982),(90,4461)]	22.029950
261	[(11,2149),(16,249),(25,747),(27,268),(30,4916),(35,5763),(40,2820),(48,1986),(63,856),(89,1576)]	22.490534
262	[(4,3137),(33,1573),(36,4366),(38,4990),(62,3928),(63,3889),(65,1094)]	21.251561
263	[(8,5714),(11,4168),(21,5747),(28,1432),(31,5098),(57,3582),(58,501),(67,1220),(73,2040)]	24.868316
264	[(19,5217),(21,2858),(48,526),(52,4334),(87,2258)]	26.476776
265	[(19,189),(26,1165),(34,822),(43,570),(51,4701),(72,3618)]	23.000622
266	[(12,1847),(21,2213),(22,4187),(29,4977),(36,5781),(44,4009),(59,3454),(75,2925),(85,322)]	21.938548
267	[(6,2158),(9,658),(12,475),(20,2014),(21,144),(22,5471),(30,553),(31,1672),(65,1364),(71,5914),(74,5214),(78,2003),(80,1428)]	21.191985
268	[(6,5062),(28,2001),(41,2879),(45,4532),(48,1138),(67,450),(75,672)]	21.415522
269	[(0,5815),(7,5420),(12,5076),(17,2168),(18,1863),(28,4528),(31,3121),(45,6005),(59,3080),(90,1274)]	21.722953
270	[(0,5377),(5,5696),(18,714),(24,2582),(33,2966),(48,5262),(61,5574),(76,1946),(81,3500)]	21.081113
271	[(7,1530),(12,5664),(21,5740),(44,1708),(51,2911),(54,1688),(55,4899),(81,1850),(90,143),(92,2267)]	21.451083
272	[(7,1117),(12,3598),(34,2306),(39,1429),(47,1918),(59,4451),(88,662)]	21.381352
273	[(4,4043),(18,893),(23,4611),(25,822),(35,1701),(47,5576),(67,2183),(69,3296),(82,3799),(90,923)]	21.659964
274	[(19,799),(32,2201),(40,5269),(49,5640),(53,4105),(61,5949),(73,803),(74,886),(77,2373)]	21.336925
275	[(6,3490),(22,1633),(26,1968),(31,923),(37,1655),(38,5621),(56,4516),(90,2249)]	29.637056
276	[(0,1730),(5,1347),(52,3253),(71,643),(90,3212)]	33.229514
277	[(3,3482),(32,5890),(37,5597),(45,679),(48,1925),(59,4807),(73,5539),(74,2712),(82,4085)]	23.228806
278	[(17,2374),(30,4206),(35,1624),(42,5398),(43,4113),(69,4058),(92,4629)]	22.359698
279	[(9,3860),(15,1839),(29,5493),(31,3103),(32,3901),(79,2605)]	22.001300
280	[(25,2887),(40,3525),(41,342),(50,788),(57,3734),(70,1158),(81,800)]	28.900441
281	[(3,5291),(18,1365),(19,3323),(25,4299),(52,1716),(53,1651),(62,322),(63,2117),(64,280),(80,5778),(81,4631),(86,4442)]	25.150046
282	[(6,65),(12,1653),(29,3183),(32,1402),(36,745),(52,4640),(53,2169),(55,2890)]	23.481921
283	[(18,1158),(23,4276),(37,2465),(47,1270),(58,2324),(68,3699),(71,3897),(78,377),(82,2553),(90,4424)]	21.931283
284	[(13,4029),(26,3779),(30,4102),(35,4907),(40,5406),(52,3781),(66,2728),(77,1014),(79,4623)]	22.031931
285	[(5,3435),(15,1422),(46,10),(57,1359),(64,3533),(66,2701),(69,2698),(70,3603),(72,1361),(82,552),(86,1665),(90,5868)]	21.317360
286	[(9,3589),(11,4916),(19,4986),(26,2929),(42,576),(45,5947),(61,355),(62,2936),(80,1149),(86,5425),(87,3453)]	21.115875
287	[(0,5795),(3,643),(10,4482),(11,870),(36,549),(37,1318),(43,97),(48,2260),(50,4887),(58,1494),(66,5756),(81,1531),(86,5339)]	21.532761
288	[(13,876),(16,1795),(17,2242),(32,5853),(81,440)]	21.168575
289	[(22,2584),(23,422),(25,2712),(29,781),(40,2415),(48,906),(49,653),(50,4873),(62,498),(65,3413),(90,3375),(92,3806)]	21.062286
290	[(7,3220),(11,434),(23,461),(37,3034),(48,2885),(49,4130),(72,5459),(76,5759)]	21.819312
291	[(1,1740),(38,3370),(48,1741),(70,27),(71,1386)]	23.508999
292	[(0,5455),(14,4993),(25,3611),(26,5221),(56,1059),(64,417),(85,5793),(86,2167),(90,1049)]	22.364359
293	[(11,1845),(15,2271),(17,1263),(22,2872),(27,5778),(29,2445),(32,2193),(53,5755),(78,1710),(90,3170)]	22.797986
294	[(15,289),(29,3387),(31,202),(32,1634),(38,100),(45,4423),(46,4156),(47,1366),(48,3804),(68,5955),(76,3598),(80,3762),(88,614)]	21.575107
295	[(7,247),(15,3785),(22,731),(31,1249),(34,3056),(36,5952),(48,4631),(56,5710),(76,2016)]	21.317721
296	[(27,3244),(43,155),(56,2587),(69,5392),(92,3752)]	21.309288
297	[(15,109),(17,4189),(18,1452),(23,5182),(36,5247),(68,2138),(86,2184)]	21.235309
298	[(1,668),(35,1963),(37,2152),(39,3986),(59,4922),(65,256),(72,224),(79,1886)]	21.239159
299	[(0,2513),(4,5570),(6,3793),(9,1481),(20,3508),(30,4303),(43,2409),(71,2635),(74,2952),(89,570)]	21.557708
300	[(1,5766),(16,4798),(21,4014),(26,219),(28,5690),(32,386),(34,2235),(51,5919),(66,5299)]	25.371462
301	[(1,4165),(11,5603),(21,825),(36,5311),(44,5514),(57,3840),(76,5988),(77,4589),(80,3469),(86,3479),(90,5629)]	21.095670
302	[(6,5013),(13,1964),(65,903),(72,6006),(85,2008),(91,4416)]	21.700745
303	[(13,3997),(24,4469),(30,4782),(38,3285),(44,5144),(78,5861),(86,5676)]	20.880953
304	[(0,5422),(12,1267),(16,2965),(30,3052),(36,1810),(51,2844),(58,2989),(59,5242),(63,1958),(91,758)]	21.217475
305	[(12,1404),(16,2168),(18,2409),(30,3900),(34,2220),(58,1782),(66,1831),(74,988),(87,720),(89,977)]	21.275619
306	[(11,5473),(35,2499),(44,648),(45,4917),(73,3290),(78,1430),(83,2163),(90,4736)]	20.834378
307	[(14,5475),(18,1108),(33,3699),(44,478),(56,1103),(75,1891),(81,5239),(90,3963)]	23.614771
308	[(23,1107),(35,5136),(44,845),(45,890),(70,3380),(71,4771),(75,4117),(85,4561),(92,462)]	24.741466
309	[(5,5670),(21,5515),(26,1356),(27,755),(44,80),(46,4064),(52,5122),(60,1677),(65,5551),(71,2183),(73,3296)]	25.947294
310	[(1,1889),(4,3004),(20,5547),(22,4133),(35,255),(45,3898),(46,172),(52,4460),(54,604),(71,5323),(72,4524),(80,3742),(81,1105)]	25.784504
311	[(3,400),(6,2915),(12,4685),(23,1182),(28,1550),(29,1641),(30,5953),(57,931),(70,1408),(76,3346),(80,238),(83,3039),(85,648),(89,3326)]	20.904186
312	[(16,1154),(17,1064),(22,1064),(30,1396),(34,1042),(39,4390),(45,2022),(63,1135)]	21.083763
313	[(12,4992),(14,4115),(16,2021),(27,5176),(53,821),(61,2315),(67,4443),(77,5554),(88,5112)]	21.904947
314	[(15,5446),(19,2941),(37,2300),(38,4208),(61,4590)]	21.117863
315	[(5,4869),(12,5794),(37,5257),(45,3561),(46,2595),(65,418),(90,2084)]	20.917075
316	[(4,824),(12,4677),(13,5522),(17,2540),(23,2779),(24,998),(64,1487),(76,3683),(90,1912)]	21.761749
317	[(13,4936),(19,5494),(33,3450),(61,1385),(73,3180),(81,4988),(83,4098)]	21.587767
318	[(7,2136),(38,5846),(46,3520),(49,2600),(55,753),(66,2484),(72,1651),(90,591)]	20.889587
319	[(9,2363),(10,3955),(17,2600),(28,4958),(29,5073),(30,3766),(46,3068),(58,2673)]	21.301271
320	[(6,1238),(8,2087),(26,3916),(28,429),(60,2122),(77,439),(90,2805)]	21.530502
321	[(9,2688),(19,5172),(23,140),(35,5260),(52,3416),(54,3360),(68,4430),(75,3749),(87,1418)]	35.049652
322	[(13,4645),(18,3033),(23,4828),(27,2908),(30,3059),(35,1116),(62,3524),(66,2986),(69,5809),(92,5974)]	29.037447
323	[(3,4810),(8,1503),(31,3743),(43,2923),(47,3394),(52,5618),(81,1130),(86,3815)]	22.381907
324	[(5,4027),(36,3612),(64,5096),(72,4576),(73,3826),(87,1537)]	27.411696
325	[(2,1493),(11,2369),(14,3881),(22,5373),(42,1031),(56,2132),(61,2629),(62,5752),(70,2008),(71,5354),(91,4729)]	23.779550
326	[(13,1850),(18,2199),(19,3419),(25,5791),(28,1299),(45,669),(51,5123),(52,4472),(62,68),(70,4306),(73,4324),(79,4854),(80,4605),(83,3555),(86,777),(90,2963)]	22.797526
327	[(2,5621),(14,4845),(15,5805),(26,3786),(28,1644),(46,4910),(75,4306)]	22.833912
328	[(6,3605),(18,1539),(21,967),(41,5286),(55,2954),(72,3193),(85,2688),(89,441)]	23.014623
329	[(16,105),(17,5184),(33,1945),(45,5125),(76,4552),(78,5942)]	21.480006
330	[(7,1536),(9,444),(11,2739),(16,2534),(27,2004),(38,5954),(40,5144),(44,2419),(47,5121),(66,5356),(73,1111)]	21.599296
331	[(10,669),(51,4378),(65,4817),(84,920),(92,3737)]	21.020308
332	[(10,4215),(35,2875),(45,693),(50,1267),(57,1291),(62,2308),(68,981),(79,458)]	22.025382
333	[(1,3885),(11,4698),(19,185),(27,259),(28,5363),(54,1235),(65,3306),(66,4163),(67,2797),(69,3845),(75,945),(80,2548),(85,2957),(88,753)]	21.600476
334	[(8,4121),(24,3357),(28,2534),(29,2387),(55,3069),(80,275),(92,94)]	21.295206
335	[(26,1101),(32,5217),(36,2240),(39,4816),(79,4807),(87,273)]	22.439988
336	[(15,3006),(45,1737),(53,1542),(56,5628),(57,1224),(61,1925),(68,1592),(75,1847),(82,3534),(86,5638)]	21.338054
337	[(4,4698),(5,4305),(9,3151),(16,1743),(18,4952),(41,3084),(49,2862),(54,1225),(62,2356),(82,5734)]	21.536745
338	[(9,1427),(18,5928),(19,205),(26,5035),(28,4582),(36,2561),(48,3356),(49,2086)]	21.359899
339	[(36,4891),(57,2307),(59,3637),(60,5940),(78,4838)]	21.275849
340	[(8,1811),(47,3380),(48,4771),(55,5937),(61,480),(62,325),(71,1230),(79,838),(83,869),(86,4396),(89,2101),(90,5903),(92,60)]	21.598375
341	[(12,5401),(13,631),(15,2839),(27,3775),(52,1276),(65,3511),(68,4197)]	21.593674
342	[(17,5153),(38,1220),(41,4496),(56,5332),(86,3517)]	21.674691
343	[(19,3024),(50,1349),(80,1298)]	21.288794
344	[(8,311),(11,636),(13,5950),(26,2393),(61,2470),(64,854),(89,1238),(92,5403)]	21.562842
345	[(9,5667),(12,802),(19,5235),(25,1711),(29,3548),(37,5328),(38,2782),(45,5643),(46,1581),(48,3121),(70,2996)]	21.491277
346	[(8,2098),(12,5741),(17,465),(20,3558),(25,2190),(28,1626),(47,3083),(50,5777),(56,873),(57,93),(70,636),(82,5071),(87,4728)]	21.512462
347	[(16,5283),(26,4949),(45,3358),(46,5378),(65,3435),(66,5642),(68,2156),(70,1655),(73,4664),(85,4654),(86,5028)]	21.092842
348	[(2,1541),(3,2241),(7,5314),(34,4544),(45,1828),(92,2685)]	21.517050
349	[(5,5013),(27,474),(32,416),(36,3151),(56,2375),(74,4494),(80,1806),(82,4852)]	22.508088
350	[(5,2631),(9,5146),(21,5768),(34,327),(44,1225),(54,3959),(60,3117),(65,5239),(69,2126),(74,1697),(78,935),(89,5423)]	20.984628
351	[(0,1584),(11,1444),(20,5565),(36,1355),(42,4706),(51,5872),(53,955),(64,682),(67,1408),(75,1719)]	21.326387
352	[(3,4033),(12,5447),(35,5827),(45,616),(46,5270),(53,2765),(57,191),(59,4843),(78,3577),(79,3819),(87,4936)]	23.714393
353	[(4,5054),(29,2624),(36,565),(43,4638),(48,1196),(90,3328)]	24.511938
354	[(32,369),(45,4201),(55,5185),(72,3050),(74,4884)]	22.083382
355	[(11,2640),(24,376),(32,2592),(33,5449),(44,4470),(45,5806),(60,4344),(64,5531)]	22.094329
356	[(18,220),(24,2323),(25,1146),(46,3200),(48,4424),(62,3246),(65,2730),(74,2719),(81,389),(83,5830),(86,1765)]	21.183297
357	[(7,470),(10,2234),(15,4972),(16,1487),(39,5145),(55,5664),(63,1332),(65,2588),(66,4381),(82,3364),(91,5497)]	22.409822
358	[(15,4493),(16,3168),(69,1442),(75,67)]	21.621350
359	[(4,5535),(53,401),(56,2420),(59,3615),(65,1927),(75,1640),(78,4585),(84,4864),(90,1584)]	21.360957
360	[(6,3697),(26,4725),(43,4689),(45,5676),(52,2337),(53,3254),(62,4493),(63,5783),(64,2808),(74,4659)]	21.378502
361	[(2,172),(16,1415),(26,3378),(29,4168),(59,221),(84,3201)]	21.585096
362	[(26,1074),(27,3748),(28,1746),(50,4273),(53,2485),(54,5534),(89,2425),(92,2525)]	20.985307
363	[(2,1093),(13,317),(20,5718),(24,4798),(36,3689),(54,4446),(70,3269),(88,5168),(89,5652),(91,4289)]	21.852530
364	[(2,4913),(5,3439),(7,1498),(8,3478),(16,2820),(26,5421),(30,5039),(37,5372),(41,3479),(65,2499),(70,3617),(84,5644)]	21.686597
365	[(12,5493),(25,5905),(26,1142),(33,4905),(37,499),(49,231),(54,5839)]	21.034643
366	[(8,2333),(16,1813),(22,5025),(29,3502),(39,859),(43,12),(51,1036),(56,5637),(58,3026),(73,4227),(79,4885)]	22.221030
367	[(9,1424),(13,3285),(22,4555),(25,2685),(27,4890),(55,877),(72,3439),(73,5951),(75,916),(89,4601)]	29.344696
368	[(3,5844),(33,4337),(37,3466),(41,4600),(53,3902),(58,5740),(59,5234),(72,4523)]	45.322159
369	[(4,2660),(27,549),(32,2162),(55,4820),(80,4326),(85,2875)]	28.866577
370	[(12,1314),(62,67),(72,5934)]	21.626716
371	[(4,5472),(6,1392),(63,4978),(66,768),(73,3956)]	21.100775
372	[(7,3471),(22,4693),(26,3791),(33,1009),(39,5480),(44,4630)]	21.984243
373	[(2,2572),(5,2495),(37,324),(52,4420),(67,315),(73,1507),(84,1294),(88,1303)]	26.742694
374	[(13,1289),(19,2460),(30,3456),(47,3400),(65,2086),(66,2367),(80,1839),(84,2418),(91,2013)]	21.933167
375	[(29,2643),(35,4423),(44,2908),(51,3570),(71,3114),(80,540)]	27.499044
376	[(11,2706),(20,586),(45,503),(48,4119),(49,2181),(69,4378),(79,2340),(80,228),(81,2788),(86,4555)]	23.986879
377	[(3,921),(8,4302),(15,3631),(23,4794),(25,4765),(28,3035),(55,1006),(69,4794),(74,3396),(78,155),(82,5457),(87,1794),(90,4119)]	21.412025
378	[(16,2288),(27,3006),(42,3146),(43,976),(44,686),(59,2014),(60,144),(61,1726),(68,5830),(73,2272),(76,549),(77,1318),(87,3571)]	22.148745
379	[(5,2902),(12,4516),(29,2127),(31,3008),(43,3024),(54,2653),(57,3697),(62,2365)]	21.325594
380	[(1,1604),(8,3988),(39,4244),(51,5220),(70,586),(79,5396),(82,1709)]	21.072373
381	[(20,410),(27,2010),(30,2118),(72,331)]	21.289523
382	[(26,2417),(55,811),(61,562),(79,2249)]	21.228577
383	[(36,3899),(54,2014),(60,2410),(74,3827),(77,3011)]	29.857054
384	[(2,3612),(26,4568),(35,2044),(40,3154),(47,5486),(53,4122),(75,3092),(89,1965),(90,2978),(92,5989)]	44.509544
385	[(16,5734),(42,203),(45,2505),(53,3834),(59,4131),(65,1275),(66,2429),(71,2526)]	22.853421
386	[(1,4495),(3,4738),(11,4584),(24,3119),(28,1119),(44,3930),(76,2758)]	21.993698
387	[(7,2147),(21,2110),(26,665),(47,1350),(48,1215),(63,696),(64,5285),(72,3852),(77,5900),(78,2274)]	22.718424
388	[(24,5811),(25,5665),(52,3484),(76,5230)]	21.616235
389	[(1,2156),(2,4183),(27,1924),(45,4729),(57,2715)]	22.794130
390	[(35,1686),(50,4493),(89,5128)]	21.622275
391	[(10,966),(12,4935),(20,5705),(28,3086),(30,4756),(45,1191),(68,278)]	30.450142
392	[(0,3903),(26,2228),(40,729),(46,3025),(49,2243),(60,4424),(83,1755)]	24.694383
393	[(2,1935),(6,4869),(13,4979),(17,5553),(18,3370),(23,5350),(36,2460),(44,565),(77,3276),(84,1482),(85,4879)]	23.519147
394	[(2,2557),(8,4858),(13,542),(17,5324),(21,3912),(22,3265),(23,4802),(34,5827),(45,1539),(55,4771),(61,5919),(64,2570),(66,3516),(80,3348),(82,4834),(88,3439)]	23.097795
395	[(13,4220),(22,3027),(24,2337),(27,1406),(30,3963),(36,3190),(50,992),(66,291),(86,4431)]	23.671700
396	[(8,3882),(12,4213),(14,4664),(22,2385),(29,1989),(41,1427),(55,3002),(65,2089)]	21.445446
397	[(1,5246),(2,2519),(10,658),(11,2604),(12,304),(27,381),(32,2869),(51,1630),(62,3755),(67,3324),(68,113),(75,3340),(79,5258),(80,1832),(83,2887)]	25.443177
398	[(2,200),(9,3580),(10,970),(13,1194),(28,1337),(29,3679),(35,3066),(38,4693),(55,712),(84,1356)]	36.176038
399	[(13,4999),(25,5918),(26,2842),(36,3327),(39,3614),(52,4460),(54,604),(91,2703)]	51.638435
400	[(1,3795),(15,431),(80,309)]	51.891169
401	[(2,4257),(8,2151),(24,1402),(29,1072),(43,4696),(44,4779),(65,5258),(73,4868),(80,2649)]	49.978130
402	[(0,958),(4,2958),(26,5584),(28,5087),(48,3411),(53,4794),(67,4441),(70,2263),(72,5974),(84,3427)]	47.714541
403	[(14,5445),(18,620),(47,2670),(49,1477),(56,2205),(67,2492),(69,362)]	50.062303
404	[(19,1129),(21,1193),(49,473),(53,4923),(69,1619),(73,4871),(84,2351),(91,5681)]	43.831548
405	[(39,77),(50,5534),(57,736),(64,200),(80,5924)]	22.347052
406	[(9,574),(10,2205),(13,3820),(16,2644),(28,4587),(29,542),(46,2042),(52,4304),(54,3004),(55,3463),(72,2086),(88,3205)]	21.956739
407	[(9,4297),(37,1879),(46,2219),(49,336),(66,696),(67,5285),(72,2805),(75,2077),(86,3431),(88,794),(91,3943)]	23.118382
408	[(10,3932),(22,417),(87,5912),(88,2276)]	21.671832
409	[(13,3301),(18,3266),(23,285),(43,1603),(66,4900),(71,4506),(82,3961),(83,4132)]	21.386428
410	[(0,1176),(17,2746),(22,1713),(27,5218),(41,5824),(46,490),(64,2699),(74,844),(75,699),(83,5206),(92,3318)]	22.180179
411	[(0,3350),(6,2415),(19,803),(47,2062),(50,2975),(51,1750),(85,4868)]	21.644064
412	[(12,1762),(20,2057),(27,4070),(44,5579),(45,2469),(72,2970),(77,5264),(79,2360),(82,4450)]	22.037267
413	[(0,1060),(7,4749),(8,5686),(32,5840)]	21.690057
414	[(1,2444),(10,3411),(18,4835),(23,5541),(29,3161),(30,3950),(31,3937),(52,663),(54,782),(56,193),(59,547),(63,3339),(69,4471),(89,3911),(92,5232)]	21.718330
415	[(17,892),(37,166),(43,4022),(53,2856),(57,2898),(65,711),(79,2034)]	24.464639
416	[(7,5770),(28,94),(58,3349),(69,4012),(74,3649),(77,444),(87,3702),(88,855),(92,479)]	22.422791
417	[(41,1804),(42,3418),(45,832),(53,3722),(56,4100),(63,4954),(67,4433)]	24.559442
418	[(20,377),(45,5187),(63,5780),(72,866),(83,1698),(91,3177)]	23.534639
419	[(4,1497),(55,2673),(62,1988),(70,4272),(71,4068),(83,1132)]	22.110205
420	[(4,905),(17,3062),(23,4112),(30,4586),(40,4102),(44,1867),(63,1303),(74,4592),(80,2130)]	21.912684
421	[(6,3200),(7,1995),(9,2964),(37,5605),(42,4968),(74,329),(80,5967),(81,1895),(82,3495)]	21.108311
422	[(17,4313),(24,762),(31,2378),(35,521),(59,1844),(65,3045),(66,5224)]	21.864187
423	[(3,1032),(11,1986),(18,342),(19,4469),(35,575),(46,2826),(47,441),(55,5357),(56,4610),(65,3221),(83,5625),(84,4731),(90,2955)]	22.805964
424	[(5,5372),(12,985),(15,483),(60,772),(77,2170)]	21.449814
425	[(0,522),(32,105),(37,5758),(57,5547),(58,3229),(84,3714),(89,1472)]	21.328602
426	[(25,5717),(48,4831),(57,5107),(63,1788),(69,1876),(72,3574),(79,1560),(90,2781)]	21.313435
427	[(16,5685),(46,52),(56,2140),(57,672)]	22.121127
428	[(7,4585),(10,5568),(15,3276),(41,2955),(47,1341),(66,1715),(68,1390),(90,1088)]	21.578603
429	[(0,4490),(3,668),(51,2586),(58,1424),(64,1774),(70,3790),(80,2461)]	21.868157
430	[(6,3608),(16,9),(25,1566),(51,4578),(62,3714),(89,4295)]	23.830887
431	[(2,1704),(6,4698),(15,3782),(17,5622),(47,4265),(63,4793),(65,4629),(70,1177),(72,824),(83,2392),(86,4928)]	21.370303
432	[(0,163),(15,528),(60,4222),(62,5502),(74,1484),(76,2671),(77,4036),(90,5398)]	24.768342
433	[(1,2818),(8,278),(10,825),(16,2834),(19,2024),(40,4889),(53,1157),(55,2593),(57,1362),(58,1491),(76,4723),(81,5413),(92,4176)]	21.926782
434	[(9,776),(28,4117),(33,2189),(41,1868),(48,195),(62,2037),(70,3128),(72,3740),(78,2527),(90,5532),(92,3610)]	21.204589
435	[(3,2478),(4,4171),(10,5049),(41,2925),(47,1931),(48,273),(78,4669),(84,310)]	21.363155
436	[(13,124),(29,3900),(37,4721),(42,833),(45,3196),(46,2642),(77,1823)]	21.574855
437	[(4,872),(7,407),(14,1194),(24,5811),(25,5665),(26,4325),(44,5574),(72,938),(81,6001),(84,4266)]	21.052846
438	[(18,1020),(20,906),(21,653),(29,3489),(49,1862),(79,2803)]	21.580323
439	[(49,139),(89,205)]	21.929007
440	[(24,967),(28,1154),(45,648),(51,3065),(52,2271),(70,3910),(91,1138)]	22.364298
441	[(8,3067),(21,1081),(22,156),(69,529),(91,4660),(92,4104)]	21.498105
442	[(0,3422),(10,4742),(19,5258),(21,105),(40,283),(49,1187),(50,5983),(75,2434),(82,797),(88,5787)]	21.007138
443	[(5,2281),(19,3875),(61,4450)]	21.029769
444	[(44,5412),(61,913),(69,2175),(82,3405)]	21.683987
445	[(13,3274),(17,631),(19,1431),(30,2842),(48,443),(65,3359),(69,5041),(77,3793),(80,4311)]	20.952390
446	[(0,1519),(10,3338),(25,2966),(28,656),(31,1660),(36,4785),(39,3612),(47,5222),(60,1910),(85,4759)]	20.921664
447	[(14,4414),(18,5859),(39,4565),(58,1098),(62,5174),(71,3424),(80,3138),(85,1979)]	21.466253
448	[(1,261),(2,3273),(5,2147),(7,863),(23,255),(28,4462),(53,4637),(57,718),(62,5674),(80,3739)]	27.598188
449	[(1,4059),(44,5655),(55,3738),(88,2437),(92,2955)]	39.461299
450	[(1,3561),(2,1987),(5,6002),(15,1054),(22,2025),(28,2033),(35,5665),(36,4325),(48,4645)]	28.383846
451	[(1,88),(25,5234),(27,1087),(72,5524),(80,4433)]	27.304440
452	[(4,170),(5,26),(10,4448),(20,5120),(21,22),(38,4805),(51,5338),(59,1278),(76,3985),(77,2387)]	22.227359
453	[(5,5258),(28,2803),(30,4452),(38,4713),(59,2061),(71,2443),(74,700),(76,2587),(84,1062)]	21.727952
454	[(13,1186),(14,5781),(23,3943),(25,4300),(43,1129),(44,4112),(71,805)]	22.652078
455	[(11,3659),(19,3383),(30,4058),(50,1268),(53,4600),(63,5653),(66,1095),(73,2702),(74,300),(82,3376),(88,3660)]	21.273676
456	[(15,39),(34,4572),(57,1763),(61,2342),(62,2269),(65,4318),(66,2433),(67,4283),(89,3994)]	22.781545
457	[(9,496),(23,5375),(32,2922),(40,2836),(53,5339),(60,1844),(76,5467)]	21.887828
458	[(6,425),(10,2036),(16,2723),(24,5233),(38,2473),(41,5141),(42,3796),(46,5164),(54,4127),(58,2343),(75,1477),(79,1169),(80,3974),(84,5026),(91,4328)]	21.075955
459	[(8,1807),(9,645),(18,1807),(19,645),(20,1577),(32,2409),(36,2649),(38,1368),(40,5498),(56,2844),(61,2122),(71,2312),(82,2663),(86,2139)]	21.047047
460	[(35,919),(45,3040),(51,1256),(53,1560),(62,4416),(68,4125),(82,2382),(84,5081),(86,589)]	21.192405
461	[(3,3730),(4,3346),(15,2854),(20,2825),(28,3000),(38,1825),(49,4673),(59,1112),(64,2235)]	20.932180
462	[(4,3953),(16,354),(23,5049),(32,2351),(53,3420),(72,2129)]	21.818243
463	[(3,4593),(9,4666),(19,723),(37,699),(44,5197),(56,2236),(70,3798)]	21.043018
464	[(3,270),(18,4510),(24,3532),(27,63),(42,5422)]	20.978225
465	[(1,579),(5,3874),(16,5548),(19,4315),(24,4226),(35,5320),(36,592),(44,2277),(50,3608),(55,1922),(78,2606),(80,5889),(84,3774),(91,326)]	21.235250
466	[(4,5487),(13,550),(15,4937),(73,1705),(88,341)]	21.240811
467	[(1,5718),(11,5716),(19,2091),(26,2797),(51,2927),(76,808),(84,3356)]	21.654763
468	[(1,4174),(17,1370),(18,1676),(32,3854),(37,4282),(42,235),(43,4512),(46,3400),(56,353),(57,4970),(75,234)]	22.001091
469	[(0,2078),(37,4593),(78,1988),(92,16)]	21.208313
470	[(4,1665),(13,5066),(28,663),(36,1449),(39,1873),(55,4688),(70,1342),(79,2572),(83,503)]	21.595468
471	[(9,5991),(14,771),(25,3063),(46,3244),(65,1441),(71,393),(75,5288),(77,2022),(79,200),(89,5652)]	21.642027
472	[(7,3851),(22,3345),(64,153),(74,2416)]	21.354733
473	[(13,3406),(21,1879),(25,180),(29,558),(56,4432),(63,2146),(75,4741),(80,3763),(90,2500)]	21.921949
474	[(3,4987),(10,4907),(19,3472),(29,4908)]	21.606822
475	[(11,2654),(18,2924),(32,3496),(35,1751),(36,765),(39,3842),(41,2208),(43,5273),(44,478),(45,545),(46,5706),(51,4915),(63,5670),(71,421),(85,1120),(87,2915)]	23.429393
476	[(25,4600),(26,2661),(34,4772),(77,2041),(80,4397)]	23.519704
477	[(26,1374),(41,1045),(46,969),(77,2995)]	22.187714
478	[(7,76),(18,1034),(30,3409),(32,5645),(43,4998),(52,488),(78,3469),(91,3663)]	21.566258
479	[(27,4385),(30,2795),(35,4778),(37,1335),(39,3578),(62,4359),(70,1003),(78,3970),(85,5821),(86,4220)]	22.539226
480	[(2,5443),(8,3198),(18,3220),(44,4018),(55,2126),(62,4423),(65,459),(70,3885),(74,1006),(79,401),(80,37),(85,4390)]	21.551826
481	[(17,5417),(22,3898),(23,172),(32,4943),(72,4099),(79,1546),(88,3183)]	21.119074
482	[(20,5161),(21,5241),(34,4681),(53,2056),(81,3884)]	21.140814
483	[(47,636),(48,4916),(59,4900),(61,4351),(83,4312),(91,5199)]	21.447862
484	[(5,1913),(49,1178),(63,1626),(66,4760),(87,4844),(92,770)]	21.952877
485	[(31,1653),(33,4419),(44,5725),(65,1024),(67,1860),(70,1201),(73,2662),(74,4718),(76,5894),(84,399),(90,2077)]	22.475926
486	[(9,177),(17,736),(42,320),(47,1133),(54,4240),(58,283),(73,3165),(84,2356),(88,1654)]	21.270711
487	[(4,1858),(6,3371),(9,3034),(18,3689),(33,2450),(45,623),(52,4941),(66,2940),(79,3172),(91,1803),(92,2049)]	21.043789
488	[(3,1914),(17,1719),(29,1653),(46,4808),(54,112),(64,2776),(71,2245),(84,4940)]	21.407395
489	[(28,5772),(32,5279),(37,2550),(41,5021),(42,3142),(51,4347),(53,5909),(76,5834),(86,5740),(89,393),(92,133)]	22.413651
490	[(9,1810),(24,3117),(25,1363),(39,4941),(40,1746),(60,1458),(84,175),(86,76),(88,64),(91,4057)]	21.264375
491	[(6,5821),(22,4572),(31,3043),(38,390),(61,3921),(70,802),(85,3803),(87,2211),(88,1320),(90,5097)]	20.945954
492	[(5,1330),(10,5986),(11,3236),(17,854),(19,275),(23,3321),(26,4201),(30,5063),(69,4413),(74,4626)]	23.094077
493	[(6,5585),(19,5429),(20,1545),(29,5957),(39,5215),(60,292),(79,2166),(90,5818),(92,3411)]	27.083867
494	[(10,5943),(39,1106),(40,1380),(41,1229),(44,1636),(49,5294),(50,4475),(82,127),(89,4961)]	21.263749
495	[(31,5463),(49,3946),(57,5507),(59,212),(76,3911),(79,1650),(84,70)]	32.333780
496	[(4,1110),(20,4334),(25,4223),(34,369),(48,2850),(49,4855),(64,941),(70,3896),(71,3918),(88,3164),(89,1434)]	31.595207
497	[(2,52),(7,4579),(13,1506),(20,4682),(33,2224),(47,5163),(64,2818),(74,3444),(92,3567)]	21.208825
498	[(11,100),(14,450),(17,3034),(28,371),(29,1236),(31,3845),(47,1671),(52,1611),(64,3259),(74,3404),(83,298),(87,1614)]	21.141139
499	[(17,5690),(26,144),(31,5330),(37,593),(56,2943),(62,3961),(71,3524),(75,5896),(78,684)]	22.758871
500	[(12,344),(16,2513),(27,5100),(35,3057),(43,1569),(47,3280),(49,3986),(61,2426),(68,1577),(75,2610),(83,4350),(91,2639)]	21.968813
501	[(2,5901),(3,4010),(10,3754),(28,1380),(36,866),(69,4924),(72,1748),(73,3598),(83,3314),(85,2814)]	20.750903
502	[(3,3916),(12,2902),(47,219),(74,4703),(85,3275),(87,4473),(89,539)]	21.232005
503	[(0,2539),(6,949),(13,377),(29,2431),(35,3833),(38,4908),(87,1037),(90,1153)]	21.083772
504	[(0,3656),(4,3325),(21,1119),(43,5428),(48,3806),(51,2847),(59,4333),(88,5654)]	20.882949
505	[(0,5040),(2,5524),(17,3448),(21,2582),(30,2600),(33,6000),(34,5561),(38,2104),(46,1229),(64,4588)]	22.011079
506	[(4,3813),(43,5498),(51,3999),(58,4),(62,3862),(67,4008),(68,4869),(82,423)]	21.765146
507	[(1,3406),(45,3356),(48,268),(56,2430),(83,744),(84,5402),(87,1676)]	21.523299
508	[(2,3033),(4,5753),(10,4868),(28,2391),(41,529),(44,22),(47,537),(48,3562),(53,3338),(70,557),(72,5773),(74,2855),(89,2791)]	20.978986
509	[(1,5977),(17,440),(33,683),(39,1056),(48,2917),(58,307),(59,4945),(61,2505),(76,519),(79,2615),(84,4511)]	21.973203
510	[(7,1023),(19,5946),(24,4523),(52,3887),(76,4667)]	22.300853
511	[(6,2363),(19,5046),(46,5962),(51,3172),(59,2151),(64,5488),(82,3948),(89,618),(90,4076)]	24.901378
512	[(3,317),(11,1993),(31,4701),(32,866),(55,1561),(61,228),(63,1013),(65,4617),(69,328),(71,4739),(74,2996),(89,62)]	23.221378
513	[(7,3755),(61,2490),(80,3196),(82,2394),(87,4307)]	21.469581
514	[(1,1315),(2,2211),(3,2565),(8,3775),(10,1794),(13,4119),(25,4659),(61,5388),(70,2611),(81,2848),(82,603),(86,140),(91,5380)]	21.774215
515	[(6,4031),(8,3744),(9,2789),(17,367),(20,1652),(40,924),(64,5883),(74,2562),(92,845)]	21.373012
516	[(5,3603),(17,912),(23,2837),(24,619),(32,2316),(35,3912),(43,3525),(56,59),(75,4713),(81,281)]	21.133400
517	[(3,5102),(5,3535),(11,838),(26,1109),(38,803),(39,886),(42,2373),(44,3163),(65,5982),(74,3717),(88,4566)]	22.507192
518	[(4,87),(7,5332),(15,5327),(51,2382),(87,2721)]	21.338213
519	[(20,4002),(25,1065),(67,1830),(79,2134),(88,564)]	21.058367
520	[(13,1764),(19,5405),(32,1709),(47,919),(54,3448),(56,3523),(67,2099),(69,4431),(80,2768),(84,1737),(90,1992),(92,5006)]	23.602762
521	[(5,153),(24,5921),(25,2157),(58,2125),(75,869),(82,86)]	23.930586
522	[(4,3237),(17,5642),(19,2156),(41,973),(52,1586),(70,4931),(77,882),(78,5181),(83,1349),(85,5025)]	22.011175
523	[(0,4695),(7,4844),(8,1946),(15,254),(22,4915),(27,998),(45,5609),(46,746),(49,960),(67,3882),(70,1633),(74,1614)]	25.355494
524	[(29,3112),(39,3150),(42,4736),(44,5561),(50,3397),(57,5407),(64,2914),(82,516),(88,1867)]	21.281646
525	[(13,302),(17,1796),(40,1206),(51,1575),(57,2921),(79,643)]	22.218159
526	[(0,762),(17,1248),(28,5217),(79,4426),(84,4429),(91,361)]	21.094787
527	[(29,1341),(35,4973),(51,2696),(53,3222),(56,2094),(74,1584)]	20.853852
528	[(13,3744),(22,3734),(54,2256),(69,5351),(85,200)]	22.113706
529	[(28,1418),(32,5140),(38,5705),(48,131),(55,5546),(57,5607),(61,4139),(62,4313),(78,2884),(80,1161)]	21.225315
530	[(0,3890),(9,2480),(27,3143),(36,1180),(44,1892),(49,4672)]	20.947682
531	[(1,4069),(15,1035),(19,5739),(24,2560),(41,5445),(69,325),(73,2379)]	21.849028
532	[(0,480),(1,325),(3,4866),(21,615),(29,5916),(36,1473),(45,1469),(60,4137)]	23.913532
533	[(5,5403),(8,713),(13,641),(17,864),(39,1796),(53,903),(61,830),(62,4392),(67,1850),(71,5154),(79,1383),(84,2587)]	21.408942
534	[(29,4660),(35,2336),(36,4445),(41,5684),(42,5911),(76,4952),(79,5152),(80,566),(81,1776),(91,2863)]	21.140067
535	[(16,5550),(27,4656),(38,1393),(43,2418),(47,5408),(58,2973),(60,2324),(79,3184),(87,5404)]	22.093067
536	[(10,408),(29,1006),(38,2659),(56,13),(64,1026),(65,2220),(78,305),(80,1397)]	21.349453
537	[(0,3795),(4,652),(20,3343),(23,2378),(41,4035),(42,1663),(43,5936),(65,3142),(77,5097),(89,1596),(92,3839)]	28.786178
538	[(24,2148),(63,4739),(73,2220),(80,2509),(81,5989)]	21.928261
539	[(0,3537),(10,4303),(13,1385),(40,2018),(71,5067),(72,4886),(89,4957)]	22.632656
540	[(2,2027),(4,2856),(32,4649),(35,5776),(65,5124),(66,3117),(92,5076)]	22.101027
541	[(4,904),(22,5393),(24,4429),(27,2741),(30,3776),(32,207),(42,4932),(63,834),(74,4427),(75,4411),(90,4430)]	31.185956
542	[(6,4762),(17,714),(31,3457),(68,4291),(90,4487),(92,601)]	31.367457
543	[(6,2363),(7,3955),(16,2014),(45,4112),(64,4933),(67,1195),(90,703)]	21.173086
544	[(8,5006),(21,2158),(33,2552),(48,2888),(75,5422),(76,709),(87,5158)]	21.112181
545	[(6,3759),(27,2988),(32,135),(43,3165),(50,133),(59,1468),(60,1137),(64,4022),(88,5101),(91,894)]	21.069308
546	[(20,1596),(22,3151),(31,5860),(38,1562),(52,3228),(71,737),(84,4835)]	21.027990
547	[(19,5607),(31,413),(51,3931),(55,1359),(71,1893),(88,475),(91,4814)]	21.220558
548	[(2,1835),(3,2468),(8,779),(49,2186),(50,5173),(71,3103),(76,5923),(88,327)]	21.072047
549	[(0,1239),(6,2157),(11,4657),(36,1334),(38,3169),(39,4374),(40,5163),(47,5869),(66,2701),(81,1927),(89,17)]	21.241201
550	[(8,439),(21,5768),(25,5289),(28,1880),(31,5385),(35,11),(45,5369),(53,4022),(69,4571),(73,4070),(74,2254),(76,3389)]	21.386337
551	[(21,2500),(27,1070),(51,2436),(71,5902),(87,5628),(88,861)]	20.955917
552	[(50,3256),(76,1381)]	21.280128
553	[(21,2935),(32,164),(49,1330),(50,1914),(51,2579),(53,3977),(59,1432),(65,4956),(69,4980),(71,4046),(73,3015),(77,1493),(83,779)]	21.060796
554	[(0,251),(2,1391),(4,2269),(28,3391),(41,3969),(47,5717),(52,170),(53,1714),(56,3377),(65,2299),(83,427),(88,1001)]	20.943176
555	[(4,4616),(9,1102),(17,1001),(21,3744),(22,2789),(26,4059),(31,4121),(36,5210),(44,5038),(55,3355),(64,4811),(68,5330),(77,5888),(89,35)]	20.925714
556	[(1,1201),(13,552),(34,1549),(44,2392),(71,985),(79,1420),(86,1035)]	21.045113
557	[(15,2737),(20,5238),(48,5004),(53,2666),(66,2576),(68,1056),(71,4151),(72,1102),(87,3774),(90,5515)]	21.815024
558	[(8,5779),(13,98),(23,3895),(86,4431),(91,3069)]	21.793534
559	[(2,2401),(14,4760),(36,3480),(41,207),(48,5413),(78,1442),(86,4147)]	21.543290
560	[(22,2440),(23,915),(25,3233),(34,982),(35,516),(39,5735),(75,1043),(77,1711),(79,1149),(91,2093)]	21.580613
561	[(6,1357),(17,3559),(19,5095),(25,3738),(35,3147),(64,5790),(86,5998),(91,2158)]	21.700222
562	[(1,3386),(11,1359),(15,2896),(36,5332),(38,1855)]	20.877332
563	[(32,3749),(38,1276),(76,4881),(83,344),(87,2513)]	20.932206
564	[(10,5778),(23,941),(28,5083),(30,5909),(33,3357),(52,1164),(54,5079),(85,1502),(86,5718),(92,2446)]	21.013747
565	[(1,717),(13,5643),(30,5942),(31,4892),(61,1236),(63,910),(89,3442)]	23.361620
566	[(22,2026),(27,5767),(38,5134),(60,2749),(66,5084),(92,2819)]	23.559463
567	[(14,2427),(23,5957),(32,5759),(38,2927),(40,292),(48,1504),(53,5763),(58,5167),(59,5897),(61,959),(62,3452),(68,2845),(69,4782),(70,1492),(73,5407),(78,3641),(86,277)]	21.882687
568	[(17,1734),(23,1279),(48,3618),(57,2345),(60,4350),(83,637)]	20.871196
569	[(0,2928),(4,4849),(10,4779),(56,1881),(61,1280),(73,3220),(85,395)]	21.647745
570	[(0,581),(7,1517),(14,2700),(16,3221),(22,4165),(48,1571),(53,5166),(60,5851),(71,4054),(72,1664),(73,2647)]	21.931894
571	[(7,1821),(8,629),(12,5080),(15,4555),(18,2685),(20,5519),(21,345),(31,1395),(56,2652),(65,4243),(70,2470),(78,148)]	21.516665
572	[(1,5955),(7,3401),(10,467),(20,1845),(23,567),(38,4289),(53,3100),(55,4102),(60,1752),(75,461),(80,2046),(81,5679)]	21.370263
573	[(5,1795),(35,4232),(37,4081),(44,1022),(49,2428),(57,683),(81,588),(91,5723),(92,4618)]	22.120945
574	[(8,2214),(10,4410),(19,4495),(21,4738),(29,1430),(35,4656),(40,1253),(49,5110),(54,2882),(61,4635),(62,4764),(66,5470),(83,1090)]	21.612095
575	[(4,729),(7,1195),(24,1586),(26,1478),(42,552),(47,2403),(65,5429),(66,1545),(67,2072),(81,5592)]	21.280347
576	[(5,2438),(8,3489),(39,3542),(42,3434),(50,2439),(70,3469),(83,2570),(85,1943)]	21.536481
577	[(20,3349),(46,5947),(70,1578),(78,5578),(91,5265)]	21.291013
578	[(8,4899),(19,5454),(31,2774),(34,845),(44,3120),(65,3911),(88,4159)]	21.272676
579	[(0,3344),(2,2213),(3,4187),(22,2610),(51,877),(54,2536),(57,3228),(71,2112),(77,1255),(78,34),(85,3953),(92,508)]	23.069187
580	[(5,1208),(12,1022),(42,5341),(43,2017),(48,3620),(56,4349),(61,3827),(71,4233),(72,2051)]	21.269559
581	[(4,4422),(5,4241),(13,646),(46,1023),(47,1134),(51,5773),(55,4235),(62,5881),(77,5709),(84,1041)]	21.173092
582	[(2,4710),(14,2955),(32,4268),(41,3101),(43,3664),(51,2546),(65,5698),(71,21),(73,2563),(85,3904)]	27.210038
583	[(11,4691),(15,2020),(29,1630),(60,5404),(73,3559),(78,5784),(79,110),(80,3546),(83,874)]	24.412775
584	[(0,1651),(14,3879),(18,5016),(19,735),(22,4029),(28,907),(52,1036),(57,3385),(59,2931),(60,5178),(74,5550),(84,3020)]	21.522543
585	[(8,3040),(10,5766),(33,2598)]	21.105316
586	[(6,3017),(10,1377),(16,3681),(51,3786),(53,2788),(57,5877),(76,5981),(84,2223)]	21.945308
587	[(34,3477),(42,1748),(77,407),(92,1521)]	21.993962
588	[(11,2729),(12,4410),(58,3647),(61,2657),(69,3279),(72,4276),(83,5151),(86,4632),(92,1606)]	31.495122
589	[(1,3321),(20,3957),(31,5220),(58,5336),(78,1496),(88,1520),(89,2469)]	32.824633
590	[(4,4517),(18,2278),(23,3839),(29,4798),(34,967),(53,1511),(60,179),(66,4387),(77,2671),(89,5893)]	21.112690
591	[(8,3582),(24,1256),(34,4076),(44,4425),(45,1429),(53,4767),(69,3600),(70,605),(83,3126)]	21.373374
592	[(3,1543),(15,8),(21,2651),(43,2556),(49,4687),(59,5187),(63,857),(71,1217),(83,2390),(87,5516)]	21.630375
593	[(4,3245),(9,651),(16,5718),(38,3666),(56,3232),(63,5030),(67,3439),(68,5951)]	21.040103
594	[(2,1146),(44,2721),(53,586),(88,2345)]	21.649296
595	[(40,1230),(42,4290),(49,873),(50,93),(56,5567),(62,2344)]	20.944661
596	[(6,747),(38,2059),(56,1695),(66,350),(86,5508),(88,3872)]	21.119416
597	[(16,1224),(24,4648),(30,474),(43,5195),(44,5045),(71,1507),(72,4855)]	21.245496
598	[(10,383),(18,1771),(29,2899),(36,555),(62,2345),(65,4673)]	79.254059
599	[(2,3026),(6,2764),(8,477),(31,1248),(36,5574),(37,3325),(45,2295),(58,898),(81,745),(85,2687),(87,1937),(91,2711)]	23.444064
600	[(6,3573),(14,2897),(17,897),(22,3949),(51,2858),(67,3109),(74,4096)]	22.336220
601	[(3,4368),(8,531),(12,5230),(18,1831),(25,5704),(55,4847),(60,4530),(64,5213),(78,2756)]	21.941259
602	[(59,2000),(61,2981),(74,5231),(90,1997),(91,1274)]	21.797352
603	[(9,4597),(10,1442),(16,5068),(18,4599),(29,2890),(32,397),(33,302),(34,4612),(37,2454),(40,3028),(46,2473),(49,5329),(53,2346),(63,269),(65,1421),(74,3928),(87,4427)]	21.755829
604	[(0,2109),(16,389),(17,270),(59,2475),(62,529),(72,697),(87,1698)]	21.291698
605	[(6,1509),(7,2770),(11,5348),(16,2183),(36,3097),(39,3760),(45,856),(55,5466),(56,5925),(59,5593),(76,3067)]	21.241749
606	[(5,97),(6,5060),(13,2137),(14,3688),(15,1758),(20,1764),(22,1537),(26,3288),(28,3966),(32,1984),(36,2023),(39,1280),(45,531),(57,3231),(89,3023)]	21.060721
607	[(3,4739),(7,3548),(13,5047),(18,2986),(31,5577),(46,4910),(47,5092),(55,891),(60,3894),(64,5433),(72,4755),(81,2461),(83,3675)]	23.332899
608	[(0,1883),(1,4625),(4,3345),(13,3978),(31,5854),(40,421),(45,1020),(58,5427),(60,4488),(69,5015),(75,122),(76,276),(87,4402)]	21.178553
609	[(8,301),(14,908),(15,5866),(22,1353),(27,1601),(49,5346),(61,4646),(72,5561)]	27.255518
610	[(7,4300),(10,662),(18,4292),(46,658),(57,4221),(77,1158),(82,534)]	23.475277
611	[(8,5894),(24,3061),(29,3863),(32,663),(43,1592),(48,341),(64,4300),(68,2773),(70,377),(77,751),(83,5390),(85,2994),(86,4713)]	21.028803
612	[(10,2389),(16,2657),(24,3611),(25,5221),(27,5230),(42,3762),(46,1956),(49,2355),(65,1461),(81,4902)]	21.481377
613	[(1,4761),(3,1592),(7,3017),(42,1875),(49,5507),(74,4596),(80,339),(81,4126),(86,767)]	21.470150
614	[(38,438),(49,1356),(50,755),(63,5965),(70,2923),(73,5609),(74,746)]	21.261999
615	[(0,2639),(23,2769),(26,1412),(36,1859),(38,1693),(65,3492),(71,4335),(73,1939),(87,4560)]	21.589461
616	[(10,3943),(14,4978),(27,2949),(33,404),(42,2737),(53,5698),(61,4233),(69,499),(73,2784),(78,255),(92,3042)]	21.578396
617	[(1,5259),(6,337),(13,150),(24,2859),(26,3745),(44,44),(49,3342),(71,5250),(75,3014)]	21.444584
618	[(17,1172),(49,4543),(52,4631),(56,4943),(66,1072),(85,2040)]	21.123564
619	[(2,2045),(18,5519),(31,2660),(36,4758),(49,5899),(55,1922),(56,421),(63,4824),(89,5626)]	21.760930
620	[(3,844),(11,2880),(18,4729),(62,517)]	22.360580
621	[(12,5811),(13,5665),(39,2630),(49,2362),(57,2336),(59,1222),(66,4459),(74,4183),(77,5256)]	24.036324
622	[(3,2262),(49,192),(63,1811),(65,5542),(85,4880),(89,4198)]	21.224588
623	[(8,4402),(28,663),(47,2525),(52,560),(53,462),(60,107),(62,2996),(67,3080)]	21.045039
624	[(11,3446),(15,2991),(16,3090),(30,5332),(40,5806),(44,3130),(61,550),(64,2202),(66,595),(73,3759),(82,3242),(91,2706)]	30.255153
625	[(14,2496),(44,5580),(50,1930),(51,3509),(55,4577)]	22.795962
626	[(11,5338),(18,4970),(31,5879),(54,4129),(58,1365),(59,3323),(66,473),(85,823)]	21.673431
627	[(2,1889),(6,930),(14,31),(24,437),(41,3823),(55,1215),(80,2011),(90,5632)]	21.731445
628	[(21,275),(26,2342),(46,4938),(48,3725),(50,5001),(51,3526),(70,2659),(87,4027)]	23.399947
629	[(10,978),(22,4347),(26,3535),(38,2981),(41,4428),(45,4277),(62,5658),(69,4514),(72,4836),(79,4336),(91,3488)]	21.440702
630	[(2,964),(6,4247),(10,4755),(14,2164),(26,5499),(28,5470),(60,4827),(68,5862),(70,944),(71,5295),(83,2307)]	20.877024
631	[(3,5133),(22,1693),(30,4377),(32,4759),(37,1239),(45,2953),(55,1793),(57,4828),(64,3017),(68,1373),(75,2182)]	21.002118
632	[(6,4631),(13,2328),(22,3127),(24,2894),(29,1441),(47,5164),(51,3338),(56,1097),(59,1868),(63,3816),(64,2959),(66,4116),(85,2169),(92,1962)]	41.911942
633	[(1,443),(2,437),(31,3671),(43,507),(47,5538),(55,4748),(69,4755),(75,4558)]	24.630930
634	[(7,3935),(12,5628),(18,5279),(22,565),(30,4395),(43,567),(56,187),(61,5426),(68,4721),(91,5781)]	24.179348
635	[(3,4203),(17,4902),(20,658),(25,1889),(29,4992),(31,366),(42,1037),(58,5618),(75,3325),(85,2438),(89,5133),(92,3047)]	23.676635
636	[(4,5812),(21,2655),(35,3300),(37,2167),(38,4437),(40,5008),(50,2275),(83,4490)]	23.481944
637	[(19,1994),(30,3027),(66,428),(77,3530),(81,990),(84,2711),(87,969)]	23.714769
638	[(4,3574),(19,4011),(39,5390),(47,4506),(48,898),(56,3530),(82,1076),(92,1397)]	24.066939
639	[(0,1715),(6,3427),(18,5516),(22,3307),(26,1964),(29,5393),(35,2443),(37,2642),(48,5229),(67,2066),(79,2120),(83,1765),(92,991)]	23.589424
640	[(10,4118),(13,4178),(27,1608),(29,247),(54,1209),(59,3911),(68,2914),(79,5528),(84,3266)]	23.672551
641	[(16,1498),(30,5072),(44,5089),(48,5574),(51,3299)]	23.653521
642	[(6,4984),(23,5214),(29,4922),(45,1633),(59,1003),(63,2980),(67,5002),(80,2474),(82,4938)]	24.086338
643	[(2,806),(8,3997),(34,4805),(35,599),(49,4413),(53,4523),(58,3210),(61,4726),(65,638),(78,1630),(82,3688),(89,3446)]	23.551038
644	[(14,4489),(24,3700),(31,5900),(39,2685),(41,943),(56,907),(74,2567),(76,781),(84,280),(88,4556)]	23.972158
645	[(20,4769),(34,2060),(41,3604),(44,1084),(46,451),(60,3198),(78,2077),(81,8),(82,3929),(87,3992)]	24.229973
646	[(3,4790),(7,5329),(20,5015),(22,5148),(29,2256),(31,965),(32,5509),(37,784),(40,1950),(42,2684),(52,3694),(67,1508),(83,1873)]	23.830360
647	[(1,3285),(5,2113),(10,1708),(59,2835),(91,5286),(92,4934)]	23.638288
648	[(16,3371),(17,1712),(19,2300),(20,4208),(74,1427),(90,2571),(91,2311)]	23.506798
649	[(1,800),(14,1390),(40,3098),(67,4530),(77,3778),(79,1611),(81,4227),(90,3168)]	23.676973
650	[(0,4827),(7,1477),(11,2954),(51,3200),(55,5266),(66,1861),(69,5915),(70,2611),(74,5311),(79,1849),(81,2505),(87,2318)]	26.343124
651	[(1,5759),(18,3434),(25,3751),(38,437),(44,1404),(60,1042),(83,5508)]	27.594168
652	[(3,5964),(15,5044),(19,3455),(20,4190),(27,3085),(32,3687),(34,5076),(35,4671),(43,4264),(46,3697)]	24.088223
653	[(16,2629),(52,3147),(55,2752),(70,4783),(78,852),(81,3855)]	52.394017
654	[(4,2909),(16,763),(19,3833),(37,1174),(39,5786),(67,3099),(68,4557),(69,3571)]	49.475008
655	[(8,760),(26,5775),(33,5379),(49,702),(57,3965),(70,1204),(80,3131)]	49.912477
656	[(0,3396),(4,1357),(26,4099),(28,2238),(35,446),(41,4775),(58,745),(61,3605),(62,1060),(73,3561),(74,1987),(75,1171),(91,1786)]	43.844990
657	[(12,5372),(20,4463),(34,4150),(66,5220),(90,357)]	42.067499
658	[(3,2226),(16,4517),(27,878),(35,561),(48,5329),(50,162),(52,2833),(53,815),(60,2894),(88,5624)]	41.461925
659	[(8,2767),(18,334),(26,4425),(46,3073),(54,4030),(71,2638),(76,5212),(82,933),(84,749),(85,3612),(87,4139),(88,2209)]	43.928535
660	[(28,5240),(29,4770),(53,4492),(62,1654),(80,5471)]	42.213669
661	[(3,4224),(13,4520),(18,4174),(22,4124),(33,485),(34,2807),(39,5385),(54,2304),(61,5042),(65,2253)]	43.379633
662	[(40,4865),(45,4239),(51,5952),(52,2005),(53,3435),(54,5642),(56,2156),(58,1655),(60,1692),(66,2991),(76,4243)]	41.916768
663	[(8,1028),(14,792),(20,3130),(27,5585),(30,5492),(50,1943),(69,1541),(72,2653),(74,1039),(78,3753),(84,4553),(86,4588)]	42.476228
664	[(7,3265),(14,5601),(21,3487),(22,2393),(30,5508),(32,1302),(34,1378),(48,1510),(55,3223),(64,5817),(82,4415),(87,167)]	45.900280
665	[(4,723),(18,4804),(29,308),(35,4257),(36,615),(41,4578),(42,1655),(65,3309),(67,1862),(70,4397),(79,3176),(85,862)]	51.775047
666	[(44,284),(59,3870),(71,3522),(84,5504)]	52.189570
667	[(13,5120),(16,2023),(24,919),(25,3600),(32,2988),(46,1969),(59,3803),(61,2790),(62,2620),(63,131),(65,3169),(71,2796),(73,171),(76,1070)]	41.999350
668	[(33,5711),(64,2866),(65,1796),(78,761)]	42.082572
669	[(6,2622),(17,2530),(34,52),(37,5609),(43,3351),(67,3730),(86,2104),(88,2494),(91,1515)]	42.394281
670	[(6,4781),(17,850),(20,4037),(34,4156),(35,3244),(61,5230),(63,352),(73,5481)]	41.549297
671	[(5,3538),(7,4336),(31,3578),(48,4391),(58,1693),(72,437),(79,4907),(89,226)]	41.795139
672	[(36,4644),(38,61),(41,2794),(57,925),(61,3784),(66,486),(82,1633)]	42.562503
673	[(10,1567),(16,2501),(21,4040),(30,4485),(67,1630),(70,5476),(79,4558),(83,1091)]	41.720981
674	[(13,1469),(23,3596),(26,3589),(29,5950),(34,1192),(37,2030),(40,4810),(44,2059),(51,2056),(58,402),(79,4583)]	41.348580
675	[(22,71),(42,1284),(50,888),(76,3908),(79,5057),(84,115),(92,5783)]	42.220933
676	[(3,3567),(4,4486),(5,5942),(6,4892),(12,4490),(13,5971),(19,2668),(21,441),(29,2762),(48,4153),(51,4848),(57,3666),(61,2681),(66,5797),(77,4492),(91,2855)]	42.053645
677	[(24,3306),(30,3079),(56,4846),(60,4369),(66,1555),(71,2779),(89,1349)]	42.489225
678	[(3,4024),(13,5677),(14,3253),(19,1762),(33,4330),(40,1216),(41,773),(45,3609),(51,4046),(66,3517)]	40.753902
679	[(24,3842),(35,1112),(44,996),(46,1037),(49,1153),(65,4949),(66,1761)]	41.601956
680	[(34,2176),(38,1694),(44,690),(46,2179),(59,2655),(69,2076)]	40.317018
681	[(39,5519),(55,3709),(62,5085),(66,997),(78,314),(90,1124)]	41.380821
682	[(3,4983),(10,996),(11,1172),(15,1633),(32,3703),(39,859),(43,469),(69,5262),(83,118)]	44.921766
683	[(15,5483),(27,181),(45,802),(49,1584),(57,5585),(73,4137),(75,5205),(86,1064)]	44.677712
684	[(4,5350),(8,3127),(10,2894),(19,5083),(39,4581),(40,5661),(43,4370),(58,3371),(59,1712),(77,3586),(79,77),(81,1970)]	43.309026
685	[(6,1599),(9,5465),(17,2847),(18,956),(30,587),(42,545),(43,5706),(54,4264),(64,2646),(66,364),(75,1116),(84,2942),(91,5433)]	42.955322
686	[(3,4619),(10,3273),(21,2360),(43,5195),(53,674),(63,704),(72,2990),(77,3158),(78,33),(87,4882),(92,3281)]	45.740814
687	[(5,4184),(16,5937),(20,3104),(33,5391),(36,3143),(39,4297),(90,3318),(92,1191)]	44.011393
688	[(3,1114),(18,1710),(35,1212),(38,774),(39,3243),(48,712),(67,321),(78,3815),(87,3748)]	39.655059
689	[(6,330),(8,1511),(11,2899),(26,127),(28,4993),(37,4641),(48,4415),(53,2370),(55,3507),(72,5417)]	42.159150
690	[(0,5829),(4,2498),(14,766),(19,3028),(21,4798),(30,5627),(41,2116),(43,2546),(46,4739),(86,2382),(87,2939)]	46.399436
691	[(8,1465),(12,398),(17,3277),(29,5746),(30,1127),(31,462),(62,5984),(66,3912),(67,3265),(83,4265),(92,5547)]	49.637763
692	[(0,1678),(18,4937),(21,4552),(23,1839),(25,2980),(34,3580),(39,5214),(57,3855),(64,4991),(75,3529),(76,4158),(83,823),(87,5907)]	42.437634
693	[(1,3079),(24,5923),(29,209),(40,3686),(47,3404),(52,4467),(59,2573),(61,470),(90,915),(92,3233)]	42.339188
694	[(12,1664),(18,4881),(28,2773),(43,5457),(50,2762),(91,1734)]	42.656540
695	[(9,1735),(12,2506),(17,2868),(54,4039),(90,3251)]	42.300268
696	[(24,6000),(26,5932),(41,5755),(52,5257),(63,2888),(66,2460)]	42.126966
697	[(22,1428),(40,4066),(44,1426),(47,4652),(78,5603),(83,3662)]	44.526457
698	[(1,112),(3,546),(11,5987),(12,1841),(40,4077),(70,2703),(76,3555),(79,777),(82,2640)]	45.761146
699	[(3,1596),(9,2050),(12,626),(26,4595),(27,2230),(47,5353),(52,5364),(79,2174),(80,2551),(87,2601),(91,2617)]	42.139599
700	[(15,18),(26,3892),(32,2432),(37,4042),(47,5153),(58,3168),(68,2249),(81,4800)]	42.204375
701	[(9,4361),(24,285),(32,2724),(39,2111),(47,4541),(51,1897),(60,3840),(76,5403),(82,103),(84,5268)]	42.510777
702	[(5,527),(8,3124),(25,2472),(45,4345),(51,2762),(64,5298),(75,1273),(80,3146),(81,976),(83,1134),(88,5857)]	42.234960
703	[(9,1285),(25,3036),(74,1053),(80,5860),(88,1434),(90,4632)]	42.172198
704	[(5,5297),(12,2403),(20,4928),(39,5973),(46,4786),(47,172),(48,3515),(53,3706),(60,4660)]	42.801894
705	[(24,4182),(27,6007),(42,2344),(50,5619),(51,5063),(58,840),(62,3013)]	44.669968
706	[(6,2823),(32,1262),(39,4141),(42,5510),(45,848),(54,2813),(62,5563)]	42.280569
707	[(0,4535),(4,986),(7,4926),(15,2252),(48,2692),(50,777),(55,4099),(69,1056),(71,977),(74,4249)]	41.874157
708	[(6,569),(15,2809),(20,376),(27,4242),(29,2565),(41,3183),(44,2731),(49,1774),(74,5223)]	41.936382
709	[(14,5937),(16,5112),(34,4169),(42,6001),(62,634),(68,1172),(72,2132),(76,4266),(86,5033),(89,5765),(92,2012)]	41.942439
710	[(8,3017),(19,4294),(25,5336),(32,4965),(47,2247),(49,5646),(51,3254),(74,1380),(78,4341),(91,3205)]	41.987544
711	[(14,4703),(23,3822),(28,2182),(34,4689),(36,4384),(38,4161),(48,4388),(78,440),(92,5040)]	42.700751
712	[(8,191),(25,3149),(37,1863),(61,4155),(80,5319),(82,2210),(87,5387)]	41.835240
713	[(9,1308),(31,75),(38,5310),(61,2038),(75,2278),(80,3951),(83,1899)]	40.576923
714	[(8,3922),(22,4781),(47,96),(74,559),(89,2995)]	40.322367
715	[(3,3167),(25,3315),(30,5042),(34,5281),(56,4781),(71,449),(86,5656),(88,116)]	45.188450
716	[(15,3689),(19,4493),(20,3168),(22,2496),(25,5634),(28,3080),(33,4848),(37,527),(47,1154),(58,2840),(69,825),(78,4007),(91,3014)]	44.287307
717	[(0,3822),(20,460),(55,4530),(61,1463),(63,1689),(65,4086),(86,5066)]	41.816569
718	[(22,332),(23,387),(28,2320),(30,3267),(31,2876),(47,322),(48,2117),(83,4800)]	40.905215
719	[(4,5749),(7,3350),(11,4282),(17,4969),(27,2831),(30,3348),(54,4101),(62,790),(80,5020)]	40.136215
720	[(0,1222),(48,1136),(49,2083),(83,399)]	40.653511
721	[(0,5254),(33,5766),(35,2731),(45,5027),(67,2534),(68,2387),(70,808)]	41.093381
722	[(27,35),(29,1093),(33,5675),(55,5628),(67,5303),(85,150),(87,53)]	43.744042
723	[(59,4330),(61,4900),(67,2915),(70,4875),(88,3734)]	40.802207
724	[(9,288),(43,4238),(48,312),(59,5037),(67,5463),(78,2598)]	42.709167
725	[(35,3438),(40,1006),(67,4721),(74,3240),(75,264),(87,3841)]	45.094997
726	[(2,5530),(4,1831),(16,5056),(18,4751),(26,27),(36,6004),(40,2316),(42,5518),(45,4441),(68,2267)]	40.076339
727	[(12,5882),(31,1861),(35,74),(36,2079),(41,2146),(57,4894),(64,3729)]	44.894229
728	[(12,4985),(13,4776),(14,551),(35,4072),(50,4195),(51,2215),(55,3423),(61,2093)]	45.730753
729	[(2,3505),(11,5765),(12,1522),(28,4074),(40,5278),(53,5822),(60,3943)]	50.147399
730	[(21,1131),(34,3420),(39,3967),(47,3142),(54,3817),(63,3178),(80,3010),(84,1540)]	42.551177
731	[(1,4582),(2,3850),(21,2876),(27,4843),(30,3258),(45,5382),(49,1355),(62,4185),(64,846),(66,4547),(69,2741),(73,3582),(88,1387),(90,982)]	42.117530
732	[(5,2009),(13,2167),(21,3291),(31,1063),(33,2752),(48,1618),(50,3149),(58,3022),(66,4030),(85,1359)]	43.114870
733	[(1,5416),(35,494),(52,2392),(55,3732),(57,2128),(60,1445),(86,1049)]	54.531941
734	[(9,4071),(10,1900),(17,1695),(20,581),(23,4022),(30,5908),(39,3665),(53,5270),(70,3206),(81,2749)]	48.586957
735	[(2,1143),(4,3778),(13,4953),(27,281),(79,5408)]	45.192391
736	[(9,1081),(14,3337),(23,1757),(47,3160),(52,2203),(61,4778),(63,2386),(70,4538),(72,4368),(73,1557),(74,3972),(86,3723)]	39.472911
737	[(2,3721),(13,558),(23,1503),(29,5580),(36,3725),(41,4780),(43,4867),(47,67),(57,5200),(60,4203),(83,2844)]	54.944706
738	[(7,3896),(8,3918),(11,5124),(12,3117),(17,5606),(37,5751),(44,3550),(48,1876),(62,1174),(73,5861),(89,2158)]	45.645011
739	[(13,1833),(15,2402),(19,5968),(54,4975),(58,3222),(60,4476),(66,1581),(78,1878)]	48.490032
740	[(0,4918),(27,4697),(36,5055),(64,280),(80,2508)]	58.874515
741	[(3,2181),(8,3377),(21,475),(36,4366),(58,1933),(61,2904),(70,4749),(71,5686),(78,2975),(79,1750),(80,4810)]	62.752965
742	[(71,5706),(79,3755),(91,1139)]	59.562581
743	[(0,3014),(4,2844),(8,169),(12,3778),(15,4219),(19,1055),(25,1704),(32,2523),(74,1574),(82,1586),(84,5340),(88,4565)]	47.593155
744	[(2,2722),(10,1755),(12,1472),(16,2504),(19,3814),(49,4439),(52,5348),(62,2083),(81,364),(83,5724),(91,3782)]	48.779288
745	[(4,4491),(6,5319),(15,458),(41,5863),(49,118),(56,718),(62,2728),(71,4071),(82,5346),(92,2436)]	44.443420
746	[(37,3435),(77,6001),(85,3990)]	47.342019
747	[(14,2027),(18,1233),(31,837),(51,5203),(75,3309),(84,5072),(86,370),(87,1258)]	34.413701
748	[(14,3309),(16,1862),(19,1363),(44,2030),(49,5109),(60,2043),(79,2094),(87,1959)]	21.350224
749	[(3,5234),(14,3706),(19,1830),(24,3422),(31,3369),(69,3828)]	23.067876
750	[(1,4324),(21,3982),(46,76),(58,2129),(64,3409),(66,5645),(74,5887),(89,5149)]	21.805511
751	[(10,1822),(12,4415),(20,4152),(22,5633),(57,4242),(65,2048),(71,3378),(85,301)]	22.493033
752	[(3,4013),(5,5658),(17,2657),(19,2038),(23,1813),(44,2168),(56,4153),(57,543),(65,48),(71,1187),(77,408),(83,4094)]	29.333767
753	[(7,865),(33,5880),(46,4174),(48,2058),(52,5598),(69,2028),(87,2311)]	28.701405
754	[(18,4543),(24,5026),(38,5466),(50,5492),(56,5600),(66,15)]	47.823692
755	[(6,5229),(28,977),(33,672),(44,1699),(62,3650),(67,2133),(85,993),(87,3288),(88,1589)]	47.593255
756	[(38,5332),(56,2535),(65,3399),(71,2650),(81,4343),(85,4839),(86,2918)]	49.274215
757	[(1,4549),(26,2421),(28,5717),(31,4444),(46,4330),(56,2620),(75,2497),(80,3691)]	46.617111
758	[(12,4666),(29,3758),(39,378),(44,3732),(59,476),(66,657),(69,4439),(75,4882),(76,4121),(82,222),(85,4922),(88,2850)]	35.645907
759	[(2,1178),(6,186),(7,569),(24,5036),(27,5507),(35,2461),(38,5204),(57,790),(62,5345),(66,4260)]	22.217286
760	[(2,4320),(8,3789),(12,5686),(29,3049),(32,3901),(34,5822),(38,4778),(48,3706),(50,2762),(83,1048)]	21.272984
761	[(0,4775),(1,217),(23,4722),(24,3953),(33,284),(41,3203),(45,3293),(57,3423),(58,4717),(59,3159),(77,2820),(90,3457)]	21.123949
762	[(12,673),(14,4964),(19,651),(37,4417),(68,4408),(69,3878),(73,1992),(85,4798)]	21.035498
763	[(6,255),(15,4844),(35,2600),(39,1733),(55,3507),(57,3241),(80,3517)]	21.490084
764	[(5,4267),(15,2277),(24,2568),(27,4078),(37,5318),(41,3850),(50,731),(77,4807),(80,2766)]	21.328156
765	[(6,5856),(10,4305),(43,2744),(45,4781),(47,2123),(48,277),(61,5060),(83,1231),(89,819)]	21.703996
766	[(2,1713),(25,324),(34,3980),(47,2505),(70,4702),(71,2584),(80,55),(81,2999)]	22.453530
767	[(7,2757),(33,3637),(55,4753),(76,536),(83,5876)]	22.166155
768	[(0,2742),(1,1750),(6,5753),(12,1340),(24,2955),(35,2992),(47,3712),(53,3063),(67,5672),(71,4972),(73,4498),(77,2744),(84,3289),(85,5052),(86,1051),(90,3068)]	22.307461
769	[(34,3825),(40,5127),(47,3986),(77,986),(81,4576),(82,3826),(85,4710),(90,3118)]	21.053971
770	[(12,4639),(14,1189),(23,128),(25,3392),(31,5376),(47,2822),(54,4854),(55,4605),(58,3555)]	21.200710
771	[(1,3791),(28,2532),(81,5084)]	24.677361
772	[(7,124),(31,773),(52,3062),(56,5846),(69,958),(87,784)]	38.125147
773	[(12,4535),(16,2891),(24,2241),(35,3789),(41,2286),(47,4371),(51,3470),(55,1334),(57,561),(60,2401),(74,4371),(79,3585)]	22.014795
774	[(23,409),(25,3107),(52,774),(53,3243),(63,309),(83,3846),(89,690)]	21.445604
775	[(0,297),(4,4092),(20,3160),(21,932),(30,5016),(78,654),(86,1544)]	24.454611
776	[(5,4375),(26,4545),(32,3960),(50,1595),(54,5803),(70,2622),(81,3593)]	24.364614
777	[(15,2412),(26,629),(27,3365),(28,260),(31,4690),(52,3231),(68,2704),(79,1572),(83,5479),(86,4424)]	23.956745
778	[(40,4887),(48,4059),(56,678),(60,5767),(61,571),(69,5972),(79,1274),(85,87),(86,882),(89,3754)]	26.206038
779	[(25,2202),(28,3082),(37,5190),(40,4764),(41,4056),(55,1732),(68,1731),(76,5822),(77,108),(78,1974),(80,4060),(92,57)]	21.524223
780	[(5,4683),(6,902),(13,2490),(16,5812),(25,5476),(45,1460),(55,553),(56,1672),(69,5330),(83,4152)]	21.197411
781	[(40,4578),(41,2618),(49,1354),(91,1387)]	21.672438
782	[(2,2672),(6,5840),(16,900),(26,1820),(29,3117),(41,675),(50,4754),(57,3570),(58,116),(62,3662),(65,1609),(66,12),(69,1323)]	21.355070
783	[(15,5749),(16,5063),(37,1188),(38,1732),(40,3763),(44,1619),(51,435),(56,5593),(75,5628),(76,1224),(89,865)]	21.061820
784	[(15,2613),(24,3629),(34,5889),(37,4483),(54,4541),(90,4528),(91,143)]	21.333093
785	[(20,2495),(42,2382),(79,4819),(81,2998),(91,2766)]	21.372347
786	[(7,1331),(9,5210),(10,1894),(20,1768),(25,2475),(30,780),(49,3665),(58,3433),(68,2095),(84,907),(88,456)]	21.513033
787	[(3,188),(8,5942),(22,672),(33,924),(38,5363),(40,5225),(51,4483),(68,5346),(69,2573),(74,329),(79,4815),(85,4093),(87,127),(89,4175)]	22.070777
788	[(9,1707),(13,44),(20,3179),(22,5162),(32,3365),(47,1910),(48,5774),(59,2492),(78,718),(84,1295),(87,3507),(90,4105),(91,697),(92,697)]	22.849419
789	[(0,5627),(50,1491),(73,2605),(78,5252)]	21.244465
790	[(4,1682),(7,4051),(20,4070),(31,4562),(46,5229),(49,5603),(68,3088),(92,4360)]	25.197142
791	[(11,3775),(13,1794),(32,2538),(35,3504),(38,152),(45,1284),(74,4525),(77,927),(92,4214)]	28.037598
792	[(20,3670),(66,4423)]	22.484911
793	[(4,4593),(24,1817),(26,1529),(51,4209),(52,3770),(67,2935),(71,4616),(83,5501),(84,5532)]	21.769000
794	[(2,4680),(12,3598),(17,5310),(29,929),(42,3686),(46,2154),(66,4825),(73,2310),(80,5180),(88,3500),(92,2665)]	23.450410
795	[(67,1170),(86,2038)]	21.301657
796	[(3,4143),(8,1014),(45,4498),(53,3757),(65,4649),(66,151),(70,583),(88,1357)]	21.446902
797	[(11,369),(22,2567),(38,1612),(44,332),(52,1670),(63,4024),(66,4997),(73,5186),(75,1823),(79,1265),(81,2558),(87,4383)]	21.684547
798	[(8,3002),(11,4134),(19,5579),(24,2138),(35,3476),(67,4688),(68,1763),(75,2873),(90,653)]	20.918287
799	[(1,1504),(7,5057),(20,1816),(21,205),(29,3499),(44,5517),(56,3992),(58,3060),(85,3101)]	21.496316
800	[(4,2510),(24,5014),(53,1281),(68,5623),(77,2278),(81,1087),(85,3549),(87,4840)]	23.117574
801	[(2,2614),(3,5459),(9,1238),(20,357),(38,2750),(41,1642),(45,1037),(58,3959)]	21.598055
802	[(17,2564),(20,4216),(36,5718),(41,363),(52,5811),(62,2132),(66,1791),(81,993)]	21.337857
803	[(5,5220),(8,1605),(19,1950),(36,4522),(40,5219),(41,5107),(48,1506),(51,1969),(54,381),(65,4488)]	21.492973
804	[(27,315),(31,56),(33,2934),(37,3095),(41,856),(61,3888),(68,2483),(71,5648),(91,3647)]	20.854797
805	[(8,4911),(19,2835),(23,917),(31,2858),(52,452),(86,3622),(87,4859)]	21.226164
806	[(5,2403),(13,619),(22,424),(28,3661),(31,359),(60,4970)]	21.425389
807	[(2,2161),(5,685),(11,5357),(12,4610),(18,314),(42,3989),(45,1383),(60,2308),(62,5242),(67,503),(74,2711),(78,527),(83,5693)]	20.962050
808	[(16,3434),(34,642),(44,862),(87,1418)]	21.694134
809	[(11,2233),(17,3732),(18,2084),(20,3062),(25,5302),(60,3951),(68,3935)]	22.109963
810	[(21,1621),(29,1100),(37,417),(38,5277),(68,4587),(84,5032)]	22.312624
811	[(4,477),(9,2875),(15,1037),(33,3551),(55,1949),(56,5573),(61,2815),(75,2229)]	24.756147
812	[(7,105),(8,5184),(26,3419),(46,3847),(90,2874)]	21.124068
813	[(6,2042),(7,3711),(11,4198),(16,1125),(33,4112),(43,1663),(50,5912),(64,1619),(80,3255),(88,1210),(92,2333)]	21.415460
814	[(22,5615),(43,815),(58,1219),(63,1749),(64,5590),(65,1052),(68,1062),(76,5378),(78,160),(89,1051)]	21.065162
815	[(11,1628),(13,3073),(35,5236),(42,1543),(44,1203),(46,2543),(50,1159),(52,5386),(69,4643),(72,1967)]	21.584600
816	[(5,1389),(12,1434),(18,2102),(38,576),(40,3956),(46,2023),(53,4052)]	20.910954
817	[(19,468),(23,6004),(46,1671),(49,4070),(51,2534),(60,2238),(65,161),(75,2089),(76,1647)]	27.618679
818	[(8,201),(16,4973),(20,5698),(39,2169),(41,2890),(43,5589),(44,2553),(49,5527),(66,5075),(68,2691),(76,5301),(77,3485),(78,4720),(84,4729),(85,4947)]	35.783048
819	[(0,96),(19,5563),(20,92),(29,2772),(42,3930),(49,544),(52,2586),(60,4155),(79,2085),(80,2301),(83,1036)]	24.341204
820	[(1,4012),(6,2717),(10,5993),(18,4449),(30,3052),(32,671),(48,2684),(50,4750),(56,2851),(58,5275),(64,3191),(71,2025),(77,326),(82,36)]	21.778000
821	[(7,4529),(31,499),(37,3227),(39,1794),(50,5270),(59,3506),(83,214)]	22.131524
822	[(48,1493),(51,231),(69,3674),(70,4302),(77,1813),(79,4316),(84,1944)]	24.156476
823	[(2,1553),(7,5778),(11,1323),(13,1030),(21,4756),(72,1686),(78,81),(82,5534),(91,3101)]	22.073965
824	[(4,5946),(17,997),(23,181),(49,5684),(54,3289),(64,743),(66,968),(75,3825),(79,783),(82,5761),(89,5247),(91,4605)]	21.149401
825	[(2,5369),(8,3409),(11,6007),(18,3468),(22,3200),(38,3998),(39,5995),(48,4014),(50,2987),(61,2538),(68,81),(78,2283),(79,5331)]	21.261249
826	[(7,2632),(36,5407),(37,5620),(39,3311),(61,5319),(63,2210),(80,779),(89,2500)]	21.578042
827	[(2,1705),(17,4187),(28,1493),(62,4782),(75,5851),(80,1202),(81,4408),(83,3651)]	20.875721
828	[(0,24),(6,3259),(11,2758),(23,1590),(29,4284),(49,497),(67,3903),(85,3890)]	20.978572
829	[(5,4085),(8,2238),(23,3978),(42,1152),(47,3896),(64,3223),(88,2787)]	21.936195
830	[(9,2711),(27,5064),(42,2065),(45,5964),(57,5670),(65,239),(73,5273),(88,361),(89,4945)]	22.098054
831	[(13,5222),(23,3257),(35,1463),(46,5424),(51,5681),(53,804),(54,3830),(62,5094),(70,2179),(79,4095)]	21.932032
832	[(6,3896),(7,3918),(34,2329),(37,4566),(44,1158),(48,1979),(55,3187)]	24.687899
833	[(2,2027),(20,4595),(25,3830),(27,4442),(55,2209),(60,4842),(74,1957)]	21.398748
834	[(2,4617),(22,1794),(24,4366),(32,4482),(33,870),(39,219),(49,2990),(54,3668),(55,4834),(58,2660),(73,604),(77,5805),(83,5697)]	22.770332
835	[(10,806),(22,4383),(33,2499),(42,5286),(43,4934),(49,3914),(51,607),(56,590),(59,3277),(79,4446),(88,724)]	30.776662
836	[(13,719),(30,3917),(31,5147),(64,3250),(65,2397)]	22.036171
837	[(3,1240),(7,4838),(14,1811),(49,5080),(61,198),(67,2794),(71,5391),(75,3683),(80,1822)]	21.149288
838	[(7,3576),(16,2364),(18,3711),(25,3588),(43,2516),(45,1632),(62,5606),(72,4816)]	21.634633
839	[(13,2797),(22,3646),(28,3581),(44,1193),(52,3026),(75,1962),(80,786)]	23.291662
840	[(2,5448),(12,410),(21,1041),(31,127),(36,5553),(37,3370),(45,4411),(76,1073),(78,1685),(81,2772)]	21.967612
841	[(5,5557),(27,1440),(37,370),(38,1258),(46,1059),(52,1545),(53,2072),(73,1476)]	21.320350
842	[(24,5019),(33,2396),(55,5533),(71,1623),(75,5441),(78,5221)]	21.358066
843	[(29,3284),(43,3761),(48,3945),(54,3303),(56,5856),(60,4822),(74,3728),(78,2646),(90,4762)]	21.012800
844	[(5,4180),(17,3849),(19,44),(41,610),(45,1421),(55,1661),(65,112),(89,165)]	22.498278
845	[(9,4111),(12,5640),(16,4105),(27,4621),(44,4929),(47,1722),(59,109),(65,1298),(78,5763),(81,1598),(86,1443)]	21.488465
846	[(10,705),(39,5366),(54,3541),(58,1250),(64,126),(92,332)]	21.220201
847	[(6,2652),(12,1440),(36,298),(39,5680),(43,381),(68,3783),(69,1202),(84,3898)]	21.546248
848	[(3,1894),(8,4367),(24,5240),(25,2671),(27,1036),(55,3008),(64,3814),(75,5369),(80,357),(88,1573),(91,5137)]	21.328098
849	[(2,97),(10,5337),(17,4060),(30,5659),(40,567),(81,3375),(88,202),(91,2522)]	21.093329
850	[(8,4198),(11,3896),(12,3918),(20,763),(23,3402),(25,1673),(33,4739),(35,345),(39,5001),(40,3526),(52,980),(65,4019),(76,4509),(78,1045),(87,3469),(91,401)]	21.901401
851	[(9,5792),(25,4515),(32,573),(40,4416),(43,784),(50,2671),(76,408),(78,643)]	21.945875
852	[(7,2138),(12,2163),(18,4485),(25,4561),(28,395),(46,309),(60,134),(62,5666),(70,4065),(73,2372)]	22.043295
853	[(1,401),(2,37),(10,3507),(34,2255),(64,5947),(71,3069)]	21.637515
854	[(1,3609),(19,1295),(58,3289),(64,3839),(71,3331),(77,5982),(80,2488),(84,3122),(92,61)]	21.162485
855	[(0,679),(13,1990),(26,659),(33,1367),(40,5949),(58,3285),(62,79),(70,1810),(74,1785),(76,5725),(78,1220),(81,4704),(88,3756)]	21.369581
856	[(8,4554),(26,2014),(45,1066),(48,2411),(61,5308),(71,380)]	21.418550
857	[(0,3061),(14,495),(30,3670),(36,5842),(49,5816),(54,452),(74,1664),(75,2647),(81,2370)]	21.160664
858	[(0,1209),(16,2685),(18,1046),(20,2205),(30,73),(32,2503),(43,505),(44,2170),(78,259),(84,3930),(90,3140)]	21.150444
859	[(0,5409),(2,1930),(3,3509),(16,5357),(17,4610),(33,4229),(45,4182),(53,606),(58,2501),(60,2223),(76,4883),(79,2071),(87,4847),(91,4243)]	21.437954
860	[(13,2750),(15,1290),(42,5235),(52,2813),(54,2948),(65,1992),(81,226),(83,2127),(86,3442)]	21.490336
861	[(2,775),(4,2667),(13,3802),(18,2392),(35,5208),(52,5523),(53,1405),(64,2548),(81,835)]	21.284735
862	[(1,281),(4,520),(28,5295),(31,5424),(35,2210),(69,4584),(86,1940)]	21.755451
863	[(0,105),(30,5612),(45,2320),(46,4382),(63,1964),(65,5313),(80,5361)]	25.178368
864	[(0,3288),(2,1696),(14,3720),(32,2333),(36,2222),(38,3151),(79,4936)]	40.843093
865	[(3,4487),(10,3577),(25,5023),(30,2693),(38,4575),(67,20),(76,1800),(78,1563),(89,1991)]	21.854687
866	[(37,3679),(49,5161),(50,5241),(61,4972),(80,2038),(84,4978)]	21.360227
867	[(4,3269),(5,1819),(14,1307),(17,382),(30,3488),(59,4479),(82,5874),(91,3106)]	25.218440
868	[(16,4862),(33,4508),(37,5928),(39,1863),(53,402),(64,936),(83,130),(85,5636),(92,5562)]	22.423931
869	[(0,5084),(10,3386),(17,5654),(35,5500),(45,5626),(48,2067),(51,396),(62,1279),(70,4407),(78,1147),(82,1715)]	22.626753
870	[(0,4925),(45,3334),(68,209),(71,1269),(91,4686)]	21.965464
871	[(17,988),(23,3581),(34,71),(47,4449),(51,3958),(58,3409),(62,5880),(68,5489),(82,2291),(88,4456)]	22.300638
872	[(3,771),(10,979),(24,2174),(36,3835),(37,5035),(51,1303),(58,713),(66,3683),(78,5018)]	25.234453
873	[(1,5604),(7,3643),(11,2652),(13,253),(52,5253),(61,5686),(66,479),(79,4131)]	23.759349
874	[(21,2490),(27,970),(45,4766),(52,5343),(57,4038),(59,2227),(70,4468),(73,1664),(74,2647),(84,3828),(90,5910)]	22.378691
875	[(1,4600),(2,2661),(4,4970),(8,2480),(17,245),(33,190),(39,4823),(71,2406)]	21.368242
876	[(12,848),(45,1773),(64,2873)]	21.383035
877	[(10,2769),(18,3856),(39,149),(43,4856),(67,1062)]	21.414739
878	[(0,241),(23,3296),(49,443),(50,437),(86,3724),(89,5641)]	21.479099
879	[(1,859),(4,667),(12,2661),(31,2489),(45,4955),(70,545),(79,4965),(84,1280)]	28.573844
880	[(14,4176),(28,5145),(32,4035),(50,942),(57,2899),(69,2055)]	21.725861
881	[(9,4842),(20,305),(45,1998),(71,680),(78,5274)]	21.606245
882	[(1,1008),(2,3792),(11,444),(19,3341),(33,4623),(34,4569),(36,4039),(41,3739),(44,4242),(52,5681),(55,4714),(63,4311),(66,2377),(91,650)]	21.200269
883	[(8,341),(24,5385),(50,4861),(53,98),(56,3386),(68,1534),(79,1825)]	25.968442
884	[(17,5474),(43,3220),(47,753),(69,4497),(79,4510),(82,4634)]	23.820453
885	[(12,3698),(44,1144),(47,1111),(58,3017),(90,3916)]	21.220594
886	[(45,5695),(75,2071),(82,3763)]	21.308427
887	[(12,1721),(13,5429),(14,1545),(54,1275),(60,5262),(67,2322),(79,5962),(89,3513)]	24.155887
888	[(9,3466),(17,3993),(19,4899),(26,1241),(31,694),(47,1842),(48,5358),(54,2096),(60,1022),(85,383)]	21.458481
889	[(4,1370),(17,2311),(25,1113),(41,4391),(46,5800),(63,5776),(67,508),(75,3030),(84,2140),(85,319)]	21.217521
890	[(12,5489),(16,1737),(33,3420),(36,4151),(37,5563),(54,3220),(56,5575),(69,2342),(78,5168),(79,6),(81,709)]	21.584998
891	[(13,562),(19,1030),(40,1624),(56,4211),(57,3949),(74,823),(86,4031)]	21.468016
892	[(2,4882),(3,3378),(4,3493),(33,4574),(40,1543),(68,1893),(75,5896),(80,5782),(91,5108)]	21.389867
893	[(26,2195),(38,5688),(48,4131),(57,1695),(76,3124),(77,5571),(83,3862),(85,2797),(87,3845)]	21.420495
894	[(7,1495),(30,2337),(31,3254),(40,669),(45,5228),(92,5448)]	21.993074
895	[(17,3894),(48,3088),(51,868),(52,391),(60,2018),(62,1362),(64,1427),(67,3209),(68,3849),(76,643),(86,411)]	22.020978
896	[(3,5426),(6,5254),(12,818),(22,5306),(26,5217),(28,1240),(41,3412),(48,1045),(70,2699),(80,5851)]	21.719823
897	[(1,1603),(11,4122),(28,4550),(31,174),(33,4323),(44,1767),(50,1543),(52,1967),(57,679),(61,1282),(67,4338),(70,4233),(77,314)]	21.462724
898	[(16,5279),(18,4714),(24,4967),(28,5310),(36,78),(49,2895),(51,488),(52,3751),(56,630),(64,5261),(65,4409),(83,3407)]	21.507713
899	[(21,1021),(23,1383),(26,1066),(31,3003),(37,1393),(52,3613),(54,4969),(58,2757),(75,911),(83,138),(88,1547)]	22.078898
900	[(40,119),(58,1109),(67,2159),(76,4824),(87,3507)]	21.936436
901	[(11,4484),(50,4009),(70,4586),(76,3162),(85,4779)]	21.090750
902	[(4,3147),(20,5109),(22,3824),(52,4912),(59,3634)]	21.199999
903	[(7,581),(37,5142),(40,42),(44,3482),(50,1868),(58,5401),(74,316),(81,1536)]	21.239198
904	[(6,1910),(7,5774),(35,1092),(45,1273),(48,2071),(53,5104),(55,3685),(57,5112),(63,1309),(67,1234),(87,2655),(88,619)]	21.024520
905	[(3,1133),(9,3958),(20,5966),(26,67),(30,5895),(53,6006),(65,3837),(68,2755)]	21.305274
906	[(7,3085),(24,120),(40,2990),(52,3072),(68,1399),(72,2116)]	21.011010
907	[(20,826),(34,4653),(36,2926),(37,3204),(55,4778),(66,1832),(72,2118),(87,4372),(92,1221)]	22.511124
908	[(4,2868),(5,3361),(16,2977),(35,1900),(52,4060),(54,4084),(55,3054),(82,2448),(89,5040)]	21.427949
909	[(13,2766),(17,1097),(27,2084),(31,5434),(40,1552),(42,3439),(45,4914),(47,2827),(48,3098),(66,1821),(67,629)]	32.863532
910	[(6,5782),(24,357),(35,2428)]	34.689885
911	[(11,4268),(14,5936),(26,3906),(38,2245),(47,2509),(56,729),(61,5574),(72,423),(87,1267)]	25.013267
912	[(2,3353),(9,2233),(12,5341),(28,1389),(30,3980),(38,2693),(42,4291),(56,3910),(74,3598)]	22.048533
913	[(10,3500),(70,4953),(74,4694),(77,2843),(85,5475),(88,211)]	20.969089
914	[(0,3269),(7,5446),(11,2941),(15,5366),(17,5039),(32,2609),(81,3502)]	21.523105
915	[(6,1876),(9,3574),(17,5359),(21,5682),(32,2614),(49,2006),(62,460),(67,4293),(75,1645),(76,1061),(80,4155)]	20.980552
916	[(4,1784),(5,813),(15,1118),(20,711),(25,3846),(28,445),(39,5493),(61,2255),(67,3964),(75,328),(76,2352),(88,5721),(92,2654)]	21.311460
917	[(11,1838),(23,696),(42,4417),(56,1430),(61,3627),(65,2093),(77,1315),(88,3818),(91,1346)]	22.055732
918	[(37,2090),(41,3839),(54,1292),(55,1485),(56,2388),(87,3922),(92,3443)]	23.308614
919	[(1,3317),(6,3417),(36,4263),(80,3242),(84,3195),(87,5804)]	21.768174
920	[(2,177),(5,675),(21,1507),(22,4855),(66,1925),(75,151),(84,609),(86,2947),(91,4302)]	36.213410
921	[(2,714),(7,128),(28,5919),(34,3946),(48,321),(61,1062),(76,223),(80,2218),(81,3341),(87,5177),(88,1037)]	39.323691
922	[(5,2582),(36,46),(38,2503),(43,1832),(44,4352),(45,391),(55,1410),(57,4269),(66,4546),(68,3653),(73,5743),(76,1223),(80,3610)]	29.208465
923	[(7,914),(9,3044),(18,5649),(34,556),(35,1532),(40,1585),(55,3913),(61,1405),(66,1350),(70,5935),(91,5864)]	21.781391
924	[(17,2395),(45,3008),(71,2965)]	21.168052
925	[(23,5917),(24,2868),(36,5541),(46,4975),(55,1653),(57,558),(64,5745),(73,1318),(77,1279),(85,2791),(88,241)]	22.887803
926	[(22,5772),(26,2686),(28,3537),(54,3995),(69,3263),(85,2595)]	23.021828
927	[(0,5404),(10,1214),(14,4373),(16,5911),(36,530),(38,1801),(43,3473),(45,1931),(63,1504),(67,4023),(82,4522)]	21.382445
928	[(1,4731),(7,2617),(9,2628),(15,2101),(18,521),(31,1060),(39,3590),(41,626),(63,4238),(81,3146)]	21.996452
929	[(9,4824),(15,3236),(17,3130),(28,2394),(30,5251),(36,57),(44,1800),(47,3263),(56,258),(62,3640),(65,1167),(67,3546),(73,2488),(77,2978),(80,3242),(81,265),(91,3645)]	21.540266
930	[(11,4390),(25,5265),(27,1779),(36,5602),(38,2873),(43,3954),(47,1234),(53,4116),(60,1643),(65,4457),(69,2621),(78,776),(79,3472),(90,4987)]	22.504053
931	[(3,5306),(6,3940),(28,1475),(32,5601),(37,2157),(40,434),(50,5480),(67,3835),(79,5327),(89,4502)]	21.699731
932	[(13,5849),(23,2135),(41,5924),(42,3426),(44,1135),(50,2719),(56,2761),(60,2683),(84,4831),(88,4830),(92,5355)]	23.522541
933	[(3,1531),(6,3026),(13,1501),(24,5543),(25,1475),(32,1431),(33,3473),(53,1745),(57,4982),(58,3128),(63,1106),(69,2821),(78,5977),(88,5851)]	22.841674
934	[(1,4303),(4,2381),(14,1126),(22,3704),(31,5404),(38,2896),(40,4201),(73,5422)]	22.069126
935	[(4,4897),(21,5260),(46,890),(69,4705),(83,3085),(87,1056)]	21.187370
936	[(13,769),(16,253),(18,5342),(20,3918),(26,2071),(58,671),(70,543),(73,3969),(76,4000),(79,5334)]	21.982755
937	[(52,4168),(76,4742),(77,1895),(91,698)]	23.596382
938	[(7,4165),(15,3651),(36,4812),(44,2085),(60,1270),(84,2106),(92,1174)]	22.118645
939	[(1,1226),(2,5964),(13,2954),(18,4241),(33,3717),(42,5497),(47,1527),(51,5273),(70,5031),(78,123)]	23.381968
940	[(30,1918),(34,564),(39,5339),(42,1201),(61,2797),(63,3845),(67,1187),(68,5983),(70,3778),(75,3176)]	21.612589
941	[(17,104),(23,2327),(53,1645),(55,3979),(81,1177),(86,1720)]	21.035863
942	[(21,1776),(25,3304),(30,4119),(34,21),(38,635),(44,2037),(53,839),(77,2218),(80,5092),(90,1421)]	22.637598
943	[(12,5994),(17,2357),(26,3522),(28,1246),(34,5939),(41,2442),(50,5186),(89,998)]	21.275786
944	[(32,2614),(33,5459),(36,876),(45,457),(46,1425),(49,634),(50,4702),(78,4957),(92,1228)]	21.675506
945	[(33,4965),(53,1406),(55,4315),(66,640),(73,5470),(85,5838),(90,1722)]	21.362781
946	[(31,600),(34,4572),(39,3812),(56,4635),(57,4764)]	21.517903
947	[(2,822),(17,5744),(20,2580),(25,4166),(27,4233),(30,5109),(39,3828),(44,5685),(71,4506),(73,4746),(76,4247),(86,3266)]	21.081676
948	[(6,905),(16,1043),(18,1711),(28,2920),(33,1046),(52,379),(58,4711),(60,1828),(73,4257),(75,5462),(79,5653)]	21.451075
949	[(38,5177),(40,2985),(47,4743),(55,4873),(65,851),(79,1339),(86,4689),(88,2012)]	21.087076
950	[(15,2416),(24,4834),(26,2409),(29,4959),(42,1886),(60,3500),(91,1473)]	21.143879
951	[(4,3245),(12,4333),(37,1049),(40,1493),(53,5734),(65,1622),(83,914),(86,1559)]	21.792763
952	[(17,5951),(23,1196),(59,3496),(63,4641),(76,3291),(77,2976),(85,3053)]	25.381679
953	[(6,1576),(12,3588),(22,3793),(34,5013),(38,3760),(46,5976),(51,2335),(77,2235),(87,181)]	23.074567
954	[(0,1770),(21,2507),(24,4297),(38,675),(51,72),(58,2926),(65,2980),(68,5213),(76,4281)]	45.163925
955	[(0,963),(22,687),(73,333),(75,3102),(88,4848)]	21.818731
956	[(6,2755),(30,2372),(34,4444),(37,1930),(38,3509),(39,3521),(55,3230),(63,5489),(80,3436)]	20.982620
957	[(19,2404),(48,5323),(53,4466),(66,5608)]	21.210276
958	[(12,3856),(16,434),(26,3654),(47,1881),(48,1695),(52,1702),(56,5343),(84,152),(85,2445),(87,1759)]	21.571541
959	[(23,5941),(28,424),(31,5326),(35,4517),(36,3261),(74,1884),(83,3738),(85,1270)]	22.640436
960	[(3,984),(5,758),(11,5560),(21,5095),(24,1495),(45,2182),(47,2399),(55,2364),(57,3711),(75,2530)]	21.084066
961	[(33,1755),(46,3885),(47,676)]	21.347861
962	[(1,3551),(2,583),(8,4817),(18,829),(40,4740),(54,4405),(55,5753),(63,2236),(69,4611),(73,2327),(77,2562),(81,201),(91,4192)]	21.330882
963	[(7,186),(36,4421),(50,327),(55,4465),(57,5403),(65,1426),(70,5421),(81,3204)]	21.998813
964	[(26,2084),(48,5283),(77,2041),(90,5342),(92,3317)]	21.640917
965	[(1,1208),(6,2792),(10,314),(32,4600),(42,5374),(55,4975),(80,3683)]	21.376460
966	[(0,3630),(11,3412),(12,2467),(20,3717),(27,4758),(32,669),(35,3124),(36,5571),(53,5977),(79,3895),(90,1040)]	28.889065
967	[(8,1435),(24,1156),(27,5887),(28,1747),(42,553),(45,660),(46,5473),(57,5389),(58,5125),(68,432),(91,968)]	21.919847
968	[(4,700),(20,2227),(21,89),(30,4697),(53,5796),(92,2712)]	23.895562
969	[(18,2841),(19,5308),(24,2113),(50,4742),(51,1895),(52,3495),(59,2613),(69,2846),(71,3821),(74,1041),(76,5077),(77,1227),(85,2413),(91,2187)]	23.728836
970	[(3,5603),(16,4536),(32,4424),(34,1057),(35,3470),(42,2917),(50,1583),(63,5437),(65,3584),(79,4600),(80,2661),(84,1511)]	24.231486
971	[(1,4852),(4,4350),(21,2440),(22,915),(32,3103),(33,3901),(34,5926),(40,3446),(45,992),(61,110),(62,3546),(70,4257),(71,615),(76,1296),(91,3060)]	26.275511
972	[(2,4504),(10,3307),(11,4044),(26,2771),(28,3492),(32,1706),(41,3720),(42,1986),(56,5192),(61,662),(63,3406),(64,5094),(85,4019),(87,3250),(91,888)]	24.720670
973	[(4,2668),(6,598),(9,4565),(24,5322),(29,5259),(30,4648),(49,2238),(55,4837),(61,5411),(68,3117),(74,3058),(80,2735),(87,694)]	22.127553
974	[(2,2086),(10,4152),(12,3964),(33,5560),(39,2587),(53,4808),(56,1576),(63,3269),(81,2986)]	23.362543
975	[(23,2914),(48,5408),(55,2597),(59,5047),(64,4765),(70,3948)]	21.352137
976	[(21,3763),(26,1259),(71,231),(81,4609),(84,4908)]	22.953960
977	[(1,2906),(6,1359),(13,3339),(16,2961),(23,2586),(47,156),(54,1611),(83,2718),(86,2599)]	21.692222
978	[(26,4301),(44,3115)]	21.242236
979	[(27,4361),(32,3101),(37,1471),(38,176),(45,5667),(56,5020),(72,3541),(76,5541),(80,3079),(82,2362)]	21.220541
980	[(0,4299),(54,3610),(61,758),(63,1147),(66,949),(78,2073)]	21.932711
981	[(10,1044),(33,1741),(85,4934),(87,5494),(92,299)]	21.383370
982	[(1,922),(39,3520),(69,1100),(73,523),(83,2246)]	22.147001
983	[(1,3601),(10,3378),(11,3493),(28,2005),(29,3435),(30,2511),(55,2968),(65,5710),(70,1529),(74,2433)]	22.169346
984	[(15,2779),(31,2109),(36,2643),(39,4477),(41,396),(54,4014),(65,2041),(70,3514),(77,2)]	21.364244
985	[(10,147),(47,4562),(49,467),(56,2845),(59,1924),(65,778),(69,155),(78,5688),(89,2930)]	21.379147
986	[(5,1838),(22,4530),(24,1456),(25,4429),(35,3755),(62,5609),(66,5634),(68,4262),(69,1817),(73,715),(77,4483),(86,4265)]	21.363518
987	[(17,2684),(21,4252),(24,3114),(30,3082),(37,3016),(38,5941),(39,1539),(41,3589),(51,4796),(57,1274),(63,3688),(64,1758),(66,4741),(75,3270),(76,3426),(84,1476),(90,5643)]	21.437444
988	[(8,2754),(16,3547),(25,533),(37,3865),(43,5261),(44,4409),(49,3018),(71,246),(83,4447),(86,1237),(87,3225),(89,4363),(92,4749)]	21.216763
989	[(14,4629),(23,4470),(24,5806),(26,486),(29,1929),(30,1180),(33,4397),(59,1585),(78,3795),(80,3222),(91,1366),(92,3804)]	21.084627
990	[(21,4884),(30,1870),(37,1915),(52,3722),(58,4988)]	21.405257
991	[(19,5918),(42,4657),(53,733),(54,4059),(68,1041),(70,5077),(90,624)]	21.236866
992	[(10,102),(25,4316),(33,720),(43,2915),(61,2588),(71,4418),(73,1540),(76,3226),(77,2722),(79,4357)]	21.161881
993	[(6,5863),(12,3203),(32,4118),(39,2794),(48,2750),(84,5058),(86,2530),(87,2145)]	21.020497
994	[(5,2798),(13,4995),(30,3915),(33,3161),(34,3950),(35,3937),(39,5314),(45,1184),(51,577),(52,866),(65,3697),(68,2363),(69,3955),(82,5422),(91,4666)]	20.906418
995	[(17,3475),(25,1652),(27,4679),(28,5456),(30,4578),(31,2618),(38,703),(56,3144),(58,2199),(59,3419),(75,4649),(77,5806),(83,3558)]	21.146699
996	[(0,2078),(60,4954),(62,4548),(80,396),(86,2289),(91,5247)]	23.726532
997	[(13,3955),(15,5748),(60,2577),(68,1989),(70,4811),(75,3410),(77,5950)]	20.816814
998	[(0,5986),(37,3173),(46,3748),(56,2771),(59,4579),(76,4983)]	20.815015
999	[(2,902),(9,1954),(26,1332),(45,1339),(48,2270),(52,283),(75,4326)]	21.653656
