ruleset_index	matches	time_ms
0	[]	12.942246
1	[]	9.322098
2	[(17,69),(51,230)]	9.157125
3	[(52,59)]	9.046690
4	[]	8.976091
5	[(57,58)]	9.124493
6	[]	9.134061
7	[]	8.996043
8	[]	9.060762
9	[(82,108)]	9.212914
10	[]	9.101534
11	[(13,190)]	10.823110
12	[]	9.983028
13	[(29,99),(38,175)]	10.390239
14	[]	10.151600
15	[]	10.119995
16	[]	11.498710
17	[]	9.341907
18	[]	9.284865
19	[]	9.015202
20	[(65,27)]	8.961053
21	[]	8.898659
22	[]	9.037843
23	[]	8.893334
24	[(84,183)]	9.005610
25	[]	9.045756
26	[]	8.918213
27	[]	9.169751
28	[]	8.988077
29	[]	9.000306
30	[]	9.012381
31	[(61,149),(88,241)]	9.067323
32	[]	9.096682
33	[]	9.051277
34	[]	8.896341
35	[(28,18),(34,150)]	9.128968
36	[]	9.064158
37	[]	9.614643
38	[(8,89),(82,70)]	9.059646
39	[]	9.149081
40	[]	9.011499
41	[(32,124)]	9.087631
42	[(55,85)]	9.189972
43	[]	8.971248
44	[(8,41),(19,6),(35,166)]	8.940139
45	[]	9.204398
46	[(70,30)]	9.061375
47	[(13,302)]	9.104846
48	[]	9.005570
49	[]	8.945087
50	[(7,52)]	9.894763
51	[]	8.955360
52	[]	9.026238
53	[]	8.998927
54	[(68,115)]	8.992785
55	[(12,311)]	9.034137
56	[(16,11)]	9.030045
57	[]	8.993661
58	[]	8.905684
59	[(31,287)]	9.073283
60	[(37,47)]	8.934044
61	[]	9.443078
62	[]	9.233644
63	[]	9.506687
64	[]	9.424680
65	[]	9.130283
66	[(35,216)]	9.239269
67	[]	11.341194
68	[(2,29)]	9.416207
69	[(25,28),(27,247)]	9.417411
70	[]	9.235410
71	[]	9.054952
72	[(46,78)]	9.172266
73	[]	9.354233
74	[(59,213)]	9.140545
75	[(53,278),(62,113)]	9.298682
76	[]	9.139997
77	[(48,313),(50,140)]	9.204833
78	[]	9.049034
79	[]	9.392624
80	[]	9.305728
81	[]	9.045775
82	[]	9.018528
83	[(86,208)]	9.184571
84	[(84,14)]	9.099135
85	[]	9.085853
86	[]	9.185573
87	[]	9.292512
88	[]	9.024375
89	[]	9.212605
90	[(74,230)]	9.161862
91	[]	9.612155
92	[(41,134),(70,266)]	9.058839
93	[(78,16)]	8.901537
94	[]	9.105993
95	[]	8.961931
96	[]	9.244996
97	[]	9.589232
98	[]	9.147969
99	[]	10.049854
100	[]	12.534456
101	[(10,219),(27,197)]	12.491309
102	[]	10.603055
103	[]	9.257649
104	[]	8.932029
105	[]	8.938564
106	[]	9.140716
107	[]	16.970657
108	[]	18.119021
109	[]	15.677347
110	[(29,118),(89,234)]	9.333953
111	[(74,175)]	9.654678
112	[]	9.077131
113	[]	9.180518
114	[]	9.210076
115	[(55,178)]	9.320550
116	[(67,91)]	10.457479
117	[(37,139),(44,273)]	9.280320
118	[]	9.479704
119	[]	10.111473
120	[(35,62),(49,92)]	10.602447
121	[]	9.429926
122	[]	9.221676
123	[]	11.625598
124	[(29,57)]	9.096569
125	[]	8.875240
126	[]	8.877856
127	[(18,76),(36,60)]	8.920846
128	[]	8.907523
129	[]	8.887712
130	[]	8.876719
131	[(76,223)]	8.987353
132	[(67,102)]	9.020496
133	[]	8.993305
134	[(12,237)]	8.945663
135	[]	8.937516
136	[(67,116)]	8.914824
137	[]	9.410363
138	[(13,119)]	8.933898
139	[]	8.898349
140	[]	8.976890
141	[]	8.920108
142	[]	9.043279
143	[(19,23)]	9.043897
144	[]	8.862384
145	[]	9.206709
146	[]	9.019697
147	[]	8.843194
148	[]	9.004276
149	[]	8.868878
150	[(48,86)]	8.837453
151	[]	9.043638
152	[]	9.164475
153	[(13,103)]	8.925859
154	[]	8.833817
155	[]	9.472932
156	[]	8.954689
157	[(58,288)]	8.859586
158	[]	8.848516
159	[]	8.941496
160	[(84,196)]	8.845109
161	[]	8.864287
162	[(16,197)]	9.035305
163	[(25,187),(27,176)]	8.951104
164	[]	8.828763
165	[]	8.867267
166	[]	8.849196
167	[]	8.897975
168	[]	9.121585
169	[]	9.097466
170	[]	8.955918
171	[(11,97)]	8.927782
172	[]	10.004888
173	[]	10.043414
174	[(19,152)]	8.993191
175	[(64,223)]	8.845901
176	[]	8.895162
177	[(52,238)]	8.863052
178	[]	9.044519
179	[(54,206)]	8.920789
180	[]	8.899739
181	[(43,258),(81,133)]	8.977853
182	[(28,89)]	8.850808
183	[]	8.990558
184	[(81,211)]	8.874796
185	[]	9.593269
186	[]	9.004138
187	[(36,55)]	12.397513
188	[(92,312)]	17.513426
189	[]	18.787333
190	[]	17.128735
191	[(44,196)]	17.338610
192	[(55,13)]	18.136093
193	[]	19.374812
194	[]	17.341371
195	[(60,64)]	17.502430
196	[]	19.630735
197	[]	18.392805
198	[]	18.702019
199	[]	17.282620
200	[]	15.774732
201	[]	16.931024
202	[(3,286)]	19.301858
203	[(45,203)]	19.995346
204	[]	21.412908
205	[(60,258)]	21.831274
206	[]	20.302610
207	[(52,297),(72,317)]	19.141914
208	[]	17.589256
209	[]	20.606420
210	[]	18.085533
211	[]	21.027638
212	[]	18.035361
213	[(82,326)]	17.865729
214	[(27,212)]	18.689971
215	[(67,20)]	17.838074
216	[(87,248)]	17.722778
217	[(47,279)]	19.054347
218	[]	18.504965
219	[]	18.968586
220	[]	19.372229
221	[]	18.302701
222	[]	17.850374
223	[(23,21)]	17.942627
224	[(48,23),(70,94)]	18.015668
225	[]	17.960357
226	[(49,164)]	17.831133
227	[]	18.922137
228	[]	18.453081
229	[(55,287)]	18.874111
230	[]	17.813296
231	[(10,146),(56,272)]	17.818204
232	[]	17.716940
233	[(26,257)]	18.463595
234	[(69,58)]	19.063717
235	[]	17.835373
236	[]	18.149546
237	[(10,178)]	15.679847
238	[]	17.130150
239	[]	16.979769
240	[(0,108),(4,51)]	17.084297
241	[(53,93)]	17.761913
242	[(6,85)]	17.500948
243	[]	17.673149
244	[(26,271)]	17.788668
245	[]	18.359923
246	[]	17.873429
247	[]	17.391918
248	[]	17.837182
249	[]	17.220824
250	[]	17.303209
251	[(44,307)]	18.510855
252	[(12,121),(65,108)]	19.816307
253	[]	18.424683
254	[]	18.416385
255	[]	17.981207
256	[]	18.199889
257	[]	20.174631
258	[]	17.579804
259	[(35,216)]	17.809132
260	[]	17.387129
261	[]	17.807335
262	[(35,8)]	17.628695
263	[]	18.673489
264	[]	20.468702
265	[]	24.896694
266	[]	21.089676
267	[]	15.434411
268	[]	17.377841
269	[(44,28)]	18.713281
270	[(80,4)]	19.032361
271	[]	17.555793
272	[]	17.858427
273	[(47,14)]	19.761880
274	[]	14.989815
275	[]	17.138565
276	[]	18.072006
277	[]	18.652329
278	[]	15.800064
279	[(41,302)]	17.690185
280	[]	20.212177
281	[]	18.417974
282	[]	18.184767
283	[]	18.225660
284	[]	18.389893
285	[]	17.744853
286	[(3,86),(54,179)]	18.647931
287	[]	14.969924
288	[(44,78)]	17.428066
289	[]	18.650171
290	[(70,104)]	17.360492
291	[]	17.547329
292	[(34,105)]	17.908171
293	[]	17.675560
294	[(91,272)]	17.712475
295	[(47,286),(53,138)]	17.802811
296	[]	17.863982
297	[(37,115)]	17.830740
298	[]	17.858771
299	[]	18.335247
300	[]	19.354745
301	[]	20.042799
302	[]	17.979319
303	[]	18.351151
304	[]	18.285139
305	[(21,235)]	18.148608
306	[]	21.954977
307	[]	22.826954
308	[]	17.869505
309	[]	17.899909
310	[]	17.895797
311	[]	22.084032
312	[]	20.454239
313	[(73,32)]	18.659151
314	[(4,280)]	18.747107
315	[]	18.444744
316	[]	19.806477
317	[]	18.142542
318	[]	18.686807
319	[]	17.952669
320	[]	17.887490
321	[]	20.027161
322	[(76,148)]	18.004033
323	[]	18.791822
324	[(41,287)]	18.842546
325	[]	18.608403
326	[(14,144)]	21.159869
327	[]	15.524059
328	[(49,229)]	17.249470
329	[]	17.981396
330	[(78,182)]	18.414162
331	[(64,138)]	18.333270
332	[(2,69),(88,91)]	17.277270
333	[]	17.887133
334	[]	17.387326
335	[]	17.903322
336	[(78,22)]	17.366066
337	[]	17.162842
338	[(46,199)]	17.668987
339	[]	17.280331
340	[]	17.433198
341	[(37,53)]	18.372571
342	[(67,160)]	17.770806
343	[]	17.722388
344	[]	17.415684
345	[]	17.224864
346	[(34,300),(59,150)]	17.052200
347	[]	17.884863
348	[(19,50)]	17.683084
349	[(1,235)]	17.612826
350	[(28,279)]	17.421269
351	[(82,41)]	17.325742
352	[(23,118)]	17.193641
353	[(10,53)]	17.760776
354	[]	17.385982
355	[]	17.274106
356	[]	18.139234
357	[(36,284)]	18.762795
358	[(25,39)]	18.569216
359	[(0,292)]	17.593152
360	[(54,228)]	22.218384
361	[]	20.716829
362	[]	16.738296
363	[]	17.485178
364	[(11,285)]	19.308089
365	[]	18.855556
366	[]	17.506926
367	[]	17.927480
368	[]	19.541344
369	[]	18.244972
370	[(3,108)]	18.592244
371	[(57,170)]	18.794514
372	[]	18.540569
373	[(1,45)]	15.427359
374	[(92,310)]	16.936502
375	[]	18.212333
376	[]	17.641710
377	[]	16.960837
378	[]	18.260668
379	[(75,70)]	19.965309
380	[]	19.122909
381	[(67,322)]	19.724107
382	[(45,234),(64,209)]	17.428766
383	[]	25.521433
384	[]	20.055601
385	[]	23.227860
386	[(24,326),(31,141)]	18.172563
387	[(5,236)]	15.752262
388	[]	17.147703
389	[]	17.162397
390	[]	17.968837
391	[(11,252)]	17.595343
392	[(88,5),(91,35)]	18.465134
393	[(11,266)]	19.930471
394	[(60,18)]	18.248998
395	[]	17.618492
396	[(13,245)]	17.516456
397	[]	17.528958
398	[]	17.714554
399	[]	17.831616
400	[(23,99)]	18.479309
401	[]	18.032035
402	[(33,77),(84,231)]	17.688362
403	[(92,280)]	19.146313
404	[(1,243),(84,314)]	18.650576
405	[(22,40),(60,162)]	20.196694
406	[]	18.230978
407	[(19,101)]	17.486192
408	[]	14.118824
409	[(71,202)]	9.932723
410	[(24,190)]	9.564248
411	[]	9.415693
412	[]	9.503061
413	[]	9.845186
414	[]	9.999648
415	[]	9.704992
416	[]	9.998676
417	[]	11.351593
418	[]	9.099478
419	[]	10.184002
420	[(30,117)]	11.233475
421	[(35,145)]	13.449089
422	[(1,179)]	11.495445
423	[]	10.752975
424	[(10,284)]	10.075343
425	[]	9.544128
426	[(51,144)]	9.514643
427	[]	9.782578
428	[]	9.848286
429	[]	9.407141
430	[(56,40)]	9.149983
431	[]	8.976691
432	[]	9.278170
433	[]	9.045092
434	[]	9.620128
435	[(30,293)]	11.799525
436	[(22,287)]	9.384769
437	[(83,317)]	9.154250
438	[(18,203)]	9.287410
439	[]	8.932025
440	[(30,15),(31,153)]	8.982692
441	[]	10.888644
442	[]	9.667579
443	[]	9.050933
444	[(91,110)]	9.085980
445	[(71,186)]	9.256756
446	[(85,174)]	9.244534
447	[(5,107)]	8.961002
448	[]	9.279551
449	[(15,211)]	9.111872
450	[]	8.932983
451	[(33,51)]	9.132648
452	[]	8.858017
453	[(47,56),(58,78)]	8.938646
454	[]	8.983880
455	[(35,266)]	9.099331
456	[]	9.490214
457	[]	9.075178
458	[]	9.369764
459	[]	9.554910
460	[]	9.023882
461	[]	8.979028
462	[(32,314)]	9.040576
463	[(84,263)]	9.820055
464	[]	9.794817
465	[]	9.951918
466	[(15,60)]	8.983970
467	[]	9.650099
468	[(22,79)]	9.006072
469	[]	15.526984
470	[(78,45)]	17.640387
471	[]	16.677662
472	[]	9.362440
473	[(31,240),(48,180)]	8.907905
474	[]	9.017431
475	[(92,58)]	9.557886
476	[(67,156)]	8.882646
477	[]	8.934356
478	[(90,39)]	9.019596
479	[]	9.031423
480	[(1,8)]	8.894188
481	[(70,311)]	8.978027
482	[]	9.804034
483	[(20,172)]	9.072162
484	[]	9.026133
485	[]	8.962458
486	[]	9.057739
487	[]	8.931748
488	[(66,152)]	9.050947
489	[]	9.075489
490	[(58,73)]	8.961744
491	[(7,241)]	8.933765
492	[]	9.022044
493	[]	9.144168
494	[]	9.411516
495	[(90,160)]	9.650706
496	[]	8.911282
497	[]	9.116097
498	[(67,258)]	8.999407
499	[]	9.195829
500	[]	9.414479
501	[]	8.992367
502	[]	9.414436
503	[(81,5)]	8.955445
504	[]	9.255758
505	[]	9.214031
506	[]	9.069989
507	[(65,204)]	9.017953
508	[]	8.945838
509	[]	9.222582
510	[(22,144)]	9.086339
511	[]	9.030135
512	[(52,227)]	8.970832
513	[]	9.009714
514	[]	9.028631
515	[(32,49)]	8.977580
516	[]	9.543896
517	[]	9.036484
518	[(26,62),(59,205)]	9.059493
519	[]	9.029875
520	[(43,130)]	9.198626
521	[]	12.147529
522	[]	9.728046
523	[]	9.569043
524	[]	10.083442
525	[]	11.712987
526	[(43,152)]	13.996391
527	[]	10.485872
528	[]	9.589321
529	[(10,86)]	9.231440
530	[(39,320)]	8.877154
531	[]	8.983980
532	[(24,282)]	8.930212
533	[]	9.740804
534	[(11,57),(88,272)]	9.541570
535	[]	9.673446
536	[(45,4)]	9.449577
537	[]	9.118189
538	[]	9.217631
539	[]	9.178624
540	[]	11.260576
541	[(31,218)]	9.224091
542	[(34,322)]	9.926846
543	[(40,192)]	9.996341
544	[]	9.347327
545	[]	9.369076
546	[(63,214)]	11.338436
547	[]	9.987263
548	[(13,229),(63,230)]	10.832092
549	[]	9.830669
550	[(89,89)]	9.380977
551	[]	9.535963
552	[]	8.899734
553	[]	8.891815
554	[]	10.055863
555	[]	9.327801
556	[]	8.899329
557	[]	8.845909
558	[]	9.136063
559	[]	8.836205
560	[]	9.144046
561	[(65,52)]	8.960829
562	[]	9.118749
563	[]	9.068977
564	[(24,64)]	8.845201
565	[(18,92),(92,40)]	9.049677
566	[(88,306)]	8.884939
567	[]	8.861390
568	[]	9.040989
569	[]	9.043255
570	[(61,307)]	8.942501
571	[(40,258)]	9.742240
572	[]	8.970299
573	[]	8.974130
574	[(67,89)]	8.840095
575	[(6,212),(44,138)]	9.120363
576	[(90,224)]	8.985682
577	[(8,100)]	9.048530
578	[]	11.288287
579	[]	17.512569
580	[(82,133)]	17.411666
581	[]	10.534703
582	[]	9.120873
583	[]	8.989557
584	[]	9.292021
585	[]	9.414240
586	[]	9.016997
587	[]	9.591465
588	[(76,78)]	9.218084
589	[]	9.013240
590	[(17,262)]	9.132177
591	[]	9.165728
592	[(73,219)]	9.264616
593	[]	9.155669
594	[(12,101),(72,262)]	9.105515
595	[(1,183),(52,150)]	9.122647
596	[]	8.984961
597	[]	9.058147
598	[(59,100)]	9.110008
599	[(12,201),(32,125)]	9.080585
600	[]	9.826765
601	[]	8.990959
602	[]	9.090908
603	[]	9.006412
604	[]	9.060757
605	[]	8.977524
606	[(68,195)]	9.148595
607	[]	9.075160
608	[(45,203),(49,99)]	8.960691
609	[(63,78)]	9.283883
610	[]	9.213728
611	[(62,97)]	9.000142
612	[]	9.299254
613	[]	9.320797
614	[]	9.146380
615	[]	9.066706
616	[(90,182)]	9.197828
617	[(15,243)]	9.639455
618	[]	9.087940
619	[]	8.825583
620	[]	9.107911
621	[]	8.932077
622	[(55,127)]	9.051316
623	[]	10.017146
624	[(84,221)]	9.208921
625	[]	9.124922
626	[(81,107)]	10.845315
627	[(29,93)]	8.978745
628	[]	8.994540
629	[]	10.405868
630	[]	12.273118
631	[(32,174)]	11.625927
632	[]	9.259138
633	[]	8.990037
634	[]	9.128810
635	[]	9.084053
636	[]	9.486417
637	[]	8.989457
638	[(47,202)]	9.164608
639	[(6,231)]	9.131871
640	[(11,77)]	8.973638
641	[(34,25),(36,70)]	8.833172
642	[]	8.850180
643	[]	8.861681
644	[(11,41)]	9.077035
645	[]	8.815365
646	[]	11.255729
647	[]	9.277502
648	[]	9.076804
649	[]	8.939151
650	[(19,208)]	8.813728
651	[]	9.121381
652	[(10,96),(85,255)]	10.672180
653	[(29,212)]	9.193770
654	[]	9.105872
655	[]	9.050025
656	[(63,297)]	9.034514
657	[(69,177)]	8.813147
658	[]	8.897733
659	[]	8.883541
660	[]	8.858451
661	[]	8.892990
662	[]	8.956780
663	[]	8.894692
664	[]	9.284859
665	[]	9.056615
666	[(91,152)]	8.977897
667	[]	8.962765
668	[(14,242)]	8.913626
669	[(69,150)]	8.994462
670	[]	9.011465
671	[]	8.975833
672	[]	8.845596
673	[]	8.987524
674	[]	8.867480
675	[]	9.045960
676	[]	9.187546
677	[]	9.365471
678	[]	9.081430
679	[(6,187),(89,298)]	8.854436
680	[]	8.962722
681	[(21,100)]	8.881523
682	[(46,148)]	8.844220
683	[]	9.127849
684	[]	9.022001
685	[(3,294),(47,286)]	8.850083
686	[(33,25),(83,244)]	8.863582
687	[]	9.006240
688	[]	9.086689
689	[]	10.511951
690	[(15,116)]	17.525810
691	[]	17.559366
692	[(18,60)]	11.393611
693	[(75,250)]	8.979926
694	[]	8.845044
695	[(13,134),(40,16)]	8.990291
696	[]	8.988846
697	[]	8.902085
698	[]	8.814451
699	[]	8.963897
700	[]	9.289004
701	[]	8.869158
702	[(73,129)]	8.836312
703	[]	8.882847
704	[]	8.924620
705	[(55,113)]	8.887145
706	[]	8.993208
707	[(14,313)]	8.890977
708	[]	9.031676
709	[]	9.056192
710	[]	8.954993
711	[]	8.869714
712	[]	8.940144
713	[]	8.884385
714	[]	8.902054
715	[(55,311)]	8.858368
716	[]	9.036098
717	[]	9.311309
718	[(2,127),(14,69)]	8.911085
719	[]	9.842712
720	[]	8.885644
721	[]	9.067186
722	[]	9.084547
723	[]	10.186520
724	[(29,18)]	9.262139
725	[(76,31)]	9.194877
726	[]	9.218666
727	[]	11.071499
728	[]	9.118566
729	[(52,246)]	9.048911
730	[(11,293)]	8.894414
731	[]	9.761891
732	[(5,3)]	9.079750
733	[(91,278)]	8.901474
734	[]	9.039967
735	[(21,200)]	8.953734
736	[]	10.210269
737	[(53,188)]	12.499601
738	[]	12.401275
739	[]	9.355633
740	[(4,54)]	8.968909
741	[(35,8)]	8.969477
742	[(88,158)]	9.197326
743	[(28,324)]	8.915017
744	[]	9.005282
745	[]	9.485381
746	[(46,219)]	9.291274
747	[]	9.006739
748	[]	8.979512
749	[]	8.975567
750	[(44,277)]	9.088267
751	[]	8.921888
752	[]	8.871533
753	[(39,73)]	11.126256
754	[]	9.347762
755	[]	9.116664
756	[]	9.648963
757	[]	12.477887
758	[]	10.427277
759	[]	10.050848
760	[(33,246)]	8.979391
761	[(53,62)]	9.194961
762	[(49,229),(80,179)]	8.998703
763	[]	9.012959
764	[(54,107)]	8.886121
765	[(44,311)]	8.900927
766	[]	8.973886
767	[]	9.104102
768	[]	8.944683
769	[(69,24)]	9.198571
770	[]	9.063068
771	[(6,100)]	8.879864
772	[]	8.935985
773	[]	8.968363
774	[(79,126)]	8.951011
775	[]	8.913726
776	[]	8.909932
777	[(20,35)]	9.027281
778	[]	9.415265
779	[(12,310)]	8.940473
780	[(75,153)]	8.822992
781	[]	9.105356
782	[(0,220),(61,118)]	8.994657
783	[(83,166)]	8.902542
784	[(75,124)]	8.902098
785	[(60,305)]	8.977262
786	[(56,84)]	8.802989
787	[]	9.019616
788	[]	9.004379
789	[(4,47)]	9.101889
790	[(91,253)]	9.222825
791	[(48,87)]	8.979516
792	[]	8.972202
793	[]	8.855207
794	[(87,4),(91,281)]	9.198315
795	[]	8.880004
796	[(2,79),(12,91)]	9.119102
797	[]	9.010326
798	[(32,254)]	8.907954
799	[]	8.872303
800	[(54,123)]	12.953468
801	[]	17.669668
802	[(30,147)]	17.133653
803	[(69,120)]	9.457847
804	[]	9.064516
805	[]	9.393862
806	[(71,121)]	9.181102
807	[]	8.899999
808	[(38,194)]	9.085511
809	[(88,270)]	8.850436
810	[(39,210)]	9.029544
811	[]	9.079928
812	[(69,129)]	9.132592
813	[]	9.095645
814	[(50,304)]	8.870084
815	[(40,24)]	9.111944
816	[]	8.934491
817	[]	8.969369
818	[]	8.821841
819	[]	9.088171
820	[]	9.418080
821	[]	9.698993
822	[(5,81)]	9.721896
823	[(55,45)]	9.330821
824	[]	10.962934
825	[]	9.484985
826	[]	8.846329
827	[(76,307)]	9.200157
828	[(9,258),(52,310)]	8.862141
829	[]	9.050468
830	[(5,20),(87,87)]	8.982584
831	[]	9.078932
832	[]	8.822016
833	[]	9.019794
834	[(79,299)]	9.546101
835	[]	9.211318
836	[]	8.945934
837	[]	9.475939
838	[(12,132)]	9.076449
839	[]	9.030565
840	[]	8.963234
841	[]	10.119570
842	[(89,317)]	11.578347
843	[(54,303)]	13.475481
844	[(26,272),(75,65)]	11.502294
845	[]	9.658693
846	[]	9.415505
847	[]	9.089971
848	[(30,145),(90,8)]	9.441982
849	[]	9.149596
850	[]	9.074387
851	[(48,192)]	9.201822
852	[]	9.305804
853	[(39,175)]	9.040418
854	[(33,274)]	9.462607
855	[]	9.082451
856	[]	8.937308
857	[]	8.922345
858	[]	8.937315
859	[(22,283)]	11.359242
860	[]	9.280713
861	[(86,68)]	8.970747
862	[]	9.538967
863	[]	9.158801
864	[]	9.198594
865	[]	10.507832
866	[]	9.076028
867	[]	11.395512
868	[(1,19)]	14.338458
869	[(25,299)]	9.057377
870	[(26,63)]	8.869636
871	[(33,96)]	8.839803
872	[(80,242)]	9.275320
873	[]	8.981124
874	[]	8.831598
875	[]	8.889217
876	[]	8.975780
877	[]	8.888084
878	[]	8.870272
879	[]	8.879675
880	[]	9.172514
881	[(54,39),(78,140),(82,54)]	9.085148
882	[(6,310)]	9.186153
883	[(29,249)]	9.092520
884	[]	8.978329
885	[]	8.927560
886	[]	9.028674
887	[(9,154)]	9.300166
888	[]	9.549983
889	[]	8.889033
890	[(30,58),(44,187)]	8.956825
891	[(25,93)]	9.049343
892	[]	8.959397
893	[]	8.928538
894	[]	9.020657
895	[]	9.041764
896	[]	8.979870
897	[(18,259)]	8.921225
898	[]	9.008401
899	[(3,318)]	9.271051
900	[]	9.469036
901	[(18,98),(70,117)]	8.920264
902	[]	9.091673
903	[]	9.048134
904	[(81,31)]	9.022826
905	[]	9.109487
906	[(34,257)]	9.647132
907	[(49,267),(82,243)]	9.089890
908	[(28,101),(61,223)]	9.052806
909	[(16,307),(37,110),(79,206)]	9.142858
910	[(87,125)]	16.857619
911	[]	17.692413
912	[]	13.876269
913	[(9,4)]	9.342681
914	[]	9.031053
915	[(37,18)]	8.997167
916	[(34,38)]	8.964194
917	[]	8.955996
918	[(67,96)]	8.958488
919	[]	9.664755
920	[(69,226)]	10.087345
921	[(27,18)]	9.709977
922	[(50,159)]	9.281585
923	[]	9.712032
924	[(4,120),(23,96)]	11.128118
925	[]	9.191725
926	[]	9.374038
927	[(24,271),(91,130)]	9.130181
928	[(51,112)]	8.974328
929	[]	9.048928
930	[(27,143)]	8.867347
931	[(56,206)]	8.925665
932	[]	8.829928
933	[]	8.967872
934	[(48,101),(60,242),(65,259)]	9.881047
935	[]	8.883664
936	[]	8.854733
937	[]	9.221355
938	[(77,59)]	9.042953
939	[]	8.872842
940	[]	8.946804
941	[]	9.603200
942	[(1,79)]	8.914427
943	[]	8.916223
944	[]	9.020844
945	[]	8.877921
946	[(39,155)]	9.057708
947	[(71,202)]	10.966314
948	[]	12.405836
949	[(71,236)]	10.947110
950	[]	9.137449
951	[(78,113)]	9.069154
952	[(42,32)]	8.876963
953	[]	8.937818
954	[]	9.056298
955	[(44,139)]	8.960411
956	[]	9.214818
957	[]	9.095676
958	[]	8.848692
959	[]	8.860451
960	[]	8.902821
961	[]	9.099841
962	[]	9.522353
963	[]	8.910394
964	[]	8.981072
965	[]	11.650687
966	[(57,61)]	9.241052
967	[]	9.424706
968	[]	9.797585
969	[]	9.031660
970	[(55,26)]	10.545263
971	[(46,80)]	9.217384
972	[]	9.301578
973	[]	9.100110
974	[]	8.974506
975	[(18,103)]	9.014417
976	[(10,194),(49,251)]	9.212854
977	[(43,212)]	9.453124
978	[(13,210)]	9.014072
979	[(0,260)]	8.889652
980	[]	9.024294
981	[]	8.914195
982	[]	9.058506
983	[]	8.903507
984	[(23,224)]	8.939704
985	[(39,205),(55,88)]	9.031268
986	[]	8.861784
987	[]	8.873739
988	[]	8.929833
989	[]	9.098955
990	[(7,54)]	8.857653
991	[]	8.888051
992	[]	8.979692
993	[]	9.138684
994	[]	8.891598
995	[]	8.808991
996	[(69,72)]	8.956161
997	[]	8.869090
998	[]	8.865272
999	[]	9.153426
