ruleset_index	matches	time_ms
0	[(6,4502),(21,4812),(29,956),(35,1373),(43,2600),(69,1146),(76,2736)]	18.862827
1	[(14,425),(18,3177),(20,1781),(27,2536),(71,1163)]	18.416071
2	[(27,1198),(29,3920),(35,4792),(36,1844),(61,634),(74,1862),(75,370),(79,3254),(80,2847)]	18.370191
3	[(18,3948),(19,966),(36,3926),(57,1357),(58,2771),(59,4878),(75,1497),(81,4781)]	18.793996
4	[(2,4799),(5,3027),(39,964),(56,250),(65,1504),(72,4254),(79,2645)]	18.342584
5	[(8,4588),(10,4514),(12,4211),(52,171),(88,3351),(91,1966)]	20.060157
6	[(9,4334),(17,2998),(36,4335),(38,4504),(40,2434),(53,3951)]	19.040897
7	[(3,354),(8,3600),(17,2195),(57,2558),(59,3870)]	19.620331
8	[(2,3355),(4,2407),(7,225),(10,2153),(35,3530),(52,1479),(58,2798),(67,1910),(88,3706)]	19.078338
9	[(13,851),(23,216),(34,924),(44,3718),(57,4055),(62,4804),(63,3431),(74,706),(79,242),(82,658)]	21.570420
10	[(35,1133),(57,67),(62,3529),(64,1765),(73,367)]	19.107844
11	[(5,370),(33,3435),(36,1558),(60,4536)]	18.516431
12	[(13,3505),(22,4562),(23,2507),(53,982),(54,1163),(66,2056),(86,4533)]	19.334944
13	[(0,102),(3,3623),(48,907),(54,2315),(71,4533),(92,845)]	18.262501
14	[(12,2814),(13,2921),(54,4234),(60,4760)]	19.203169
15	[(16,4280),(27,1554),(53,1292),(58,1974),(65,524)]	25.443735
16	[(2,2952),(33,1212),(52,3851),(71,4011),(72,2878),(90,3381)]	21.868292
17	[(30,3704),(43,3442),(48,2246),(66,2919),(87,2223)]	22.331139
18	[(49,2254),(60,4463)]	19.032360
19	[(3,4019),(16,2832),(31,3770),(58,2167),(62,2712),(72,3631)]	22.071138
20	[(2,1890),(39,367),(50,4061),(51,3594),(61,1632),(80,2207),(90,3294)]	18.583253
21	[(11,1475),(17,1611),(18,932),(20,1363),(27,3387),(49,2067),(80,389)]	18.492442
22	[(0,463),(16,1914),(28,1467),(38,2195),(42,3075),(47,3067),(62,2555),(66,4198),(80,4257),(84,2271)]	18.688910
23	[(20,1493),(23,1242),(36,56),(56,3033),(86,1545)]	18.374318
24	[(9,4020),(12,2369),(37,1861),(47,554),(49,4356),(62,851),(74,1586)]	21.761404
25	[(0,1789),(21,79),(26,2967),(43,1765),(57,2903),(59,3150),(61,4802),(76,1985)]	22.451759
26	[(12,1771),(27,1846),(39,4692),(43,503),(53,1673),(61,2629),(71,4702),(82,4352)]	35.904512
27	[(12,1066),(16,962),(39,4636),(41,3922),(58,505),(71,3508),(88,4022)]	18.844914
28	[(7,4259),(27,141),(29,529),(32,3553),(40,1677),(42,1346),(43,3958),(44,511),(57,3234),(59,4433),(64,2026)]	19.704397
29	[(66,2212)]	19.652920
30	[(35,1240),(51,4399),(55,2969),(61,1861),(72,4150),(77,2963),(86,1408)]	18.712753
31	[(0,3681),(16,4861),(19,688),(20,3079),(22,3112),(37,2900),(38,1155),(41,4200),(42,3892),(46,1300),(69,2440),(70,2016),(87,2465),(89,3786)]	19.176554
32	[(17,642),(42,252),(55,2596),(57,1565),(78,1012),(83,2092),(84,3033)]	18.617046
33	[(1,4336),(22,3422),(43,408),(47,4781),(57,3488),(61,3218),(72,3819)]	20.122800
34	[(11,297),(25,1620),(30,2602),(44,1832),(66,2446),(81,4421)]	18.550912
35	[(6,3351),(7,4809),(9,3352),(18,4226),(58,2296),(63,1524),(77,2790),(80,3125)]	19.376270
36	[(57,3593),(62,3319),(65,1471),(70,4444),(83,698),(86,1902)]	19.774329
37	[(3,4804),(79,4609),(84,2266),(91,3125),(92,3284)]	19.999299
38	[(12,4486),(19,2104),(40,2702),(70,492)]	19.180318
39	[(4,2086),(19,403),(60,3509),(74,4418),(85,2615)]	18.443041
40	[(7,3943),(37,141),(58,929),(68,2762),(82,1859)]	19.788064
41	[(12,1688),(35,534),(52,1928)]	20.663082
42	[(0,4415),(8,2265),(15,2993),(32,235),(65,904),(79,4389),(84,3275),(87,4519),(91,341)]	18.929589
43	[(12,1431),(16,3411),(27,3390),(35,3344),(49,3480),(53,3011),(54,2223),(79,2724),(83,4697),(84,3455)]	18.891468
44	[(4,4875),(24,3173),(57,1397),(62,3539),(71,2255)]	19.397574
45	[(18,4458),(35,4301),(36,4003),(38,2785),(66,2599),(67,4026)]	19.621302
46	[(0,925),(2,4657),(12,1485),(28,4207),(42,2964),(46,4220),(65,4485),(71,2650)]	18.428968
47	[(5,1477)]	18.907043
48	[(21,2144),(65,4081)]	18.814929
49	[(8,431),(24,3172),(36,3623)]	18.248882
50	[(0,232),(1,3661),(8,1910),(43,1378),(61,406),(67,1030),(80,2427)]	19.142014
51	[(23,319),(35,1053),(50,3704),(81,3472),(92,1201)]	18.887069
52	[(15,4485),(39,3752),(44,1932),(50,3743),(66,4046),(67,3293),(90,2791)]	19.190174
53	[(7,2725),(11,651),(18,154),(21,4803),(22,3902),(43,4848),(47,186),(89,3083)]	18.434302
54	[(10,1446),(14,1980),(16,930),(44,734),(46,2445),(62,1178),(70,4022),(80,2403),(84,2072),(85,3346),(86,2010)]	18.559146
55	[(46,1375)]	19.549313
56	[(1,287),(4,4459),(14,3855),(21,4249),(37,3898),(52,3576),(62,1200),(81,4173),(90,1962)]	18.830529
57	[(2,3638),(37,3184),(46,142),(69,1855),(92,4058)]	19.138807
58	[(0,1839),(18,402),(23,245),(25,1743),(29,922),(77,2720),(89,4839)]	19.316616
59	[(1,3353),(6,2128),(24,2440),(34,4445),(82,2382)]	19.384091
60	[(2,1810),(3,836),(27,875),(60,3356),(68,3751),(80,776),(81,964),(90,2487)]	19.725328
61	[(35,1101),(70,2367)]	19.627426
62	[(16,4514),(22,2047),(47,3124),(79,1139),(83,3699)]	18.604105
63	[(4,1397),(24,227),(48,4341),(57,4151),(66,3972),(70,481),(72,4770),(81,4428)]	18.733880
64	[(50,3573),(60,1570),(62,280),(68,975),(82,2914)]	18.948141
65	[(36,2346),(49,2427),(50,678)]	24.071655
66	[(2,1325),(10,3524),(18,3193),(21,225),(54,4669),(73,4502)]	21.780944
67	[(7,2817),(9,462),(11,4258),(65,1149),(70,3684),(71,4870),(85,2912)]	19.853341
68	[(15,3220),(80,1649),(84,4258)]	21.673847
69	[(11,1498),(66,4385),(85,2561)]	22.173443
70	[(3,4195),(9,1187),(13,490),(20,3678),(24,273),(70,4634),(71,1765),(81,4287),(85,693)]	18.795850
71	[(7,2478),(57,4386),(71,3169),(79,4059)]	19.181839
72	[(0,667),(3,1988),(4,2305),(41,313),(48,4447),(60,700),(66,1889),(83,1402)]	19.086433
73	[(0,599),(2,1631),(7,876),(8,3717),(14,754),(46,3296),(74,1681),(76,3359),(83,1875),(88,352),(90,4161)]	18.658352
74	[(41,2839),(63,1972)]	19.951051
75	[(27,2126),(29,1186),(30,699),(87,2097)]	18.568714
76	[(6,4698),(10,4002),(28,4151),(30,3301),(63,3390),(74,4659),(82,1403)]	18.604477
77	[(19,1971),(40,4592),(47,576),(53,1823),(54,4819),(55,3506),(56,3918),(61,1570),(76,540),(77,1629)]	18.581993
78	[(25,4346),(27,1423),(32,799),(45,4097),(79,4099)]	31.094019
79	[(15,1269),(29,3109),(30,1171),(67,1619),(68,2107)]	26.743270
80	[(9,701),(15,4157),(59,1472),(71,3352),(72,4690),(73,4170),(75,2958)]	18.701226
81	[(28,1093),(30,4854),(36,59),(49,3273),(58,2345),(63,1397),(69,3532),(79,4601)]	19.301902
82	[(3,2080),(16,2346),(32,35),(38,3654),(55,676),(63,3595),(82,378)]	18.556365
83	[(24,4694),(32,2114),(43,4496),(47,1855),(53,2525),(64,20),(65,2464),(86,2529)]	18.978295
84	[(8,1982),(39,3710),(40,1414),(46,4062),(68,834),(88,2428),(92,1561)]	19.568824
85	[(33,3280),(51,2822),(62,1188),(72,553),(79,2891),(81,141)]	19.117225
86	[(8,3228),(30,251),(32,3469),(44,2299),(53,977),(55,1343),(70,544),(76,4387),(81,3986),(84,3079),(91,2157)]	18.939551
87	[(1,3309),(2,2756),(12,2314),(34,4498),(75,4196),(82,3760)]	18.350636
88	[(2,347),(3,2566),(7,3584),(15,2049),(20,3740),(30,2013),(33,870),(44,2580),(47,4668),(82,269),(84,3903)]	18.751949
89	[(17,3766),(22,548),(47,59),(49,3181),(56,2058),(81,4143),(82,3749)]	20.260639
90	[(8,1843),(24,507),(58,2034),(79,2866),(86,2903)]	18.783392
91	[(0,2743),(13,2666),(23,4098),(32,4648),(54,315),(76,2065)]	19.159035
92	[(2,1375),(4,1587),(7,4885),(31,2365),(32,264),(34,3845),(41,646),(50,3133),(64,1524),(76,1538),(78,2026),(82,195),(89,202)]	18.987572
93	[(4,2195),(34,4628),(41,2571),(51,4529),(62,2980),(83,3237)]	18.579257
94	[(4,2305),(12,1409),(89,3149)]	18.679443
95	[(7,3594),(18,3209),(29,167),(32,933),(38,2336),(81,2760)]	18.424767
96	[(14,34),(18,2059),(24,3281),(27,2803),(88,3181),(91,2774)]	18.404546
97	[(5,3341),(13,2406),(21,4035),(22,463),(44,2219),(65,867),(71,844),(77,2468),(81,3772),(90,3371),(91,2669)]	18.765573
98	[(5,3279),(31,4303),(48,2055),(70,3601),(80,2205),(88,1983)]	18.482996
99	[(10,2019),(29,3013),(30,1835),(38,2837),(49,2774),(54,1002),(55,3429),(59,4328),(65,622),(75,1495),(86,2759),(89,3972)]	18.656786
100	[(37,3476),(77,2846),(84,4592),(85,2940)]	19.069954
101	[(58,1240),(71,4277),(72,3975),(73,4354)]	18.230230
102	[(7,3410),(9,2084),(14,3241),(42,3127),(65,3994),(66,2187),(76,3155),(77,1544),(85,3395)]	18.236771
103	[(17,4371),(31,4241),(60,4459),(66,3485),(87,3501),(89,4)]	18.324348
104	[(2,421),(23,3335),(84,1738)]	18.661158
105	[(15,1298),(43,4677),(70,4236),(89,4732)]	18.324547
106	[(11,4722),(29,2870),(38,4703),(50,759),(59,4387),(79,4565),(81,2574),(84,4420)]	19.044562
107	[(12,4353),(24,2931),(27,653),(28,3044),(45,2311),(63,3782),(67,2427),(69,4111),(73,1358),(74,1706),(85,2186),(88,3332)]	18.952500
108	[(10,3975),(25,1476),(35,617),(61,808),(72,3097),(88,2715)]	18.174809
109	[(10,3911),(12,1218),(32,1342),(57,1653),(68,745),(69,4585)]	18.529281
110	[(41,480),(49,1981),(56,502),(83,3192)]	18.483553
111	[(2,3742),(5,558),(15,849),(22,3146),(36,1913),(49,1404),(53,4594),(58,3932)]	19.696451
112	[(1,2477),(52,2912),(74,3582)]	19.400004
113	[(0,3433),(27,30),(37,1249),(41,398)]	21.248715
114	[(7,3146),(11,1597),(38,4146),(39,4513),(48,3540),(78,1591),(85,2993),(86,3394),(92,3437)]	18.377020
115	[(34,3709),(38,1380),(45,2251),(62,1226)]	18.367314
116	[(9,934),(25,3537),(47,2334),(58,2516),(61,1156),(68,3743),(88,1436)]	22.602819
117	[(3,4331),(59,2317),(66,2945),(68,1964),(70,1886)]	24.733715
118	[(6,188),(7,2461),(16,1353),(23,1059),(35,3663),(49,1424),(57,341),(65,1467),(77,3430),(82,2480),(83,563)]	18.504598
119	[(3,1071),(14,1769),(27,1960),(32,3160),(37,3923),(41,2064),(47,4247),(50,3571),(51,2149),(57,929),(83,969)]	22.344322
120	[(11,1069),(38,2791),(76,188),(77,2461),(81,1903),(83,2212),(84,819),(92,4528)]	20.850834
121	[(66,4855),(83,361),(88,3629),(90,19),(92,3907)]	19.363167
122	[(1,1461),(14,2375),(32,3759),(35,1305),(46,1487),(72,4095),(91,3191)]	19.176807
123	[(3,3613),(10,4580),(32,2858),(33,1127),(38,3985),(41,2653),(46,193),(52,283),(82,3370),(85,2080)]	18.270240
124	[(44,335),(47,2291),(50,3547),(60,2351),(63,633)]	18.466464
125	[(0,270),(4,3271),(42,4826),(58,2128),(75,3170),(90,3997)]	18.335345
126	[(1,3410),(3,2084),(6,1313),(9,647),(37,3654),(51,4703),(77,2535)]	21.024185
127	[(5,1654),(20,2075),(22,3653),(28,3683),(32,4563),(33,4530),(39,1852),(51,2085),(62,4414),(71,3980),(75,4037),(89,878),(90,1608)]	19.907889
128	[(15,1317),(17,113),(22,1760),(40,148),(59,3386),(61,321),(65,300),(73,504),(77,3195),(79,2660)]	19.212633
129	[(27,3572),(34,4373),(45,4642),(52,1311),(67,2302),(78,256)]	18.511234
130	[(0,1370),(3,3537),(10,2796),(21,3170),(48,2150),(69,2383)]	19.131871
131	[(0,3657),(7,1733),(13,1700),(39,3637),(80,144)]	33.875987
132	[(12,2405),(20,3773),(25,1782),(36,2746),(41,1462),(60,992),(62,3824)]	25.690901
133	[(22,3519),(37,4721),(44,1623),(65,1983),(73,4573),(78,3420),(80,2573),(89,4719)]	19.362591
134	[(12,1627),(17,2737),(23,4765),(53,1688),(68,561),(86,1688),(88,2179)]	19.753997
135	[(10,3066),(24,1148),(27,623),(37,2384),(61,844),(82,665)]	20.903687
136	[(16,3516),(72,3292),(90,4174)]	23.294791
137	[(4,987),(6,1938),(28,2562),(37,4113),(51,2490),(77,361),(87,4266),(90,2678)]	20.221979
138	[(11,2820),(20,2363),(32,4769),(56,290),(64,3633),(67,2481),(86,3802),(91,1337)]	18.833820
139	[(23,3499),(30,4453),(35,861),(47,935),(51,3593),(67,3651)]	18.513480
140	[(10,2143),(13,3596),(21,2286),(26,1254),(34,3368),(50,799),(65,2760),(82,3631),(89,3968)]	18.379294
141	[(37,3155),(57,3515),(77,4039),(79,3399)]	19.252844
142	[(7,2829),(11,3178),(13,3782),(26,1152),(34,4098),(48,601),(67,2221),(74,4018),(88,2199),(89,3858)]	19.186286
143	[(7,3705),(18,2004),(26,667),(27,4238),(55,3126),(68,1125),(81,3862),(86,2902)]	18.823191
144	[(5,1670),(7,2933),(47,502),(57,1437),(63,397),(66,2796)]	18.414471
145	[(4,889),(18,2090),(29,2686),(39,4827),(52,109),(55,4158),(72,3070),(73,363),(77,1461),(91,3013)]	18.508458
146	[(14,3863),(17,4329),(72,4358),(90,2733)]	18.366260
147	[(27,1632),(31,421),(52,3110)]	19.779090
148	[(15,2268),(18,2503),(20,796),(34,3157),(55,4067),(67,1473),(75,3506)]	18.648473
149	[(7,2538),(41,1533),(52,1757),(59,2563)]	19.085232
150	[(1,1618),(37,208)]	18.841282
151	[(14,3549),(23,1115),(47,2450),(49,4153),(50,1542),(51,2698),(54,1532),(59,3216),(86,4327)]	18.598194
152	[(10,4699),(14,1484),(23,2282),(34,3659),(74,4059),(86,3786),(92,208)]	19.053895
153	[(17,4379),(19,3905),(22,2144),(29,1105),(57,1844),(73,3778),(80,1536)]	18.407506
154	[(8,3306),(14,4508),(25,3445),(27,3136),(32,2561),(36,3236),(40,3273),(52,2037),(54,4297),(60,2973)]	18.449239
155	[(9,1299),(10,2374),(30,1172),(38,824),(39,1427),(49,775),(53,167),(77,3647),(86,2315),(92,1658)]	18.394934
156	[(7,834),(9,3364),(14,4559),(57,4140)]	19.019875
157	[(57,1015)]	18.986345
158	[(0,1722),(15,626),(25,4783),(30,2096),(34,4431),(62,2070)]	18.285286
159	[(25,4426),(28,1389),(31,1843),(44,4278),(61,2045),(62,3432),(77,389),(80,2545),(84,109)]	19.288890
160	[(8,4800),(17,4087),(33,4582),(41,42),(47,4052),(56,2966),(64,745),(65,2352)]	19.443342
161	[(1,2701),(16,352),(18,679),(27,3319),(31,4570),(36,1694),(58,4386),(70,4455)]	18.924395
162	[(2,4236),(13,3279),(28,3329),(49,3298),(57,1023)]	19.386951
163	[(11,2736),(24,1866),(34,4565),(47,2981),(54,107),(57,1759),(63,464),(89,2982)]	19.399239
164	[(0,4823),(6,1800),(7,802),(35,1823),(43,2533),(55,1885),(59,3510),(72,624)]	18.535469
165	[(21,2817),(29,4754),(63,1749),(77,2799)]	18.818293
166	[(25,2763),(28,1657),(36,1362),(62,1900),(64,4236),(90,1079)]	19.451709
167	[(3,336),(6,1353),(24,4717),(27,4257),(31,1894),(33,762),(54,2026)]	26.331645
168	[(4,4432),(9,4784),(21,1994),(34,4074),(48,171),(56,452),(58,565),(59,1191),(64,2027)]	20.147381
169	[(29,1797),(49,4834),(74,3229),(79,1637),(87,3024)]	19.487325
170	[(29,4363),(43,353),(48,1210),(64,3568),(72,4145),(77,1428),(84,4367)]	21.415686
171	[(19,3556),(51,1971),(55,4810),(73,4261),(76,1260)]	21.594106
172	[(13,473),(38,1691),(65,3338),(80,2162),(82,3146)]	18.647050
173	[(54,1294),(60,2332),(66,2312),(86,1394),(89,2227)]	18.481325
174	[(5,4698),(10,405),(12,913),(31,4094),(32,1574),(49,4572),(74,4483),(85,4293),(92,2953)]	19.065007
175	[(24,4140),(35,4167),(55,1395),(59,2806),(72,436),(80,1531)]	18.401632
176	[(13,3885),(51,3500),(78,652),(79,2100)]	19.115953
177	[(18,2006),(34,4172),(47,1232),(59,4650),(67,3830),(75,391),(83,3724),(84,3936)]	18.592736
178	[(42,3003),(64,3300),(73,3367)]	18.414409
179	[(8,4096),(21,1993),(27,1073),(29,2968),(55,2237),(59,3043),(65,1509),(72,4523),(79,3368)]	18.357406
180	[(10,1030),(48,2912),(53,4361)]	18.700378
181	[(28,52),(36,1086),(47,4465),(66,4576),(87,15)]	18.198258
182	[(5,1855),(14,3497),(34,2254),(39,4437),(41,1621),(43,3687),(80,3687),(85,3648),(92,2287)]	19.463470
183	[(2,614),(3,2805),(21,4486),(33,2601),(48,4256),(67,3292),(83,2396),(90,1087)]	18.452358
184	[(1,2615),(3,1319),(30,650),(36,602),(66,1805),(76,4757)]	36.307000
185	[(8,116),(12,936),(13,1469),(30,3239),(32,389),(35,3905),(50,636),(59,1910)]	20.291951
186	[(43,1291),(58,1448),(79,1222),(83,891)]	18.413361
187	[(4,1686),(17,637),(45,3022),(49,3120),(51,2561),(71,2781),(84,2939)]	18.413646
188	[(49,3701),(72,4207)]	19.331530
189	[(3,3307),(14,4178),(19,3652),(48,3072),(67,1103),(76,4246),(79,1702),(87,1910)]	18.336763
190	[(2,843),(40,1538),(70,2191)]	18.619603
191	[(2,2170),(15,1145),(17,4584),(19,1232),(21,4632),(55,4622),(65,2604),(66,4881)]	18.391152
192	[(0,1353),(3,1981),(9,3324),(20,3597),(37,1352),(54,238),(59,1157),(91,3063)]	30.781256
193	[(2,1934),(34,3908),(35,2985),(57,2638),(59,977),(67,2745),(73,3657),(84,2901),(88,111)]	40.670250
194	[(38,1231),(39,2757),(51,2715),(66,1730),(72,488),(87,4709),(92,1071)]	39.094878
195	[(18,4880),(30,3797),(60,1874),(61,223),(64,696),(83,3876),(87,3152)]	38.400997
196	[(1,2694),(12,1543),(34,3470),(36,3334),(53,1818)]	40.822405
197	[(0,2183),(4,2662),(24,1115),(47,4384),(60,2772)]	36.996752
198	[(16,2677),(22,3302),(59,1015),(62,1363),(69,815)]	33.854344
199	[(10,2272),(23,2396),(35,1026),(38,393),(58,865),(69,1236),(81,3204)]	35.872059
200	[(20,177),(30,3731),(35,2384),(48,4271),(69,540),(71,2183),(72,4535),(75,2928),(79,4117)]	39.031197
201	[(5,1028),(17,3312),(20,2002),(21,374),(80,148),(81,4763)]	36.486360
202	[(33,4850),(39,811),(48,2219),(68,992),(72,2857)]	40.146600
203	[(19,812),(26,4429),(31,4340),(65,751),(68,2694),(82,2815)]	38.017119
204	[(2,1888),(4,2535),(27,3117),(29,1254),(43,2445),(55,1026),(61,2051),(71,2103)]	38.379259
205	[(18,3430),(33,2994),(43,3616),(71,1148),(87,392)]	45.160295
206	[(2,2276),(17,875),(25,1561),(28,1964),(57,2203),(63,679),(85,1565),(87,443),(89,1853)]	38.406633
207	[(2,776),(8,33),(12,4668),(57,268),(58,2114),(89,1936)]	41.558728
208	[(70,3099),(83,1636)]	38.734165
209	[(17,3407),(19,3402),(26,4126),(32,4226),(45,826),(48,3909),(61,4786),(85,4435)]	36.852894
210	[(3,784),(14,2804),(17,3078),(22,2532),(30,3071),(33,2073),(66,184),(86,2773)]	38.168000
211	[(9,517),(18,834),(48,4845),(51,3768),(56,4242),(60,279),(85,1015)]	37.826295
212	[(0,797),(8,3828),(16,3147),(34,351),(63,4311),(78,1729)]	42.857216
213	[(27,337),(58,2803),(68,2270),(79,1687),(86,1329)]	36.808291
214	[(5,3072),(20,888),(39,613),(45,1766),(46,691),(74,4812),(75,3952),(78,4806),(81,4367)]	40.792842
215	[(17,1597),(21,4176),(35,3769),(39,2641),(57,4843),(66,3863),(84,2989)]	40.853251
216	[(13,4562),(24,1555),(28,1050),(35,4738),(44,1019),(50,1947),(60,1428),(92,2682)]	40.566335
217	[(2,2172),(19,841),(40,1113),(49,1354),(69,2702)]	36.076953
218	[(32,1464),(46,1466),(55,219),(57,3437),(64,899),(72,4610),(84,1602)]	36.442223
219	[(22,2095),(23,1730),(50,3335),(53,4583),(58,117),(59,1741),(63,2896),(70,3926),(75,3429),(78,1605),(83,2789)]	37.214888
220	[(11,1577),(15,2983),(22,2251),(24,2288),(39,1922),(47,4362),(52,797),(74,231),(89,684)]	37.137090
221	[(0,1737),(7,1149),(10,2968),(35,3481),(76,687),(81,997),(84,3279),(91,3756)]	36.460575
222	[(4,1552),(7,2768),(22,570),(33,3898),(43,3843),(51,1724),(53,2789),(63,1097),(77,2020),(78,2793),(88,3347),(89,3168)]	36.397558
223	[(19,2252),(40,2157),(62,1497)]	36.542313
224	[(14,3691),(18,1983),(36,1332),(39,1416),(47,2004)]	36.303381
225	[(26,2183),(51,4571),(64,3427),(67,410),(70,1379),(74,3991),(75,4074)]	36.621059
226	[(1,3160),(5,932),(33,1534),(40,1087),(51,4613),(61,4569),(66,4312),(73,1191),(81,4664),(85,4833)]	36.585652
227	[(2,918),(7,532),(21,3197),(23,153),(28,1662),(44,2860),(48,4403),(51,4700),(69,3045),(76,2303),(77,230)]	36.476238
228	[(44,1464),(55,2864),(59,42),(63,3454),(79,622),(81,4329),(85,87)]	35.670658
229	[(10,3028),(12,1058),(19,79),(27,1552),(38,4729),(69,3973),(82,3483)]	39.975818
230	[(12,3566),(19,3922),(52,4035),(72,4525)]	36.729759
231	[(18,3006),(43,2435),(60,4057),(70,2313),(75,1841),(80,175)]	42.796744
232	[(34,1802),(63,2433),(68,3562),(85,3660)]	39.559061
233	[(4,3404),(7,694),(14,2086),(25,3095),(33,4648),(57,4054),(69,2302),(76,4406)]	40.234412
234	[(6,1593),(11,3595),(37,1336),(64,2782),(91,2714)]	38.804765
235	[(16,3831),(34,4356),(54,351),(63,3142),(68,687),(74,2423),(83,1800),(91,745),(92,4585)]	36.729376
236	[(11,228),(23,2359),(37,2504),(59,2110),(65,1823),(66,4819),(69,1900),(85,1595)]	41.950294
237	[(27,2656),(54,819),(65,2304),(70,428),(82,4557),(85,1263),(88,1208)]	47.048466
238	[(3,1936),(19,3978),(46,4201),(48,1061),(53,3665),(56,102)]	39.269903
239	[(10,3618),(44,4005),(53,1988),(57,237),(64,3899),(70,1477),(73,3891),(80,766)]	37.656780
240	[(0,658),(2,2763),(9,2468),(15,4794),(18,786),(23,406),(33,1624),(34,3285),(70,1164),(81,2914)]	36.155280
241	[(10,552),(18,2296),(34,2383),(44,3420),(46,2573),(51,2880),(56,3627),(65,2088)]	36.175152
242	[(7,3777),(24,2528),(32,2181),(33,2087),(60,1674),(80,2253)]	40.151781
243	[(20,3168),(28,4757),(31,1135),(35,804),(37,4126),(55,2353),(58,99)]	39.406132
244	[(5,1633),(21,2045),(31,4715),(45,2011),(51,2233),(54,3394),(57,33),(61,2183),(76,1155),(77,4412),(87,2315)]	40.354534
245	[(21,3483),(42,904),(85,1665)]	37.593120
246	[(2,2806),(16,1858),(19,3422),(28,4006),(35,468),(41,3691),(45,2424),(52,2878),(57,2027),(84,2898)]	37.369403
247	[(1,3852),(3,3806),(43,1974),(48,4857),(50,4223),(82,2186),(85,2705),(90,3938)]	37.164123
248	[(31,2049),(40,4044),(41,1498)]	36.680798
249	[(26,2596),(29,3630),(55,3298)]	36.737758
250	[(20,4198),(48,216),(71,2810),(86,1255)]	37.036650
251	[(1,1289),(2,2614),(22,4455),(50,838),(62,642),(63,3290),(69,2033),(72,599)]	36.664540
252	[(6,3032),(22,2888),(37,4851),(65,658)]	37.083904
253	[(6,3788),(36,1067),(48,1555),(60,2775),(71,4820)]	37.380713
254	[(23,3311),(33,2097),(59,1750),(82,3928),(87,3319)]	36.995819
255	[(12,2114),(32,1571),(43,440),(60,4597),(67,1990),(70,3614),(86,2251)]	37.950773
256	[(45,3660),(70,960)]	37.640678
257	[(6,540),(14,675),(25,509),(40,2667),(49,249),(90,494)]	43.343448
258	[(5,346),(22,1853),(41,4748)]	45.148927
259	[(2,4388),(14,1752),(30,2434),(40,2836),(45,2684),(56,3169),(64,1299),(65,2374),(68,1699),(69,3906),(75,1685),(77,3640)]	39.402502
260	[(18,3832),(23,4880),(33,354),(41,1662),(55,4285),(82,2832)]	42.116690
261	[(17,1730),(20,2754),(34,3814),(49,843),(77,3047),(83,4011),(90,2596)]	38.616981
262	[(23,146),(35,4479),(42,1151),(56,3775),(67,4544),(70,1276),(76,685),(80,3255),(84,3629),(86,1333)]	36.779913
263	[(7,2686),(10,4599),(29,4534),(31,2677),(57,3670),(70,4345)]	36.540320
264	[(22,1330),(35,3755),(43,985),(53,3364),(58,1696),(64,3276),(65,3546),(73,2640),(86,4092)]	37.022412
265	[(28,97),(32,4039),(36,3587),(40,1730),(45,4815),(64,2904)]	36.985098
266	[(12,2734),(34,2770),(40,2481),(46,3235),(60,4384),(66,4050),(73,915)]	35.824896
267	[(1,4853),(5,3267),(27,22),(58,2513),(61,4872),(68,1292),(85,1334),(90,865)]	35.486243
268	[(14,3072),(34,4453)]	35.584141
269	[(81,4006),(85,2182),(90,2675),(92,4674)]	35.945865
270	[(27,4819),(45,3555),(49,1366),(53,987),(55,4252),(58,4244),(69,432)]	36.845976
271	[(6,3676),(7,3358),(35,3836),(60,2703),(62,4864),(80,2108),(88,1179),(92,4536)]	43.377071
272	[(21,4006),(26,1391),(62,351),(72,40),(77,3456)]	44.542014
273	[(8,137),(16,1775),(19,3501),(23,3353),(39,796),(40,1340),(54,4153),(55,1542),(86,2638)]	42.095514
274	[(12,2613),(30,4526),(43,4830),(59,626),(75,4516),(84,2241)]	41.187553
275	[(0,261),(11,863),(14,1449),(17,1769),(49,2995),(63,2563),(69,1588),(75,1559),(79,439)]	35.666517
276	[(4,229),(55,2003),(89,2558)]	42.521336
277	[(12,1922),(20,3983),(21,1531),(22,4158),(33,2838),(38,3738),(70,854),(91,4768)]	39.478075
278	[(30,406),(51,366),(55,4712),(70,3152),(75,641)]	36.996263
279	[(2,1150),(12,2767),(14,841),(47,4193),(76,30),(85,1742)]	38.051123
280	[(18,2590),(75,3461),(80,3430),(84,2980)]	35.731597
281	[(0,315),(11,4011),(17,1561),(33,3725),(34,1431),(49,2322)]	36.011906
282	[(4,687),(7,909),(12,1977),(17,3471),(21,605),(45,4786),(84,4039),(86,3399),(88,2577),(89,2083)]	38.587026
283	[(4,3055),(9,1055),(21,3119),(26,2090),(30,2873),(54,2800),(75,853),(76,1160),(89,878)]	42.687923
284	[(18,3197),(28,1051),(33,4050),(45,2040),(81,672),(83,3227),(85,4418),(91,2942)]	42.120959
285	[(5,715),(30,1140),(39,2630),(47,3661),(49,1733),(54,304),(62,1279),(66,1945),(77,4195),(84,1364)]	39.574951
286	[(21,3941),(27,4201),(38,256),(56,4429),(62,1836),(64,3684),(71,2515),(89,3241)]	39.166752
287	[(36,2504),(37,1196),(48,4668),(73,3144),(86,896)]	37.373108
288	[(17,1514),(23,3257),(28,283),(89,3583),(91,3905)]	41.203997
289	[(19,912),(31,1731),(35,2211),(68,4815),(75,543),(89,4782),(92,1468)]	39.051627
290	[(0,2461),(6,3248),(22,2694),(66,2111),(71,174),(77,228),(81,1092),(91,392)]	45.591958
291	[(4,3348),(21,430),(30,1728),(46,4409)]	41.694269
292	[(0,2796),(15,3656),(17,2041),(58,4629),(75,3609)]	39.691306
293	[(12,881),(15,2071),(33,3005),(62,3268)]	40.037452
294	[(17,3628),(37,429),(53,4613),(62,3460)]	39.313964
295	[(2,3901),(3,3331),(27,1737),(63,489),(69,4409),(74,2598),(83,91)]	39.074950
296	[(0,122),(3,585),(13,1597),(16,1609),(24,3810),(48,4649),(52,173),(61,2196)]	39.079595
297	[(7,4299),(20,2639),(22,930),(27,4424),(39,4022),(47,4160),(61,3208)]	39.544004
298	[(58,2466),(60,2503),(74,2348)]	23.761929
299	[(5,4183),(6,1036),(10,487),(17,756),(32,512),(37,3610),(44,3368),(61,1233),(91,4815)]	19.268482
300	[(5,342),(27,1782),(36,2758),(56,1369)]	30.651801
301	[(23,3398),(36,3792),(75,536),(78,4742)]	26.380431
302	[(40,2334),(77,3859),(81,1889)]	18.624516
303	[(8,633),(12,507),(18,1376),(24,2177),(41,435),(44,4539),(53,1430),(72,3233),(77,1137),(90,3097)]	18.742999
304	[(0,2643),(7,4565),(9,2574),(27,480),(41,2266),(53,1990),(70,1664),(76,3332),(86,2266)]	18.672845
305	[(28,78),(36,133),(54,1712),(77,4806),(87,395)]	18.302075
306	[(18,2354),(26,3597),(39,337),(40,1406),(46,202),(55,1082),(71,2792)]	18.428627
307	[(5,565),(19,3878),(38,291),(45,758),(77,1598),(83,2849)]	19.204797
308	[(17,8),(44,1685),(56,656),(62,2354),(68,1808),(75,400),(80,1238)]	18.429430
309	[(12,4322),(35,4516),(41,4605),(49,1516),(81,1993),(88,4249)]	18.333130
310	[(20,2605),(27,1786),(28,3736),(35,2321),(36,3424),(42,2201),(76,374)]	19.811946
311	[(11,2884),(12,500),(17,2580),(27,4648),(30,2214),(41,1294),(64,3974),(66,520),(70,1296)]	19.082486
312	[(12,2256),(44,1365),(72,2227),(82,1553),(83,4319)]	21.292756
313	[(12,2310),(46,3194),(50,1883),(54,1258)]	18.375153
314	[(6,369),(37,3031),(66,3465),(72,2863),(74,943),(79,4212),(85,3700)]	18.453232
315	[(33,340),(46,1992),(71,2483),(91,3418)]	18.191845
316	[(25,3988),(35,2805),(42,1341),(92,2258)]	18.659437
317	[(5,4246),(27,2547),(46,3543),(48,3370),(55,4054),(63,3693),(65,357),(70,1537),(72,325)]	21.585565
318	[(18,152),(20,4132),(30,2467),(34,4736),(65,4773),(80,1048),(83,2578)]	24.230554
319	[(4,237),(15,2108),(21,721),(65,3771),(76,639),(78,3663),(89,754)]	22.552088
320	[(13,3501),(18,3269),(56,1289),(70,864),(78,2988),(84,344)]	21.669322
321	[(19,849),(25,1959),(30,907),(52,284),(63,3319),(70,1513)]	20.661852
322	[(5,3988),(7,3977),(8,924),(16,1226),(27,2285),(29,2666),(39,4872),(77,669),(92,1566)]	23.066656
323	[(13,1588),(14,1401),(17,706),(21,4718),(22,3852),(51,3073),(52,631),(57,439),(65,1138),(69,2747)]	23.884510
324	[(10,3065),(16,51),(48,4253),(56,2697),(85,3680)]	18.970626
325	[(24,1856),(35,3798),(37,1938),(39,2601),(45,3311),(58,3496),(74,1131)]	18.349516
326	[(2,3372),(12,2108),(16,2353),(27,2534),(44,3015),(46,2277),(58,2204),(62,2445),(70,1676),(81,2985),(87,3442)]	23.293981
327	[(0,3621),(5,1409),(8,2282),(53,2036),(54,3021),(74,4524),(75,1676),(77,3284)]	20.636302
328	[(14,3575),(47,2517),(52,2326),(60,877),(71,2664)]	18.665433
329	[(12,464),(21,4048),(61,1185),(87,2469)]	19.231177
330	[(0,3663),(13,1861),(40,4539),(75,4757),(91,3572)]	18.800744
331	[(9,3015),(17,2489),(19,1402),(20,3572),(22,4850),(40,1444),(54,2425),(82,2594)]	18.896946
332	[(1,2455),(8,4674),(23,1932),(35,3219),(53,3238),(73,4350),(91,773)]	18.483479
333	[(22,27),(25,1284),(47,1006),(77,2686)]	18.371962
334	[(7,2771),(33,4815),(38,2381),(48,4298),(56,2945),(73,242),(84,4815)]	18.303706
335	[(38,961),(40,3619),(45,4817),(52,3117),(60,4001),(63,3891),(75,2798),(82,1385),(89,1467)]	18.090465
336	[(12,1951),(44,1076),(48,1388),(52,390),(63,5),(75,2734)]	18.823237
337	[(46,4832),(62,3498)]	18.819837
338	[(25,981),(29,718),(45,1470),(52,182),(69,212),(84,1367),(87,3696)]	18.400575
339	[(19,462),(36,4487),(43,1048),(62,4404),(64,3617),(69,2044)]	18.713794
340	[(22,4252),(26,3680),(45,1808),(72,1048),(81,2379)]	18.719165
341	[(32,4342),(51,2162),(80,2286)]	18.927454
342	[(28,4382),(43,588),(63,1349),(68,3644),(82,1051)]	18.512075
343	[(4,4108),(15,1630),(29,4543),(63,3767),(77,4001),(81,3970)]	18.527297
344	[(3,441),(43,50),(54,3806),(64,1689),(78,1109),(91,314)]	18.217402
345	[(1,879),(6,2427),(17,1525),(28,3384),(37,4330),(46,4017),(61,3356),(69,3976),(70,2005),(88,3960)]	18.734856
346	[(6,1363),(14,2683),(23,4207),(25,3918),(52,2923),(58,388),(63,1787),(79,2054)]	18.319606
347	[(7,4413),(34,387),(37,2402),(44,2452),(63,4312),(65,715),(67,2899),(89,2430)]	18.631140
348	[(14,1459),(34,204),(36,4003),(52,624),(57,1217),(79,51),(86,367),(89,2226)]	18.272995
349	[(8,2670),(17,4114),(22,4190),(28,4402),(32,3217),(37,472),(64,1111),(85,1141),(87,2622)]	18.494963
350	[(5,1353),(62,226),(84,3034),(92,3957)]	18.353474
351	[(7,64),(31,2424),(36,26),(42,1059),(45,1802),(52,594),(67,1296),(92,3523)]	18.382086
352	[(6,1013),(10,3876),(15,2578),(32,122),(50,4465),(61,2355),(62,1182),(69,3106),(86,2349)]	18.360110
353	[(12,2258),(26,2450),(30,2572),(38,889),(44,221),(86,1529)]	35.847740
354	[(4,4717),(7,3486),(17,1070),(36,1783),(45,3088),(58,2267),(59,3801),(62,1766),(63,691),(67,2981),(74,4873),(92,3324)]	20.964830
355	[(9,2995),(10,1002),(27,1531),(28,4158),(34,73),(40,2804),(50,4189),(51,3873),(56,3569),(63,3043),(68,1040),(87,546)]	18.916391
356	[(9,3622),(11,819),(31,4557),(33,3014),(35,4561),(37,1019),(40,349),(42,3447),(52,555),(64,2871),(81,2941),(85,3812),(89,4509)]	18.496133
357	[(9,2348),(23,4435),(26,2867),(49,1208),(52,1623),(78,1909),(82,1717),(83,2589),(91,710)]	18.587463
358	[(2,1325),(5,1582),(15,360),(21,3417),(29,2437),(34,2579)]	18.646710
359	[(4,2488),(35,2916),(40,3879),(48,981),(79,4517),(89,3187)]	18.303641
360	[(9,2907),(18,584),(23,2044),(52,1127),(62,360),(77,793),(81,2927),(91,2611)]	21.049311
361	[(4,1798),(26,4878),(37,2981),(44,3221),(51,1803),(91,1285)]	29.129631
362	[(36,337),(62,4175),(88,4746)]	18.533694
363	[(11,3840),(33,1773),(52,1402),(55,4789),(83,4660),(89,2971)]	18.880367
364	[(28,1493),(36,1012),(86,2482)]	19.322908
365	[(0,741),(56,4129),(60,1111),(71,3027),(75,3570),(80,1908),(88,3624)]	19.952771
366	[(12,439),(23,319),(37,776),(41,4382),(55,4123),(75,3728),(78,643),(84,1393),(87,3117)]	18.664767
367	[(15,4143),(19,337),(20,1406),(40,268),(46,3687),(48,1990),(53,3253),(88,2154)]	22.181841
368	[(1,2683),(8,4715),(9,2707),(13,414),(15,1275),(19,220),(23,1522),(25,4813),(30,2508),(39,1486),(42,4015),(46,470),(52,2918)]	26.548056
369	[(6,744),(9,4364),(27,2504),(31,1445),(32,2706),(51,997),(56,90),(57,167),(75,2600),(85,3219),(89,2385)]	22.514494
370	[(3,658),(11,4812),(12,3952),(25,3599),(34,4452),(41,4764),(70,4346),(92,4819)]	26.505512
371	[(1,1716),(65,4764),(71,1220),(79,3067)]	19.741401
372	[(9,514),(11,67),(12,3892),(16,784),(20,1964),(24,2191),(26,1097),(44,1156),(48,670),(59,2983),(69,4405),(78,583),(80,3060)]	19.604799
373	[(7,1561),(10,962),(13,1424),(14,1713),(20,512),(33,1287),(38,4344),(88,2725)]	23.210562
374	[(1,2417),(38,4201),(53,1986),(62,3513)]	18.554066
375	[(2,3178),(6,4590),(44,2285),(46,562),(59,4219),(64,802),(70,3054),(88,4344)]	18.606790
376	[(0,1018),(13,3682),(24,4007),(25,4426),(28,2998),(44,1573),(77,1128),(84,2502),(88,88)]	23.855943
377	[(28,674),(30,4246),(43,274),(46,4359),(64,898)]	36.659022
378	[(0,757),(4,4679),(6,1047),(23,4491),(58,1474),(76,2504),(77,1196)]	31.673656
379	[(8,3560),(20,2270),(23,1179),(41,1983),(69,4277)]	21.970807
380	[(3,1071),(12,2761),(27,892),(28,2347),(53,3185)]	18.657678
381	[(5,1876),(16,2597),(30,4867),(44,1290),(51,1356),(61,2418),(65,4400),(81,2174),(90,3891)]	18.380207
382	[]	18.130674
383	[(1,4266),(7,4142),(12,671),(21,4791),(31,1294),(48,4015),(72,4438),(80,3659)]	19.468283
384	[(12,1871),(17,3111),(25,4508),(48,3051),(76,2743),(80,2761)]	18.658068
385	[(18,2410),(23,1055),(58,1294),(65,3416),(66,3679),(88,322)]	18.590557
386	[(12,1158),(32,3857),(74,4002),(80,2414)]	28.067428
387	[(10,14),(13,51),(35,3335),(56,2286),(58,1712),(69,4222),(78,3508)]	18.900500
388	[(17,1101),(42,37),(58,1936),(91,2652)]	18.978162
389	[(10,3371),(18,4119),(35,1404),(38,1466),(40,30),(48,1309),(58,4678),(67,2533),(71,4754),(88,1674),(90,4075)]	18.443207
390	[(17,4135),(26,4601),(40,773),(50,360),(59,352),(61,4161),(67,2307),(80,2258),(88,3427)]	18.678264
391	[(10,279),(16,1690),(20,1942),(72,3741),(74,3811),(75,1351),(79,2098)]	18.203483
392	[(4,1223),(6,3704),(49,1799),(59,289),(63,3977)]	18.607090
393	[(0,2517),(39,3423),(48,3639),(54,1962),(68,463),(71,3287),(82,2185)]	18.932855
394	[(8,553),(12,1338),(27,3477),(40,1091),(50,1817),(79,3851),(85,1645)]	40.090372
395	[(17,1034),(24,1127),(27,1656),(50,3081),(70,3408),(76,3145),(87,3924),(90,1725)]	40.967448
396	[(32,3640),(90,2143)]	41.401832
397	[(32,951),(43,3551),(47,359),(53,3209),(82,4361),(89,4362)]	40.693682
398	[(15,3459),(26,966),(37,4122),(54,4747),(59,3181),(63,4129)]	54.353663
399	[(5,2179),(6,3520),(18,1068),(44,2193),(49,2122),(55,4001),(58,1732),(78,3917),(88,2671)]	22.829342
400	[(2,1853),(6,791),(33,4306),(41,743),(43,777),(46,3726),(79,4131)]	19.579811
401	[(1,2587),(6,4719),(12,1804),(20,1522),(55,4073),(89,2219)]	18.117060
402	[(11,3869),(25,4586),(26,1721),(35,2380),(49,939),(51,1699),(55,4071),(58,43),(72,1566),(80,4563),(81,4530),(82,598),(89,4114),(91,3564)]	18.869159
403	[(12,3426),(40,77),(53,3817),(61,2959),(62,4335),(71,2173),(81,343),(88,3018)]	19.000911
404	[(21,2691),(43,570),(47,2168),(54,4473),(57,4187),(82,4127)]	19.583765
405	[(1,2335),(16,3578),(22,3156),(44,3662),(45,3419),(49,4529),(62,1407),(67,2743),(74,4858)]	18.540286
406	[(48,259),(62,3366),(75,4617),(82,2226),(88,964)]	19.560241
407	[(15,3959),(19,4828),(38,4508),(39,3331),(53,335),(56,2291),(76,1362),(80,3161),(83,1798),(84,1560)]	21.513536
408	[(0,1190),(1,1047),(4,616),(10,1108),(16,1500),(25,4832),(57,2066),(60,1179),(72,2406),(74,150),(79,3906),(83,3667)]	18.212836
409	[(37,1031),(51,2649),(53,38),(80,340),(82,4488),(83,4525)]	18.922163
410	[(5,33),(14,908),(15,970),(35,4820),(40,4514),(44,4840),(46,454),(52,4),(66,2952),(74,4772),(84,3819)]	25.916834
411	[(29,4101),(45,2190),(47,3839),(63,4460),(79,71)]	20.888680
412	[(23,510),(35,194),(77,2386),(87,3589),(88,989)]	22.319556
413	[(14,1346),(22,880),(28,4039),(33,3350),(50,2326),(57,3347),(60,342),(82,210),(88,3077)]	19.247658
414	[(7,4664),(13,613),(16,919),(39,2594)]	18.995115
415	[(18,22),(38,1564),(47,2319),(70,918)]	19.128919
416	[(0,3341),(12,268),(20,1511),(29,1275),(53,3438),(60,1663),(69,1923),(87,4437),(88,2979)]	24.546473
417	[(12,1787),(17,4110),(37,4699),(39,144),(54,3631),(66,2705),(68,4289),(69,1886),(90,1359)]	18.702221
418	[(10,2323),(11,2642),(18,1160),(32,2986),(58,4271),(68,222),(78,4677),(82,1435)]	18.677164
419	[(21,2344),(25,272),(43,1433),(47,1480),(50,4333),(63,3497),(74,4716),(80,4654),(83,4751)]	19.160616
420	[(16,4573),(24,1811),(29,252),(36,4529),(54,1390),(59,3610),(63,2725),(64,1999),(71,2963)]	19.584063
421	[(18,1133),(24,629),(68,3256),(74,1835),(87,2207)]	18.304861
422	[(28,1197),(52,320)]	18.418071
423	[(8,2924),(12,843),(19,2177),(27,2160),(39,4691),(40,4243),(79,4368),(83,4766)]	18.317820
424	[(3,4729),(12,2772),(14,2382),(20,4706),(24,2580),(25,3773),(34,1328),(47,975),(57,285),(59,4643),(66,3124)]	18.984506
425	[(7,373),(13,4586),(16,4453),(18,4600),(56,3210),(57,2605),(70,3295),(72,1241),(79,2757)]	18.894270
426	[(17,3964),(23,1849)]	18.492962
427	[(1,543),(76,1434),(78,2533)]	18.564616
428	[(1,1395),(20,441),(24,2808),(28,4522),(30,3438),(37,3689),(47,3249),(49,23),(54,703),(58,3698),(64,4212),(69,4496),(91,2304)]	19.569512
429	[(0,4800),(11,4217),(19,3978),(26,3583),(33,2609),(37,1769),(42,1114),(49,1939),(55,4164),(62,4691),(63,4243),(78,4749)]	20.565515
430	[(1,470),(14,3354),(33,1489),(41,2592),(46,771),(53,2759),(56,3156),(67,4390),(72,3537),(78,2050),(84,3688),(92,2819)]	20.424791
431	[(0,632),(52,489),(60,3773)]	19.616651
432	[(3,2240),(6,4216),(24,122),(50,1245),(52,3722),(55,3419),(57,2902),(59,385),(61,2047),(65,4433),(75,1641)]	21.335255
433	[(3,3546),(27,4289),(68,1557),(85,3674),(88,4523)]	19.083509
434	[(17,522),(25,2553),(28,400),(53,997),(86,3352),(91,2729)]	18.546250
435	[(10,967),(25,4645),(32,2464),(34,2156),(38,3707),(50,1467),(53,3653),(69,1159),(86,1953)]	18.638064
436	[(7,4054),(11,2976),(18,981),(20,1464),(63,946),(73,354)]	18.852247
437	[(7,1796),(21,1042),(43,634),(57,4410),(61,265),(66,2356)]	19.253213
438	[(9,3004),(31,3207),(60,1409),(64,1352),(72,4321)]	19.022007
439	[(14,2313),(20,2169),(30,4752),(35,572),(41,1537),(51,1932),(52,1928),(59,1164),(65,3749),(71,2083),(84,3329)]	18.589210
440	[(3,4196),(18,3328),(33,324),(37,4692),(48,872),(50,1719),(51,1904),(52,2071),(54,2188),(75,2908)]	18.611163
441	[(1,4220),(10,2797),(13,3484),(40,31),(57,4254),(64,1176)]	18.989838
442	[(1,2879),(11,3474),(28,2283),(29,3543),(43,298),(76,3132),(85,2910)]	18.645404
443	[(6,4718),(7,3852),(9,4844),(10,4003),(25,919),(48,469),(57,4142),(78,1517)]	19.457119
444	[(10,2328),(15,1629),(23,3202),(30,3382),(32,929),(39,774),(47,1092),(56,2155),(70,1392),(77,507)]	19.435684
445	[(63,1379),(67,2324),(70,556),(77,1036),(79,2776),(86,1739)]	18.463484
446	[(5,125),(9,1086),(12,2757),(20,2315),(34,255),(40,3352),(41,4690),(62,428),(74,3411),(92,3052)]	19.665919
447	[(4,721),(13,4643),(24,936),(40,4514),(54,380),(57,1333),(79,1235),(86,3050)]	19.904011
448	[(8,4476),(16,2307),(23,2321),(32,173),(43,2430),(49,3010),(59,790),(62,1805),(86,1452),(89,2273)]	20.387879
449	[(8,4707),(19,918),(22,3447),(30,3441),(77,1839)]	19.850018
450	[(14,1013),(15,4355),(27,3720),(63,4216),(85,654)]	32.784097
451	[(16,474),(21,476),(23,3036),(26,688),(27,3079),(37,4825),(41,1663),(49,1533),(50,2144),(51,1642),(72,3927),(79,2705),(81,4122)]	26.674066
452	[(11,1200),(12,2056),(20,4419),(32,4783),(64,2915),(67,2407),(75,780),(85,2480),(87,2459),(92,4001)]	18.571865
453	[(6,2030),(21,1027),(33,1722),(52,4832),(63,2581),(66,1330),(86,3584)]	18.299484
454	[(5,1511),(19,3609),(37,3336),(42,3635),(54,2547),(57,2592),(59,2137),(71,2061),(72,720)]	18.568476
455	[(0,3256),(3,348),(20,1560),(31,3152),(47,2870),(51,2034),(54,4015),(74,1795),(81,2059),(90,3178)]	20.002277
456	[(30,1274),(55,4389),(68,1344)]	22.093273
457	[(53,896),(56,1660),(67,1307),(69,680),(70,2627),(88,3672)]	19.061248
458	[(2,591),(10,2492),(24,2026),(28,4737),(29,2223),(77,1901),(91,4778)]	19.872952
459	[(4,4157),(22,514),(41,691),(45,2724),(65,2859),(66,2848)]	20.451528
460	[(9,4342),(13,2468),(14,2265),(18,156),(20,571),(30,3393),(31,2635),(64,4636),(69,3334),(75,4637),(80,1729),(85,4382)]	25.890217
461	[(13,3288),(30,3835),(44,2188),(56,4406)]	20.316399
462	[(4,3294),(23,967),(86,1530),(90,1525)]	19.053575
463	[(2,332),(6,3373),(24,1451),(54,1063),(64,3080),(73,4069),(83,3106),(85,1140),(86,1130)]	18.322319
464	[(28,507),(30,4755),(42,2643),(44,4858),(45,2590),(77,3263)]	19.023746
465	[(1,4721),(17,2062),(27,2838),(39,2648),(40,1880),(48,3544),(49,3750),(53,851),(60,264),(86,4528)]	20.219896
466	[(1,4356),(10,3854),(32,4664),(34,1762),(36,4433),(47,3278),(56,4253),(69,2256),(75,493),(92,4572)]	20.966398
467	[(25,2860),(35,4483),(45,3386),(75,4675),(76,1154)]	20.897897
468	[(2,1306),(16,1737),(39,3434),(69,3254)]	19.354807
469	[(16,590),(36,332),(52,1724),(67,97)]	18.488263
470	[(0,2849),(53,4608),(72,1140),(73,1130),(74,1790),(91,168)]	19.784988
471	[(40,252),(66,786),(89,2971)]	19.319211
472	[(12,3028),(13,757),(22,1933),(27,1327),(75,1101)]	19.194169
473	[(0,947),(6,2758),(22,4508),(35,3537),(41,121),(44,4184),(64,3118),(67,1657),(77,124),(78,3558)]	18.937221
474	[(8,4050),(17,2044),(44,2384),(53,1608),(60,1268),(68,544),(77,367),(84,3451),(86,944)]	18.486296
475	[(9,3686),(10,4068),(13,2847),(18,1918),(19,1168),(51,4077),(54,3961),(59,2212),(74,2305)]	18.867971
476	[(6,2447),(23,2034),(28,4008),(55,2319),(61,735),(69,257)]	19.179221
477	[(7,4829),(12,2777),(13,3886),(39,1614)]	19.993009
478	[(37,1929),(53,3374),(66,1366),(74,1983),(76,4742)]	18.745014
479	[(14,4220),(25,2905),(26,219),(39,4579),(63,3995),(74,1466)]	18.410070
480	[(1,4479),(10,4378),(20,8),(34,4637),(69,465),(84,4167)]	18.601398
481	[(26,154),(31,4040),(33,4611),(45,3840),(54,2555),(71,4139),(72,2857)]	20.325110
482	[(3,2526),(15,2870),(17,592),(21,4549),(40,2320),(42,271),(46,3446),(70,1017),(71,2904),(82,3006),(84,3596)]	19.386897
483	[(0,4711),(33,2839),(53,1022),(62,498),(68,1198),(89,1045)]	18.785306
484	[(5,3099),(9,3033),(10,2970),(11,1323),(13,3069),(16,4453),(38,1077),(43,119),(54,1472),(80,4435),(88,3225),(90,2157)]	18.986961
485	[(31,1977),(64,702),(68,2015),(73,453),(79,2975),(91,1362)]	18.644121
486	[(14,2920),(28,4689),(33,3329),(47,2523),(70,4520),(72,3771),(84,3498),(92,4794)]	19.208977
487	[(3,4534),(13,408),(17,4246),(33,2013),(39,299),(46,1760),(55,3677),(63,4128),(77,3130),(80,3648),(87,1849)]	18.626274
488	[(0,4342),(29,1977),(40,1951),(75,1677),(80,4580),(91,4504)]	21.193748
489	[(27,3790),(35,2256),(55,3784),(79,2596)]	18.429348
490	[(1,3940),(14,2973),(20,2958),(51,854),(63,4081),(64,2596)]	19.387359
491	[(5,521),(20,3690),(41,761),(46,4182),(63,2832),(72,4241),(83,3855),(91,1457)]	18.771299
492	[(0,355),(7,1099),(17,1689),(24,1197),(26,3088),(58,1839),(64,3600),(70,4843),(81,4676),(92,3323)]	19.364751
493	[(30,131),(35,1879),(43,333),(46,2810),(49,855),(51,2678),(63,988),(70,2629),(90,920)]	19.093859
494	[(8,2683),(16,4715),(17,2707),(27,1271),(47,957),(54,785),(67,270),(77,589),(78,1241),(79,2277),(85,2283),(88,4387)]	20.464111
495	[(30,3544),(40,2397),(65,3585),(72,286),(87,2975)]	18.651877
496	[(3,1816),(48,2288),(51,2394),(56,2716),(75,4880),(88,1771)]	18.551945
497	[(7,3966),(9,1157),(46,2466),(47,1044),(50,2956),(51,2758),(82,55)]	18.639387
498	[(27,4731),(34,4715),(35,2707),(48,1398),(52,3550),(63,4129),(77,300)]	18.540458
499	[(10,1479),(14,582),(19,4322),(40,767),(44,1369),(51,4094),(52,1574),(58,1140),(60,1137),(62,4488),(66,1273),(69,105),(73,2190)]	19.978597
500	[(12,3273),(34,3752),(48,3848),(71,1696),(88,1610),(90,4875)]	18.988001
501	[(30,3891),(35,2573),(38,1384),(47,3595),(49,4120),(51,1011),(61,1577),(87,3598)]	18.822663
502	[(16,4782),(50,3541),(74,4519),(88,247)]	22.426102
503	[(12,4001),(21,780),(45,4098),(47,4583),(49,3381)]	34.964155
504	[(8,3119),(10,4393),(11,4495),(22,2239),(32,1314),(48,1468),(50,1917),(63,159),(79,4237),(87,4602)]	20.524115
505	[(2,3927),(25,1227),(28,2108),(67,4143),(84,2754),(86,3329)]	19.802499
506	[(2,3162),(13,886),(39,371),(53,3724),(54,3936),(60,319),(63,2860),(76,131),(84,3206),(87,3451)]	18.291148
507	[(32,3915),(41,238),(68,2318)]	18.684779
508	[(22,2559),(25,3020),(55,3715),(73,379),(92,1030)]	18.623586
509	[(22,4697),(23,3455),(52,3300),(60,3227),(63,3237),(75,268),(83,2)]	18.881838
510	[(10,4186),(12,1993),(13,1049),(27,4394),(28,2036),(61,2431),(65,1062)]	24.074103
511	[(12,560),(17,3359),(36,1902),(48,2290),(52,3648),(61,4527),(66,3135),(71,2839),(75,2331),(80,444),(86,861),(92,2130)]	25.992780
512	[(13,4631),(15,3891),(21,4337),(53,1363),(71,2166),(74,2005)]	19.536394
513	[(8,695),(17,2121),(26,1810),(27,836),(47,2741),(50,1153),(51,1142),(77,1733),(86,4236)]	20.691567
514	[(0,3065)]	18.902870
515	[(5,465),(20,1981),(45,2641),(58,3475),(59,1351),(66,2457),(92,1685)]	19.200293
516	[(8,96),(10,1649),(16,4174),(37,3619),(54,4538),(70,2908)]	19.089383
517	[(26,1378),(28,3483),(32,5),(35,4632),(40,4516)]	23.353799
518	[(0,3200),(9,4884),(24,1644),(32,3258),(41,2089),(49,69),(71,83)]	19.246214
519	[(0,546),(1,247),(7,4794),(10,3098),(31,2346),(32,938),(52,3623),(82,2636)]	18.643288
520	[(39,2041),(40,963),(43,3213),(50,717),(61,4605),(75,705)]	19.814046
521	[(29,2938),(31,2654),(38,572),(67,4240),(92,1422)]	18.715991
522	[(18,2899),(40,728),(50,202)]	18.500637
523	[(10,2271),(22,4077),(34,734)]	18.267142
524	[(14,711),(19,2802),(38,317),(46,3193),(77,4660),(84,56),(91,1113)]	18.253141
525	[(4,3812),(33,1553),(38,177),(40,1991),(65,3489),(71,3714),(72,706),(89,2091),(92,3867)]	18.268375
526	[(9,651),(21,2590),(45,3102),(57,1554),(75,417),(80,2414),(92,317)]	18.341438
527	[(5,1625),(14,69),(19,2800),(22,2798),(28,2304),(29,3249),(37,3864),(53,1797),(77,1027),(79,2788),(85,3647),(91,1165)]	18.769073
528	[(26,1535),(36,1612),(45,2809),(51,3766)]	18.294200
529	[(0,3631),(7,499),(19,3626),(29,3293),(32,323),(38,1942),(56,3519),(68,2574),(77,4657)]	18.349662
530	[(4,2027),(14,3637),(18,2376),(39,3567),(49,4136),(57,3246),(83,1275)]	18.842637
531	[(4,3098),(16,2830),(39,3426),(42,789),(60,2041),(61,963),(63,1137),(76,2099),(78,2977)]	18.732911
532	[(8,3695),(9,1834),(42,2727),(43,4188),(48,12),(49,1426),(52,1317),(63,1005),(90,4869)]	20.233022
533	[(15,1572),(19,3360),(43,239),(61,198),(69,219),(75,2128),(90,1493)]	21.020201
534	[(1,3090),(25,2397),(40,4503),(43,3261),(47,3684),(48,4870),(64,1843),(91,16),(92,925)]	18.503001
535	[(91,1103)]	18.249683
536	[(13,4700),(32,2302),(34,2096),(41,4262),(43,700),(54,992),(64,3396),(75,203)]	19.609615
537	[(2,3123),(11,2946),(16,4351),(17,4832),(29,1347),(49,2187),(53,3095),(55,4704),(58,3624),(78,1457),(84,976),(87,2382),(90,3326)]	18.495440
538	[(26,543),(63,2166),(65,1616),(83,1399),(88,4467)]	18.456009
539	[(3,3090),(5,1534),(19,893),(21,491),(27,3216),(33,3370),(49,4512),(54,3425),(70,2558),(71,35),(83,4518)]	18.425119
540	[(0,1281),(8,3184),(35,4665),(47,1936),(53,4098),(56,3479),(84,2411)]	19.076045
541	[(34,3576),(50,3522),(70,2004)]	19.763539
542	[(3,1634),(4,4834),(6,2094),(10,4769),(14,4810),(19,1783),(30,4360),(44,835),(49,2280)]	18.924723
543	[(10,4253),(25,1584),(27,87),(30,2663),(35,2255),(46,1811),(54,4175),(67,1483),(70,873)]	18.960447
544	[(3,2909),(7,4544),(10,3517),(16,74),(18,3147),(20,3267),(38,2762),(42,4390),(44,149),(67,228),(75,2643),(91,2710)]	18.911723
545	[(6,1653),(7,1590),(9,2682),(39,546),(42,3771),(45,4512),(52,1208),(55,1623),(59,1540),(63,2768),(77,3292)]	18.627287
546	[(18,133),(72,1339),(90,4066)]	18.547726
547	[(5,3459),(15,3990),(32,2197),(39,404),(42,2626),(46,22),(48,755),(71,445),(86,1521)]	20.295152
548	[(3,1187),(4,281),(31,2297),(40,4340),(45,1463),(47,3704),(81,4524),(83,2068)]	18.711085
549	[(5,1007),(27,3595),(33,2364),(40,1044),(42,1452),(43,2782),(46,4635),(53,4393),(65,4471),(66,1945),(73,4210)]	18.498354
550	[(6,3076),(7,808),(9,2988),(12,4686),(42,546),(77,1275)]	20.833925
551	[(11,1099),(23,122),(49,1276),(80,1034),(85,1334)]	19.443112
552	[(2,979),(4,4727),(31,719),(63,212)]	19.434764
553	[(0,1908),(17,2754),(24,1440),(36,4369),(40,4806),(46,653),(51,3432),(68,3497)]	18.563657
554	[(1,3685),(16,2789),(22,1884),(24,3039),(49,3951),(53,3827),(60,2918),(89,1090)]	18.868702
555	[(24,1883),(29,1357),(30,2771),(36,372),(45,1912),(54,1088),(55,2413),(64,3404),(75,4794),(77,4179),(85,4856)]	31.929635
556	[(29,1479),(43,2554),(68,1681),(71,2772)]	28.887712
557	[(3,2191),(21,2637),(47,3935),(86,3537)]	18.485053
558	[(1,1222),(3,2886),(8,1163),(10,602),(16,4189),(23,2868),(39,134),(40,3940),(44,3661),(50,2136),(64,4679),(82,1542)]	18.965030
559	[(20,2450),(31,3603),(36,4647)]	18.557740
560	[(1,912),(43,333),(46,3673),(50,1297),(58,1579),(59,2338),(63,1359),(65,4081),(66,2596),(72,408)]	18.447081
561	[(6,2721),(21,3043),(29,535),(36,3328),(45,2779),(52,2130),(59,3203),(66,3536),(73,482),(77,324),(80,3160)]	24.649834
562	[(1,3017),(43,313),(59,2160)]	19.859706
563	[(7,1172),(18,1088),(21,2826),(22,3762),(26,699),(48,3261),(50,3843),(74,1644),(75,2924),(80,1557),(83,3273),(89,3354)]	18.437423
564	[(11,608),(16,3680),(19,1181),(24,1874),(29,1234),(34,2249),(44,1898),(52,401),(63,1740),(69,645),(73,69),(76,173)]	19.090714
565	[(1,2020),(2,2793),(6,3509),(51,4735),(64,1191),(84,469),(92,3156)]	19.098688
566	[(0,3244),(19,4769),(47,2264),(58,1175),(86,2457)]	19.779108
567	[(5,4464),(15,1595),(20,3518),(24,131),(33,228),(52,3814),(88,941),(89,3437)]	19.531339
568	[(1,241),(4,2189),(12,480),(29,97),(67,3383),(71,216),(72,2913),(80,1886)]	22.866116
569	[(23,1472),(27,1396),(36,649),(50,3948),(55,942),(75,4439)]	18.712094
570	[(18,3797),(35,1182),(82,4299)]	18.311733
571	[(6,1466),(42,3492),(82,4546),(88,4654),(90,2479)]	18.849889
572	[(4,3263),(7,1132),(18,3410),(50,1783),(74,2694),(84,4769)]	18.699074
573	[(9,1709),(20,883),(30,142),(33,651),(66,1199),(80,1526),(85,4785)]	18.566391
574	[(1,1223),(2,1692),(10,3131),(27,4196),(40,1910),(44,1792),(59,410),(62,2746),(68,779),(75,4254),(77,1233),(87,4018)]	18.521272
575	[(7,1483),(35,2070),(49,3720)]	18.198988
576	[(20,293),(36,1013),(38,3179),(41,4777),(87,1744),(90,207)]	18.503981
577	[(1,880),(5,469),(6,3936),(30,258),(67,2783),(74,4651)]	18.819551
578	[(12,3185),(13,1678),(23,4292),(29,4408),(34,1685),(36,3640),(52,2460),(66,858),(70,1013)]	19.160643
579	[(4,4070),(11,363),(25,2687),(31,863),(55,3563),(58,583),(78,1116),(82,4313),(85,3294)]	18.541065
580	[(15,1894),(18,2280),(21,3671),(40,1660),(68,3069),(80,2924),(89,4335)]	18.894966
581	[(33,2945),(52,1576),(67,0),(72,3338),(76,1083),(77,4163),(79,595),(88,1763)]	18.988074
582	[(2,3490),(4,2025),(6,2794),(8,1307),(31,1205),(34,1963),(49,1413),(68,3593),(70,180),(74,4724),(85,1575),(88,3189)]	18.468532
583	[(3,2354),(5,3193),(22,3176),(72,4606),(89,4685),(90,1548)]	18.924795
584	[(12,3930),(14,3105),(40,1066),(56,647),(58,2052),(59,3158),(65,3235),(89,751)]	18.689517
585	[(16,1755),(22,4391),(25,1231),(26,2037),(32,1606),(49,3903),(63,2317),(66,3050),(70,1004),(86,512)]	21.581371
586	[(3,22),(22,4660),(24,3246),(32,3975),(36,410),(62,741),(68,1357),(80,2238)]	22.270311
587	[(8,3406),(16,4846),(17,502),(23,435),(35,1363),(55,3523),(65,2714),(68,2509),(77,1796)]	18.980960
588	[(3,1175),(12,3131),(21,117),(23,4677),(50,2773),(87,1709),(89,2755),(92,3168)]	19.507165
589	[(7,392),(9,2246),(81,72)]	18.858832
590	[(15,1638),(17,3310),(62,4837),(76,1641),(78,215),(81,566)]	18.642628
591	[(0,2503),(5,486),(8,3670),(11,2365),(13,4818),(17,2667),(20,3806),(35,3751),(37,539),(53,3765)]	18.460672
592	[(6,3102),(15,4430),(22,3286),(29,2778),(38,1366),(63,4296)]	19.019897
593	[(5,2137),(29,1162),(53,2246),(55,15),(58,2171),(72,2816)]	19.347726
594	[(12,4828),(29,2974),(72,3310),(76,3023)]	18.493397
595	[(0,4396),(20,3901),(36,4329),(51,388),(65,2525),(68,2216),(88,4685)]	19.127121
596	[(5,3678),(29,1104),(48,996),(55,499),(56,2462),(71,1273),(73,846),(74,1126),(75,2548)]	18.440853
597	[(7,1852),(26,1238),(34,2745),(44,3084),(48,2712),(61,1832),(81,3248)]	18.221077
598	[(0,1317),(3,2568),(27,3056),(29,2497),(46,2797),(67,2813),(72,4339),(78,3143)]	18.518542
599	[(26,3632),(35,634),(43,3909),(60,1674),(69,993),(77,2998)]	18.849742
600	[(22,205),(26,3449),(36,4192),(82,546),(83,247),(92,3015)]	19.003822
601	[(25,396),(27,987),(48,2906),(67,3362),(73,481),(81,2590),(90,3289)]	18.444189
602	[(5,1528),(8,4404),(19,3579),(91,2675)]	18.249131
603	[(16,516),(31,3862),(52,1817),(70,3755),(85,527)]	19.358103
604	[(14,794),(16,2941),(30,621),(39,40),(42,1632),(48,409),(73,9),(89,3876)]	18.994618
605	[(0,1046),(4,4548),(36,1443),(64,3002),(73,2994),(86,590),(91,2197)]	18.251814
606	[(28,1429),(46,2925),(47,4533),(67,4571),(69,2307),(76,2513)]	18.914006
607	[(3,2166),(6,3384),(13,399),(35,3912),(55,3127),(61,362)]	18.340183
608	[(4,1933),(20,727),(58,859),(62,4062),(73,4509)]	29.300737
609	[(6,2031),(17,3678),(24,111),(36,717),(51,2644),(53,4819),(74,3193)]	28.399231
610	[(25,2532),(35,1098)]	19.848548
611	[(59,2749),(65,3337),(80,1670),(82,2933)]	19.206770
612	[(8,1695),(12,1891),(13,305),(33,3408),(38,3200),(61,3203),(67,2803)]	26.667048
613	[(13,1245),(27,2841),(62,3425)]	21.004485
614	[(8,4502),(14,879),(17,4590),(19,3456),(47,2552),(66,76)]	18.811445
615	[(19,2861),(52,4149),(56,1066),(69,2219),(87,1061),(92,2252)]	19.941157
616	[(27,1000),(33,1519),(39,3208),(60,3010),(74,1462),(78,2321),(88,3026)]	19.286826
617	[(0,2033),(28,575),(54,2877),(66,4302),(69,3134)]	20.321592
618	[(26,3209),(29,1554),(32,163),(49,4693),(55,2980),(72,1782),(75,1989),(84,928)]	18.828285
619	[(62,2142),(72,4045),(76,4165),(79,1380),(85,765),(90,3169)]	24.532935
620	[(3,4772),(15,4225),(30,4207),(46,2315),(57,4683),(86,3945),(91,4473)]	19.707809
621	[(8,344),(24,165)]	18.704347
622	[(11,1319),(18,231),(26,2243),(36,3638),(43,3002),(53,2728),(55,112),(62,1879),(74,893),(75,2018),(89,1965)]	19.034392
623	[(13,4471),(22,375),(49,834),(60,3125),(62,2005),(75,2541),(86,3820),(87,4038),(90,3673)]	18.677720
624	[(6,1194),(9,3849),(23,1184),(28,2383),(73,1653),(74,1590),(82,4019),(87,1267)]	18.532710
625	[(9,683),(29,3095),(55,4283),(62,3662),(64,3486),(69,3805),(79,3218)]	18.312854
626	[(43,3536),(44,4166),(57,4877),(87,212),(89,4610)]	18.364568
627	[(16,2019),(40,2877),(49,4464),(50,74),(51,4231),(72,811),(85,2009)]	18.385597
628	[(35,4808),(56,3208),(72,3943),(75,3691)]	19.037764
629	[(32,2695),(36,1605),(37,4160),(40,2906),(41,635),(46,59),(48,3181),(75,3371),(76,2669)]	18.313903
630	[(19,3436),(21,2809),(41,1287),(53,616),(74,2029)]	18.817203
631	[(2,467),(23,197),(33,3926),(47,3747),(53,3895),(66,1085),(80,1441),(87,131)]	18.169711
632	[(40,3961),(57,4271),(63,4541),(66,890)]	18.943157
633	[(5,802),(7,769),(35,3008),(38,4287),(50,89),(51,2735),(52,1851),(80,970),(82,2574)]	18.790933
634	[(28,3457),(35,91),(41,4460),(64,346),(90,1355)]	19.431952
635	[(12,2300),(29,2310),(58,631),(66,1706),(88,467)]	19.622655
636	[(9,4655),(10,2412),(22,2649),(30,4875),(33,4473),(58,3793),(83,4800)]	18.764633
637	[(11,3865),(18,4094),(33,1109),(44,3090),(55,4073),(61,1327),(70,1317)]	20.755364
638	[(6,101),(26,382),(28,313),(38,2933),(60,4482),(66,148),(75,4411),(78,1212),(89,2646)]	18.296950
639	[(5,4199),(9,3846),(57,4537),(64,3483),(82,3812)]	18.322943
640	[(14,3818),(18,681),(21,520),(22,2798),(60,858),(65,3784),(92,4300)]	18.909961
641	[(13,4396),(17,110),(23,81),(34,1998),(47,634),(55,1952),(74,1982),(86,3331)]	18.428310
642	[(12,4329),(19,973),(30,2503),(35,3202),(53,3788),(65,1698),(71,3089),(81,2742),(86,1649),(90,3996)]	18.281268
643	[(6,4450),(7,507),(12,2782),(18,2779),(22,2469),(30,620),(45,2950),(52,2453),(66,736),(87,1192)]	19.212375
644	[(3,1677),(15,3407),(20,558),(29,605),(35,3053),(44,4086),(52,1728),(78,239),(89,3121)]	18.476704
645	[(0,1178),(16,2647),(53,1329),(62,4238),(64,1442),(75,2887),(81,4430),(82,3938),(87,1358)]	19.170532
646	[(19,4478),(26,305),(33,1403),(37,2145),(41,1785),(47,4002),(68,3646),(92,2782)]	19.188144
647	[(25,3063),(29,2264),(58,3886),(73,3704),(82,2814),(92,4774)]	18.162843
648	[(12,1166),(19,3031),(22,4642),(42,3812),(65,3976),(69,3890),(70,2843),(83,2968),(92,1620)]	18.248465
649	[(4,2980),(11,179),(25,2862),(26,3409),(41,1456),(45,1111),(61,1853),(78,1078),(79,3550),(83,3728),(89,3787)]	18.636268
650	[(19,2529),(26,4251),(42,2822),(46,1003),(55,181),(57,4189),(58,3873),(61,555),(74,3792),(80,3227),(86,4197),(87,70),(92,3024)]	18.561354
651	[(2,3654),(9,928),(23,2508),(24,2658),(41,802),(43,769),(45,978),(48,4231),(58,1367),(67,2231),(90,1900)]	18.653229
652	[(4,3656),(20,1416),(28,4360),(35,3494),(50,1660),(54,4264),(78,3107),(81,2893),(87,2577)]	18.927496
653	[(28,2237),(34,4129),(44,3197),(46,2672),(51,3230),(60,1368),(92,1887)]	18.981531
654	[(13,1380),(45,4616),(65,3635)]	19.590299
655	[(3,2249),(6,2841),(33,604),(35,3754),(38,2731),(65,1082),(80,2087)]	18.165711
656	[(4,2721),(26,2857),(30,3893),(43,3543),(49,264),(87,2615)]	18.726456
657	[(1,338),(11,1012),(27,1046),(38,1550),(44,2789),(64,3574),(65,4377),(73,2966)]	18.407055
658	[(1,917),(12,3634),(17,2467),(24,731),(42,1272),(43,2653)]	19.561934
659	[(1,2904),(37,805),(43,965),(49,4833),(56,3748),(71,2903)]	19.077633
660	[(8,4199),(17,1543),(21,3961),(52,3236),(76,3978),(85,2694),(89,1698)]	18.274899
661	[(1,3230),(35,946),(44,2631),(81,1736)]	27.752284
662	[(2,2876),(12,2763),(24,4180),(26,1912),(48,4302),(53,715),(55,2899),(70,1900),(82,1408)]	31.606469
663	[(6,1221),(30,1837),(39,3536),(42,929),(43,2062),(45,1056),(49,3793),(58,4535),(78,1497)]	25.829507
664	[(14,3154),(15,4343),(16,3044),(47,3520),(76,2661),(88,1984),(89,455)]	20.731454
665	[(17,782),(30,1118),(48,721),(54,3962),(59,394),(71,3774),(78,1790),(85,3212),(91,4121)]	18.336458
666	[(21,1076),(27,3386),(30,476),(32,3036),(39,2175),(40,1142),(48,4431),(70,2024),(86,2563),(87,102)]	19.221197
667	[(8,4605),(10,893),(13,4419),(17,901),(54,3569),(87,2283)]	18.798908
668	[(8,2820),(14,3538),(29,1365),(43,2434),(60,2743),(66,3838),(87,4006),(91,3529)]	18.762404
669	[(1,1750),(12,2528),(18,2846),(59,2327),(88,652),(91,4854)]	18.355242
670	[(13,4517),(54,1624),(66,3694),(68,3896),(69,2200)]	19.970980
671	[(11,2384),(27,1084),(28,1266),(30,2711),(31,4579),(37,3672),(73,1356),(78,3173)]	21.559037
672	[(14,3720),(22,2201),(28,3761),(54,1900),(61,2192),(62,2945),(72,1902),(89,3662)]	18.259405
673	[(8,3005),(34,2360),(83,1748),(88,1178)]	19.278948
674	[(2,3532),(41,2268),(43,3817),(63,689)]	20.064843
675	[(9,4224),(51,415),(54,3292)]	18.574029
676	[(12,4800),(52,240),(62,3204)]	18.317186
677	[(12,339),(15,4264),(73,2170)]	18.435722
678	[(0,997),(7,1279),(11,669),(33,2473),(41,1236),(52,3721),(55,4769),(68,3092),(72,2983)]	18.398213
679	[(0,4100),(15,3275),(18,2340)]	18.454166
680	[(6,4068),(7,804),(9,4357),(15,3829),(32,3941),(38,2000),(43,91),(61,2720),(70,2125)]	18.852931
681	[(19,3660)]	18.317420
682	[(18,1879),(25,2704),(56,4350),(57,39),(83,3929)]	19.146046
683	[(8,1949),(37,102),(43,1264),(48,3187),(59,3075),(67,3210),(69,1905)]	19.215026
684	[(13,1448),(18,501),(23,2170),(35,2317),(42,1646),(49,731),(76,3859),(86,4722)]	19.842316
685	[(29,732),(37,1124),(48,608),(88,3024),(89,4478)]	18.629497
686	[(7,998),(9,1813),(16,4148),(27,4596),(33,1998),(37,3292),(66,1788),(77,596),(80,1940)]	19.799014
687	[(19,3316),(25,903),(43,3016),(44,170),(47,3663),(83,3703)]	18.585414
688	[(47,4747),(51,570),(76,866),(83,1220),(84,1004)]	18.601679
689	[(11,2497),(41,1867),(68,4628),(81,342),(90,911)]	20.130353
690	[(10,1589),(12,4556),(16,2404),(20,2253),(39,2498),(46,2166),(53,2078),(57,3705),(84,69)]	18.695925
691	[(0,2928),(5,1858),(17,2065),(30,3252),(34,985),(36,1714),(78,4219),(92,2605)]	18.935963
692	[(0,4443),(9,2987),(11,2236)]	18.432945
693	[(22,2097),(46,1508),(52,4191),(63,2030),(64,833),(74,3116),(79,3579),(89,2305)]	18.919443
694	[(15,3616),(20,4652),(21,1924),(22,1415),(29,4780),(41,243),(53,3251),(58,4386),(82,2155),(84,3612)]	18.683891
695	[(13,646),(28,3065),(73,3932),(86,2962)]	18.219598
696	[(14,3198),(21,91),(23,1698),(28,65),(34,853),(44,3833),(51,13),(81,2720)]	18.791304
697	[(14,2468),(40,2542),(73,349)]	18.905172
698	[(14,430),(25,2958),(28,3380),(37,3248),(46,173),(73,597)]	18.433779
699	[(1,3832),(21,1190),(22,1047),(32,1111),(43,1536),(79,447),(85,3660)]	18.253831
700	[(11,1647),(14,4190),(19,23),(23,4444),(36,1629),(57,3787),(75,747),(83,1094),(91,2465)]	19.088998
701	[(5,943),(23,4844),(30,1654),(34,3743),(40,4169),(49,3086),(71,481),(78,4289),(90,3002)]	18.286012
702	[(0,1388),(14,3462),(20,4325),(22,1365),(42,4140),(70,2973),(77,719)]	18.639611
703	[(3,1539),(16,3782),(46,654),(47,1348),(65,805),(91,1663)]	18.261520
704	[(1,2425),(11,393),(13,974),(28,450),(33,1129),(48,899),(73,1472),(75,2750)]	18.329544
705	[(14,1523),(19,2210),(27,3804),(29,3994),(65,2562),(82,2536)]	19.045111
706	[(25,4275),(60,1381),(66,3740),(79,2820)]	18.818934
707	[(2,226),(6,578),(8,3959),(13,576),(23,616),(30,3209),(37,2196),(41,1624),(55,2857),(58,3565),(65,3080),(79,3775),(87,3155)]	18.601529
708	[(32,4829),(51,259),(57,1712),(59,3418),(65,4121),(92,4174)]	18.369188
709	[(6,2456),(9,1286),(27,1865),(65,1336),(77,2040)]	18.107014
710	[(29,4802),(42,4676),(64,3512),(82,2273),(85,1731),(91,964)]	18.327265
711	[(2,707),(4,2048),(6,1462),(7,2935),(10,504),(14,4519),(31,3705),(41,4357),(74,908),(75,970),(89,345)]	20.424044
712	[(9,3577),(27,3221),(61,3727),(78,2989),(81,3580),(88,3568)]	19.055048
713	[(5,844),(9,4695),(19,1547),(49,3078),(51,1162)]	21.312462
714	[(3,433),(24,708),(65,4785),(79,1709),(85,1940)]	18.104759
715	[(12,2099),(14,2977),(16,4178),(31,857),(32,3250),(64,4480),(65,468),(88,579)]	37.978201
716	[(19,360),(23,2672),(25,1758),(53,3813),(55,2034),(71,940)]	24.082627
717	[(6,2498),(15,1066),(44,724),(45,2132),(68,2443),(69,836),(75,1766),(80,4783)]	18.812794
718	[(2,112),(13,2455),(35,3666),(38,3),(42,1780),(45,1208),(70,4031),(89,3887)]	19.074656
719	[(34,72),(36,1755),(81,3342)]	18.909654
720	[(30,2787),(32,307),(44,3408),(84,4717)]	18.821639
721	[(13,2508),(63,2862),(64,3409),(70,1154),(81,3443),(83,978)]	19.297076
722	[(15,1726),(21,3866),(61,2097),(84,2186),(87,4257),(92,47)]	20.947967
723	[(11,3476),(15,2511),(21,3408),(49,2467),(59,2473)]	21.559659
724	[(9,4274),(31,3006),(42,3161),(43,1072),(54,3253),(65,621),(77,4448)]	19.012261
725	[(6,559),(11,3909),(22,4543),(56,1085),(60,335),(76,2786)]	19.152624
726	[(21,1960),(42,541),(68,4536),(74,3349),(86,2957)]	19.247928
727	[(6,1684),(38,1230),(57,4787),(62,3930),(65,826)]	18.690037
728	[(2,3460),(7,993),(19,1954),(22,4348),(36,4493),(47,348),(53,1028),(55,904),(57,3624),(72,1879),(78,391),(87,1094)]	18.457041
729	[(7,4700),(45,752),(64,3096),(66,3506)]	18.350121
730	[(3,129),(12,1859),(16,1076),(58,214),(92,430)]	18.548187
731	[(28,4202),(29,1559),(39,2274),(49,26),(67,3218),(73,3670),(76,2365),(77,264),(85,3803),(86,867)]	18.883655
732	[(1,4543),(7,4195),(16,103),(27,189),(30,3625),(40,2432),(52,3221)]	18.644194
733	[(0,3439),(13,1849),(29,1069),(35,3478),(51,2554),(62,542)]	18.188703
734	[(6,705),(14,3685),(17,2462),(22,2768),(38,3457),(41,462),(54,2608),(56,2070)]	18.242889
735	[(21,3062),(26,1149),(36,1349),(38,605)]	18.298440
736	[(8,740),(27,3274),(36,2946),(40,1103),(62,263),(63,384),(79,4099)]	18.256404
737	[(1,4807),(5,647),(20,2570),(27,1873),(33,2579),(44,708),(51,4745)]	19.430995
738	[(44,2001),(72,1137),(77,3316),(90,1614)]	19.490974
739	[(24,3805),(49,2936),(58,1797),(66,4017),(77,3933),(83,2869)]	18.579321
740	[(2,1705),(3,1645),(11,4093),(15,4561),(19,4567),(33,2370),(47,1573),(49,2428),(55,1465),(75,260),(76,4883),(88,3182)]	19.163766
741	[(15,2018),(31,3852),(33,1828),(35,4479),(47,4263),(62,457),(65,2761),(68,145),(88,4871)]	19.403069
742	[(1,697),(24,2781),(33,3646),(43,850),(49,3263),(73,3647),(80,695)]	20.327821
743	[(8,2984),(26,4476),(62,626),(76,3215),(79,3143),(81,3552),(84,138),(86,4477),(89,4514)]	19.029919
744	[]	18.444327
745	[(10,462),(12,2393),(13,404),(23,1943),(25,160),(49,3929),(52,669)]	18.240668
746	[(35,256),(37,715),(41,1724),(48,523),(58,3340),(60,3383),(64,3311),(68,2027),(80,1920)]	18.105377
747	[(29,4739),(36,28),(37,1657),(41,1238),(50,3695),(85,162)]	18.516015
748	[(3,4073),(21,2808),(26,2090),(35,4502),(53,2648),(54,1880),(69,3532),(84,667),(87,931),(90,1367)]	18.025641
749	[(4,688),(25,2879),(81,3427)]	18.504463
750	[(48,158),(60,4765),(74,3557),(81,2372),(91,1818)]	18.376902
751	[(4,1067),(6,3407),(7,3707),(24,3808),(40,555),(70,2771),(71,4878)]	18.383092
752	[(1,812),(8,1939),(58,825),(78,839),(87,3086),(92,555)]	19.183207
753	[(9,4374),(14,4294),(17,2369),(20,4514),(47,1306),(61,322)]	19.031041
754	[(18,4693),(23,966),(33,4694),(46,2391),(49,3534),(50,1837),(56,2521),(70,3890),(81,1146),(82,1363)]	18.850539
755	[(10,4821),(52,4067),(54,3695),(73,3295)]	18.403341
756	[(15,2217),(72,1367),(73,4208),(90,713)]	18.409028
757	[(6,3278),(17,1470),(30,3951),(36,4565),(38,2574),(40,1667),(46,2473),(51,405),(70,4557),(71,1622),(82,2259)]	20.041807
758	[(2,3409),(25,1403),(31,3296),(34,811),(39,4133),(41,3634),(88,2288)]	18.562782
759	[(11,3164),(15,2051),(44,4462),(55,81),(79,2215),(81,3854),(89,2923)]	18.471007
760	[(0,4275),(3,2703),(39,263),(72,2446),(77,928),(80,2773)]	19.745155
761	[(10,2991),(24,3294),(57,904),(60,800),(70,2898),(73,3593),(81,1104),(86,838),(89,4360)]	19.179373
762	[(4,51),(42,3873),(60,592),(68,3986),(76,862),(82,3851),(91,3663)]	18.583023
763	[(1,1504),(6,2321),(14,1267),(17,1167),(38,1711),(75,3770),(88,436)]	19.175675
764	[(4,1070),(5,3234),(14,3956),(24,3172),(33,1435),(42,4309),(53,721),(68,3464)]	18.306017
765	[(38,2258),(41,1787),(46,468),(50,1901),(69,389),(73,379),(82,4367),(84,4836)]	18.288926
766	[(9,1241),(17,4449),(28,4630),(46,1055),(67,2545),(83,1542),(84,1672)]	18.901574
767	[(41,4657),(55,4639),(76,2221),(85,4685)]	25.155157
768	[(2,950),(13,425),(15,1417),(43,3471),(47,895),(50,3980),(81,4324),(82,1184),(91,3725)]	28.898463
769	[(17,1474),(24,4531),(26,3410),(31,3920),(55,2797),(67,4376),(74,868),(85,3490)]	30.379841
770	[(21,2070),(25,421),(28,410),(47,2692),(56,2985),(61,825),(64,667),(88,3259)]	18.559555
771	[(1,1097),(5,888),(14,1814),(17,4387),(28,1761),(70,3307)]	18.676194
772	[(31,1236),(34,4414),(39,415),(41,1055),(47,2553),(51,4347),(57,3003),(80,3240),(81,3554),(86,4636),(87,2145)]	18.410925
773	[(2,2894),(14,226),(33,3916),(41,2022),(68,1948),(86,4147),(92,3102)]	18.189580
774	[(51,4087),(62,4131),(75,735),(78,3340),(80,108),(88,91)]	23.413407
775	[(91,2852)]	18.993809
776	[(3,3436),(8,2025),(68,3196),(87,2318)]	19.247214
777	[(22,4506),(36,1757),(38,4770),(48,3609),(56,356),(57,1335),(60,2591),(61,2355),(62,1182),(73,4660),(76,219),(82,978)]	18.572786
778	[(1,4390),(8,4460),(13,158),(18,108),(57,2688),(59,3194),(67,872),(79,2675)]	18.582717
779	[(10,3193),(21,3885),(40,2746),(57,4735),(74,139),(75,2341),(85,4118)]	18.334554
780	[(27,4560),(29,841),(33,2095),(42,2585),(44,4883),(57,4811)]	18.389819
781	[(8,2244),(11,1871),(13,4446),(21,1889),(25,1948),(35,771),(42,4075),(58,906),(62,363),(66,634),(74,2331),(80,1725),(89,2658),(90,3374)]	19.294712
782	[(12,1052),(17,2509),(51,4732),(58,579),(72,1943),(79,918)]	18.876521
783	[(12,1113),(37,2954),(61,560),(78,2082),(85,2808)]	18.503020
784	[(11,461),(18,3259),(20,244),(28,2653),(31,912),(80,1151),(87,1881)]	18.233147
785	[(3,1351),(38,3347),(40,394),(53,3240),(54,3554),(57,2188)]	18.334644
786	[(9,372),(31,2486),(34,4197),(42,2563),(43,102),(46,3562),(51,462)]	18.424485
787	[(5,2767),(14,4727),(71,1414),(74,1835),(79,1240),(85,959),(89,2922)]	18.553720
788	[(30,3048),(38,1092),(39,3211),(69,4512)]	19.211366
789	[(6,2729),(11,3647),(16,1922),(33,2788),(35,4568),(63,4640),(89,4067)]	18.586553
790	[(3,1320),(17,4709),(26,4250),(36,4559),(60,1205),(63,2092),(77,1919)]	18.403116
791	[(43,784),(51,1690),(62,1256),(65,3536),(66,4166)]	18.615419
792	[(20,2403),(25,1174),(29,3615),(30,831),(34,2800),(48,2463)]	18.474718
793	[(3,332),(17,2936),(21,4823),(55,4691),(56,4243),(64,4486),(76,3107),(85,3783),(92,426)]	18.215022
794	[(9,3029),(14,2528),(35,3707),(53,4839),(80,845),(85,700)]	21.268922
795	[(12,2185),(39,611),(66,218),(74,1763)]	20.432428
796	[(1,1102),(3,4353),(20,243),(35,1569),(75,2147),(88,2721)]	18.461632
797	[(21,2835),(24,3736),(25,684),(28,3836),(50,1838)]	19.010219
798	[(2,4558),(14,1775),(28,4144),(30,552),(48,3926),(64,1146),(73,1331),(80,3019)]	38.871950
799	[(56,1358),(78,1207),(87,216),(92,4812)]	38.582324
800	[(32,2740),(34,3019),(48,4882),(66,2127),(80,688),(81,3079),(88,3222)]	40.299242
801	[(32,2780),(41,3716),(47,180),(53,4750),(78,2181),(86,2188)]	37.748135
802	[(8,3130),(24,74),(69,3157),(91,2635),(92,4574)]	36.944950
803	[(3,3436),(8,4057),(14,2236),(29,4493),(38,4344),(67,4062),(76,3005),(79,93),(84,754),(86,1512)]	36.722555
804	[(50,1701),(76,355),(77,4158),(86,3388)]	35.916933
805	[(13,4317),(18,3886),(23,3440),(26,662),(42,2266),(44,1394),(70,335),(84,2751),(85,4107)]	39.778592
806	[(6,974),(22,3772),(27,4740),(82,2925),(83,425),(91,1002),(92,3429)]	37.323092
807	[(23,3911),(39,792),(55,548),(80,3080),(88,3573)]	36.992840
808	[(2,2414),(4,296),(15,4777),(26,2548),(44,3212),(52,3719),(63,682),(83,515),(90,4162)]	38.232377
809	[(5,4768),(12,580),(16,1839),(36,183),(39,1239),(41,4523),(56,1272),(61,3243),(73,3377),(79,2804)]	36.662284
810	[(23,1570),(40,3433),(67,1168),(78,2250),(79,1010),(81,3385),(85,3260),(86,3205)]	41.044468
811	[(9,3219),(24,4540),(91,1844)]	42.564872
812	[(14,1752),(15,2063),(51,2283),(76,3720),(79,1423)]	42.371079
813	[(11,1965),(24,320),(47,380),(61,565),(62,1191),(68,985),(70,3258),(71,3098),(82,4616)]	37.067035
814	[(29,4363),(57,569),(82,140),(87,4740)]	36.472280
815	[(27,4819),(36,3741),(48,2712),(50,2067),(63,4436),(80,29),(85,3729),(89,239),(92,2456)]	37.033700
816	[(4,4162),(20,2178),(39,3428),(60,3956),(73,216),(74,2913)]	36.584598
817	[(1,3822),(9,1214),(40,3890),(62,3893),(64,573),(69,161),(78,1017),(91,3110)]	36.898395
818	[(0,1315),(28,4743),(36,127),(63,4249),(66,2194),(87,217)]	37.043695
819	[(16,120),(38,4457),(46,3703),(50,2652),(56,807),(60,3727),(64,1193),(71,2804)]	36.741747
820	[(1,1923),(25,3112),(40,1343),(46,730),(53,2276),(72,2582),(76,3660)]	36.485271
821	[(15,4306),(21,824),(51,2608),(57,4886),(78,47),(90,159)]	37.623403
822	[(2,4097),(3,1618),(12,2720),(18,108),(21,3511),(27,1110),(28,3634),(41,2630),(45,4811),(47,1271),(58,4473),(90,2794)]	34.414490
823	[(49,2054),(52,4852),(67,2484),(81,4529)]	35.996034
824	[(12,3806),(20,1491),(36,2624),(70,2471),(78,1083),(92,2985)]	36.785582
825	[(11,3804),(21,2829),(29,2689),(30,2190),(47,4600),(52,963),(67,2647),(85,1831)]	36.562199
826	[(19,1658),(23,2754),(27,1999),(38,4472),(57,4802),(62,3580),(85,3968)]	36.259678
827	[(13,4319),(19,2900),(20,1155),(21,4412),(58,3456),(72,1766),(81,3986),(91,2220)]	35.430609
828	[(12,1029),(13,2201),(44,3786),(64,2698)]	36.018190
829	[(48,2534),(80,4388)]	35.724357
830	[(14,534),(18,633),(25,1239),(29,2901),(42,2007),(63,4460)]	35.701275
831	[(7,3718),(15,1789),(43,4730),(50,1760),(53,4028),(62,4498),(66,3761),(75,1946),(88,2029)]	35.217989
832	[(17,2891),(49,2313),(51,4528),(54,1885),(79,3878)]	35.360723
833	[(70,958),(72,4408),(74,449),(82,989)]	36.070326
834	[(4,738),(54,1169),(70,4006),(90,4662)]	34.902050
835	[(2,1254),(5,4157),(11,4489),(43,4774),(44,1612),(59,2065)]	37.126591
836	[(5,206),(10,3493),(25,2357),(29,1215),(33,53),(52,3247),(67,886),(79,2757),(90,3118)]	36.236004
837	[(13,1879)]	46.159969
838	[(9,3574),(10,4377),(20,4366),(25,1941),(27,2024),(37,475),(44,1133),(58,1707),(67,3311),(73,3619),(88,1053)]	41.540949
839	[(27,1926),(32,4205),(37,2255),(39,251),(44,2691),(63,125),(76,2958),(80,490),(89,4081),(90,2596)]	42.924704
840	[(28,4642),(76,1759),(86,2415)]	49.167515
841	[(18,1593),(31,4514),(43,1069),(60,3351),(62,4124),(70,818),(74,2444),(87,3329)]	55.644021
842	[(9,4013),(27,1055),(49,3690),(70,4833)]	46.149431
843	[(1,3722),(10,1226),(27,4739),(29,842),(37,4044),(38,1498),(41,1157),(61,2515),(80,599),(84,2396),(90,2094)]	38.350926
844	[(9,2614),(16,1063),(23,1788),(32,636),(41,3868),(71,3449),(75,2350),(76,2035),(79,2950)]	36.782187
845	[(11,1302),(22,626),(28,1987),(35,1349),(37,3620),(41,2174),(62,3596),(68,244),(89,1913)]	37.120612
846	[(7,2775),(8,3381),(11,4005),(21,2011),(27,4856),(30,2474)]	37.617291
847	[(2,2198),(8,4711),(24,2412),(38,1370),(60,3133),(70,4485),(75,3977)]	46.662057
848	[(10,1238),(35,1671),(51,43),(90,4479)]	53.931092
849	[(33,833),(44,1028),(51,1905),(62,262),(63,3652),(80,4782)]	41.053151
850	[(8,1965),(33,2166),(42,4316),(53,1474),(66,614),(69,638),(92,3391)]	36.633489
851	[(4,376),(6,1556),(42,4636),(43,2145),(51,215),(87,2354),(90,4575)]	36.507165
852	[(10,4361),(14,2105),(45,4653),(51,2783),(71,3782),(76,3818)]	37.603386
853	[(5,4324),(25,1986),(45,1129),(49,2774),(56,1517)]	36.556893
854	[(5,3568),(22,3778),(25,1123),(30,3459),(67,4104)]	38.517745
855	[(36,2678),(48,3124),(51,3176),(53,3867),(65,2789),(67,1499),(68,3477),(91,2575)]	36.370647
856	[(12,1843),(18,3193),(33,3910),(65,40)]	36.358292
857	[(16,2255),(27,862),(30,2403),(38,2245),(49,4784),(58,3202),(65,3703),(86,2178)]	36.509969
858	[(26,3989),(36,259),(40,1595),(61,2135),(67,184),(69,4282),(88,2394)]	37.608056
859	[(0,4156),(7,544),(8,2994),(14,256),(34,3733),(72,3389),(85,2517),(86,753)]	38.558510
860	[(26,2892),(38,206),(58,420),(64,2861),(72,3367),(85,3894),(92,3426)]	65.968577
861	[(4,3066),(6,2269),(12,1111),(14,3460),(17,2554),(34,3346),(35,2010),(36,4030),(37,1490),(55,4110),(91,4505),(92,1065)]	69.971155
862	[(21,558)]	68.037068
863	[(30,132),(43,1007),(46,3272),(60,3445),(67,3007),(68,4648),(73,2817),(77,3467),(83,1220)]	56.296831
864	[(2,147),(6,805),(41,1171),(47,3529),(50,754),(78,2349),(80,4679),(84,948),(85,2550)]	69.924462
865	[(14,4643),(16,1349),(78,4705),(82,2585),(83,2224),(88,2084)]	70.649589
866	[(12,3702),(25,4198),(50,4549),(83,3120)]	53.434511
867	[(7,3057),(23,4786),(32,4872),(50,4583),(70,1984),(84,3957)]	39.245903
868	[(28,1912),(35,979),(64,2567),(66,3848)]	36.903552
869	[(10,3017),(46,3169),(54,3829),(63,1652)]	36.338941
870	[(32,2363),(34,2583),(35,1543)]	36.883821
871	[(7,4786),(9,1930),(28,4246),(35,2342),(49,4225),(53,4082),(54,2522),(65,1574),(67,3996),(82,2518),(91,941),(92,3437)]	36.180342
872	[(1,3041),(13,3984),(21,46),(24,447),(48,1033),(51,2725),(52,1999),(56,53),(68,4110),(76,4324),(77,1184),(80,3538),(84,2141)]	35.483910
873	[(34,3446),(39,3881),(63,4714),(71,3155),(73,1888),(78,1294),(91,3092)]	36.059148
874	[(6,4842),(11,4253),(41,3647),(44,4648),(53,212),(80,2585),(86,1662),(92,3842)]	36.336580
875	[(12,118),(22,3288),(39,2828),(54,1958),(55,4786),(57,1930),(65,4823),(75,3165)]	35.867441
876	[(29,501),(51,3394),(52,3788),(57,4134),(58,3493),(73,2892),(82,3003),(91,3024)]	35.776064
877	[(3,4572),(14,855),(15,2104),(41,1868),(43,4029),(65,1226),(76,521)]	36.353354
878	[(35,3235),(51,1356),(76,1078),(83,2861),(85,4170)]	37.210464
879	[(10,2186),(30,510),(39,3344),(80,683)]	37.839058
880	[(3,3051),(10,2455),(17,4581),(38,1319),(41,237),(57,2497),(60,3558),(77,2861),(83,3774),(87,448)]	37.900793
881	[(2,3283),(8,142),(31,1241),(36,3764),(46,1441),(48,3228),(81,1645),(84,292),(85,3571),(91,1473)]	44.919314
882	[(0,3471),(21,3203),(34,3831),(40,2594),(51,1760),(56,1332),(62,2776),(78,425),(85,2778)]	47.902673
883	[(4,300),(15,230),(17,3615),(18,831),(20,686),(42,2646),(45,4085),(47,3008),(56,3017),(78,306),(80,3739)]	38.063623
884	[(8,2318),(14,2745),(31,483),(56,2690),(61,3697),(71,3821)]	36.744156
885	[(13,2865),(28,2318),(41,1955),(51,1767),(54,4316),(59,1068),(63,3463),(66,2046),(70,430),(75,3220)]	41.404856
886	[(66,4817),(69,4763),(74,2674),(85,1916)]	41.171654
887	[(7,4782),(19,3840),(54,3416),(61,1366),(71,1092),(72,3211)]	38.591376
888	[(23,2660),(28,2664),(30,1789)]	41.682494
889	[(11,2273),(15,3975),(16,4354),(23,4260),(26,3990),(63,4665),(71,824),(90,3426)]	40.391599
890	[(15,1076),(21,3896),(22,2200),(60,514),(73,3990),(87,349)]	46.351902
891	[(9,4064),(33,3582),(42,4306),(57,205),(80,2027),(87,381),(89,2983)]	44.017642
892	[(3,4878),(29,3609),(54,4056),(68,445),(89,4790)]	36.344018
893	[(39,1553),(42,1543),(57,2462),(72,1818),(84,2860)]	39.281566
894	[(8,3896),(10,870),(29,2858),(30,1127),(36,1030),(39,3015),(42,97),(52,2704),(63,2246),(64,4646),(80,4629)]	38.264960
895	[(18,362),(37,3222),(39,1357),(54,4092)]	37.966235
896	[(12,1903),(16,3672),(29,4045),(34,1399),(57,1828),(66,580),(68,831),(71,1922),(72,2314)]	37.870830
897	[(7,217),(22,4164),(45,3327),(47,3266),(56,3366),(65,1600),(67,587)]	37.815084
898	[(19,1332),(20,212),(25,56),(31,4036),(43,4295),(60,4667),(91,3214)]	38.226032
899	[(8,3292),(17,4731),(39,4052),(65,917),(66,2624),(67,714)]	38.550413
900	[(9,307),(16,2923),(21,364),(27,729),(58,1378),(74,3253),(82,4324)]	39.304446
901	[(42,659),(53,3150),(56,1185),(72,3296)]	38.230922
902	[(39,4385),(43,4030)]	38.324225
903	[(11,698),(20,4865),(27,1068),(30,3962),(45,3284),(59,3407),(67,2069),(87,1279)]	39.506383
904	[(4,6),(36,249),(41,3454),(77,4543),(81,2786)]	20.675125
905	[(3,2523),(60,4523),(71,3741),(77,1788),(87,1138)]	18.367205
906	[(11,4248),(23,4783),(24,607),(33,3095),(42,1123),(85,3777)]	19.162917
907	[(4,765),(11,4217),(68,4361),(72,4867)]	19.531615
908	[(10,4271),(21,4060),(28,4828),(74,1999),(78,4881),(87,66)]	21.535846
909	[(18,4670),(39,2625),(46,3664),(49,1456),(55,3254),(56,2847),(60,2503),(65,1466),(69,1701),(80,2237)]	24.825518
910	[(14,864),(15,1284),(22,2843),(29,3742),(32,2189),(49,114),(55,4112),(57,2916),(62,4736),(82,346),(86,1450)]	21.079079
911	[(6,886),(10,1205),(20,1868),(43,1481),(45,1932),(51,1494),(58,4244),(64,3884),(73,1314),(74,4839),(81,2667)]	18.314957
912	[(50,2284),(67,3507),(82,4436)]	18.512583
913	[(24,264),(46,4182),(51,979),(56,2552),(58,4779),(74,1377),(91,711)]	18.166423
914	[(2,1295),(20,616),(32,2485),(33,2849),(38,2081),(47,3712),(52,2660),(58,1929),(63,142)]	18.628543
915	[(25,488),(26,2621),(27,2268),(80,3727)]	19.342544
916	[(2,2613),(14,4847),(33,4388),(40,3238),(65,3360),(66,1624),(67,3285),(85,1157)]	18.727095
917	[(25,3958),(26,511),(79,4000)]	19.272496
918	[(39,3326),(58,3989),(68,843),(73,3367),(79,4775)]	20.768187
919	[(13,1898),(66,3198),(74,4503),(80,4019),(87,2811),(88,3893)]	18.516245
920	[(7,1448),(19,1754),(43,428),(47,3178),(56,1494)]	20.687616
921	[(33,4040),(38,878),(39,1608),(52,2737),(54,2436),(83,2315)]	21.280304
922	[(24,1524),(50,2540),(55,2520)]	18.288872
923	[(6,1473),(18,1596),(19,2511),(23,4171),(30,4202),(32,709),(39,4218),(60,707),(63,4110),(76,3265),(88,197)]	18.629718
924	[(8,4837),(10,1563),(19,3829),(32,3143),(52,866),(77,1313)]	18.211634
925	[(4,4095),(5,4682),(11,457),(28,3042),(55,1977),(59,3561),(73,1196),(92,4218)]	18.823693
926	[(2,3789),(50,2095),(56,3050),(64,2656),(80,1711),(85,1992),(88,3078)]	18.272798
927	[(12,94),(14,2458),(17,3261),(27,1223),(28,1692),(53,148),(74,47),(81,32),(91,3213)]	18.479291
928	[(12,659),(28,2530),(46,4054),(57,330),(63,1072),(65,4450),(91,101)]	18.224192
929	[(1,4588),(8,2142),(13,2986),(25,2893),(48,2224),(55,1479),(80,4019),(85,2055)]	18.385377
930	[(20,4660),(27,2008),(28,3533),(34,3136),(37,4339),(40,4037),(41,1260),(49,419),(53,890),(54,1105),(58,504),(75,4190)]	19.775563
931	[(4,3112),(6,1640),(15,2498),(27,2049),(30,3849),(32,3154),(36,1007),(42,562),(52,4280),(60,1006),(72,3775),(82,3491)]	27.027554
932	[(4,2150),(5,458),(8,1613),(30,4640),(85,484)]	31.231400
933	[(10,3836),(27,2491),(29,1436),(52,338),(54,2080),(65,1531),(74,1326),(84,2855)]	19.136644
934	[(40,3088),(48,4828),(52,1408),(60,3538),(62,2432),(73,2643),(83,4185)]	18.485018
935	[(6,3622),(63,3138)]	18.383705
936	[(3,3449),(12,4871),(51,1833),(76,2076),(81,598),(90,4779),(92,2099)]	20.324876
937	[(14,97),(22,1239),(33,1662),(43,381),(44,999),(45,4887),(46,3096),(55,1092),(56,3211),(88,3214)]	21.538988
938	[(22,3867),(82,826),(88,185),(89,3822)]	20.843227
939	[(28,2036),(29,3021),(40,2565),(42,710),(58,1220),(66,3825),(67,2404),(69,17),(89,4336)]	25.594841
940	[(4,4267),(12,2204),(39,896),(44,2441),(50,1140),(51,1130),(58,2463),(60,2860),(71,1078),(91,2878)]	20.223680
941	[(3,3244),(19,3442),(26,4190),(37,1334),(46,2676),(77,3808),(80,4505),(91,2322)]	18.328883
942	[(12,3457),(22,1740),(24,158),(27,2642),(60,51),(65,3636),(84,4018),(85,2144)]	18.337596
943	[(0,314),(35,2773),(61,2582),(71,2874),(80,4795),(81,1617),(83,4011),(90,3988)]	18.149492
944	[(37,1171),(63,4628)]	18.855168
945	[(22,3102),(30,2165),(43,4818),(53,1656),(79,3462),(81,3447)]	18.920476
946	[(13,1073),(14,3712),(57,2746),(63,2379),(67,2481),(69,4060),(73,2130),(87,3631)]	18.334075
947	[(19,3100),(20,696),(24,4586),(26,3010),(37,3186),(68,3786)]	19.129456
948	[(7,3087),(20,1482),(30,459),(34,2537),(51,4235),(54,2805),(64,2861),(71,2990),(78,3342)]	18.810270
949	[(21,818),(22,1590),(47,45),(51,612),(74,4098),(83,2174)]	18.257187
950	[(16,1543),(39,3930),(45,3461),(55,4753),(68,1548),(75,4372),(79,562),(83,816)]	20.616753
951	[(19,4703),(20,523),(39,1271),(46,3390),(50,2662),(73,1826),(88,296)]	18.365382
952	[(3,2212),(39,1783),(51,2649),(77,586),(81,2736),(82,877)]	18.805130
953	[(12,1941),(22,1036),(27,4038),(48,3724),(58,2178),(69,1534),(72,1214),(81,3169),(83,1050),(89,3225)]	19.084701
954	[(20,4622),(26,1702),(62,370),(76,2387)]	19.053246
955	[(5,4871),(16,2883),(26,880),(51,602),(61,111),(64,3165),(68,20)]	18.908293
956	[(22,649),(41,306),(80,1)]	18.754691
957	[(13,3537),(34,362),(75,4637),(91,4429)]	19.375160
958	[(1,4702),(5,410),(19,2478),(24,4324),(33,295),(48,2462),(57,4548),(59,2936),(61,727),(66,2893),(67,678),(75,4111),(91,1396)]	18.799615
959	[(7,293),(28,3772),(36,3500),(39,526),(65,705),(91,1602)]	20.335577
960	[(19,1202),(25,3896),(31,125),(33,4236),(48,2263),(76,2846),(80,331)]	26.669747
961	[(10,522),(36,3663),(50,3286),(51,2584),(76,4178),(82,3233),(91,3297)]	19.582948
962	[(7,4069),(12,1735),(20,4445),(37,4526),(41,992),(42,4314),(47,335),(60,3349),(69,3353),(78,4237),(88,3467),(91,2932)]	19.490547
963	[(24,3759),(42,2515),(56,314),(72,1493),(73,3671),(88,2848)]	19.615932
964	[(11,3297),(20,1736),(27,3418),(56,2792),(61,3499),(70,1995),(72,2640)]	19.992413
965	[(19,934),(26,1545),(47,3942),(59,3391),(61,2943),(63,1813),(72,3722),(82,4110),(86,3759),(87,383),(89,125)]	18.722970
966	[(2,638),(7,3677),(33,2277),(59,2365),(70,2667),(79,2868),(88,2799),(89,3402)]	18.848012
967	[(0,3759),(1,383),(2,4045),(4,1806),(27,3557),(50,3319),(68,1666),(73,3564),(77,1342)]	18.888818
968	[(6,1974),(11,1880),(39,2068),(43,7),(57,4394),(58,2036),(61,653),(62,3044),(68,4880),(79,4078),(89,1603)]	18.185236
969	[(13,1764),(28,4752),(65,1288),(71,1846),(78,3767)]	21.533200
970	[(13,1859),(17,2399),(58,3668),(62,2768),(92,227)]	21.413442
971	[(16,3151),(18,1629),(23,893),(36,816),(45,3081),(52,568),(53,4258),(60,2398),(65,427),(69,2587),(83,2283),(84,3543)]	22.356280
972	[(32,995),(64,4498),(73,1342),(81,3076),(92,415)]	19.164228
973	[(11,2526),(15,3991),(28,2033),(44,508),(48,1275),(50,1114),(61,3245)]	18.604163
974	[(12,3285),(37,1546),(71,1471),(79,2097)]	18.406935
975	[(4,1042),(19,104),(31,1368),(59,399),(72,925),(75,4032)]	19.743874
976	[(6,570),(14,4335),(19,1562),(25,4123),(35,3677),(80,3504),(87,911)]	18.885615
977	[(11,4844),(19,3226),(28,432),(38,2660),(49,1452),(50,2782),(54,3550),(55,3589)]	18.261809
978	[(9,2052),(16,2356),(18,3791),(25,2544),(53,3789)]	18.428401
979	[(0,3321),(25,4657),(78,2417),(84,2581)]	18.358802
980	[(3,3260),(21,2716),(34,4805),(52,2370),(76,2469),(80,1621),(88,4795),(90,410)]	19.826929
981	[(30,4849),(41,1345),(54,3166),(85,4774),(91,464)]	18.447488
982	[(7,1406),(15,4626),(76,3390),(91,737)]	19.193143
983	[(0,1583),(10,4878),(12,321),(13,3336),(25,343),(29,715),(53,2806),(87,3856)]	24.084915
984	[(1,1105),(23,207),(35,1786),(43,1944),(48,918),(87,3209)]	32.937504
985	[(1,4281),(18,1580),(19,4799),(32,3351),(44,444),(90,4564)]	19.351238
986	[(7,3863),(13,1818),(20,3776),(52,2887),(66,1758),(75,4733),(83,4054)]	18.628901
987	[(16,1785),(23,3054),(35,288),(44,1592),(47,230),(49,4604),(57,2675),(89,4649)]	19.062056
988	[(16,4466),(20,3682),(27,3622),(47,184),(86,1937)]	18.442631
989	[(28,4485),(35,4821),(80,1797),(87,3597)]	19.578828
990	[(5,2123),(9,292),(10,4819),(11,3506),(16,1572),(21,4873),(53,3631),(56,262),(65,3116),(84,402),(90,4407)]	18.510997
991	[(5,660),(43,2864),(50,3901),(64,3456),(72,2395),(79,1521),(80,439),(92,620)]	18.660586
992	[(5,2646),(13,2889),(21,2880),(24,570),(33,395),(34,3617),(37,1856),(54,2384),(65,4406),(66,4363)]	19.224062
993	[(18,4696),(53,4754),(56,3039),(84,4484)]	18.398689
994	[(13,328),(19,4861),(82,2643),(87,2249)]	19.025459
995	[(0,4691),(25,1981),(37,1277),(45,389),(54,3485),(63,2467),(71,582)]	18.386738
996	[(19,168),(26,4384),(48,2311)]	19.388404
997	[(2,3096),(12,2343),(48,3477),(58,2142),(70,3404)]	18.695679
998	[(20,2101),(25,3487),(33,3533),(59,3966),(70,3061),(77,572),(81,404),(86,3190),(88,3912)]	20.729421
999	[(7,4237),(63,676),(65,1842),(67,373),(80,3115)]	18.734117
