ruleset_index	matches	time_ms
0	[(6,1250),(8,1317),(10,2796),(37,3046),(58,3059),(91,330)]	15.748967
1	[(63,720),(67,3048),(72,2928),(77,712)]	16.413211
2	[(14,1493),(23,100),(62,1996),(73,18),(90,2803)]	15.475659
3	[(5,1219),(55,1782),(59,1268),(67,2852),(73,533)]	15.545714
4	[(1,1034),(3,3045),(30,667),(46,1249)]	15.311138
5	[(29,2933),(62,3267),(63,2144),(78,1906),(79,101),(82,2722)]	15.180170
6	[(0,1066),(9,1069),(13,1892),(41,1475),(90,2428)]	16.063653
7	[(1,843),(8,1523),(16,566),(65,2828),(78,2619),(88,645)]	15.025872
8	[(16,514),(59,859),(71,703)]	15.986585
9	[(21,1827),(27,3180),(36,769),(45,1012),(61,2270),(67,710)]	15.352246
10	[(17,36),(22,1900),(31,488)]	15.112028
11	[(6,937),(29,1537),(34,2132)]	15.635417
12	[(0,1024),(18,2022),(20,2799),(27,240),(30,540),(55,2928),(64,3035),(66,1632),(68,1216),(79,470)]	15.841322
13	[(8,2503),(22,3023),(81,1476),(87,2544),(89,2381)]	16.129604
14	[(13,508),(35,828),(54,451)]	16.436274
15	[(5,2876),(7,1065),(33,1723),(81,2187),(83,2211)]	18.946487
16	[(7,3314),(8,999),(24,153),(33,1381),(36,1332),(43,1787),(55,1641)]	18.667701
17	[(10,2199),(30,1008),(58,1465),(61,1369),(63,436),(77,608)]	15.698630
18	[(10,444),(18,1884),(76,152)]	15.281035
19	[(24,2638),(38,1572),(40,2166),(45,2197),(68,479),(69,3271),(76,2196)]	15.422093
20	[(0,1240),(1,182),(16,1071),(31,1748),(51,49),(56,3105),(58,3324),(90,957)]	15.357894
21	[(81,1355),(90,766)]	15.394646
22	[(21,2421),(37,566),(68,1561),(84,1582)]	15.215845
23	[(38,1845),(53,2037),(71,285),(74,1481)]	15.296383
24	[(3,551),(26,1367),(29,2065),(58,1672)]	15.326276
25	[(1,2257),(32,1092),(46,3054),(58,823),(67,100),(72,1064),(77,488)]	15.750348
26	[(1,2701),(15,1899),(88,2799)]	15.675455
27	[(4,3355),(20,2260),(35,1907),(58,846),(82,3224)]	15.444989
28	[(10,671),(23,1729),(27,2278),(48,1385),(78,2336)]	15.771229
29	[(34,698),(50,2770),(57,133),(76,2614),(78,2806)]	15.497022
30	[(0,810),(1,3007),(36,1636),(53,2136),(85,1711)]	15.629995
31	[(8,340),(17,2330),(42,2203),(44,2027),(65,3195),(89,2271)]	15.706078
32	[(2,2007),(4,1312),(28,2166),(43,216),(80,1550)]	15.208984
33	[(78,63),(79,877),(86,3121)]	15.259054
34	[(14,2900),(36,2377),(64,1333),(77,716),(78,223)]	15.137452
35	[(44,1040),(70,1527),(75,2650),(79,636)]	15.247255
36	[(44,3001),(49,2229),(67,1560),(73,3170),(78,2917),(80,439),(81,713)]	15.204398
37	[(2,2270),(14,1476),(53,431),(71,3066),(88,2280),(92,57)]	15.179894
38	[(1,1520),(72,3079),(84,783)]	15.191389
39	[(24,2639),(26,1655),(33,3229),(42,2916),(45,2103),(46,3158),(52,312)]	16.066026
40	[(1,1990),(22,1996),(37,2278),(39,3110),(57,590),(64,2366),(86,2622)]	15.004560
41	[(19,1923),(39,2147),(49,3013),(51,1084),(66,3367),(73,721),(76,3156)]	27.994230
42	[(28,1230),(31,103),(40,3284),(45,220),(61,228)]	22.559652
43	[(0,724),(5,1727),(59,2836),(73,3275),(83,171)]	15.723794
44	[(2,2855),(16,2770),(17,386),(33,919),(57,1090),(86,1139)]	15.209092
45	[(15,3284),(26,580),(30,1850),(49,924),(65,1936),(81,1304),(88,479),(90,1190),(91,164),(92,1472)]	15.049881
46	[(5,2313),(24,1873),(43,3304),(44,1846),(76,978),(83,2658),(84,1997)]	15.706678
47	[(10,1663),(27,372)]	16.157139
48	[(32,1157),(46,1902),(55,3046)]	15.233349
49	[(28,2921),(33,2318),(66,2657),(67,2833),(68,1344),(75,775),(85,256)]	15.444834
50	[(2,625),(37,2554),(55,1686),(90,302)]	19.933908
51	[(26,1803),(50,1008),(77,1623),(83,28),(89,2337)]	17.900836
52	[(20,1622),(48,2998),(63,2143),(72,3145)]	15.484542
53	[(44,2870),(54,2343),(60,912),(75,2488),(91,3082)]	15.073094
54	[(7,525),(12,813),(40,1097),(52,2320),(80,1730)]	15.019336
55	[(43,1243),(76,3149),(91,2818)]	15.338153
56	[(11,1883),(32,856),(34,304),(47,2924),(51,3241)]	15.373467
57	[(16,930),(60,2633),(80,2520),(87,2459),(88,2861)]	15.392433
58	[(14,2790),(23,459),(29,1414),(47,341),(61,2573),(88,482)]	15.167789
59	[(40,2548),(50,254),(84,2634)]	18.409677
60	[(9,3066),(28,222),(47,1067),(48,205),(49,3270),(55,2262),(67,523),(87,1422),(92,3276)]	15.884089
61	[(26,2183),(32,2465),(50,667),(55,1480)]	15.180037
62	[(18,1580),(19,1201),(22,487),(34,2531),(64,1529)]	15.296385
63	[(4,1090),(39,1441),(52,1298),(59,606),(71,3241),(77,1924)]	15.040985
64	[(4,2825),(11,3031),(39,999),(50,1798),(52,1131),(60,1999)]	15.838595
65	[(8,1953),(18,2690),(45,2255),(70,2597),(76,2179),(78,702),(79,1811)]	15.397618
66	[(4,1312),(5,2199),(30,1945),(51,99),(73,1250)]	15.070177
67	[(1,1417),(13,3254),(25,2374),(31,2509),(70,1046)]	15.148450
68	[(25,2862),(54,1841),(61,2728),(67,1525)]	15.096117
69	[(2,1261),(8,1155),(21,516),(37,1102),(38,808),(51,3064),(59,2307),(67,3013),(81,1341)]	15.718377
70	[(0,1382),(2,683),(10,2661),(33,2510),(37,1678),(63,2470),(85,1933)]	15.357516
71	[(21,3054),(25,146),(44,2030),(52,558),(67,2242),(85,905),(87,1530)]	15.381077
72	[(2,843),(19,1025),(36,1045),(41,2975),(61,1263),(70,1186),(82,3234),(84,196)]	15.695952
73	[(32,265),(41,93),(48,2200),(63,2690)]	15.459452
74	[(46,35),(48,2377),(70,197),(83,1657),(92,1620)]	16.519999
75	[(6,1182),(40,963),(41,839),(47,1476),(66,382)]	15.514175
76	[(0,506),(31,2415),(32,818),(52,2476),(86,2268),(92,2450)]	15.549660
77	[(7,1205),(37,1783),(61,1999),(78,3170)]	15.182710
78	[(14,53),(28,1103),(32,728),(54,1527),(59,2902),(83,359)]	15.421274
79	[(9,894),(12,2740),(13,2131),(19,2121),(77,3247)]	16.776357
80	[(1,2344),(5,646),(9,2553),(40,486),(46,139),(48,918),(49,840),(80,1566),(85,700)]	15.476406
81	[(1,29),(35,1821),(55,1500),(63,1090),(72,2722),(81,384),(87,2754)]	27.937735
82	[(17,3277),(70,2428),(80,3100)]	17.661856
83	[(13,2943),(38,1678),(39,2654),(51,2012)]	15.328617
84	[(12,299),(14,2291),(16,239),(25,2338),(29,721),(46,908),(53,640),(66,2348)]	15.373164
85	[(15,2899),(50,187),(60,2621),(63,43),(81,2278)]	15.020346
86	[(7,390),(39,2379),(77,2002)]	15.264371
87	[(1,3336),(85,33),(86,1978)]	15.969877
88	[(6,478),(9,103),(11,1878),(50,3215),(60,767),(73,1732),(79,3071)]	15.651397
89	[(33,374),(46,1821),(69,464),(72,3234)]	15.534970
90	[(0,56),(5,607),(22,2561),(48,2793),(84,1070)]	22.380453
91	[(3,788),(44,2811),(52,2153),(60,557),(79,1870)]	16.395132
92	[(24,1906),(29,3065),(57,1571),(73,2673)]	16.108413
93	[(0,2016),(23,2114),(38,1457),(71,1467),(81,1615)]	15.835298
94	[(29,3103),(50,3217),(52,2954),(61,1368),(67,3149),(83,1834),(90,1195)]	15.250255
95	[(7,49),(34,1112),(37,1872),(46,2682),(54,2375),(69,163),(85,3193),(88,2092)]	15.062459
96	[(9,1131),(26,130),(46,2347),(61,1643)]	15.361293
97	[(21,2077),(73,2501),(75,1681),(80,79),(89,1914)]	15.741315
98	[(4,3233),(5,2720)]	15.365278
99	[(57,2191),(66,2330),(78,334),(81,543)]	15.233283
100	[(16,237),(67,3007),(76,1357)]	25.271220
101	[(48,1653),(59,1636),(64,2253)]	34.273399
102	[(23,2821),(31,567),(48,2002),(66,2549),(76,1495)]	32.050508
103	[(30,1871),(59,1809),(83,2005),(88,3238)]	27.493540
104	[(25,2693),(34,1573),(35,2185),(47,2291)]	15.482334
105	[(33,2047),(40,1928),(48,3226)]	16.271680
106	[(8,964),(26,245),(50,1621)]	15.113506
107	[(10,1817),(37,2170),(46,1336)]	15.216366
108	[(4,2229),(40,329),(55,2831),(57,1862),(90,2651)]	15.525818
109	[(9,1120),(24,1551),(26,2905),(34,224),(60,254),(63,3281),(84,2392),(86,1316)]	21.825289
110	[(11,3173),(37,992),(41,2925),(80,1790)]	17.494575
111	[(25,3179),(42,1959),(47,1230),(63,1716),(84,415)]	22.835591
112	[(43,2719),(57,2401),(63,3344)]	21.600302
113	[(25,491),(34,143),(49,2463),(51,1573),(65,1702)]	16.407870
114	[(29,2419),(48,1059),(91,3266)]	15.359611
115	[(20,596),(33,640),(52,1207)]	15.246302
116	[(23,1563),(67,52),(84,167)]	15.380679
117	[(1,372),(4,2480),(20,1984),(63,1656)]	18.392914
118	[(9,1651),(35,1450),(80,223)]	15.099133
119	[(23,1983),(36,1133),(83,2528)]	15.282924
120	[(13,2663),(28,3356),(35,2265),(56,43),(69,913),(85,3004)]	16.736867
121	[(2,899),(5,2013),(40,764),(91,544)]	32.215856
122	[(64,1045)]	33.047927
123	[(16,834),(39,2706),(84,278),(88,2546),(89,1074)]	33.252669
124	[(7,717),(13,2135),(41,2851),(53,221),(56,3056)]	34.514978
125	[(6,543),(35,1691),(46,3160),(75,2538),(79,2727)]	20.079393
126	[(24,1017),(62,3034)]	15.224303
127	[(14,567),(17,3247),(20,815),(36,1789),(45,462)]	15.459923
128	[(3,1388),(7,666),(28,3006),(29,2944),(30,82),(32,3062),(46,808)]	15.191352
129	[(14,1841),(23,493),(40,1775),(42,1568),(43,174),(69,48),(74,38),(81,3341)]	15.563683
130	[(21,2538),(47,1602),(52,3037)]	15.095026
131	[(38,2904),(58,1520),(88,2405),(90,315)]	18.796094
132	[(38,1486),(92,2958)]	31.566822
133	[(27,102),(29,2294),(80,1507)]	31.909111
134	[(16,462),(51,3066)]	30.240527
135	[(7,1781),(39,491),(42,2498),(63,410),(88,960)]	35.054640
136	[(13,2829),(54,644),(72,1509),(84,1532)]	31.196049
137	[(10,3225),(26,1011),(29,2246),(42,1343),(50,828),(56,842),(70,1660)]	30.427460
138	[(31,1180),(33,448),(35,2404),(37,2325),(81,2543)]	30.220600
139	[(37,2580),(66,2215),(67,1307),(70,517)]	29.808975
140	[(6,2834),(15,46),(28,1605),(40,2013),(50,728),(70,657),(81,1456)]	29.483823
141	[(37,1495),(68,3066),(88,1399),(89,562),(91,125)]	30.137076
142	[(3,1910),(60,368),(61,2699),(69,1825),(79,2625),(92,1163)]	29.018190
143	[(4,3131),(19,3243),(40,925),(41,1575),(66,1554),(91,812)]	30.347824
144	[(5,2774),(69,1136)]	30.120075
145	[(59,722)]	30.347510
146	[(53,3144),(80,2451)]	32.046139
147	[(7,2382),(14,275),(49,417),(53,1047),(66,3020),(86,213),(87,2786),(91,1947)]	33.837628
148	[(0,3275),(13,688),(22,2503),(52,2437),(59,1629),(69,1469),(72,981)]	31.842207
149	[(1,1057),(15,2741),(32,45),(45,2544),(62,2513),(67,3097),(83,1996)]	34.666786
150	[(12,604),(34,2390),(35,1527),(86,193),(88,258)]	33.091957
151	[]	30.192826
152	[(75,1869),(80,2252),(86,2271),(90,1527)]	31.101315
153	[(2,534),(25,2419),(61,2562),(65,1687),(77,677),(82,2885)]	30.265384
154	[(27,1774),(49,1572),(66,961),(76,2192)]	32.603991
155	[(16,3179),(25,2307),(81,784)]	29.998182
156	[(4,529),(12,3255),(18,514),(28,640),(72,645),(88,2188)]	30.734795
157	[(31,2571),(50,1325),(62,97)]	30.009385
158	[(29,2973),(39,2383),(88,1764)]	30.088331
159	[(50,1326),(59,1612),(61,2989)]	30.571180
160	[(6,1279),(60,2134),(75,61)]	30.364460
161	[(5,2883),(7,1779),(41,1133),(64,869),(92,242)]	29.348612
162	[(4,1078),(13,2720),(21,799),(29,3077),(47,2013),(71,1134)]	29.136013
163	[(13,1840),(39,296),(41,1395),(43,2797)]	30.218536
164	[(2,2003),(3,2845),(6,1252),(20,791),(41,2377),(50,2115),(51,2499)]	30.483527
165	[(48,1695),(68,2905),(71,713),(85,506),(89,402)]	30.430311
166	[(16,233),(19,2793),(48,35),(50,2377),(89,1038)]	30.261989
167	[(46,1947)]	29.373759
168	[(4,2227),(29,3330),(44,316),(60,1540),(66,2433),(70,1691)]	29.354232
169	[(5,680),(7,1883),(29,2198),(62,843),(77,1719),(78,3038),(79,395)]	30.531053
170	[(4,2390),(12,100)]	30.126639
171	[(45,305),(46,3034),(50,1980),(73,2863),(75,192)]	29.754876
172	[(20,1439)]	29.581883
173	[(16,769),(34,2613),(84,1506),(86,3312)]	29.400891
174	[(6,595),(7,268),(27,755),(36,791),(55,2738)]	29.219099
175	[(13,2060),(19,531)]	28.984717
176	[(19,609)]	28.996807
177	[(20,1042),(34,2612),(40,3326),(55,833),(60,113),(92,966)]	30.396934
178	[(9,1956),(19,2204),(91,2239)]	29.833308
179	[(7,1511),(11,3242),(48,1932),(51,2497),(58,711)]	33.013959
180	[(59,3171),(60,347),(65,1657),(73,1185),(80,2521)]	31.984871
181	[(16,581),(24,574),(42,1649),(71,2032)]	30.121800
182	[(14,346),(64,821),(91,893)]	34.789243
183	[(25,2689),(29,3021),(40,285),(42,983),(50,3160),(67,1509),(79,3178)]	46.404272
184	[(14,1261),(52,7),(56,151),(66,2742),(79,3049)]	38.342268
185	[(34,1076),(41,2893),(70,2498),(91,2704)]	33.736808
186	[(28,3274),(34,197),(47,2627),(73,228),(87,2923),(91,1136)]	32.355083
187	[(1,1225),(5,1083),(14,516),(69,1732),(73,1284),(78,1770),(91,1042)]	30.496093
188	[(65,667),(77,1490)]	30.201892
189	[(15,753),(38,1825),(43,1855)]	30.051583
190	[(32,2211),(41,3068),(71,1096),(79,363)]	29.369724
191	[(31,2245),(32,2486),(43,2325),(62,1263),(67,614),(86,1578)]	29.719626
192	[(15,2524),(16,2264),(58,1925)]	28.944752
193	[(6,742),(18,1291),(21,2548),(39,2506),(43,1265),(48,237)]	30.262617
194	[(77,839)]	30.632825
195	[(33,2874),(38,3304),(51,2835),(63,998),(86,804)]	30.896047
196	[(58,2239),(68,1686),(70,172),(92,761)]	30.772778
197	[(10,1803),(36,2403),(75,2422),(78,2180)]	30.418445
198	[(15,1132),(33,2206),(51,3079),(66,2537),(67,46),(69,3333)]	30.281030
199	[(92,2478)]	30.300084
200	[(3,1563),(16,772),(17,74),(66,1035),(73,3239),(80,299),(88,1741)]	30.286896
201	[(57,2778),(63,295),(65,2838)]	30.086884
202	[(33,3094),(51,2845)]	30.153193
203	[(38,1826)]	29.928784
204	[(19,2206),(31,1605),(35,2445),(84,587)]	30.189798
205	[(1,921),(8,3142),(21,223),(25,620),(27,674),(38,901),(75,1417),(78,3146)]	30.085342
206	[(2,641),(6,68),(13,1916),(54,1664),(56,331),(81,2529)]	30.148845
207	[(35,220),(40,2819),(49,2177),(91,464)]	30.675324
208	[(23,1101),(29,152),(54,332),(65,157),(70,3315)]	30.203124
209	[(18,1598),(61,852),(71,3104),(92,3165)]	30.001981
210	[(0,2039),(1,2971),(16,3007),(30,1808),(84,2689)]	30.157703
211	[(1,1433),(10,132),(19,2960),(21,1206),(22,2416),(24,413),(43,1377),(83,2188)]	29.965814
212	[(19,1085),(63,2687),(92,783)]	31.542654
213	[(17,2387),(22,2010),(32,2997),(34,675),(37,1525),(38,2380),(40,2918),(78,887),(83,2386)]	29.625020
214	[(11,3321),(14,2726),(52,2809),(63,2945),(91,1704)]	30.366586
215	[(32,1037),(58,2655),(63,2489),(76,1596),(81,68)]	30.378244
216	[(7,2728),(27,1659),(34,2771)]	29.955513
217	[(13,1305),(29,2700),(51,2418)]	30.041291
218	[(8,618),(25,3196),(31,185),(41,2924),(82,2933)]	29.247684
219	[(12,1319),(24,1296),(28,742),(52,2693),(68,1102),(69,808),(82,2149),(88,141)]	29.341600
220	[(11,952),(36,2411),(41,347),(42,1835),(60,2716)]	36.929346
221	[(8,1455),(28,1413),(37,1479),(40,3175),(84,2720)]	32.199192
222	[(20,349)]	29.615065
223	[(2,1432),(64,2749),(69,1013)]	30.913390
224	[(1,2534),(16,363),(24,886),(34,1887),(48,3243)]	31.025386
225	[(28,3106),(57,2403)]	30.020946
226	[(14,3053),(36,2342),(79,1211)]	29.344184
227	[(54,3103),(78,1484),(81,3093),(92,357)]	29.367289
228	[(2,1153),(43,185),(57,509),(65,2408),(71,2204),(92,1425)]	29.574655
229	[(7,1666),(28,1303),(78,1873)]	29.341499
230	[(10,1671),(23,856),(25,304),(41,742),(49,292),(52,2077),(70,902),(89,925)]	29.805166
231	[(16,2602),(22,2808),(23,371),(27,988)]	29.704671
232	[(24,212),(51,1283),(59,2949),(69,591),(75,1228),(86,1908),(87,2910)]	31.833629
233	[(31,3022),(76,158),(77,2820)]	30.066730
234	[(17,140),(44,2778)]	31.630204
235	[(25,3019),(31,2741),(41,3234),(50,637),(51,2175),(83,1252)]	31.209110
236	[(1,257),(26,2656),(49,2470)]	30.884852
237	[(12,1352),(52,2987),(68,881),(69,0),(91,369)]	32.689210
238	[(35,3328),(58,2209)]	30.175868
239	[(4,817),(29,1761),(36,998)]	30.125988
240	[(8,1385),(17,461),(24,3095),(51,842),(74,557),(80,1562)]	30.245804
241	[(0,2620),(2,1123),(46,1507),(48,1102),(71,1690)]	26.999368
242	[(4,2894),(26,1845),(35,936),(59,2099),(71,1666)]	29.433267
243	[(11,13),(19,987),(23,860),(68,1800),(72,1559),(82,820)]	29.242695
244	[(18,2848),(21,2989),(52,634),(64,1284),(92,3101)]	32.047017
245	[(55,2157),(76,407),(82,3260)]	32.367610
246	[(5,302),(11,1796),(13,909),(16,1028),(37,1870),(83,726)]	31.944782
247	[(30,2559),(36,885)]	30.698005
248	[(2,2046),(70,1833)]	30.868439
249	[(1,1893),(4,2263),(8,573),(24,3116),(39,2115),(42,816),(43,1655),(49,1047),(53,1200),(75,1546),(79,418)]	30.428181
250	[(41,1661),(46,1827),(62,1669),(65,1854),(90,1701),(92,2579)]	32.023575
251	[(12,2775),(33,2462),(49,3170),(73,396)]	37.209033
252	[(0,1692),(1,1922),(24,835),(42,536),(44,1042),(62,1311),(71,1759)]	37.858593
253	[(15,2607),(52,54),(74,2668),(78,2075),(88,30)]	34.006923
254	[(9,809),(14,2566),(16,1870),(25,524),(42,1377),(44,845),(60,2173),(72,3262),(91,1788)]	31.972147
255	[(7,2755),(54,1409),(76,409)]	31.041004
256	[(1,1404),(4,2728),(13,525),(24,1732),(62,3308),(71,601)]	31.209977
257	[(2,1177),(7,3058),(35,567),(49,1403),(74,2852),(87,865)]	37.378985
258	[(21,2162),(47,3126),(58,1534),(82,634)]	32.913611
259	[(7,513),(19,1563),(39,2893),(60,2703),(67,211)]	31.722089
260	[(0,1818),(25,2523),(76,3002)]	30.893450
261	[(3,500),(10,3131),(15,187),(30,3301),(35,2062),(56,123),(86,2372),(88,3116)]	31.304375
262	[(23,1365)]	31.881615
263	[(11,61),(15,2336),(19,678),(27,1120),(30,1132),(63,1201)]	30.971002
264	[(13,160),(43,1171),(48,1891),(72,307),(86,2590)]	21.305088
265	[(43,2084),(63,2758),(69,1587),(79,2945),(83,525)]	19.553304
266	[(10,1336),(19,560),(28,3276),(37,2675),(43,2096),(66,1794),(70,525),(79,1116)]	16.369018
267	[(12,1922),(44,2000),(56,1073),(69,2830),(88,3296)]	15.129871
268	[(46,2906),(76,3172),(86,1329)]	15.541999
269	[(10,2188),(51,2352),(52,782),(63,108),(64,1591),(65,3017),(71,511),(90,1478)]	14.930908
270	[(21,814),(26,2673),(41,1302),(58,1427)]	15.178341
271	[(11,2977),(15,1077),(17,2985),(20,2297),(23,2874),(37,2099),(46,709),(82,1340),(91,2451)]	15.237239
272	[(33,1837),(86,21)]	14.923681
273	[(0,1979),(49,507),(74,1420),(82,2905),(92,2308)]	15.028877
274	[(2,863),(5,3154),(10,1617),(26,2438),(33,2775),(70,1717),(80,3102)]	14.922212
275	[(7,1366),(10,1370),(29,2471),(32,2157),(59,2455),(67,2823)]	15.221787
276	[(5,1744),(36,759),(51,880),(54,3173),(85,816),(86,1655),(87,694)]	15.369856
277	[(71,1540)]	15.113084
278	[(25,1300),(31,3095),(49,1759),(69,804),(74,1547),(76,551)]	14.946824
279	[(7,2295),(18,1388),(22,636),(32,617),(39,1863),(49,68),(80,2379)]	15.080533
280	[(24,2674),(63,2332),(69,589)]	15.936269
281	[(40,315),(59,817),(79,1976)]	15.416083
282	[(2,7),(25,1884),(35,2272),(41,138),(45,852),(50,1959),(92,3201)]	15.336298
283	[(15,1880),(17,589),(54,1982),(69,3116),(81,3066)]	15.542656
284	[(33,1794),(41,381),(66,642)]	16.907079
285	[(5,2647),(44,513),(89,2920),(90,1564)]	15.421596
286	[(9,1690),(11,3301),(18,3093),(54,111),(61,673),(62,962),(64,1046),(69,3097),(76,1494),(77,1958),(88,2049)]	15.306149
287	[(8,821),(12,531),(26,694),(42,1323),(61,379),(92,1724)]	15.429484
288	[(4,1118),(6,2134),(31,1405),(43,500),(53,3201),(90,1076)]	16.453387
289	[(9,1912),(13,1749),(43,2317)]	15.261552
290	[(35,544)]	15.146683
291	[(8,1995),(53,1328),(72,1796),(79,2691),(81,1721),(92,2684)]	16.805839
292	[(18,3252)]	21.640517
293	[(26,1976),(53,376),(57,2833),(61,3158),(79,1211)]	17.753619
294	[(11,2237),(36,2019),(41,1245),(47,3060),(61,898),(71,628),(75,635),(88,3105)]	15.579712
295	[(7,1992),(16,987),(17,3308),(41,3316),(53,2444),(74,2721),(77,2511)]	16.005751
296	[(2,1468),(48,3222)]	15.852312
297	[(4,1504),(8,941),(12,3296),(29,625),(33,827),(41,2891),(66,880),(70,1301)]	15.467617
298	[(4,2592),(8,1640),(32,226),(63,971)]	15.195377
299	[(35,2767),(43,2584),(82,1402),(89,2084)]	15.164180
300	[(8,1693),(20,2095),(37,2056),(38,55),(55,1000),(81,3363)]	15.637166
301	[(29,1107),(31,2931),(55,242),(73,1173),(86,2313)]	15.282179
302	[(28,755),(38,1173),(42,1121),(53,1033),(88,1654),(90,2850)]	16.172682
303	[(37,1788),(43,2624),(63,875),(73,3177),(88,2801)]	16.781850
304	[(0,537),(27,2925),(51,347),(75,1545)]	18.173419
305	[(4,327),(18,2584),(25,1119),(68,243),(83,2268),(84,2931),(89,583)]	15.517980
306	[(0,2170),(7,949),(24,2769),(34,910),(35,2483),(51,1371),(80,2658),(88,2516)]	15.123897
307	[(26,80),(28,1247),(35,2038),(39,1451),(82,3107),(88,887),(92,2399)]	15.366923
308	[(25,1833),(27,1736),(56,2526),(78,2648)]	15.022644
309	[(45,2627)]	15.343597
310	[(32,1513),(38,2170),(81,413)]	15.016009
311	[(53,956),(66,2350),(80,995)]	15.005548
312	[(20,405),(44,170),(68,841),(87,3073),(92,1811)]	15.976299
313	[(36,1720),(41,1488)]	16.476494
314	[(19,2862),(39,2060),(81,1320)]	15.645455
315	[(3,1461),(9,80),(36,705),(78,2534)]	18.117618
316	[(13,2524),(24,1506),(55,2924),(56,1401),(59,2229),(72,2312)]	28.808113
317	[(3,904),(7,211),(12,514),(25,273),(37,1104),(84,2618),(85,2968)]	20.950524
318	[(41,2193),(50,3255),(82,3118),(89,698)]	15.259963
319	[(1,2245),(2,2486),(5,2847),(7,2976),(54,2196),(78,1450)]	15.665095
320	[(14,3238),(16,1210),(55,169),(62,23),(64,2477),(88,1984)]	14.932921
321	[(18,1352),(75,1638),(91,2395)]	17.000619
322	[(0,1835),(4,2458),(19,2244),(42,2839),(49,3030),(90,1221)]	15.771669
323	[(9,798),(75,2351),(79,949),(80,559)]	15.165603
324	[(1,131),(4,722),(28,3018),(54,2250)]	15.117715
325	[(5,1240),(6,182),(13,1100),(62,2642),(85,3054)]	15.178521
326	[(7,1920),(14,361),(69,453),(76,2318),(90,2885),(91,222)]	14.962030
327	[(0,378),(45,506),(77,57)]	15.138387
328	[(9,1467),(20,3202),(28,2377),(33,2506),(77,1975),(90,2755)]	15.357044
329	[(32,1091),(86,2380),(90,299)]	15.725507
330	[(0,1450),(18,1756),(28,1401),(39,2624),(41,715),(46,2280),(68,1580),(79,20),(84,3354)]	17.938939
331	[(22,3094),(64,2444),(80,2811)]	17.368464
332	[(17,2924),(18,1401),(70,2629),(82,3113),(88,52),(90,2932)]	15.304423
333	[(32,1566),(49,909),(55,1273),(60,2659),(72,1520)]	15.377468
334	[(0,2046),(5,2746),(6,2221),(36,343),(52,1609),(54,3286)]	17.462384
335	[(0,3009),(15,2842),(43,2121),(59,6),(85,2801)]	15.573445
336	[(76,1756)]	15.067552
337	[(44,190),(47,810),(48,2287),(54,2567),(59,2307),(76,1389),(86,2184)]	15.695438
338	[(48,1916),(74,2570)]	15.032843
339	[(11,222),(78,953)]	15.250323
340	[(28,141)]	15.650276
341	[(9,223),(20,3133),(34,2832),(79,104),(85,2952)]	15.636922
342	[(7,3256),(8,3268),(10,1938),(43,1951),(54,501),(58,1671),(80,3227)]	16.113294
343	[(6,612),(16,1964),(31,2933),(50,2531),(56,3309),(92,1144)]	15.371153
344	[(3,2681),(52,1868),(60,1156),(76,3259)]	15.434922
345	[(75,2931),(81,1095)]	15.923587
346	[(15,624),(38,1218),(63,370),(73,1357),(74,1834),(87,1202)]	15.880389
347	[(13,2179),(34,1985),(38,968),(54,3124),(65,2647),(80,648),(81,1700)]	15.474653
348	[(3,2404),(28,1148),(42,2870)]	15.136342
349	[(20,2158),(22,2247),(40,3283),(75,560),(78,354)]	15.386486
350	[(6,1615),(44,2567),(51,759),(63,1418),(87,1052)]	15.357048
351	[(3,1815),(5,1732),(10,700),(86,3035)]	15.303570
352	[(19,1326),(31,2118),(33,1666),(36,147),(39,2699),(41,1122),(48,1847),(53,2877),(55,2822),(57,2058),(65,2585),(80,1610)]	15.268424
353	[(64,2253),(77,2504)]	16.140900
354	[(12,2303),(44,1940),(55,319)]	22.612212
355	[(2,231),(48,2473),(52,2909),(57,67),(75,101)]	16.930421
356	[(51,2072),(54,3269),(59,1975),(64,455),(67,2915),(92,2482)]	15.577811
357	[(10,2591),(36,3012),(51,73),(54,2977),(70,353),(81,398)]	15.255247
358	[(6,2458),(13,3046),(55,983)]	15.365741
359	[(4,1061),(21,748),(76,1241)]	16.192306
360	[(27,702),(38,3138),(46,1340),(58,2448),(67,2026),(86,1131)]	15.930510
361	[(26,1268),(29,61),(45,1760),(56,1387),(85,3265)]	15.281210
362	[(5,447),(21,2413),(31,2367),(32,553),(39,2232),(44,1824),(69,2377),(88,2168)]	16.086133
363	[(1,2803),(5,1117),(18,2363),(20,3078),(78,1164),(86,1723)]	15.705400
364	[(2,2865),(8,1714),(31,1023),(41,2313),(49,1996),(64,910),(65,2483),(68,1692),(86,1516)]	15.664235
365	[(5,1413),(15,37),(22,535),(49,993),(57,42),(64,9),(67,2361),(83,374)]	15.148516
366	[(15,1017),(18,2714),(30,2465),(39,3143),(42,2575),(76,1373)]	18.016965
367	[(12,1788),(44,2455),(64,1554),(81,1127)]	15.947784
368	[(6,200),(9,2487),(22,2998),(25,238),(28,97),(62,2430),(79,3150)]	15.582304
369	[(38,2513),(50,2086),(68,1629),(78,1316),(92,2792)]	15.211371
370	[(5,1705),(50,1503),(67,1067),(79,2704),(89,3237)]	15.487809
371	[(75,1829),(87,2656)]	15.042416
372	[(12,2203),(27,1733),(29,904),(31,3100),(70,220)]	15.938661
373	[(0,1979),(46,3046),(52,2682),(56,2958),(61,120)]	15.377091
374	[(22,1417),(30,1575),(64,2368)]	15.326456
375	[(12,1082),(16,1644),(22,3113),(26,2185),(42,1479),(62,1546),(82,3303),(83,322),(91,1841)]	16.311015
376	[(9,2104),(32,1075),(36,824),(45,3083),(83,1661)]	15.602904
377	[(0,3310),(40,1207),(92,1319)]	15.124469
378	[(73,2940),(81,3112)]	15.521669
379	[(1,1324),(6,923),(29,1225),(71,2957)]	15.381128
380	[(12,1593),(28,1051),(69,3344),(80,3075)]	21.848449
381	[(5,1411),(13,2299),(15,1020),(18,2294),(28,1000)]	28.188306
382	[(17,1345),(82,997),(89,1113)]	16.021636
383	[(16,3131),(38,203),(41,1186)]	16.893220
384	[(13,2327),(17,2854),(30,964),(55,626),(56,2257),(58,2284),(60,2594),(61,2276),(71,2870),(80,1593),(85,360),(90,3188),(92,1572)]	15.679747
385	[(2,1757),(3,2283),(50,331),(56,2536)]	15.094863
386	[(8,280),(9,746),(12,1489),(13,629),(16,1178),(25,2386),(36,5),(46,1243),(55,1977),(56,1549),(60,344),(62,1009),(77,2913),(79,984)]	15.359908
387	[(14,3067),(31,605),(43,2826)]	15.036342
388	[(0,1426),(9,2895),(24,2738),(47,2372),(64,355),(72,3184),(84,1133)]	15.246788
389	[(9,1914),(28,601),(87,2099),(92,2967)]	15.123100
390	[(12,1892),(32,2935),(48,3046),(63,566),(69,2182),(74,252)]	15.268874
391	[(15,2561),(28,3091),(57,2073),(60,1661),(67,398),(71,2864),(72,1165),(81,151),(91,1393)]	15.038087
392	[(6,1008),(10,649),(77,273),(85,1209),(88,3109)]	15.494962
393	[(8,2042),(19,2273)]	15.415162
394	[(38,3032),(40,1754)]	15.179559
395	[(32,2399)]	15.194853
396	[(63,1911),(77,2451),(79,1912),(84,3073),(91,2225)]	15.347332
397	[(62,736),(67,2122)]	15.154011
398	[(34,1187),(71,974)]	15.762514
399	[(44,740),(46,3317),(48,1520),(79,2540)]	15.168976
400	[(1,2162),(15,2764),(27,2182),(58,1828),(70,213),(85,134),(86,1315)]	16.641862
401	[(17,454),(44,323),(75,2697),(92,1317)]	15.098426
402	[(2,789),(35,690),(43,1525)]	16.628391
403	[(4,512),(12,1858),(28,2898),(29,1703),(52,1777),(61,3263),(70,2409),(73,1839),(88,2052),(89,502)]	15.388009
404	[(4,555),(5,829),(11,2443),(13,2279),(24,2142),(26,85),(35,1131),(40,1694),(63,992),(73,2677)]	17.007420
405	[(9,1928),(41,599),(52,3206),(61,1412),(63,3076),(78,1056),(89,1074)]	15.138723
406	[(50,2167),(58,576),(71,2368)]	15.166668
407	[]	15.303068
408	[(26,1295),(82,1820),(89,1844)]	15.296948
409	[(27,917),(54,264),(79,1781)]	15.551274
410	[(9,2004),(17,1899),(42,1580),(51,3238),(57,1017),(60,522),(61,2349),(81,290)]	15.046563
411	[(3,1942),(22,1775),(36,1601),(46,1943),(73,2230),(75,633),(76,2290)]	18.358486
412	[(3,1352),(10,2343),(20,3248),(44,488),(88,2715)]	16.185086
413	[(3,2338),(7,899),(17,344),(22,2747),(39,26),(47,2155),(54,2839),(58,692),(73,384),(76,405)]	19.386666
414	[(71,2729),(85,41)]	15.141865
415	[(38,1335),(47,3108),(57,3306),(77,988),(80,300)]	16.964119
416	[(3,2629),(14,3322),(33,1120),(50,2573),(75,2948),(81,3056)]	21.175608
417	[(11,1336),(12,370),(14,622),(45,2080),(59,911),(84,2347),(88,2509)]	17.152908
418	[(14,1533),(22,2924),(33,1082),(43,1419),(87,919)]	15.757095
419	[(13,2114),(24,788),(63,346),(68,60),(76,1433)]	15.306370
420	[(83,2316),(91,1060)]	15.811284
421	[(3,2333),(20,2875),(36,844),(56,360),(82,1773),(86,1866)]	17.022171
422	[(1,111),(28,96),(32,2204),(82,2328)]	15.899968
423	[(21,1521),(31,2544),(38,1788),(40,659),(49,1605),(52,917),(68,180)]	15.339414
424	[(10,3012),(15,1763),(27,1100),(58,2395),(80,1224),(85,549)]	15.053788
425	[(0,2031),(11,2148),(30,2119),(41,2577),(43,3070),(44,2295),(54,2287),(74,1873),(85,612)]	15.464993
426	[(8,1814),(19,3360),(33,788),(45,751),(51,361)]	15.532317
427	[(16,1266),(29,2741),(33,693),(35,3343),(43,176)]	15.010739
428	[(5,415),(18,2756),(20,2681),(29,1526),(48,1700),(56,926)]	18.012868
429	[(48,1434),(51,2457),(57,2331),(61,1788),(63,659)]	15.893853
430	[(23,2034),(42,2759),(49,1942),(60,372),(77,2440),(78,1384)]	15.289948
431	[(51,3355),(64,3195),(91,2705)]	15.201754
432	[(3,1558),(18,2482),(61,487),(69,3142),(92,1780)]	15.052761
433	[(5,1036),(7,398),(36,3332),(46,2352),(48,2402),(62,197),(83,625)]	15.394898
434	[(8,1143),(20,3205),(31,2486),(32,1729),(36,1825),(52,2086),(61,1001),(66,1476)]	15.054108
435	[(18,550),(29,2714),(46,724)]	15.644765
436	[(4,2784),(31,946),(32,1925),(63,267),(88,701),(89,183)]	15.396292
437	[(19,2471),(24,2738),(26,1563),(76,2622),(82,1049),(86,1666)]	15.093478
438	[(48,2394),(89,2114)]	15.650996
439	[(3,1771),(6,2831),(62,2063),(70,2335),(79,2635)]	15.421037
440	[(7,3149),(36,1716),(65,2355),(71,460),(84,364)]	15.337666
441	[(3,3006),(61,2118),(62,3240),(84,141)]	15.633786
442	[(31,1680),(56,976),(61,2759)]	15.371283
443	[(4,3352),(15,2695),(21,2811),(23,2408),(27,2834),(91,88)]	15.962663
444	[(16,3170),(44,2009),(49,2291)]	16.656885
445	[(20,1711),(27,246),(56,838),(60,511),(65,3311),(79,1627)]	30.771840
446	[(51,3124),(53,2354),(66,317),(77,2492),(86,1542)]	19.632603
447	[(39,89),(64,2190),(76,729)]	15.025672
448	[(21,660),(30,685),(46,1053),(62,2742),(77,3070),(78,2295)]	15.883434
449	[(31,2637),(38,224),(39,2560),(46,136),(82,3087)]	15.368226
450	[(3,142),(16,2006),(19,1418),(36,1563),(40,1126)]	15.207054
451	[(12,645),(20,935),(23,1531)]	15.185001
452	[(12,1632),(14,1216),(18,1001),(53,204),(62,3356),(76,2055)]	15.213162
453	[(2,2002),(21,737),(22,2886),(38,572),(53,1295),(78,3059),(91,147)]	15.282846
454	[(7,1927),(15,2675),(27,698),(52,273),(64,2627)]	15.347029
455	[(30,804),(38,2754),(73,505),(87,2405)]	18.275253
456	[(11,438),(31,753),(35,1415),(44,3209),(74,751)]	15.539851
457	[(34,663),(88,584)]	21.791212
458	[(1,743),(9,1172),(15,1806),(35,2636),(51,1521),(57,848)]	16.642990
459	[(26,2352),(27,782),(32,2584),(56,347),(57,1835),(75,1136)]	16.127772
460	[(92,1349)]	15.166666
461	[(9,3152),(29,1728),(33,1991),(56,158),(57,2820)]	15.351851
462	[(4,957),(7,2015),(37,1879),(88,2833),(89,1344)]	15.228559
463	[(33,2469),(68,2980)]	15.105593
464	[(26,3218),(42,537),(57,1047),(67,2630),(88,2805)]	15.217094
465	[(9,3079),(91,1908)]	15.232126
466	[(15,1789),(66,2970),(78,383)]	15.756751
467	[(1,3078),(7,2670),(22,3335),(42,2015),(66,722),(84,1916)]	15.226927
468	[(22,235),(23,2414),(65,35),(75,250)]	15.135190
469	[(20,752),(47,959),(71,66)]	16.429673
470	[(10,1310),(16,1924),(48,1640),(71,1616),(80,99),(83,3083),(86,1533)]	16.675917
471	[(12,1606),(41,216),(47,2138)]	16.859353
472	[(40,1001),(46,152),(81,254)]	15.866043
473	[(29,121),(34,1223),(91,956)]	17.753926
474	[(8,1794),(56,403),(66,359)]	32.590312
475	[(71,1947)]	30.923719
476	[(10,396),(22,933),(37,2993),(38,1707),(55,3108),(65,1514),(71,2589),(85,444)]	22.121430
477	[(24,3009),(39,325),(43,2561),(48,437),(76,1156),(88,1127)]	15.754086
478	[(0,1694),(2,92),(5,1195),(25,2086),(35,421),(45,683),(62,2074),(65,1130)]	15.216650
479	[(12,1846),(34,1080),(35,2514),(68,421),(72,937),(73,3205),(88,1502),(89,3006)]	19.647508
480	[(3,3033),(86,3172),(88,1287)]	15.587322
481	[]	15.840452
482	[(12,1616),(46,948),(49,2476),(51,1166),(58,2941),(64,213),(86,1546),(90,463)]	15.184959
483	[(22,558),(24,297),(37,430),(48,3301),(51,2320),(63,3223),(72,3103),(87,2050)]	15.905694
484	[(2,3104),(5,3315),(10,1453),(46,2525),(64,814),(91,1845)]	15.922725
485	[(26,2615),(29,2529),(36,3219),(37,2223),(80,2120),(82,1145),(88,2601)]	15.866423
486	[(0,623),(5,867),(10,1387),(31,1948),(40,496),(57,2039)]	15.158719
487	[(91,198)]	16.391901
488	[(23,526),(24,1844),(35,3202),(42,3054),(69,645)]	19.348029
489	[(11,696),(67,2003)]	15.823069
490	[(4,1839),(18,2153),(36,1555),(65,3245),(70,2116)]	15.975463
491	[]	15.535890
492	[(9,2610),(24,96),(31,411),(37,1658),(43,1466),(44,809),(54,1375),(56,571),(64,1523),(71,2655)]	15.496866
493	[(8,1023),(14,857),(64,1215),(72,1280),(82,897),(86,2685)]	15.255829
494	[(17,2487),(28,3299),(60,2907),(71,286),(73,1062)]	15.515643
495	[(5,2594),(12,2301),(20,1680),(47,695),(54,1520),(62,2206),(70,2670),(73,746),(91,894)]	15.308337
496	[(23,78),(25,2772),(62,2696),(66,838)]	15.315181
497	[(90,2807)]	15.174621
498	[(15,2624),(35,2487),(62,1063),(66,1649),(75,3085)]	15.171462
499	[(23,3310),(29,2907),(43,1000),(57,1616),(67,1429)]	16.727628
500	[(1,1126),(6,127),(9,2891),(42,2381),(70,1308),(74,1443),(83,100)]	16.901336
501	[(35,1507),(38,3282),(53,2493),(61,952),(71,2301),(83,2024)]	16.417809
502	[(24,2914),(34,2890),(50,1125),(65,1912)]	16.701535
503	[(4,3296),(26,2958),(57,2066),(61,2281),(62,180),(65,1487),(80,219),(81,3109)]	15.983248
504	[(16,1736),(43,1083),(56,836),(59,1481),(63,1816),(89,2035)]	15.740398
505	[(63,2517),(75,2808),(82,3049),(91,2771)]	16.100155
506	[(1,2515),(21,1995),(24,3273),(46,585),(55,284),(70,2042)]	30.791363
507	[(45,1916),(49,681),(55,31),(77,3328),(88,2589),(92,263)]	22.397997
508	[(31,994),(47,832),(51,393),(54,2860),(65,2406)]	15.582060
509	[(20,738),(22,171),(29,1771),(39,3122),(43,1976),(59,2837),(81,373)]	15.277569
510	[(6,2950),(22,361),(35,1139),(46,2422),(55,2890),(58,2304),(65,3251),(72,457),(84,1926)]	15.223880
511	[(3,350),(9,598),(24,2994),(34,1612),(56,3367),(77,2861),(90,523)]	17.114917
512	[(1,2495),(34,729),(44,1075),(72,1748)]	19.291885
513	[(7,736),(11,405),(20,2093),(30,396),(35,2419),(65,797),(67,968)]	16.025827
514	[(34,2858),(44,297),(62,653)]	15.532243
515	[(52,1715)]	15.405614
516	[(21,1144),(66,2342),(75,572),(85,775)]	16.009564
517	[(47,715),(58,149),(81,2253),(89,1058),(91,2704)]	15.961208
518	[(9,2087),(23,3069),(26,2265),(36,3144),(54,2068),(55,678),(89,87)]	15.427305
519	[(20,201),(21,2000),(29,2244),(40,2032),(62,1329),(75,2374)]	15.425410
520	[(6,3300),(15,141),(19,2070),(43,1822),(83,1228),(91,43)]	15.311840
521	[(15,2891),(59,229),(65,1140),(83,62),(86,2440),(88,3150)]	15.747122
522	[(10,2814),(57,3360),(78,1019),(83,2531)]	15.275212
523	[(10,1582),(14,138),(27,1506)]	15.223810
524	[(9,1525),(10,2380),(53,3073),(62,1802),(80,2801)]	15.200052
525	[(6,114),(22,1751),(25,137),(35,2362),(59,1758),(63,365),(69,3086)]	15.450001
526	[(77,2010),(78,3047)]	15.311840
527	[(2,304),(6,3199),(19,1982),(35,1731),(53,2198),(77,737),(90,623)]	15.351068
528	[(35,2845),(36,967),(39,3066),(73,1084),(79,1756)]	15.135741
529	[(6,939),(14,2888),(17,1747),(39,2743),(61,1377)]	15.197152
530	[(13,2904),(19,863),(86,450),(92,62)]	15.489897
531	[(5,1904),(14,2005),(22,473),(39,1858),(66,705)]	15.709603
532	[(13,1513),(39,1605),(56,2030),(68,3291)]	17.321018
533	[(4,2358),(22,1295),(59,167),(79,1939)]	16.716305
534	[(17,2896),(47,1046),(55,3190),(56,3280),(78,1672)]	15.188088
535	[(6,1400),(69,1613),(74,3149)]	15.171452
536	[(7,970),(42,1327),(47,1376),(57,2500),(82,2256)]	18.181431
537	[(0,2162),(18,810),(24,2204),(49,2549),(85,1306)]	19.548014
538	[(40,2030),(43,3187),(60,25),(64,1748),(81,1572)]	15.465133
539	[(42,3163),(44,3335),(49,630),(53,1352),(67,17),(82,664)]	15.278621
540	[(28,3069),(43,1753),(77,2999)]	15.554361
541	[(25,498),(66,3145),(86,1954)]	16.688507
542	[(0,1461),(8,1860),(11,448),(16,255),(83,2215)]	16.387037
543	[(0,693),(34,2331),(47,1504),(70,1347),(71,944)]	15.130165
544	[(49,1854),(57,2308),(64,1189),(73,1122),(75,537),(79,1334)]	15.395408
545	[(20,874),(45,630),(54,73),(77,1509),(82,1742)]	16.021737
546	[(6,3013),(15,3069),(39,1401),(46,2028),(57,1037)]	15.970254
547	[(0,300),(14,2788),(22,3257),(44,2662),(69,882),(74,1227),(87,1692),(88,1922)]	15.752169
548	[(4,3292),(6,1576),(47,1008)]	15.360819
549	[(7,1466),(8,809),(26,2260),(28,1539),(37,3267),(38,2144)]	17.655257
550	[(6,1160),(29,3182)]	16.888492
551	[(19,1493),(45,2749),(65,2686),(72,1729)]	15.856092
552	[(4,427),(71,989),(87,2397)]	15.383372
553	[(5,3349),(15,3049),(47,3139),(53,2300),(58,1120),(68,346),(72,1778),(81,1576)]	15.715757
554	[(0,2159),(15,2149),(32,1818)]	15.421419
555	[(61,2420),(82,93)]	15.086687
556	[(3,742),(6,252),(28,2428)]	15.508315
557	[(11,2897),(32,2267),(61,2192),(68,3122)]	15.176029
558	[(5,204),(25,2729),(43,59),(45,625),(48,1302),(84,2800),(87,2879),(90,3286)]	15.660092
559	[(53,1257)]	15.157999
560	[(12,707),(18,1904),(67,3245)]	15.338775
561	[(43,339),(54,1811),(69,1835)]	15.014687
562	[(0,2440),(34,501),(43,2975),(76,912),(80,1909)]	15.329372
563	[(32,1638),(42,3020),(55,3021),(57,716),(58,223)]	15.381439
564	[(2,1410),(9,2413),(34,979),(46,1543),(55,2344),(86,3078)]	15.465905
565	[(10,3209),(49,495),(73,2093)]	15.120357
566	[(35,1828),(51,2191),(79,3069),(81,3360),(89,2130)]	15.489920
567	[(8,2189),(53,2062),(55,2044),(56,2400),(70,2649)]	15.319574
568	[(12,2925),(17,2974),(33,845),(39,393),(60,100),(64,2093)]	17.546950
569	[(10,323),(16,768),(21,2639),(33,2871),(44,1324),(68,1838),(89,1389)]	15.582195
570	[(4,2036),(41,426),(59,1043),(72,2723),(76,2132),(91,870)]	23.430626
571	[(30,2767),(44,691),(45,1296),(77,1613)]	27.510175
572	[(9,2748),(40,609),(53,876),(79,1777),(85,448)]	15.585411
573	[(11,775),(54,160),(55,2527),(71,2956),(73,1920),(85,412)]	15.378510
574	[(18,770),(33,836),(65,2004)]	15.046627
575	[(20,196),(23,2196),(27,1231),(44,2444),(69,1058),(71,2704),(79,2773)]	16.088623
576	[(1,1308),(7,2576),(17,1151),(21,2007),(50,1561),(76,1665)]	15.133196
577	[(1,2747),(7,284),(55,2784),(68,2784),(73,791)]	16.143511
578	[(86,2704)]	16.591341
579	[(46,2476),(62,7),(85,957)]	27.045122
580	[(0,2281),(19,834),(31,3184),(36,2277),(58,829),(60,2501),(87,2861)]	15.096824
581	[(15,2047),(21,695),(31,1065),(45,2950),(69,1913),(77,1544)]	15.454977
582	[(45,3221),(52,1309),(61,1976),(72,919),(79,3018),(86,1868)]	15.015559
583	[(2,1073),(22,159),(40,1324),(53,1898),(66,3112)]	15.203341
584	[(82,479),(83,3271)]	15.013630
585	[(42,331),(50,1913),(58,45),(71,1702)]	15.679143
586	[(25,3265),(44,2085),(66,3197)]	15.076462
587	[(2,3227),(11,2573),(27,2952),(41,2301),(47,1290),(68,3194),(90,1246)]	15.342234
588	[(14,3029),(48,2689),(51,1502),(81,2184),(89,1776)]	22.620629
589	[(8,2147),(11,3179),(15,227),(24,989),(35,1382),(67,273),(85,1361)]	15.584231
590	[(19,988),(42,3029),(55,3000),(71,32),(74,3190)]	15.957389
591	[(34,523),(66,1122),(73,1036),(77,678)]	15.520713
592	[(11,2912),(14,2543),(46,2804)]	16.164924
593	[(16,3078),(30,2114),(52,2147),(58,1743)]	17.156168
594	[(36,3244),(49,2685),(68,828)]	15.441477
595	[(11,1726),(24,1959),(35,2303)]	15.424415
596	[(1,1818),(8,1387),(14,702),(34,694),(47,2317),(80,2607)]	15.067527
597	[(21,2520),(28,2201),(39,399),(59,680),(80,58),(83,1601),(89,2508)]	20.619818
598	[(27,2736),(41,2339),(58,284)]	34.563024
599	[(29,2053),(59,2099),(62,1697),(83,2576),(88,529)]	27.683622
600	[(0,2237),(44,2096),(62,394)]	15.924605
601	[(5,243),(49,1765),(58,709),(66,3237),(68,1713),(71,1734),(84,1247)]	15.486714
602	[(1,1147),(77,107),(80,1598),(91,1478)]	15.377475
603	[(38,2916),(44,770),(63,1893),(79,999),(82,1484),(89,2078)]	15.962836
604	[(55,1278),(58,1981),(71,2133),(75,1284)]	16.910465
605	[(1,695),(29,2001),(78,1707)]	16.418114
606	[(54,44),(71,651),(87,1658)]	15.347033
607	[(21,600),(35,1804),(58,1457),(60,1342),(77,381)]	15.076894
608	[(40,1947),(55,781),(62,908)]	15.805564
609	[(1,777),(15,3130),(19,1694),(52,2673),(81,619),(84,2336)]	27.729183
610	[(0,1054),(61,1376),(63,3163),(74,1880),(76,589),(85,3170),(91,1177)]	18.683021
611	[(1,1300),(6,1510),(9,2183),(67,2941),(77,1681),(80,2774),(86,572)]	15.454127
612	[(36,1884),(40,3326)]	17.034103
613	[(46,3010),(61,1352),(75,830)]	16.064873
614	[(8,1250),(30,1228),(91,26)]	19.354446
615	[(5,483),(59,1926),(83,3350)]	15.938990
616	[(0,3120),(1,3096),(22,698),(30,606),(36,1186),(38,3172),(51,644),(57,1112),(58,744),(71,1486),(75,2382),(92,19)]	15.350692
617	[(3,2236),(30,2226),(45,1324),(61,280),(88,1287)]	17.102289
618	[(8,1486),(28,528),(76,1115)]	24.153281
619	[(3,241),(19,422),(56,1947),(86,771)]	33.651571
620	[(9,2652),(12,554),(51,1785),(84,3070)]	33.567987
621	[(0,1819),(12,2738),(25,271),(30,284),(39,2603),(73,2201)]	33.301395
622	[(10,1849),(60,1692),(72,3277),(81,2274),(88,3242)]	32.107427
623	[(33,3158),(39,3220),(78,1760)]	15.911209
624	[(16,1675),(17,2979),(22,1131),(24,3219),(37,2938),(55,3250),(58,1457),(70,790)]	15.326075
625	[(34,3114),(54,1050)]	22.828071
626	[(17,31)]	27.016875
627	[(13,1441),(20,1686),(22,172),(26,3100),(36,3355),(44,2410),(47,2081),(80,869)]	15.749563
628	[(5,3362),(19,2277),(23,2438),(82,1184),(86,722)]	15.309983
629	[(8,1042),(32,977),(33,3155),(34,272),(35,1391),(45,1821),(90,1958)]	16.578964
630	[(13,3064),(76,3154)]	15.274613
631	[(44,1304)]	16.837156
632	[(4,1605),(52,2860),(53,2202),(54,2633),(65,1372),(68,2639),(72,3220),(88,217)]	16.470239
633	[(4,1709),(51,47),(58,671),(61,2607),(84,3161)]	15.307062
634	[(24,94),(42,2903),(73,633),(87,480),(92,2675)]	15.101856
635	[(73,2043),(77,1890),(79,695)]	15.153115
636	[(13,3173),(26,2462),(47,1429),(49,467),(85,2643)]	15.247610
637	[(24,213),(37,88),(42,1635),(54,2937),(67,1228),(91,2334)]	15.122392
638	[(28,2975),(63,2915),(71,1417),(78,1381)]	15.232246
639	[(2,1497),(57,2079),(71,1245),(87,1459),(88,479)]	15.890496
640	[(21,2350),(29,1992),(42,1557),(77,2146),(80,2417)]	15.191072
641	[(11,228),(15,599),(20,2179),(27,829),(44,1153),(51,556),(58,2342),(73,2938)]	15.184695
642	[(28,1614),(57,421),(61,937),(62,3205)]	15.318236
643	[(0,1193),(16,273),(60,1199),(62,566)]	15.104717
644	[(4,2906),(40,864),(81,696),(92,1913)]	17.096267
645	[(5,1844),(63,165),(74,3257)]	15.629061
646	[(54,223)]	15.439943
647	[(11,1557),(73,1008)]	15.296305
648	[(45,2540),(52,2726),(63,2105)]	16.630112
649	[(7,1724),(12,1013),(16,1984),(54,739),(63,1857),(84,1373),(88,77)]	15.682112
650	[(40,3317),(65,2993),(66,885)]	15.895053
651	[(17,1220),(27,3302),(32,234),(40,1709),(49,1214)]	19.330448
652	[(3,2054),(14,3211),(15,1712),(36,1766),(40,1519),(62,696),(75,1527)]	19.568612
653	[(1,3097),(7,1515),(9,3035),(35,42),(86,3160),(90,816),(91,1655)]	15.282968
654	[(4,72),(26,3233),(54,3192),(85,2949)]	14.976705
655	[(3,979),(27,2841),(32,1853),(36,2263),(48,3065),(61,1371),(67,2513),(77,1137)]	15.050391
656	[(12,2050),(47,1521),(68,645)]	15.337340
657	[(7,1235),(56,1429),(62,3169),(75,3045),(80,1546),(91,2900)]	15.377356
658	[(5,1452),(51,541),(55,1886)]	15.075323
659	[(17,2104),(87,1377)]	14.928915
660	[(38,1316),(73,2536)]	16.024707
661	[(20,1687),(35,267),(36,336),(43,1349),(58,444),(69,2490),(70,2957),(92,1971)]	15.405463
662	[(10,11),(18,101),(53,2647)]	16.876590
663	[(7,3099),(9,3339),(10,2335),(29,1023),(38,2388),(41,590),(84,1762)]	15.577916
664	[(24,2942),(41,1367),(54,1063),(73,786)]	16.101033
665	[(58,692),(72,1636)]	18.888571
666	[(32,1531),(42,2737),(43,2788),(72,1757),(73,2446)]	15.735417
667	[(1,3103),(20,2671),(30,279),(52,2296),(65,2144),(67,2048),(73,886)]	15.106979
668	[(14,602),(19,534),(29,170),(85,2231)]	15.175912
669	[(48,3338),(80,2561)]	15.035107
670	[(9,1432),(27,2002),(37,1290),(58,2653),(65,3036),(69,2025),(70,2606)]	15.170382
671	[(35,466),(37,584),(91,2962)]	15.786304
672	[(7,2066),(11,2795),(60,2840),(70,1612),(76,788)]	15.507372
673	[(4,1836),(9,1468),(18,1177),(29,352),(35,773),(55,3192),(71,2813)]	15.333988
674	[(26,1690),(39,2101),(48,2614),(61,3066),(83,2185),(87,2420)]	15.108313
675	[(16,114),(46,3303),(54,1509),(75,3042)]	16.150492
676	[(22,2755),(35,2420),(50,1072),(52,1611),(59,1704),(60,2598),(69,2993)]	16.150716
677	[(2,64),(9,717),(18,1378),(45,2835),(48,185),(52,309),(86,521),(89,2531)]	16.269583
678	[(2,40),(17,2343),(36,534),(49,1302),(54,1180),(56,448),(63,577),(85,515),(87,1188),(88,2789)]	15.549167
679	[(8,1346),(17,579),(44,2626),(72,182),(80,2258),(85,2900),(86,900)]	15.283627
680	[(1,879),(34,2208),(40,1371),(65,1649)]	15.728231
681	[(50,2903),(88,1772)]	15.769275
682	[(10,2626),(39,3143),(41,1704),(42,2598)]	15.449143
683	[(7,3157),(8,3366),(21,1447),(31,2284),(66,516),(70,1350)]	16.668406
684	[(21,360),(26,28),(62,41)]	15.978103
685	[(28,1179),(30,2600),(61,3047),(76,2102),(84,668)]	15.305875
686	[(35,340),(37,1509)]	15.111676
687	[(11,410),(25,907),(30,1618),(47,1450),(52,1545),(75,929),(76,2385),(83,1142)]	16.139580
688	[(23,698),(85,2076)]	15.213246
689	[(13,2962),(51,1956),(62,2835),(78,987),(79,692),(88,1380),(89,470)]	16.431348
690	[(14,2069),(31,1077),(35,3198),(72,2318)]	30.842682
691	[(5,1028),(7,774),(24,2279),(34,1171),(63,1348),(74,2635)]	19.353511
692	[(7,911),(18,1789),(51,902),(72,2223),(81,1430),(88,2250),(89,2652)]	15.175856
693	[(2,1936),(26,2581),(39,2718),(55,2646),(72,2372)]	15.310429
694	[(9,1143),(12,2723),(23,3225),(31,1545),(36,2506),(91,2974)]	15.256695
695	[(4,1591),(17,802),(23,2805),(79,3036)]	15.278742
696	[(9,2173),(14,2269),(41,376),(50,1568),(64,1854),(87,862)]	15.319119
697	[(2,1810),(10,183),(13,1385),(28,1385),(29,3176),(31,2857),(35,2489),(47,1277),(57,759),(63,2353),(79,2417)]	15.363281
698	[(7,1030),(36,58),(40,2702),(58,1705),(87,2599)]	15.734583
699	[(29,2026),(30,1390),(65,2946),(82,3309)]	15.129115
700	[(14,2247),(15,2100),(25,1486),(28,1260),(53,3089),(56,77)]	15.816568
701	[(15,828),(69,1734)]	15.307691
702	[(22,170),(23,564),(37,708),(52,2),(66,2815),(86,1256)]	15.371990
703	[(12,2625),(60,2716),(71,2864)]	15.148873
704	[(13,1176),(17,915),(42,140),(72,816)]	15.173655
705	[(3,2462),(22,1184),(40,2288),(48,2725),(49,1341),(77,3049)]	15.471098
706	[(20,681),(37,2884),(49,1836),(64,3214)]	16.195570
707	[(18,1139),(40,362),(43,1604),(63,273),(69,3122),(71,583),(75,1190),(76,164),(87,1495)]	15.394408
708	[(8,1803)]	15.827945
709	[(5,1087),(9,2843),(59,1725),(91,3179)]	16.934249
710	[(22,3152),(38,3049),(44,1021),(46,2460),(54,162),(58,932)]	15.335962
711	[(0,3215),(23,313),(45,2020),(54,777)]	15.129739
712	[(6,2822),(8,2058),(11,2880),(44,2954),(50,1787),(61,1128),(75,354)]	16.128279
713	[(7,2501),(43,548),(80,2164),(88,1177),(91,269)]	19.321914
714	[(20,78),(65,412),(66,3125),(76,3007)]	20.737768
715	[(38,1926),(50,1441),(61,2056),(69,1878),(74,2303),(76,2577)]	18.304268
716	[(54,933),(58,2739)]	15.142005
717	[(0,313),(25,292),(48,3219),(51,1512),(61,794),(65,2115),(67,2219),(84,1191),(89,2459)]	15.370443
718	[(16,2796),(87,854)]	16.505791
719	[(2,1417),(5,1782),(14,790),(27,2315)]	16.496376
720	[(24,619),(62,1432),(90,1267)]	15.657164
721	[(21,539),(22,1439),(24,456),(26,285),(74,2018)]	15.419072
722	[(48,2700),(71,604),(81,405),(82,2886),(89,350)]	15.651637
723	[(41,1233)]	15.344350
724	[(12,39),(14,295),(46,2542),(60,1831),(86,604)]	15.237548
725	[(30,3364),(37,1765),(84,316),(91,2619)]	15.678337
726	[(3,1294),(9,1442),(22,791),(67,2451),(69,2913),(80,2638)]	15.162355
727	[(4,994),(5,1035),(14,2292),(31,885),(34,3286),(58,2791),(90,244)]	17.960797
728	[(12,2802),(34,1167),(60,2428)]	15.789723
729	[(17,3125),(28,367),(54,2206),(87,1709),(90,1408)]	17.492276
730	[(10,2714),(25,3354),(84,686)]	17.601408
731	[(39,3230)]	15.561539
732	[(2,229),(6,683),(60,1054),(62,1640),(76,2211)]	15.053702
733	[(31,2214),(41,3207)]	15.481890
734	[(29,1155),(47,675),(68,98),(74,2465),(82,2018)]	15.156927
735	[(85,261),(89,2351)]	15.601391
736	[(7,3106),(20,2592),(25,984),(39,2977),(61,2514),(74,2634)]	15.401696
737	[(13,121),(56,2960),(61,621),(83,347),(84,1835)]	15.369332
738	[(33,1022),(80,1606),(85,377),(90,325)]	15.998176
739	[(3,200),(5,539),(28,1918),(58,2198)]	15.972414
740	[(21,2593),(63,194)]	16.160544
741	[(2,99),(7,3275),(9,2882),(14,1134),(21,1922),(52,1390),(65,1593),(66,1060),(70,899)]	16.704047
742	[(10,716),(55,1052),(77,2128),(79,736)]	15.156395
743	[(4,347),(23,2813),(34,635),(53,1364),(76,2752),(86,806),(88,89),(91,684)]	17.369478
744	[(3,3322)]	15.475322
745	[(24,3223),(62,642),(89,2562),(91,2688)]	17.051897
746	[(26,1054),(37,2647),(44,2685),(58,811)]	15.282374
747	[(5,1635),(15,574),(43,2778),(54,33),(63,2224),(67,104),(68,875),(78,1980),(86,2934)]	15.325351
748	[(1,3349),(23,705),(35,1250),(64,2832),(72,2722)]	15.153423
749	[(50,2373),(62,103),(80,2806),(83,1274)]	15.296102
750	[(0,422),(11,1480),(12,2817),(20,1841),(47,2846),(69,2252),(84,1781)]	15.307560
751	[(32,1623),(42,1223),(46,2621),(71,1268)]	15.448864
752	[(7,1434),(36,1689),(38,944),(54,2101),(57,924),(74,970),(86,2038)]	15.426856
753	[(35,3364),(56,2036),(79,1468),(86,1009),(88,701)]	15.567884
754	[(21,433),(36,2729)]	28.967302
755	[(2,202),(28,583),(38,2689)]	20.047226
756	[(23,2040),(29,1682),(30,2906),(48,2355),(52,2468)]	15.090394
757	[(3,1483),(9,837),(60,1659),(74,1867)]	15.409078
758	[(79,2377),(84,1614),(90,85)]	14.979566
759	[(17,1),(23,3238),(46,3354),(74,1592)]	15.168640
760	[(25,231),(32,617),(35,2206),(38,2514),(42,934),(69,1620)]	15.160317
761	[(7,2283),(17,1331),(24,957),(49,733),(53,2265),(67,1991),(69,726),(80,2777)]	15.293266
762	[(26,1883),(33,780),(62,257),(80,111),(91,1450)]	15.270580
763	[(21,1924),(30,521),(36,3255),(43,1203),(48,1312)]	16.018220
764	[(37,400),(40,725),(80,2210),(81,827)]	15.718779
765	[(4,1887),(30,1116),(41,370),(63,2532),(70,1355),(74,1391)]	15.205226
766	[(16,726),(74,814)]	15.662642
767	[(2,2838),(5,3146),(17,2008),(18,1766),(28,1588),(35,1259),(56,771)]	15.355051
768	[(18,639),(74,2875),(85,1424)]	15.710782
769	[(8,2001),(19,555)]	15.820419
770	[(0,2556),(40,218),(73,1238),(74,2477)]	15.161236
771	[(16,2468),(43,981)]	16.273143
772	[(30,3052),(45,2743),(77,2732)]	15.860389
773	[(24,2404)]	15.058496
774	[(6,2728),(13,643),(30,37),(55,1597),(56,241),(67,1405),(78,811)]	15.273008
775	[(15,1240),(41,2944),(56,1634),(63,1555),(72,273)]	17.953787
776	[(38,1279)]	19.840881
777	[(27,2113),(35,765),(58,174)]	15.441516
778	[(66,2381),(69,2744),(73,2090),(79,1478),(82,2541),(87,2812)]	15.157354
779	[(8,1460),(36,2965),(60,1101),(64,3075)]	15.861512
780	[(54,1809),(71,776),(78,354)]	15.988058
781	[(6,1650),(12,387),(38,1942),(86,553)]	15.933778
782	[(17,3194),(53,2954),(70,55),(73,3223),(88,1604),(90,3266)]	15.264612
783	[(2,741),(18,533),(36,1973),(48,1251),(68,1686),(70,172)]	16.042403
784	[(7,920),(23,2808)]	15.105715
785	[(39,692),(77,496),(78,2844),(91,2210)]	15.543672
786	[(11,759),(58,1856),(73,837),(81,2439),(88,1852),(91,1094)]	14.944214
787	[(14,427)]	15.788440
788	[(0,70),(32,2113),(42,1693),(44,1111),(69,630),(82,2669)]	15.225730
789	[(1,1077),(3,417),(9,70),(31,405),(74,2379)]	16.074759
790	[(40,2743)]	18.761707
791	[(34,209),(40,2334),(56,769),(64,2388)]	15.637113
792	[(20,1730),(22,1959),(34,1982),(50,1803),(63,2818),(71,1467),(73,2463),(78,2489),(81,1642),(91,2186)]	17.353209
793	[(7,2047),(16,1281),(54,1788),(56,659),(61,2093),(68,2758),(80,1623)]	17.756745
794	[(1,3117),(31,662),(58,1367),(92,1871)]	17.142369
795	[(9,1066),(40,3307),(58,996),(68,2731)]	15.679186
796	[(2,235),(12,52),(14,2932),(30,1047),(71,2615),(77,1780)]	15.302388
797	[(1,114),(20,541),(62,40),(65,2926),(82,1691),(84,2104)]	15.679873
798	[(0,401),(19,488),(20,444),(44,2770),(45,386),(53,1832),(55,173)]	15.264680
799	[(2,916),(54,828),(59,1829)]	15.439758
800	[(10,855),(14,1678),(16,3235),(29,355),(71,1597)]	16.699204
801	[(37,2118),(67,2097),(81,3303),(82,322)]	15.943297
802	[(6,2662),(26,1310),(36,3078),(52,2738),(65,2434),(74,3058),(86,2213)]	15.131830
803	[(21,904),(35,1207),(63,2141),(64,472),(67,908),(68,287),(87,3256)]	15.445483
804	[(28,1604),(81,1369)]	15.078139
805	[(27,1649),(29,2680),(38,742),(44,3312),(82,543)]	15.184437
806	[(6,1176),(58,2023)]	15.425368
807	[(1,3346),(22,1120),(29,1855),(45,1939),(67,3083),(72,2348),(77,2750),(88,1798)]	15.644426
808	[(1,984),(33,2172),(57,933),(68,1084),(81,493),(82,3185)]	16.953512
809	[(58,1918),(60,2164)]	15.291936
810	[(0,571),(8,3192),(23,1999),(90,2142)]	15.209074
811	[(17,151),(26,632),(33,2323),(36,1622),(37,1017),(47,1186)]	15.155015
812	[(0,460),(21,620),(44,2068),(58,3126),(80,1103)]	15.428758
813	[(4,1372),(28,44),(68,1171)]	16.395413
814	[(4,1297),(9,2434),(21,970),(27,3174),(39,2696),(53,1802),(66,2697)]	16.633915
815	[(3,2365),(26,2673),(33,540),(35,973),(36,1165),(49,591),(56,879),(58,2220),(72,3203)]	20.076219
816	[(21,349),(54,718)]	15.616263
817	[(4,3019),(15,1686),(22,1905),(28,2829),(70,1397),(84,3008),(86,2061)]	15.082603
818	[(4,411),(12,1465),(16,1731),(50,2832),(72,850)]	27.218947
819	[(14,2484),(30,1408),(34,570),(35,3161),(39,3053),(46,1142),(52,2457),(60,1128),(69,1108),(85,2660)]	22.678184
820	[(34,1491),(38,1793),(45,1843),(46,578),(53,641),(63,749),(77,1908),(87,1793),(92,39)]	14.978800
821	[(8,1781),(55,2697),(69,3088),(71,366),(90,1816)]	15.219886
822	[(4,2485),(11,1022),(32,835),(34,1151),(51,993),(81,1905),(85,803)]	15.686414
823	[(5,3280),(12,55),(23,2637),(50,2571)]	15.321828
824	[]	14.907391
825	[(31,1943),(38,1024)]	15.524263
826	[(5,850),(39,2611),(41,2161),(82,109)]	14.942849
827	[(0,1118),(43,1693),(53,611)]	16.444811
828	[(8,1649),(43,2581),(44,2271),(46,2237),(55,2566)]	15.187619
829	[(59,2005),(61,2255),(63,1063),(87,3324),(90,1442)]	15.813131
830	[(7,2348),(12,567),(20,1300),(24,940),(45,2054),(64,2903),(89,2837)]	16.607870
831	[(2,1123),(8,430),(29,1661),(35,794),(54,22),(72,531),(80,2808),(90,3154)]	15.071039
832	[(20,3358),(22,2082),(81,1848)]	15.683316
833	[(24,619),(25,22),(82,2715),(90,775)]	17.830686
834	[(41,2562),(54,2194),(92,3082)]	15.931659
835	[(7,2513),(26,496),(27,2844),(29,1617),(33,2483),(44,967),(81,1527),(92,2904)]	15.178415
836	[(15,1199),(45,1071),(49,2303),(69,1287)]	15.922759
837	[(2,935),(7,953),(23,3065),(36,441),(90,1431)]	19.773696
838	[(31,3003),(87,1653),(89,881)]	17.376052
839	[(7,3050),(41,783),(55,1203)]	15.672885
840	[(10,3142),(23,2296),(25,1568),(26,174),(82,1408),(86,3293),(88,1895)]	15.286510
841	[(13,1591),(37,2934),(49,615)]	15.117799
842	[(14,2040),(18,2655),(30,2061),(38,1434),(47,2851),(56,2605)]	16.657501
843	[]	15.310411
844	[(22,3245),(87,3162)]	15.097471
845	[(7,761),(8,2030),(36,2354),(45,1110),(47,3072),(52,1333),(66,1961),(71,1288),(78,2062),(88,1317)]	15.429175
846	[(56,1269),(84,689),(85,1271)]	15.669009
847	[(2,1799),(27,710),(30,1602),(63,1057),(65,106),(86,1716)]	15.341565
848	[(12,2201),(31,844),(40,2372),(44,1263),(65,1983),(87,1265)]	15.110081
849	[(34,2165),(41,1469),(52,1350),(60,67)]	15.393061
850	[(1,1680),(7,3242)]	15.590189
851	[(37,3274),(64,913),(73,970),(86,1073)]	16.143559
852	[(0,2292),(3,1178),(9,1301),(32,302)]	18.850171
853	[(43,1321),(53,2012),(59,1189)]	15.258229
854	[(25,3348),(27,1888),(31,3291),(43,2790),(50,1066),(62,424),(75,1501),(83,286)]	15.116707
855	[(6,2573),(10,1697),(34,1517),(51,159),(74,2983),(81,3320)]	15.324721
856	[(56,1612),(64,2027),(76,1246)]	16.929128
857	[(30,1730),(37,1792),(43,2277),(65,1142),(74,2723)]	17.733010
858	[(6,2450),(12,3115),(29,130)]	15.623371
859	[(13,1463),(43,1184)]	15.627460
860	[(6,2283),(10,2834),(16,1651),(21,1928),(24,3102),(83,1225),(92,1858)]	15.025299
861	[(76,1285),(83,1326),(86,1135)]	15.539937
862	[(9,1027),(17,623),(72,428)]	15.392266
863	[(6,2878),(35,3163),(49,2881),(65,2972),(67,762),(74,1207)]	15.493185
864	[(31,3344),(75,275),(77,2137)]	15.595572
865	[(13,2395),(34,3141),(35,245),(41,471)]	15.384797
866	[(26,2088),(41,1380),(86,1766)]	15.320059
867	[(5,2431),(23,852),(35,1857),(40,1605),(48,2622)]	15.714049
868	[(3,1753),(10,3284),(18,1057)]	15.805763
869	[(26,1676),(51,2136),(60,3124),(71,3287),(76,849)]	16.861103
870	[(1,258),(7,1643),(8,1237),(23,2823),(34,485),(56,2557),(63,954),(75,2495),(80,13)]	16.586797
871	[(7,852),(14,1261),(21,3155),(22,461),(30,211),(54,3127),(76,1048),(85,1518)]	15.120185
872	[(21,3258),(22,1522),(42,701),(43,183),(80,602),(88,650)]	21.109391
873	[(21,2566),(29,1366),(34,948),(43,2127),(71,1495)]	32.367244
874	[(23,3120),(38,2688),(40,674),(49,2944),(73,2723),(88,2708),(90,2218)]	31.864903
875	[(3,31),(36,2355),(55,852),(67,2003),(68,2845)]	31.496611
876	[(50,2756),(74,1778)]	37.070449
877	[(22,712),(26,1588),(32,2660),(33,2231),(81,135),(82,2724),(83,615),(89,1480)]	34.729372
878	[(17,3097),(47,3082),(75,3242),(87,609)]	39.295179
879	[(1,3143),(3,1704),(81,108),(90,2551)]	35.014393
880	[(4,1107),(37,1849),(39,2486),(42,2847),(45,972),(47,3172),(91,3145)]	30.316219
881	[(18,324),(24,715),(25,772),(60,627),(71,1314),(73,360),(77,2707)]	29.871077
882	[(1,1550),(15,445),(62,1627),(73,546),(86,914)]	32.138885
883	[(20,945),(25,60),(29,2376),(44,14),(55,2440),(60,1566),(61,1644),(71,1888)]	27.960382
884	[(0,184),(2,277),(21,853)]	30.784658
885	[(9,53),(16,167),(55,2627),(60,2097)]	30.429231
886	[(29,1800),(48,2147),(51,1780),(64,860),(84,2150)]	33.949042
887	[(0,1030),(26,2955),(31,3114),(34,2363),(64,1923),(88,91)]	31.780544
888	[(3,2853),(16,1753),(32,731),(49,248),(51,305),(55,671),(63,902)]	30.164636
889	[(18,701),(28,2493),(82,2108),(90,1858)]	30.631219
890	[(0,139),(2,918),(22,2025),(50,1429),(52,2926),(72,2788)]	30.086180
891	[(5,2529),(16,700),(59,1318)]	30.083232
892	[(3,1268),(19,2410),(46,2554)]	30.176977
893	[(14,1588),(47,3319),(62,1137),(91,1376)]	31.415544
894	[(15,1463),(18,632),(62,2147),(64,3014)]	30.991426
895	[(10,2816),(17,1342),(34,2180),(54,2590)]	30.612077
896	[(16,584),(86,718),(87,1645)]	30.721166
897	[(18,1955),(25,2997),(38,954),(46,3340),(52,3203),(61,3168)]	30.973905
898	[(44,74),(48,3139),(76,1163)]	30.290281
899	[(8,1509),(23,1939),(33,1206),(34,2416),(85,813)]	30.527905
900	[(7,12),(10,2667),(44,2304),(46,2156)]	30.652253
901	[(3,810),(6,264),(29,2332),(48,1182),(61,2605),(85,323),(89,2169)]	29.643981
902	[(2,2670),(11,1280),(34,2801),(59,3212),(60,3259),(62,858),(66,2116)]	29.477973
903	[(19,2177),(26,3260),(35,3329),(45,57),(53,890),(60,1598)]	29.339647
904	[(36,1403),(37,2790),(90,1219)]	30.833017
905	[(25,1912),(30,293),(40,1186),(69,2178),(71,1165),(76,2636),(84,3289)]	30.988784
906	[(21,1557),(42,3348),(44,1888),(76,246),(89,2898)]	35.010597
907	[(5,771),(8,93),(31,840),(55,2514),(57,1838),(81,1618),(87,2569)]	37.038745
908	[(4,802),(43,3287),(44,476),(68,2001),(81,1528),(87,582)]	33.938181
909	[(13,2210),(18,270),(45,820),(53,1504),(58,2188),(73,1974)]	33.233375
910	[(25,2900),(47,1457),(52,189),(53,1112),(55,129),(68,1469),(78,3227),(85,1418)]	33.273451
911	[(40,970),(58,1427)]	33.234723
912	[(48,2013),(57,460),(83,2359),(88,1832)]	37.849058
913	[(16,1290),(18,1499),(22,1521),(25,1249),(28,1997),(39,1502),(40,3006),(41,2944),(88,3226)]	35.642563
914	[(11,2862),(12,1358),(75,709),(82,2465)]	34.842310
915	[(29,2118),(30,3240),(34,2537),(55,2816),(60,1802),(63,2692),(74,914),(80,1128)]	35.075901
916	[(17,2625),(30,913),(63,1405),(84,1925),(87,1727),(89,3033)]	32.302519
917	[(0,1068),(13,1642),(63,547),(79,1428),(91,2711)]	33.318765
918	[(21,2801),(53,3026),(54,2899),(76,1332),(79,1639)]	34.100052
919	[(36,3232),(66,2269),(68,2578),(92,3233)]	28.272141
920	[(17,3228),(30,2987),(51,1129),(53,989),(54,1425),(58,3313),(69,2407)]	32.152098
921	[(11,2185),(19,2291),(53,3294),(56,1937),(69,1625),(80,607)]	31.537895
922	[(2,814),(46,1756),(62,3207)]	37.601908
923	[(7,1174),(17,2606),(33,1162),(39,670),(67,528),(82,2086)]	29.278168
924	[(10,975)]	30.227876
925	[(24,802),(48,79),(53,2529),(57,121),(92,670)]	31.335058
926	[(46,2748)]	31.351013
927	[(29,1041),(34,1811),(37,2389),(40,2724),(44,724),(62,1998),(84,1876),(91,1822)]	30.644058
928	[(9,462),(22,1067),(34,2338),(39,1931),(62,1652),(64,2308)]	31.773969
929	[(14,1082),(41,1693),(54,2428),(56,2212),(61,2894),(70,2439),(77,3188),(91,1850)]	30.381303
930	[(23,3255),(34,1774),(35,195),(52,1372),(75,2247)]	30.459096
931	[(19,2916),(38,1466)]	28.016768
932	[(3,1602),(72,1131)]	29.435070
933	[(9,1418),(19,1599)]	29.430925
934	[(10,86),(14,82),(37,2800),(44,3146),(60,602),(65,1955),(73,537),(85,2207),(86,2418)]	30.565626
935	[(1,1975),(25,1094),(40,735),(59,1426),(79,2301),(87,3122)]	31.764026
936	[(19,3191),(27,1113),(40,3046),(54,2810),(70,924),(72,1518)]	30.021561
937	[(0,160),(20,408),(52,61),(65,1285),(92,2690)]	29.979953
938	[(45,913)]	30.054994
939	[(2,2054),(6,1129),(50,2240),(60,1070),(73,1974),(76,1371),(79,1054)]	29.899240
940	[(80,3125)]	29.829916
941	[(15,2267),(26,2247),(52,914),(62,3190),(63,3280)]	31.456936
942	[(1,235),(2,2414),(7,2992),(45,2936),(64,32),(77,607),(79,707)]	30.617250
943	[(3,928),(10,3351),(15,2740),(89,1506)]	30.447913
944	[(0,2793),(20,3100),(45,2311),(84,344)]	30.270458
945	[(6,469),(54,1180),(60,1462),(83,951),(90,3072)]	29.970225
946	[(6,2767),(23,1724),(26,787),(35,1415),(37,2871),(75,1811)]	31.146038
947	[(6,1047),(44,1266),(68,2271),(72,1688),(84,801)]	34.820752
948	[(8,2213),(11,3317),(36,2685),(42,2582),(45,1689),(46,2161),(88,216)]	34.610180
949	[(6,151),(14,3307),(19,1105),(27,3092),(37,1735),(48,1837),(49,2442),(87,3179)]	35.150132
950	[(26,2584),(56,123),(57,2026),(64,2083),(72,2129)]	30.993143
951	[(12,1481),(42,1066),(43,493),(44,3185),(83,1174),(89,985)]	34.471189
952	[(11,649),(25,1664)]	31.721872
953	[(14,555),(18,435),(59,349)]	30.319054
954	[(32,2533),(63,937),(64,3205)]	32.596261
955	[(26,2747),(43,1777),(49,1581),(69,2536),(78,1251)]	28.736766
956	[(3,2482),(7,2178),(28,2255),(69,1805),(73,311)]	33.890173
957	[(3,1823),(18,1212),(20,78),(27,1236),(53,1500),(80,2616),(85,449)]	32.607690
958	[(11,2731),(18,1242),(42,2769),(58,1281),(82,3287)]	29.591177
959	[(4,1645),(25,2638),(26,1092),(59,2064),(73,1944)]	29.822088
960	[(14,2746),(18,351),(81,2969)]	30.077535
961	[(13,1884),(28,1333),(36,1450),(43,506)]	30.467400
962	[(1,2323),(22,1045),(49,990),(51,2796),(62,3135),(80,2241)]	30.259997
963	[(18,1033),(62,3140),(68,2589)]	30.357469
964	[(44,2132),(68,1112),(75,254),(79,256),(85,2792),(91,3191)]	29.476145
965	[(21,1265)]	29.407230
966	[(22,3121),(26,937),(74,486),(80,1556),(91,1243),(92,440)]	30.376143
967	[(25,2757),(34,830),(47,822),(76,1970),(85,542)]	29.065878
968	[(8,2205),(37,1345),(87,119)]	29.530333
969	[(0,166),(10,1454),(49,432),(52,1773),(81,807)]	29.375480
970	[(4,2417),(70,136),(74,2614)]	29.303989
971	[(4,100),(13,2139),(19,2176),(33,617),(76,713),(88,234),(92,1829)]	29.780873
972	[(26,637),(27,2175),(72,1970),(77,1991),(81,1160)]	31.256217
973	[(3,1),(9,89),(33,1034),(36,1003),(46,752),(56,1189)]	31.866903
974	[(16,2142),(26,1885),(45,2275)]	32.269478
975	[(14,1521),(91,2028)]	29.655906
976	[(1,1953),(23,2150),(71,993),(75,2587),(83,2307)]	32.144885
977	[(9,1868),(23,2457),(53,289),(58,194),(70,1121),(73,109),(83,2552),(88,3070),(89,2295)]	32.192508
978	[(5,157),(61,482),(64,2985),(65,1075),(72,1663),(89,1169)]	33.616482
979	[(12,2294),(30,1196)]	32.454255
980	[(22,1420),(25,1382),(57,3145),(64,3296),(75,2380),(81,3184)]	30.501731
981	[(5,1215),(10,345),(16,1097),(41,2628),(49,1863)]	33.933410
982	[(42,1340),(77,214)]	34.947655
983	[(10,1268),(29,2647),(38,240),(48,127),(51,1592),(63,701),(64,183),(88,2082)]	31.506097
984	[(41,2136),(53,2095),(63,254),(67,256),(69,2544),(71,2360),(84,1220)]	31.087204
985	[(20,3045),(23,1045),(52,363),(53,1010),(60,135)]	30.604506
986	[(35,736),(39,915),(47,2029),(51,3257),(71,1977),(75,2222)]	33.796598
987	[(27,867),(37,2366),(41,1690),(57,1478),(77,2836),(89,3222)]	30.978080
988	[(5,649),(29,867),(34,107),(40,520),(55,2496),(92,899)]	31.189570
989	[(13,3195),(32,1768),(69,2171),(78,2162),(80,2198),(82,2781),(83,2533),(84,2224),(91,3060)]	31.725196
990	[(92,2273)]	31.035885
991	[(14,1280),(24,3261),(47,1264)]	29.805323
992	[(0,54),(12,577),(56,491),(62,2363),(65,158),(73,686),(76,2329),(78,2918),(83,3252),(87,734)]	30.684768
993	[(29,2981),(35,3102),(84,2964),(85,2319)]	35.696900
994	[(82,537),(87,979)]	31.929221
995	[(43,2279),(51,526),(65,3250)]	31.822750
996	[(14,1676),(30,3162),(80,2136)]	31.056155
997	[(4,1608),(11,2192),(29,615),(33,2327),(46,2318),(65,1361),(83,1027)]	31.307512
998	[(10,2981),(37,833),(56,637),(63,2981),(72,2051),(88,1804)]	31.562408
999	[(6,2372),(39,453),(47,1969),(86,2625)]	31.081180
