ruleset_index	matches	time_ms
0	[(3,2142),(18,4546),(22,4249),(24,1326),(25,4133),(26,3914),(34,1638),(52,3514),(58,3114),(65,385),(74,4201),(80,3198)]	19.958248
1	[(6,3306),(12,5200),(46,3104),(50,4429),(53,2958),(81,2044),(83,4582),(92,2983)]	23.626070
2	[(3,754),(44,3720),(58,459),(59,158),(65,3198),(88,308)]	19.529847
3	[(3,2500),(16,1302),(23,468),(29,3903),(32,1820),(39,2776),(40,4057),(54,2686),(65,2055),(72,3910),(86,4651)]	20.355359
4	[(16,1192),(18,4930),(45,1892),(54,845),(60,3936),(65,954),(67,4531)]	20.130690
5	[(18,3342),(28,5041),(40,3990),(44,4358),(56,2504),(71,5226),(73,3075),(78,3148),(89,3951)]	20.015265
6	[(0,4012),(27,4039),(37,2382),(80,1534),(84,5376)]	19.624348
7	[(25,696),(46,4857),(59,4131),(67,4376),(68,3591),(70,2903),(74,5288),(78,3465),(81,1148),(87,5010)]	19.884731
8	[(0,4639),(24,1725),(28,3760),(41,190),(83,2956),(86,41)]	21.791326
9	[(11,334),(44,3568),(45,1338),(68,578),(69,594),(71,3179),(82,5020),(83,4351),(84,2387)]	21.225743
10	[(0,3679),(3,1453),(4,2907),(21,4541),(22,473),(36,5266),(43,901),(53,1679),(54,4246),(66,3493),(70,3264),(74,4751),(79,4104),(90,2751),(92,4074)]	19.788676
11	[(8,541),(16,3652),(43,1049),(47,2467),(50,2684),(60,826),(65,4563),(92,4319)]	20.256099
12	[(17,4900),(31,4054),(41,668),(51,1148),(53,3944),(70,1890)]	21.236537
13	[(10,1924),(33,4487),(47,4801),(53,588),(56,2985),(62,2604),(64,884),(68,2925),(90,3590)]	19.857275
14	[(31,3399),(36,180),(43,4820),(56,461),(61,4066),(68,828),(85,1883),(92,3859)]	19.792851
15	[(9,2561),(15,2413),(22,887),(36,4328),(42,5194),(49,3875),(59,3466),(61,2673),(91,4411)]	20.446479
16	[(11,4620),(12,524),(20,1975),(21,1774),(23,816),(36,4181),(57,3109),(60,2778),(66,1741)]	21.567302
17	[(4,4459),(12,5404),(27,394),(54,3288),(62,4781),(68,590),(69,71),(73,882)]	20.779623
18	[(1,5304),(9,248),(24,664),(36,2071),(52,4704),(68,2035),(70,2908),(89,2870),(91,4032)]	23.608217
19	[(7,1372),(12,4786),(22,3326)]	24.655033
20	[(6,4310),(9,1174),(43,1370),(45,2970),(50,2863),(53,4216),(68,2345),(73,3283),(81,2045)]	20.176830
21	[(1,2333),(4,1731),(18,184),(29,4822),(32,3168),(33,1350),(44,269),(54,593),(55,2938),(60,4309),(82,2981),(83,1243),(84,775)]	21.338235
22	[(32,5082),(46,4706),(75,2902),(81,5431),(88,3097),(89,451)]	20.080294
23	[(4,1865),(27,2019),(56,2986)]	39.728987
24	[(12,3127),(35,2720),(43,4795),(79,4771)]	30.195402
25	[(5,2640),(6,4942),(17,1175),(28,2327),(45,3821),(59,2296),(60,161),(64,1242)]	20.590453
26	[(56,2323),(57,4139),(77,4625)]	19.937188
27	[(28,470),(30,1955),(43,2175),(56,2077),(65,1402),(66,2719),(78,1083),(85,2284)]	19.483474
28	[(2,806),(7,2957),(15,1249),(57,1438),(59,1872),(85,952)]	22.862288
29	[(6,1694),(14,2064),(36,907),(44,196),(49,967),(55,1825),(58,2944),(59,2959),(60,4897),(68,666),(79,4484),(91,488)]	21.972732
30	[(8,2135),(26,3753),(46,4264),(53,2997),(54,4069),(59,2999),(63,2556),(74,443),(85,3128)]	20.236530
31	[(1,5026),(6,1322),(23,5274),(30,4862),(32,2920),(52,2400),(60,975),(65,2006),(68,4502),(88,4338),(91,2118)]	20.201538
32	[(8,2890),(19,5227),(21,1947),(23,4939),(24,3204),(27,2926),(34,3146),(39,4723),(47,3320),(50,4763),(55,2446),(80,2846),(84,2986)]	28.965999
33	[(5,874),(10,3237),(14,1132),(31,3919),(42,384),(50,5078),(54,2589),(62,1356),(64,3557),(78,2209)]	21.553105
34	[(46,3766),(49,1185),(87,1632)]	19.854085
35	[(11,567),(12,1493),(24,5212),(54,59),(55,373),(58,1038),(66,3943),(82,1878)]	19.341491
36	[(4,3540),(10,1216),(30,3458),(46,1984),(50,1109),(61,2704),(76,1920),(81,2510)]	20.307854
37	[(22,4342),(40,3408),(48,1702),(50,4454),(60,1898),(78,5065),(89,896)]	26.913230
38	[(1,2728),(4,2396),(45,2970),(56,874),(69,965),(92,5404)]	20.347801
39	[(7,1613),(8,4448),(21,5068),(29,985),(37,1594),(54,1315),(59,4893),(62,2394),(73,5373),(84,2839)]	23.161671
40	[(3,4737),(5,5265),(7,1144),(29,711),(54,3053),(60,2129),(84,33),(88,2946)]	42.817998
41	[(2,4795),(5,3409),(7,2912),(16,677),(27,5356),(40,2238),(41,3554),(51,5166),(53,2998),(62,3287),(66,4228),(83,4362),(88,2014)]	23.974884
42	[(1,2278),(10,2467),(24,1236),(25,3374),(30,28),(45,932),(58,45),(69,5172),(75,1494),(77,5216)]	19.733002
43	[(21,3340),(45,1853),(51,2902),(92,940)]	19.811109
44	[(3,2646),(9,2534),(10,5257),(11,3490),(13,2669),(19,1328),(31,3924),(60,3758),(87,3062),(89,4806),(90,3899)]	20.447986
45	[(2,2382),(48,3731),(75,1997),(76,829),(82,3625)]	19.615368
46	[(1,3714),(9,2779),(11,3767),(13,1760),(33,1359),(34,3701),(49,4487),(76,1103),(77,5202)]	20.152559
47	[(8,1250),(18,2098),(19,160),(26,5146),(30,186),(52,3414),(69,1603),(71,124)]	19.689103
48	[(0,3312),(20,1488),(30,219),(32,3201),(33,156),(47,4010),(49,1668),(50,3062),(52,4806),(64,3993),(76,3489),(78,278)]	20.475608
49	[(18,2968),(32,693),(37,2033),(38,1228),(40,2001),(45,2287),(51,3347),(53,5203),(57,1894),(76,1116),(78,2632),(88,2825)]	29.065196
50	[(11,5302),(13,2770),(17,3611),(27,5129),(31,3632),(36,2016),(46,1730),(55,4283),(87,2149),(90,3626),(92,4743)]	20.950281
51	[(20,3730),(22,2272),(45,3342),(72,3171),(88,948)]	19.562603
52	[(0,1870),(3,1840),(4,5261),(9,3156),(18,335),(33,4501),(38,5332),(43,3645),(47,2336),(48,1066),(51,2901),(52,1207),(57,3991),(60,1602),(64,2540),(79,4265),(90,511)]	20.106018
53	[(22,2529),(27,2683),(32,5206),(37,2308),(48,3702),(53,175),(60,1582),(79,3821)]	21.937035
54	[(14,91),(26,411),(32,439),(33,5097),(54,3072),(55,775),(62,3410),(65,3761),(66,3231),(71,2213),(76,5219),(83,1449)]	20.420383
55	[(30,854),(34,191),(49,2513)]	19.711303
56	[(6,3417),(16,2663),(18,729),(22,4168),(30,5264),(38,4097),(42,1825),(53,1931),(55,4996),(56,3276),(73,3020)]	25.757234
57	[(55,4088),(64,1816),(81,1382)]	43.321316
58	[(10,3560),(20,3845),(46,914),(50,5185),(53,5401),(74,1816),(81,2891),(86,1655)]	43.655125
59	[(23,4502),(30,1871),(47,3219),(53,3502),(55,1431),(57,3654),(76,4889)]	46.494526
60	[(23,3186),(31,3655),(50,4021),(53,814),(61,4611),(63,5204),(70,4168)]	47.073625
61	[(0,1900),(14,887),(27,4065),(55,2017),(73,2521),(84,2605),(89,3153),(92,2964)]	42.831955
62	[(42,2492),(50,448),(51,4895),(54,1427),(61,811),(64,924),(65,4987),(77,1377),(78,2990),(82,3429)]	20.010183
63	[(20,4745),(38,463),(66,1671),(80,1158),(82,2377),(86,2343),(88,2134)]	27.187044
64	[(5,911),(21,3736),(52,3456),(59,2486),(63,3402),(66,878),(71,426),(88,2270)]	32.023638
65	[(0,3259),(13,437),(16,4311),(24,883),(28,5185),(29,3595),(52,525)]	21.736565
66	[(1,4624),(31,3159),(58,4449),(77,1245),(78,4392)]	19.918554
67	[(2,116),(5,1783),(11,1099),(19,2250),(24,4089),(29,3867),(41,1579),(52,4880),(53,4287),(57,5312)]	21.498471
68	[(8,2690),(21,937),(22,4573),(36,208),(45,5389),(48,4519),(56,676),(70,3271),(84,1099),(90,4834),(91,4056)]	21.230881
69	[(19,1029),(29,825),(35,4672),(53,4349),(54,2138),(73,2126),(84,403),(89,2976)]	20.286912
70	[(24,1880),(33,4512),(39,3521),(50,661),(68,5208),(75,2772),(77,3559),(92,2492)]	20.144020
71	[(2,5363),(7,4693),(8,5161),(9,515),(20,3821),(26,4499),(70,49)]	19.763164
72	[(3,832),(32,2253),(61,2399),(78,3978),(89,3030)]	20.117047
73	[(21,3003),(32,1436),(34,2610),(37,4232),(44,2793),(56,3407),(57,1487),(61,4311),(70,663),(71,950),(76,537)]	19.440660
74	[(4,3152),(6,1869),(29,1007),(31,1063),(44,4020),(54,1182),(64,3902),(82,815),(84,4621),(87,1560)]	19.468545
75	[(6,5215),(15,4061),(16,2656),(39,4447),(59,3467),(67,141),(91,5256)]	19.738655
76	[(16,4991),(23,4678),(35,1233),(44,2579),(75,2717),(84,3249),(88,947)]	19.562405
77	[(16,4248),(27,1411),(28,1821),(36,3595),(43,1961),(58,3437),(65,2092),(69,885),(83,4444),(84,2243)]	19.416102
78	[(34,165),(40,3841),(47,969),(63,5064),(69,3206),(75,646),(91,2417),(92,4869)]	19.405288
79	[(56,80),(92,4880)]	20.291184
80	[(4,2640),(57,5337),(78,3664),(83,3828)]	19.796908
81	[(1,1340),(12,3101),(15,3296),(20,1001),(24,683),(38,2093),(44,4864),(48,4729),(67,3284),(75,3668),(76,4963),(77,5186),(80,1881)]	19.855585
82	[(2,915),(7,1704),(19,187),(43,1792),(74,282),(75,2542),(87,791)]	20.012131
83	[(37,4527),(41,5082),(52,1319),(56,795)]	19.353512
84	[(7,3479),(9,4083),(35,2980),(36,2237),(44,1132),(70,3030),(79,2813),(87,2361)]	19.786473
85	[(3,4529),(12,3473),(15,1830),(27,757),(32,338),(36,3437),(44,2800),(63,2505),(78,593),(87,4891)]	19.968085
86	[(2,3661),(5,4844),(20,437),(28,4328),(36,4220),(38,4241),(42,821),(47,3387),(48,2014),(50,811),(53,377),(61,3043),(64,977),(89,2594),(92,2840)]	20.186148
87	[(1,3403),(5,4883),(9,67),(15,3545),(32,3618),(33,4391),(45,1569),(60,4974),(61,3253),(62,958)]	19.917538
88	[(27,1189),(41,3623),(62,4710),(69,4297),(72,3968),(73,154),(90,5200)]	19.950243
89	[(9,1040),(10,4707),(18,3857),(28,3187),(30,4711),(31,1904),(42,1798),(69,61),(71,2651),(80,223),(89,1923),(92,2201)]	20.093563
90	[(1,1828),(3,3868),(12,2947),(15,81),(27,718),(58,4915),(61,2372),(63,4475),(69,2876),(76,1266),(78,2812),(79,1414),(89,3011)]	19.397682
91	[(17,4308),(48,4742),(67,4033),(72,3240),(77,3546),(78,3485)]	19.743482
92	[(5,1513),(24,3148),(35,5328),(49,913),(76,2894),(88,2229)]	19.667826
93	[(3,754),(25,3450),(46,754),(74,893),(76,419),(77,1284),(82,2400)]	19.841687
94	[(0,459),(25,1065),(32,3396),(36,842),(44,4337),(48,2556),(59,1625),(71,277),(75,3534),(78,1141),(87,5176),(88,2976)]	20.087691
95	[(38,32),(53,399),(54,2973),(60,2267),(61,3500),(63,255),(90,1854)]	22.200899
96	[(9,3456),(26,1642),(37,89),(70,3497)]	19.840893
97	[(10,1075),(19,2032),(31,1832),(41,142),(51,3500),(54,183),(60,3277),(61,1217),(63,4586),(64,2938),(84,444),(90,263)]	19.685070
98	[(30,3423),(50,879),(85,2552)]	19.760740
99	[(8,2917),(17,1895),(26,4358),(30,3612),(52,5389),(62,1227),(89,1671)]	33.223896
100	[(9,2766),(15,1812),(16,909),(38,3821),(43,1555),(56,905),(65,4136),(79,3147)]	45.965245
101	[(36,3806),(68,1401),(70,2544)]	41.047821
102	[(8,2322),(10,5136),(61,2736),(67,3997)]	44.652649
103	[(0,1686),(12,267),(15,1315),(37,2317),(40,822),(41,3594),(66,1959),(82,3992)]	41.753581
104	[(17,196),(18,4726),(32,5412)]	39.300875
105	[(10,5294),(26,2822),(33,3085),(48,3262),(66,58),(91,3687)]	39.455578
106	[(5,2910),(8,205),(34,2001),(62,2808),(73,3907),(78,4441),(88,4272)]	43.470460
107	[(18,5002),(26,4873),(62,3717),(89,3753)]	44.373894
108	[(8,685),(13,4908),(23,5335),(32,220),(36,1852),(52,58),(79,3490),(81,2669),(82,729),(86,904)]	42.626713
109	[(8,4949),(16,4124),(18,2058),(47,625),(53,4424),(55,5262),(57,2341),(81,4634)]	40.080795
110	[(7,4311),(19,1741),(40,1964),(86,3545)]	39.322881
111	[(0,5135),(3,1018),(30,4290),(31,4039),(36,670),(53,404),(56,4193),(67,2282),(76,556),(80,3298),(87,1689),(89,481),(90,2099),(92,376)]	41.678720
112	[(24,1987),(32,3043),(63,5169),(71,2334)]	39.229100
113	[(7,2819),(8,1930),(36,3415),(48,4143),(74,2536),(80,2525)]	40.030807
114	[(1,533),(9,97),(14,4398),(53,1029),(66,628),(72,3330),(87,1782)]	39.152930
115	[(1,3359),(12,729),(25,4508),(27,2648),(58,2382),(64,2773),(67,2194),(82,4372),(89,4499)]	39.660309
116	[(12,3151),(28,879),(46,5084),(69,747),(71,2758)]	40.084582
117	[(7,213),(19,820),(20,1645),(43,2278),(48,4893),(56,5304),(62,3261),(68,2167),(71,4166),(73,3474),(74,3683),(76,1413),(86,2226)]	40.227252
118	[(5,1993),(13,5063),(15,1660),(36,2741),(53,5112),(54,1723),(70,1036),(78,4506),(85,2669),(86,729)]	47.824587
119	[(1,2913),(2,1723),(13,4251),(19,408),(20,3081),(29,4340),(41,4559),(47,2263),(51,11),(64,4067),(74,4341)]	39.504666
120	[(17,1018),(38,511),(56,2505),(64,2638),(70,3306),(74,1347),(75,1993)]	40.029206
121	[(38,59),(65,5159),(69,2876),(71,3484),(84,1643)]	40.232854
122	[(2,1938),(12,2155),(23,2002),(46,4076),(91,2509)]	38.988311
123	[(22,697),(26,5017),(82,841)]	39.198048
124	[(10,1827),(13,3995),(33,2809),(34,3861),(51,1451),(57,2642),(70,4689)]	39.721062
125	[(20,4573),(29,2329),(51,4027),(54,4000),(56,1518),(76,3031)]	38.616974
126	[(2,2322),(7,2045),(24,1916),(42,3000),(53,3347),(58,129),(77,3464)]	40.021795
127	[(11,4526),(50,1836),(69,5273),(71,4612)]	44.169642
128	[(15,3498),(32,1181),(58,2057)]	40.563025
129	[(3,280),(25,1676),(37,1464),(39,4989),(40,1262),(85,3882)]	38.906412
130	[(20,808),(23,2840),(24,3018),(60,1485),(68,1088),(80,4452),(90,411)]	38.043620
131	[(13,2730),(42,2094),(44,2004),(48,3355),(58,2728),(71,1656),(77,226),(81,2709)]	39.043903
132	[(0,3836),(46,2427),(53,2408),(54,226),(65,4487),(71,3407),(87,3779),(88,1369),(92,24)]	37.733856
133	[(4,4378),(12,4827),(19,2922),(50,1952),(64,3776),(85,1690)]	48.994875
134	[(10,4370),(68,4325),(77,4854),(92,3555)]	45.366407
135	[(4,1495),(20,1440),(22,1079),(27,4157),(33,2290),(56,1938),(65,1479),(84,1734)]	39.973954
136	[(4,568),(9,3834),(21,797),(40,767),(63,4659),(76,5363)]	42.693499
137	[(0,1339),(2,416),(15,4292),(23,3603),(33,818),(44,3686),(52,3721),(57,4195),(72,1232),(83,15)]	40.664681
138	[(25,897),(30,4473),(32,4872),(48,1828),(50,3868),(58,4530),(64,4494),(67,1533),(88,4011)]	36.424730
139	[(4,3796),(34,3286),(36,4602),(38,1045),(54,4910),(58,4721),(77,5274),(78,2693),(88,1673),(92,1164)]	39.427954
140	[(13,3807),(17,2857),(20,104),(22,2339),(26,25),(73,2376),(74,3401),(77,668),(85,1575),(86,4464),(89,5036)]	41.138053
141	[(17,646),(64,5442),(86,167),(89,5133)]	40.132608
142	[(2,4284),(7,2511),(46,3383),(52,2539),(57,4737),(61,1197),(66,4284),(91,914)]	40.169582
143	[(11,5125),(16,4368),(52,3731),(58,273),(80,23),(86,812),(88,315)]	40.976610
144	[(6,3256),(10,613),(16,2096),(68,5343),(92,4660)]	36.201976
145	[(9,4702),(33,1899),(42,2867),(52,1334),(69,350),(88,1629)]	38.397595
146	[(3,5438),(25,5426),(49,3571),(54,3312),(55,3380),(56,4124),(59,3909),(61,4161),(70,2477),(75,3605),(80,2415),(84,2023)]	39.721856
147	[(10,5168),(12,3893),(20,530),(41,493),(44,5217),(48,1425),(73,1029),(76,5241),(81,1161)]	42.054266
148	[(11,628),(24,3072),(30,4531),(31,4867),(40,1490),(46,4077),(59,2440),(64,2946)]	40.149004
149	[(7,78),(18,1591),(27,2497),(31,4754),(41,3556),(51,4891),(56,3014),(57,2523),(66,284),(67,279),(79,529)]	40.499536
150	[(4,1121),(6,2242),(20,2746),(24,3272),(42,359),(63,2694),(74,1480),(88,3864)]	39.191849
151	[(3,2664),(5,4935),(8,3339),(11,1008),(26,2),(52,2169),(57,1913),(79,1214),(81,4837),(83,1507)]	40.389924
152	[(10,928),(30,3801),(35,634),(44,801),(54,141),(61,2057),(64,3668),(65,443),(68,3909),(72,1316),(80,2424),(84,5091)]	41.042553
153	[(5,2734),(37,3727),(62,1640),(65,2580),(71,2129),(72,2389)]	41.099722
154	[(10,2910),(20,1261),(31,403),(38,4884),(39,4729),(62,849),(68,122),(80,761)]	39.246137
155	[(30,4674),(48,1776),(52,1614),(68,2280)]	39.059326
156	[(3,4443),(12,4903),(26,1053),(39,793),(51,4705),(52,4424),(59,1860),(67,4676)]	39.301339
157	[(2,1372),(5,4241),(15,519),(25,530),(32,4557),(39,1062),(61,4992),(73,4266),(82,2577),(86,5144)]	39.852871
158	[(20,2432),(32,4440),(38,2051),(73,5346),(81,2031),(89,1502),(90,4075),(91,5396)]	46.093492
159	[(0,3038),(41,4561),(49,996),(54,4071),(72,1116),(75,4238),(80,3926),(82,797),(84,1334),(92,5013)]	46.098664
160	[(13,1053),(20,3685),(43,1545),(59,4285),(75,675)]	48.171328
161	[(26,2704),(34,2869),(42,2921),(45,3932),(65,3678)]	46.474132
162	[(5,5021),(7,1568),(46,3477),(52,1713),(59,2333),(64,421),(69,1598),(75,260)]	39.832663
163	[(25,2977),(26,1138),(27,1393),(28,1561),(43,1610),(54,1791),(69,3948),(84,5007)]	39.290648
164	[(6,1111),(69,5206)]	37.948564
165	[(12,2785),(16,2330),(23,3880),(27,4537),(29,2675),(47,2367),(52,1419),(54,1536),(57,2755),(71,2510),(72,3130)]	37.924636
166	[(4,4851),(39,37),(53,535),(57,516),(59,5382),(69,574),(74,3146),(78,4525),(87,4208)]	38.123759
167	[(11,1310),(16,556),(31,5100),(34,5276),(36,1077),(40,585),(53,1142),(75,4992),(85,1231)]	39.639985
168	[(0,5395),(16,5318),(34,2436),(38,2155),(42,3777),(65,4564),(69,4219),(80,1209),(81,3361),(84,221)]	38.264430
169	[(3,1536),(10,4),(29,2056),(34,4421),(41,4543),(43,1151),(65,4242),(66,852),(78,618)]	38.045004
170	[(19,3515),(28,4999),(37,2467),(56,3244),(60,4130)]	38.130965
171	[(15,4353),(17,3899),(20,4588),(33,864),(47,3418),(55,5107),(58,3520),(66,3564),(71,803)]	39.591796
172	[(62,2413),(75,2411)]	38.406987
173	[(0,3240),(13,2342),(23,2692),(30,5191),(41,1249),(42,1511),(44,4498),(53,2952),(79,422)]	37.888747
174	[(4,1829),(9,449),(21,467),(23,1962),(26,4685),(27,2548),(44,2387),(59,1537),(61,2525),(62,2787),(64,5224),(69,2824),(78,788),(85,1981),(91,360)]	39.895812
175	[(13,3522),(29,3917),(46,535),(78,4109),(83,375),(84,2105),(87,2843),(88,3071)]	40.406394
176	[(8,2532),(32,4058),(35,2208),(79,3998),(85,2454),(87,1704)]	44.899869
177	[(4,4516),(14,4617),(17,4461),(57,1263),(66,1278),(79,4331)]	43.953676
178	[(0,1649),(9,4052),(15,2000),(22,1711),(70,2231),(72,1683),(77,775),(88,5338)]	41.794592
179	[(6,3063),(18,3628),(36,3079),(42,3056),(51,1976),(61,1379),(77,1286)]	42.557572
180	[(7,4525),(12,3731),(27,1654),(60,4852),(66,4621),(81,2720)]	41.460125
181	[(7,4379),(11,2703),(16,5341),(18,3181),(19,4147),(29,411),(44,3291),(45,4535),(88,1523),(90,1187)]	47.531746
182	[(7,1561),(48,2461),(55,5055),(56,4403)]	39.306308
183	[(38,1220),(39,1156),(62,3536),(70,861),(86,282),(91,4389),(92,4086)]	40.985096
184	[(0,2839),(4,561),(24,2995),(25,1216),(26,1977),(33,3188),(65,5336),(67,2123),(68,941),(85,3991)]	43.160763
185	[(24,1189),(27,2145),(28,4727),(34,4609),(37,3991),(49,2738),(50,4427),(75,4007),(80,3346)]	43.929315
186	[(21,3368),(32,3149),(35,5062),(55,690),(61,5328),(68,650),(90,5343)]	44.167389
187	[(52,1789),(55,5300),(63,1875),(66,3311),(69,154),(75,4821),(81,3451)]	44.996483
188	[(2,5365),(9,4676),(18,5366),(36,2182),(40,105),(66,2800),(75,3938),(77,135),(78,4092)]	37.747858
189	[(33,5183),(35,615),(44,116),(53,5252),(56,4062),(73,5114),(83,1482),(84,3676)]	41.740312
190	[(8,3306),(14,2098),(15,160),(26,5288),(33,5427),(38,3312),(40,2894),(53,5029),(56,2678),(64,79),(69,3771),(71,1954)]	42.267527
191	[(8,134),(21,2183),(37,4411),(46,945),(50,5317),(54,5019),(62,2399),(74,606),(85,925)]	42.047886
192	[(4,2376),(16,4825),(17,4641),(21,1528),(26,664),(34,3902),(45,5235),(51,1383),(61,271),(86,2901)]	40.927959
193	[(2,4095),(10,4023),(13,3825),(17,2232),(18,658),(29,5378),(31,1635),(48,909),(59,377),(85,2134),(91,3216)]	41.086780
194	[(5,2545),(10,4365),(15,5199),(22,2095),(28,1875),(37,3133),(54,2319),(60,3979),(65,1538)]	41.103969
195	[(1,4278),(2,191),(8,1149),(15,2040),(25,2480),(31,678),(60,3438),(74,207)]	40.938027
196	[(0,2537),(16,2722),(18,1930),(32,3366),(47,1250),(65,258),(68,4283)]	41.955252
197	[(15,4508),(61,1035),(65,3008),(73,650),(84,3985)]	41.642820
198	[(3,3593),(30,3422),(40,4831),(50,4942),(58,1612),(78,2490),(82,4933),(86,3935)]	42.695101
199	[(19,4315),(46,5178),(50,1104),(67,2734),(90,4459)]	21.833051
200	[(1,1778),(17,4324),(23,1815),(30,1618),(39,4974),(41,234),(67,2185),(81,1670),(84,3390),(90,3647)]	23.000563
201	[(0,2851),(13,4375),(20,1763),(22,405),(34,5357),(40,4824),(65,4167),(66,740),(74,112),(88,4773)]	26.222501
202	[(3,635),(12,1284),(30,1998),(31,2307),(36,1534),(56,2381)]	19.959347
203	[(4,3604),(16,1311),(17,5287),(30,2233),(42,2248),(58,2160),(67,5083),(87,4942),(91,3309)]	19.523166
204	[(4,3464),(5,4170),(29,25),(46,5365),(49,5097),(57,1999),(69,2204),(82,3383),(84,4759),(89,1501)]	23.283141
205	[(19,4506),(32,5436),(41,1746),(69,1951),(76,116),(86,2993)]	22.463782
206	[(0,1896),(11,1308),(14,3969),(28,2167),(41,3268),(45,3237),(50,260)]	21.689334
207	[(7,758),(24,2598),(35,932),(48,1571),(50,595),(56,5010),(91,61)]	22.470386
208	[(24,935),(25,2487),(42,3640),(51,1592),(56,1638),(57,837),(73,3043),(84,1949)]	20.334631
209	[(5,1097),(13,4827),(15,2110),(29,3227),(54,3731),(56,365),(65,292),(90,4357)]	21.326646
210	[(1,2256),(13,1967),(21,5409),(45,3778),(57,731),(61,3849),(72,622),(81,2939)]	21.483541
211	[(7,1325),(8,1243),(44,5138),(45,3268),(49,868),(56,397),(87,1203),(90,3797)]	22.794623
212	[(13,1802),(20,246),(21,3792),(37,1788),(44,4775),(46,4007),(62,2163),(71,4272),(73,2740)]	19.852227
213	[(19,2507),(21,1737),(25,1847),(26,4321),(28,1759),(71,5214),(86,3973),(92,3486)]	20.650934
214	[(12,498),(22,603),(46,324),(49,277),(58,2212),(63,152),(68,414),(71,5033),(76,747),(85,2612),(91,2873)]	23.258837
215	[(15,97),(42,3449),(58,1794),(65,1961),(88,5089),(90,4709),(92,3517)]	20.646626
216	[(9,5205),(27,3041),(36,2813),(43,501),(77,1394)]	20.196993
217	[(5,4150),(8,4515),(10,3065),(11,339),(15,4722),(38,1512),(50,5357),(71,3067)]	21.084068
218	[(7,3629),(14,5312),(39,1499),(40,4619),(42,4913)]	19.852359
219	[(2,172),(19,4824),(26,1733),(37,3746),(43,448),(62,4833),(65,1449),(72,2736)]	21.258168
220	[(15,3847),(41,4852),(50,3652),(71,4614),(79,1486)]	20.529300
221	[(1,408),(6,967),(13,5398),(26,655),(35,4258),(53,5324),(77,4975),(87,5192)]	20.336227
222	[(2,1854),(4,1274),(28,3737),(34,3278),(39,4851),(59,3022),(62,5305),(63,5355),(71,137),(79,4190),(84,709)]	20.098573
223	[(15,1663),(26,3914),(35,946),(47,2089),(64,4648),(67,4097),(72,3027),(74,1821)]	19.808178
224	[(0,3100),(3,4543),(8,2716),(30,2223),(34,3507),(42,3870),(43,257),(50,1294),(59,1606),(71,4643),(74,4481),(88,5422)]	37.532796
225	[(61,1459),(75,2436),(78,5376),(92,4843)]	21.490042
226	[(5,184),(6,3855),(10,919),(22,4928),(24,2369),(38,1512),(79,1469),(85,4173),(87,72),(89,554),(91,3636)]	19.594298
227	[(9,5304),(28,645),(41,4409),(83,3532),(87,5291)]	19.527088
228	[(1,3157),(2,1616),(21,3914),(23,3649),(45,3881),(46,3352),(53,1769),(75,3296),(82,4073),(85,2310),(86,3217),(90,2975)]	20.117160
229	[(16,2707),(22,3698),(27,1274),(41,2946),(48,2069),(86,2096),(91,2180)]	19.606921
230	[(16,3949),(64,765),(71,3248),(81,2015)]	19.853447
231	[(6,1335),(11,2932),(12,3179),(30,2163),(37,5090),(61,5218),(70,4100)]	19.984798
232	[(48,3970),(54,3685),(58,1617),(63,1541),(68,2856),(78,1437),(91,4503),(92,2962)]	19.352940
233	[(3,2833),(11,1302),(18,3243),(21,867),(27,3281),(45,28),(64,4227),(71,3202),(76,4224)]	22.143839
234	[(3,77),(4,2624),(5,2482),(9,5095),(20,150),(28,4783),(29,2936),(36,3832),(56,1956),(62,3841),(68,2504),(75,2972),(76,1818)]	19.648568
235	[(4,2626),(5,978),(6,2756),(21,1994),(23,2496),(29,3515),(49,1093),(62,3151),(67,3984),(77,3087),(81,3461),(83,1111)]	20.480272
236	[(7,1736),(33,1344),(45,3001),(81,3120),(86,1115)]	20.239602
237	[(7,2272),(9,3305),(14,4944),(34,5344),(46,3349),(57,3502),(65,3247),(73,4118),(75,2948),(80,1991),(82,1380)]	20.098736
238	[(51,2011),(89,4887)]	20.167919
239	[(7,12),(53,832),(67,2789),(71,2747),(79,4970),(83,1684),(91,1323)]	23.869087
240	[(0,5020),(1,4351),(11,4865),(16,423),(24,4719),(25,1652),(39,577),(92,814)]	20.970098
241	[(0,631),(15,373),(18,1038),(33,1088),(39,2048),(52,191),(90,1508)]	19.947310
242	[(2,4724),(3,2315),(15,2875),(21,671),(74,1212)]	20.096702
243	[(22,261),(24,4769),(35,4230),(61,2075),(70,4358)]	20.066220
244	[(0,829),(5,2732),(6,4423),(26,916),(29,4797),(63,2093),(89,2985)]	19.888573
245	[(14,3194),(30,3727),(56,4665)]	19.812879
246	[(5,3626),(7,347),(24,4461),(27,5277),(49,4565),(61,448),(70,3768),(80,2725),(92,2845)]	20.692348
247	[(19,2222),(21,417),(35,156),(36,4517),(65,3089),(72,5249),(73,3602),(81,610)]	20.189290
248	[(22,1345),(33,4478),(36,4337),(40,2963),(54,2600),(60,3152),(64,203),(70,4778),(75,3990),(92,1037)]	27.824877
249	[(26,2446),(41,4697),(47,60),(58,4632),(64,3526),(67,4748),(77,3872),(82,862),(86,2757)]	22.190088
250	[(1,128),(6,902),(8,2287),(22,62),(26,4640),(54,2626),(55,978),(58,1623),(62,4615)]	19.800592
251	[(15,1989),(20,4866),(26,1232),(28,3019),(92,5044)]	20.906479
252	[(1,4366),(4,4491),(5,2872),(14,4732),(17,2867),(40,486),(62,1466),(65,5020),(80,5356)]	20.538097
253	[(16,1647),(17,897),(29,4122),(30,4895),(51,1859),(54,1146),(84,720)]	19.710744
254	[(7,4229),(11,5161),(13,1783),(31,4171),(36,5440),(51,1557),(56,1205),(67,1727),(69,2547),(71,159),(74,572),(76,2447),(86,1025),(91,1580)]	21.877473
255	[(1,3079),(8,4024),(28,2285),(29,4742),(32,3641),(50,2489),(54,163),(58,5424),(59,1621),(61,3083),(64,2151),(67,2419),(69,5230),(72,1817),(81,5350)]	20.582258
256	[(14,3946),(18,5218),(21,3311),(24,154),(34,4981),(35,167),(46,4464),(48,4340),(61,2526),(67,770),(86,269)]	20.062491
257	[(1,1326),(24,715),(25,2655),(69,1948),(85,5175)]	19.792740
258	[(7,999),(8,1345),(26,5363),(29,241),(31,3826),(50,1679),(59,4332),(78,5175),(84,2241)]	19.920007
259	[(7,2745),(25,960),(40,949),(41,213),(53,3350),(55,49),(77,4764),(79,3090),(81,4118),(85,3638)]	19.836759
260	[(4,690),(19,2642),(41,645),(80,3763),(84,1904)]	19.779532
261	[(36,1433),(69,3444),(82,4302),(90,2446)]	19.695321
262	[(8,3763),(17,1622),(21,2014),(62,4721),(70,851),(90,1363)]	22.570249
263	[(11,675),(12,3651),(24,2641),(26,2771),(51,4888),(52,4275),(54,3557),(61,2343),(73,5233),(84,3988)]	20.152386
264	[(6,5228),(24,2334),(40,4667),(57,399),(73,5085),(75,3219)]	20.998988
265	[(2,3892),(35,5289),(39,1538),(59,4221),(64,2617),(76,2834),(79,152),(82,2358)]	20.069297
266	[(4,1660),(6,1589),(13,4481),(16,108),(26,2290),(40,1533),(56,4906),(74,2625),(77,4378),(78,5364)]	19.639686
267	[(12,4366),(52,3298),(53,1955),(58,4720),(74,2970),(79,4094),(88,1450)]	19.264469
268	[(3,89),(22,362),(24,3610),(29,919),(42,2402),(81,3525),(88,207)]	20.409416
269	[(23,2539),(39,4662),(71,1514),(76,1502),(77,5054),(83,1993),(85,3627)]	19.771787
270	[(2,2636),(37,1353),(40,402),(42,3451),(91,5286)]	19.423797
271	[(19,4301),(36,2746),(43,738),(49,4086),(55,1773),(62,4604),(73,240),(75,2057),(91,2415),(92,826)]	19.988978
272	[(3,2555),(12,819),(15,857),(19,3938),(22,222),(31,597),(35,5440),(46,1878),(81,3423)]	19.921066
273	[(4,1117),(6,2012),(8,4093),(24,4587),(30,1787),(35,5145),(40,4326),(73,3321),(83,2249),(85,5379)]	21.360671
274	[(15,3658),(36,1989),(40,903),(44,351),(65,2908),(66,4948),(68,3636)]	39.054071
275	[(7,5268),(13,2615),(16,4251),(21,4205),(23,1267),(33,4665),(44,5007),(48,1024),(49,2028),(53,3820),(61,3429),(78,388),(80,1408)]	20.053472
276	[(3,4679),(4,2715),(15,4808),(37,3000),(43,446),(55,2362),(57,2383),(58,1180),(76,1751)]	20.198206
277	[(7,4946),(19,2742),(24,3672),(28,2822),(38,5377),(43,4807),(48,1349),(53,4064),(55,3628),(58,4873),(68,2999),(77,2280),(88,3300)]	19.459844
278	[(3,534),(31,4719),(32,1652),(39,5131),(40,1009),(50,2224),(53,3159),(56,50),(57,3276),(61,5216),(81,3019),(92,2003)]	19.926034
279	[(9,4016),(17,1901),(54,3671),(64,3607)]	21.608783
280	[(20,3566),(33,4140),(49,4047),(77,3815),(83,4606),(85,3799),(89,988)]	19.944068
281	[(29,350),(47,1397),(51,1046),(72,1276),(90,3125)]	19.547453
282	[(5,4975),(12,3790),(16,1838),(21,3786),(30,3855),(38,4396),(43,4362),(47,688),(59,196),(64,3028),(65,1389),(66,2409)]	20.089910
283	[(0,1744),(25,4186),(38,4199),(68,3605),(72,4162),(77,1953),(88,5053)]	19.940076
284	[(23,3618),(27,4182),(29,3271),(43,2117)]	19.871887
285	[(8,1037),(13,2172),(36,1999),(44,2745),(71,3356)]	19.510597
286	[(21,684),(24,323),(34,2054),(36,3681),(42,4766),(69,279),(73,1578),(78,391),(80,2899),(92,3832)]	20.672297
287	[(19,4213),(43,3687),(47,4880),(55,2820),(59,285),(69,436),(91,2983)]	21.783939
288	[(1,4153),(5,4285),(9,4637),(17,125),(21,5106),(89,1797),(90,4609),(92,2975)]	19.678516
289	[(4,1952),(8,1303),(20,1018)]	20.023059
290	[(2,1228),(3,2778),(6,1167),(13,2606),(14,5428),(21,2537),(36,3161),(54,3726),(75,4505),(79,773),(82,1670)]	20.359061
291	[(10,1375),(14,2960),(27,596),(37,4569),(55,2488),(56,4777),(62,2561),(79,796)]	20.061577
292	[(4,4375),(5,4679),(8,5095),(10,4116),(11,947),(24,138),(33,5403),(35,1043),(42,3493),(43,1156),(46,1008),(62,109),(66,857),(67,3137),(75,2570),(86,4846),(88,3562)]	20.194956
293	[(8,2490),(53,3929),(72,1559),(74,857),(79,1469),(86,3307),(92,3870)]	20.652840
294	[(1,2687),(30,3988),(43,4935),(45,4901),(69,5032),(72,893),(76,819),(78,1076),(82,1703),(87,2083)]	22.128553
295	[(9,3835),(19,8),(30,2676),(33,1782),(47,635),(58,5030),(63,5352),(66,283),(68,3121),(75,4384)]	21.376276
296	[(0,169),(16,1531),(22,546),(30,4594),(54,784),(56,5378),(77,4860),(82,4472),(83,3319)]	26.976690
297	[(2,3225),(3,1350),(12,1450),(23,4373),(25,4423),(33,3682),(55,4735),(69,3686),(72,1332),(77,4118),(89,2594)]	20.125400
298	[(30,2575),(31,4405),(35,1373),(37,3555),(76,412)]	20.526466
299	[(1,3755),(14,1218),(18,2382),(28,2541),(33,1929),(47,2225),(48,5256),(57,1883),(84,3043)]	20.530420
300	[(0,5148),(28,3985),(30,1677),(37,5104),(45,4178),(73,3795),(77,1740),(79,2809),(80,3861)]	20.407035
301	[(19,2816),(26,1279),(62,771),(83,1714),(92,272)]	19.444946
302	[(6,4542),(11,2735),(24,3691),(28,2548)]	19.725323
303	[(4,2871),(37,1580),(52,1421),(59,1560),(60,1071),(62,104),(75,60),(77,2266),(87,760)]	21.328560
304	[(11,2724),(12,2831),(17,1535),(29,4982),(32,2112),(51,4852),(53,2419),(77,3753)]	23.784107
305	[(9,2086),(28,2569),(41,2442),(64,4671),(70,2074),(78,3776),(81,3678),(85,4178)]	22.960432
306	[(1,941),(11,600),(31,2830),(35,1074),(44,5112),(50,3338),(56,3967),(78,5040)]	19.786677
307	[(0,3422),(22,5213),(33,3605),(64,4774),(74,2766)]	19.506674
308	[(4,389),(25,4778),(29,4284),(31,3452),(40,3067),(54,3955),(57,1203),(91,2812)]	19.999944
309	[(4,3144),(5,286),(7,4416),(43,187),(47,5409),(50,2991),(56,2991),(66,2106),(78,3564),(90,1441)]	19.957996
310	[(1,3433),(4,1348),(18,861),(36,2158),(39,941),(48,2490),(72,3468),(77,405)]	23.517896
311	[(1,3644),(43,2385),(47,5161),(67,2326),(69,4337),(82,2648),(84,2141),(85,5112)]	24.961086
312	[]	19.919374
313	[(3,4413),(20,1754),(27,2233),(45,2820),(59,4003),(91,3257)]	19.711394
314	[(15,1199),(39,3522),(45,2213),(54,3761),(65,1048),(67,3115),(73,3075),(87,2219)]	19.722018
315	[(34,181),(38,1460),(56,5324),(58,1272),(65,3457),(66,1895),(86,2261)]	19.983416
316	[(22,1861),(33,4510),(65,2293),(69,3476),(88,3257)]	19.638734
317	[(6,931),(31,3680),(32,2048),(48,841),(50,5164),(51,4174),(67,5370),(70,3386),(77,150),(83,641),(84,2205)]	20.122220
318	[(26,1174),(50,4903),(61,355)]	20.353072
319	[(12,1747),(20,1661),(21,2573),(26,4370),(49,572),(51,2447),(69,1551),(75,722)]	19.618796
320	[(21,3141),(29,2958),(52,4439),(75,3321),(85,3317),(88,1645),(90,2198)]	19.936482
321	[(4,3053),(27,340),(39,3189),(40,2217),(55,688),(74,3089),(78,892),(85,4118)]	19.407561
322	[(22,390),(32,1112),(37,4657),(49,5067),(51,1670),(67,1822),(70,5307),(73,2830)]	19.736586
323	[(3,1975),(11,5147),(14,2478),(15,3516),(47,4820),(56,388),(61,659),(71,3359)]	32.153503
324	[(0,2405),(12,2501),(22,4407),(37,882),(62,456),(73,3508),(87,3325),(88,4729)]	27.081824
325	[(0,1847),(15,1986),(35,4622),(72,4988),(84,3821)]	19.717402
326	[(0,2037),(6,3788),(10,1029),(52,3472)]	20.438638
327	[(10,4781),(24,917),(27,5248),(34,1793),(44,5030),(46,2858),(47,2346),(49,1620),(78,4042),(79,629),(80,2429),(84,374),(92,3297)]	19.905069
328	[(7,1973),(10,2583),(24,22),(41,380),(49,4916),(58,3878),(60,1381),(75,306),(80,3154)]	21.666694
329	[(1,5021),(13,1779),(25,5447),(40,5004),(42,4249),(55,297),(60,4798),(62,4223),(68,2994),(85,3408),(91,1670)]	19.738087
330	[(1,2741),(4,5408),(6,3417),(22,5132),(25,4488),(30,4493),(33,3493),(43,335),(59,1428),(60,1126),(61,1365),(70,4385),(78,3512)]	19.800246
331	[(42,1367),(55,4361),(59,4186),(72,450),(74,4518)]	19.899085
332	[(14,5446),(22,3645),(30,3137),(50,2831),(68,4454),(80,87),(90,1867)]	19.436336
333	[(10,212),(23,4623),(24,5131),(25,3840),(31,5275),(52,2472),(53,5047),(61,523),(63,804),(72,2728),(84,4368)]	19.335008
334	[(11,1899),(38,4810),(51,2159),(60,1319),(80,3685),(85,4683),(91,4624)]	19.961807
335	[(1,4641),(3,4481),(4,3230),(34,245),(54,4055),(57,3190),(60,3420),(61,2747),(70,1464),(78,4873),(87,2925)]	23.352826
336	[(16,5110),(19,4235),(61,1349),(85,4458)]	19.935143
337	[(3,2321),(24,2281),(29,3100),(41,5439),(52,4329)]	19.644149
338	[(1,3842),(5,433),(11,258),(29,381),(43,1203),(44,2338),(62,4260),(65,1377),(70,2608),(77,4007),(84,4684),(86,810)]	20.674882
339	[(13,4140),(17,203),(34,3344),(54,3110),(73,1938),(77,1451)]	19.700115
340	[(1,1431),(6,300),(8,3690),(44,5350),(60,4522),(61,2924),(64,1482),(89,4298)]	20.769925
341	[(35,1606),(46,3329),(56,4869),(60,1861),(81,2339)]	20.196391
342	[(21,1530),(50,250),(69,2912),(84,749),(87,2005),(88,4219),(89,1529)]	19.541198
343	[(0,2769),(6,395),(15,1420),(16,4572),(42,1558),(43,3388),(48,709),(57,3916),(75,2517),(77,3420),(78,2747)]	22.600201
344	[(14,4196),(18,3459),(48,4223),(60,1221),(78,4367),(91,4207)]	25.953049
345	[(1,1304),(14,3547),(28,123),(37,19),(47,2723),(62,4611),(68,4812),(78,5366),(81,2170),(84,1816),(92,2770)]	21.282170
346	[(51,2178),(56,2026),(69,687),(80,5151),(84,3352),(91,674)]	19.849591
347	[(9,1143),(14,1179),(15,1938),(44,959),(82,117),(92,2480)]	20.819886
348	[(2,1591),(16,5290),(35,2184),(46,2054),(48,4976),(58,3657),(63,3757),(64,289),(71,1307),(73,1854),(75,5116),(84,4416),(87,4751)]	19.824717
349	[(5,4542),(13,4924),(15,3757),(29,3818),(63,2027),(85,961)]	20.148987
350	[(8,4760),(32,4850),(35,3695),(64,272),(77,1840),(88,440),(91,2368)]	20.826673
351	[(5,154),(21,1449),(27,763),(59,5088),(71,579),(87,2895)]	20.084880
352	[(2,2840),(3,3018),(16,3286),(32,169),(39,1197),(46,253),(53,2360),(62,1309),(63,2381),(78,2695)]	21.204256
353	[(69,3748),(77,5278)]	20.464400
354	[(0,3680),(8,1915),(14,531),(40,888),(63,324),(71,1363),(73,4910)]	21.067030
355	[(8,1024),(9,2028),(11,5418),(12,4529),(18,4682),(19,4968),(25,4554),(35,4866),(58,646),(73,337),(87,1387)]	20.009429
356	[(5,3782),(16,699),(31,1380),(54,4717),(66,3935),(72,5353),(74,1142),(76,5369),(77,3950),(78,656)]	22.582943
357	[(3,5277),(17,2293),(19,792),(39,5285),(77,5311),(79,4902),(89,2567),(90,2141),(91,4595)]	20.029234
358	[(15,2838),(25,5296),(31,3009),(63,4993),(64,2023),(84,4651)]	23.701406
359	[(0,3119),(16,4635),(21,3734),(47,1504),(55,3700),(62,4695),(68,2476),(92,1585)]	19.650834
360	[(4,4289),(14,5130),(29,470),(47,533),(61,3827),(62,2838),(68,3421),(72,5345),(84,4649),(86,3456),(88,568)]	20.517312
361	[(9,3824),(29,675),(41,3303),(59,5416),(78,2369)]	19.240731
362	[(8,3385),(12,2515),(17,4935),(37,1483),(38,795),(41,5167),(45,3329),(61,1464),(90,3113)]	20.207172
363	[(8,1121),(29,4524),(71,4238),(91,1546)]	19.959288
364	[(1,295),(9,2533),(10,1848),(18,886),(39,5078),(45,3491),(55,4594),(60,736),(65,1074),(67,388),(71,4724),(73,4534),(74,5014),(81,3909)]	19.350724
365	[(10,895),(13,4023),(17,4056),(27,3054),(50,2950),(52,367),(75,4960),(88,4994),(89,977)]	19.450910
366	[(15,1916),(27,3327),(52,58),(61,3484),(83,4606),(91,1076)]	19.529451
367	[(11,4083),(12,1580),(48,2419),(73,4005)]	20.096377
368	[(10,1834),(11,371),(12,5399),(18,1201),(19,1709),(21,2336),(22,1066),(25,5240),(26,2072),(27,4992),(38,3894),(49,400),(66,3011),(92,4079)]	20.082746
369	[(11,4161),(12,4125),(15,339),(32,1691),(33,4135),(36,5106),(41,1919),(64,2563),(68,2440),(92,560)]	19.553846
370	[(3,5020),(10,3417),(13,747),(20,2181),(23,2475),(29,4947),(32,2547),(63,1465),(72,1256),(73,2004),(84,1125)]	19.624926
371	[(4,2073),(32,3543),(39,627),(73,811),(76,2788)]	19.344394
372	[(19,3523),(20,2167),(25,5305),(26,5355),(46,2327),(59,3847),(69,4114),(70,932),(77,5290),(83,3104)]	19.593595
373	[(53,2810),(56,24)]	37.560771
374	[(5,5373),(9,3102),(23,116),(25,1336),(29,5401),(45,1434),(51,2789),(62,3175),(77,1479),(82,1901),(85,1983),(87,4796)]	23.620095
375	[(27,5242),(32,2870),(35,4901),(59,745),(90,681)]	19.775610
376	[(10,4047),(42,5283),(53,3765),(61,3346),(64,4096),(73,2295),(88,5193),(89,229)]	20.401764
377	[(9,2060),(11,1978),(31,931),(34,3615),(49,3696),(68,35),(75,2577)]	20.892587
378	[(10,700),(14,1242),(38,1162),(46,4015)]	20.151945
379	[(32,616),(40,3776),(49,1658),(56,2269),(58,4628),(68,2544),(72,4961),(76,908),(88,5209)]	19.637033
380	[(1,2913),(2,1723),(15,4121),(30,4841),(69,5169),(75,3974)]	19.840582
381	[(17,696),(47,3956),(66,2659),(68,2500),(87,5446)]	19.627701
382	[(0,2368),(38,558),(58,4152),(71,2172),(76,5402),(81,2926)]	20.262858
383	[(13,3437),(26,881),(58,2206),(81,634),(89,4183),(91,2530)]	21.925601
384	[(1,2905),(3,882),(16,2298),(30,205),(36,1151),(44,1329),(47,2666),(78,2472),(79,5047),(82,1850)]	20.959634
385	[(11,4376),(36,1802),(38,66),(40,543),(41,4245),(42,1405),(70,1289),(80,1315),(81,2953),(83,4077)]	21.211285
386	[(5,5117),(19,3506),(21,3019),(22,1721),(52,2201),(62,4654),(65,1218),(67,1574),(84,3101)]	19.627597
387	[(6,3680),(10,410),(19,1868),(51,5238),(55,104),(61,3524),(63,3884),(75,3267)]	21.641796
388	[(1,34),(8,2219),(9,1566),(29,3486),(37,2661),(40,1607),(57,1298),(60,4289),(82,1759),(85,2921),(87,952)]	21.059023
389	[(0,769),(10,263),(60,4599),(71,2675),(91,2696),(92,4082)]	19.682325
390	[(10,277),(16,2809),(42,5186),(46,1805),(50,2838),(55,4319),(70,5135),(83,5413),(87,84)]	19.904244
391	[(11,3740),(17,5187),(23,301),(24,1087),(39,1474),(51,3354),(63,998),(84,728),(85,3447),(88,1883),(92,1084)]	25.385776
392	[(8,17),(11,4858),(13,250),(29,3467),(34,5057),(46,5262),(48,3536),(76,3102),(82,2197)]	22.315373
393	[(17,3638),(28,2710),(82,3569)]	19.627756
394	[(11,1842),(29,4817),(41,4672),(92,552)]	19.636377
395	[(36,179),(50,232),(68,4488),(79,5002),(80,1790),(88,2819)]	21.290878
396	[(20,1002),(32,4764),(45,4251),(69,3216),(77,2415)]	20.144750
397	[(4,463),(12,298),(15,4106),(31,4089),(50,1394)]	21.209174
398	[(1,4744),(2,5302),(21,4986),(45,2079),(49,1539),(50,3255),(72,4134),(90,3162)]	20.097945
399	[(16,2194),(36,5139),(46,230),(48,2728),(55,3420)]	19.755571
400	[(24,3347),(54,3344),(56,3581),(71,2174),(87,512)]	22.804574
401	[(12,737),(19,4624),(28,2987),(33,3542),(38,3298),(54,2672),(58,1725),(67,4547),(76,5362),(81,1996)]	20.588757
402	[(6,5183),(10,2059),(11,1699),(28,4811),(30,3778),(58,880),(68,2501)]	19.726187
403	[(7,2999),(10,595),(14,2603),(28,5415),(41,1279),(48,2311),(50,5244),(53,1283),(55,4980),(59,5286),(78,2907),(84,1082),(88,5128),(89,2777)]	19.959979
404	[(6,82),(14,341),(16,4026),(29,2311),(33,4649),(35,3456),(37,568),(53,1444),(66,2712),(76,4756),(78,2328),(88,3645),(91,3893)]	20.510564
405	[(1,4438),(30,3958),(33,4256),(45,2623),(56,4190),(64,5302)]	20.685832
406	[(1,292),(14,1693),(32,4793),(37,328),(54,1348),(55,2680),(56,2259),(62,1922),(64,2890)]	22.950111
407	[(12,1931),(61,2606),(66,3884),(72,2198)]	21.323563
408	[(15,4091),(18,3609),(20,671),(45,4313),(69,2904)]	28.712516
409	[(22,2184),(31,829),(41,2606),(49,648),(51,1166),(73,2589),(82,4894),(86,3974),(90,3362)]	20.686005
410	[(4,758),(44,4591),(48,3393),(57,1916),(58,3961),(82,4394),(87,1344),(90,1500)]	23.246734
411	[(0,4891),(3,942),(14,1182),(15,3686),(22,1262),(23,2021),(30,58),(38,3259),(41,2968),(61,5400),(65,4683),(88,2154)]	19.747174
412	[(12,1979),(17,2054),(28,4643),(68,477),(69,4823),(73,4807),(77,304),(85,3203)]	20.448478
413	[(16,2151),(19,4691),(20,2294),(22,990),(33,5043),(48,680),(58,4295)]	19.382318
414	[(23,4225),(24,150),(89,4997),(90,3984)]	20.123792
415	[(22,4573),(40,3948),(45,921),(47,3145),(56,2796),(57,5124),(87,1241)]	28.139629
416	[(5,2596),(11,5010),(32,4949),(38,4497),(42,594),(82,2642)]	19.750062
417	[(5,3826),(37,928),(40,2709),(53,4977)]	20.734028
418	[(1,252),(4,1787),(17,1700),(19,1953),(65,2117),(84,5148),(85,3924)]	19.515190
419	[(3,2860),(28,3136),(37,18),(42,3195),(48,4020),(52,443),(60,1714),(66,1608),(67,3452),(83,835)]	20.317776
420	[(8,5175),(13,4953),(45,3448),(52,3231),(53,5123),(62,535)]	21.548199
421	[(11,1692),(42,4952),(59,1369),(71,3477),(74,3612),(79,3253)]	25.671831
422	[(8,1220),(17,5138),(29,4775),(34,4518),(39,3111),(61,3739)]	48.773640
423	[(15,2300),(21,5316),(23,3196),(26,4166),(38,1580),(60,292)]	40.081749
424	[(20,464),(23,2005),(34,3862),(45,878),(49,2540),(55,3481),(60,847),(63,4136),(73,546),(89,569)]	19.692234
425	[(3,1964),(12,1813),(21,3129),(37,5368),(40,112),(45,3431),(46,5286),(49,2907),(52,3421),(60,3349),(83,3397),(85,395),(86,2868),(89,4388),(90,287)]	19.719265
426	[(29,2097),(38,874),(46,3808),(63,421),(70,4371),(75,2024),(91,4722)]	19.504292
427	[(2,2459),(20,5054),(27,3515),(45,2835),(54,2361),(64,2203),(85,4264),(89,2351),(92,2635)]	19.995105
428	[(8,1689),(26,1409),(61,2173),(62,1765),(67,4702),(89,3059),(91,3247)]	23.193100
429	[(9,3357),(11,748),(17,1984),(25,5277),(26,1797),(32,1474),(60,4083),(61,1580),(75,1948),(77,518),(83,747),(87,4605)]	21.114839
430	[(7,1384),(15,3218),(25,4966),(26,5257),(33,1090),(41,2299),(49,942),(61,3397),(63,3699),(80,1344)]	20.138491
431	[(3,3222),(10,4523),(15,625),(52,5352),(55,2195),(59,3132),(61,2961),(64,2006),(65,2003),(66,3899),(69,3966),(73,5314)]	23.322853
432	[(2,4521),(22,4401),(24,169),(55,2623),(57,812),(65,1872),(71,5211),(72,4571),(88,2579),(91,97)]	25.526987
433	[(21,1091),(43,4405),(52,2366),(75,141),(78,2398)]	22.515011
434	[(43,3656),(45,966),(46,5375),(81,2211),(90,409)]	19.871272
435	[(15,657),(35,4068),(40,2625),(43,4378),(44,5364),(47,4165),(48,2925),(70,1781),(85,1408)]	24.132070
436	[(0,3966),(1,4816),(5,2758),(11,695),(21,3881),(25,43),(37,2404),(57,827),(58,913),(59,4823),(63,1831),(84,5042),(92,3117)]	28.436894
437	[(18,4520),(30,971),(31,633),(50,3674),(75,4645),(84,4044)]	23.172336
438	[(70,4109),(72,1032),(83,731),(84,827)]	29.854726
439	[(14,4100),(22,1302),(29,4780),(32,5007),(41,3386),(47,73),(62,3921),(81,1498),(87,4758),(88,1535)]	41.363393
440	[(0,477),(16,5280),(23,4668),(35,2274),(40,4458),(43,1669),(45,5112),(50,2726),(54,2347),(61,5259)]	43.032265
441	[(8,2611),(9,355),(10,2974),(13,1837),(23,3643),(47,1220),(62,831),(63,1321),(73,2903),(88,1902),(91,987)]	43.792079
442	[(1,4580),(11,3158),(12,193),(17,18),(39,2298),(51,2153),(66,3242),(68,222),(73,2096),(78,45),(79,1662)]	43.629605
443	[(4,3108),(15,3620),(17,5445)]	40.113585
444	[(1,221),(8,1101),(28,2917),(30,1257),(45,3651),(71,2739),(86,4416)]	20.050744
445	[(20,3128),(24,3788),(33,3227),(41,5335),(43,340),(60,1514),(69,3462)]	23.362186
446	[(10,5359),(30,2333),(32,443),(45,2808),(52,1800),(91,318)]	20.285333
447	[(4,2573),(12,753),(43,4783),(78,113),(88,2691)]	19.598134
448	[(4,3680),(11,433),(27,3548),(36,2025),(63,2123),(79,3431),(80,4576)]	19.979469
449	[(1,1075),(23,1477),(25,5374),(33,4902),(46,2929),(50,1740),(54,1607),(67,2164),(87,1336)]	20.062278
450	[(4,5202),(7,3647),(22,2484),(28,4330),(44,5197),(55,806),(66,70),(74,1648),(76,132),(88,2817),(91,491)]	20.357879
451	[(0,4561),(3,2550),(7,4413),(49,3556),(56,752),(59,5228),(77,4356),(83,1343),(86,4133)]	21.868996
452	[(20,1844),(38,1806),(41,50),(44,3111),(49,3413),(63,1789),(74,2527),(76,5028),(90,2517),(92,3420)]	20.004487
453	[(23,610),(24,798),(31,345),(32,2303),(56,4771),(76,5378),(78,3114),(83,5002)]	19.977240
454	[(1,4780),(19,2570),(38,3776),(51,3102),(57,2299),(62,1006),(65,5005),(73,784),(79,569),(82,4333),(86,1875)]	20.870988
455	[(15,1623),(21,712),(40,46),(45,2628),(51,4915),(57,2050),(66,147),(71,4299)]	19.810118
456	[(12,180),(14,3594),(29,3943),(50,3102),(53,1523),(75,4828),(92,127)]	19.793859
457	[(12,4285),(21,2909),(26,592),(33,5007),(62,3739),(71,3892),(83,3056)]	19.422887
458	[(32,2295),(36,704),(48,459),(51,5316),(61,518),(66,4193),(68,1921),(74,462),(77,2068),(85,3707),(88,787)]	20.486310
459	[(13,4466),(28,3123),(41,324),(56,4852),(74,5343)]	20.392665
460	[(5,5181),(27,3528),(33,2681),(38,2477),(50,817),(75,4179),(86,122)]	20.069363
461	[(23,538),(24,322),(35,1026),(38,2149),(44,2347),(50,1874),(51,3736),(56,4224),(65,2320),(71,3313),(80,2854),(81,3288),(91,2742)]	20.362372
462	[(0,3047),(21,4285),(44,1948),(59,933),(65,2626)]	19.657359
463	[(4,2172),(12,1046),(16,4614),(23,280),(26,2922),(33,2667),(44,3800),(45,4015),(54,2443),(62,3259),(87,5120),(90,1060)]	33.935288
464	[(26,2078),(37,784),(66,2084),(74,1687),(77,38),(82,1386)]	25.231580
465	[(3,1667),(7,2640),(8,4942),(12,2534),(17,1015),(45,4830),(48,189),(57,2040),(69,3966),(76,1612)]	19.749270
466	[(4,1079),(28,4478),(35,2174),(36,1872),(72,2396),(84,4122),(85,4895)]	19.420896
467	[(18,4491),(44,2057),(59,5106),(70,753),(81,134)]	19.476207
468	[(0,2179),(2,3496),(18,2410),(19,3320),(24,2621),(34,1068),(44,1434),(58,804),(61,376),(79,769),(86,343),(88,3520)]	19.744888
469	[(3,4369),(8,2416),(13,3302),(24,2786),(42,4332),(46,2075),(50,1753),(53,1314),(75,4213)]	22.286503
470	[(8,4696),(9,320),(22,487),(26,4208),(27,1798),(42,2357),(53,2434),(69,2485)]	20.686521
471	[(4,4757),(5,4642),(17,2737),(20,1552),(25,3666),(29,5217),(32,3091),(39,4765),(60,1267),(79,5302)]	19.808267
472	[(7,4687),(42,1777),(51,3940),(52,854)]	19.645587
473	[(7,886),(11,429),(15,4639),(29,430),(30,4629),(41,3331),(90,2317)]	21.646851
474	[(0,3756),(1,733),(3,1331),(22,5056),(34,2320),(35,3115),(39,4288),(40,1035),(42,3411),(49,1823),(61,3861),(83,2524)]	20.186625
475	[(62,3144),(63,286),(76,3928)]	19.577806
476	[(6,218),(18,701),(23,4915),(26,2372),(30,4318),(38,1391),(41,4246),(52,2773),(55,3145),(57,4049),(67,5388),(76,2748),(83,3784)]	19.868767
477	[(6,1113),(31,2308),(35,1838),(39,5092),(50,5312),(76,1221),(77,591),(87,1824)]	22.458196
478	[(8,2204),(10,2328),(46,2735),(47,3622),(53,2791),(56,301),(60,5000),(63,4261),(69,757),(80,3706),(88,5390),(90,5296)]	24.854429
479	[(0,244),(20,668),(40,5150),(42,5186),(51,4190),(53,2265),(55,2864),(56,1203),(59,4600),(78,5237),(82,317),(87,3044)]	19.467602
480	[(34,4179),(62,4901),(68,3425)]	19.786730
481	[(7,2669),(51,3423),(55,971),(56,633),(59,3435),(66,869),(80,4448)]	20.710585
482	[(22,1115),(25,3673),(37,5435),(39,4733),(59,1047),(71,2617),(80,225),(84,3807)]	20.418728
483	[(4,2578),(15,65),(19,283),(29,1342),(46,687)]	20.531075
484	[(3,944),(9,2986),(15,3762),(23,2090),(25,3637),(60,2150),(75,951),(83,2140),(88,3633)]	19.387411
485	[(1,1388),(12,2212),(16,5200),(25,3358),(31,3790),(34,3419),(41,3066),(52,668),(58,2538),(76,1382),(78,3713),(83,1838),(84,4243)]	20.010913
486	[(5,922),(9,4714),(21,2869),(62,1802),(82,797),(88,4826)]	19.356334
487	[(0,4590),(8,3161),(31,43),(44,4023),(60,1840),(64,4683),(81,1315),(82,2953)]	19.751510
488	[(10,5010),(21,68),(26,1690),(29,3790),(60,4575),(68,952),(84,2717)]	21.467847
489	[(13,2096),(26,3273),(28,4874),(39,4108),(79,2446),(92,3922)]	19.672300
490	[(21,706),(23,4223),(27,3688),(36,710),(57,4376),(64,2446),(66,704),(87,2204)]	20.005729
491	[(7,4338),(20,5086),(41,5046),(50,4447),(59,3179),(65,555),(69,5293),(77,99),(78,2063),(79,4213),(92,2992)]	20.175772
492	[(0,3258),(19,3685),(39,4164),(55,586),(71,1794),(88,2168),(89,1037)]	21.533542
493	[(11,2606),(27,2018),(37,4857),(39,3251),(67,4008),(75,2156),(86,2344),(89,619)]	23.178336
494	[(2,888),(5,2470),(7,280),(11,1063),(18,1465),(39,3934),(50,3224),(55,4909)]	19.868645
495	[(8,3669),(30,189),(33,3923),(54,2728),(67,2395),(76,4997),(77,3984),(81,3832),(83,4172),(86,3713)]	22.226812
496	[(6,4309),(12,5042),(17,1164),(31,609),(80,3223)]	20.684327
497	[(3,1771),(18,2346),(54,4519),(58,1396),(66,365),(80,964),(87,1838)]	19.639075
498	[(16,3161),(36,1465),(86,1630)]	19.526020
499	[(2,3057),(17,3985),(38,2748),(60,2266),(62,4894),(66,4202),(67,3333),(77,1277)]	19.355684
500	[(4,962),(17,910),(18,3951),(25,3669),(33,5332),(40,2258),(46,2722),(64,1523),(88,2882),(91,4536)]	20.291066
501	[(3,4747),(7,1929),(8,2718),(22,2411),(27,4554),(38,4486),(55,3109),(73,819),(81,4959),(92,3696)]	20.160947
502	[(7,681),(21,4985),(22,5019),(42,2985),(64,1303),(68,2619),(70,1674)]	19.879503
503	[(4,1450),(10,2517),(12,3420),(26,24),(30,4962),(35,5444),(39,1323),(50,4305),(71,4500)]	19.822086
504	[(15,643),(28,4556),(45,119),(50,3567),(62,371),(85,4582)]	20.140047
505	[(1,3257),(18,425),(54,58),(72,3629),(77,2605),(89,4758)]	21.196723
506	[(10,4020),(57,603),(59,2272),(66,698),(72,1930),(84,875)]	20.881315
507	[(11,5144),(12,3865),(25,2061),(39,3774),(43,4646),(50,2707),(53,1584),(76,1055),(87,2410)]	21.640445
508	[(11,2165),(15,4676),(34,2647),(53,5359),(55,2677),(60,4942),(62,1149),(63,2930),(69,4010),(82,4106)]	20.714416
509	[(74,5010),(84,449)]	22.496592
510	[(15,5392),(26,759),(36,3062),(74,4456),(83,3261),(89,3159)]	23.142495
511	[(0,4743),(16,3343),(17,537),(19,5051),(20,3673),(22,4260),(27,446),(43,3003),(56,4228),(75,1211),(92,2227)]	24.547450
512	[(40,1259),(43,3991),(51,450),(55,5013),(82,2032),(83,1643),(87,937),(88,4573)]	27.510618
513	[(16,5249),(18,107),(21,1885),(24,5372),(51,4197)]	33.089740
514	[(3,3221),(4,4192),(17,4828),(20,2208),(23,793),(50,2016),(55,3469),(56,822),(62,652),(63,1432),(80,4700),(84,2280),(91,3503)]	20.686317
515	[(10,5180),(11,525),(48,3452),(56,1821),(72,4300),(81,1007)]	20.972277
516	[(7,967),(19,4045),(32,5146),(34,3970),(61,2631),(72,45),(76,2458),(78,3663)]	23.844344
517	[(10,2805),(13,1434),(35,2183),(74,4377)]	20.477143
518	[(11,1627),(42,4974),(45,869),(47,2357),(79,4969)]	20.222849
519	[(0,1387),(36,539),(53,2033),(54,1228),(55,2778),(74,4089),(78,1679),(83,820)]	20.379309
520	[(7,3022),(10,2839),(13,1876),(42,3284),(45,2681),(91,2505)]	21.091619
521	[(3,5048),(21,2447),(36,544),(55,1019),(62,220),(79,4406)]	20.439389
522	[(10,383),(51,3736),(60,3066),(92,5063)]	20.303268
523	[(25,3066),(31,4479),(53,1508),(58,1287),(61,2480),(71,1267),(73,4415),(78,3042),(83,2988)]	21.185185
524	[(6,4176),(21,3828),(24,4434),(33,4199),(39,4030),(63,1422),(64,5066),(89,3448)]	24.463676
525	[(15,4011),(21,4986),(26,5194),(42,850),(59,1722),(92,3430)]	25.327156
526	[(2,1828),(4,3014),(5,2523),(12,1760),(20,4436),(33,4519),(51,4647),(55,1295),(59,3799),(64,1523),(76,1737),(83,2271),(86,651)]	19.527994
527	[(25,2507),(28,3247),(39,702),(42,4869),(51,2549),(53,2056),(58,3549),(64,3310),(73,2030)]	20.512046
528	[(7,2566),(8,2824),(27,4871),(36,1455),(50,1782),(52,3857),(62,845),(73,5166),(85,5302),(91,4499)]	20.494541
529	[(7,235),(14,3254),(24,1672),(27,629),(45,2855),(62,5138),(80,1095)]	20.840110
530	[(28,5140),(39,2841),(42,2255),(57,1657),(76,1263),(81,5413),(85,4068)]	21.877937
531	[(6,2343),(9,4385),(37,3789),(41,2603),(47,4787),(58,534),(63,2266),(64,181)]	19.901297
532	[(0,2924),(8,3553),(27,5221),(35,2815),(45,338),(52,3498),(59,3283),(71,2259),(72,4043),(80,677)]	20.340994
533	[(18,2354),(19,2914),(32,3589),(35,2907),(37,4011),(43,5433),(57,4383),(72,5256),(84,5378)]	20.509167
534	[(3,1966),(12,4584),(15,937),(19,2741),(29,987),(65,1800),(69,3066)]	21.644518
535	[(9,1977),(29,1010)]	19.879161
536	[(4,4364),(6,2239),(8,170),(17,4350),(48,3919),(53,1026),(66,1058),(80,4279),(81,5258)]	20.477770
537	[(2,1089),(26,2601),(41,4773),(51,1401),(58,4994)]	20.013778
538	[(54,656),(61,3069),(77,2420),(86,3244),(89,2795),(90,2656),(91,439)]	21.527985
539	[(22,375),(24,1804),(33,841),(39,2452),(78,4575)]	20.936983
540	[(7,895),(12,5144),(16,360),(23,2907),(49,4289),(81,1243)]	22.832250
541	[(17,60),(19,3357),(23,2271),(35,1931),(41,4234),(47,1665),(78,2658),(80,1619)]	20.923682
542	[(10,4872),(14,5107),(36,849),(38,5241),(44,4231),(47,3830),(55,508),(71,4704),(75,3647),(81,828),(86,871)]	21.012337
543	[(2,4332),(21,958),(25,4532),(27,2310),(28,3217),(30,1934),(36,1931),(53,1464),(70,620),(82,4240)]	19.493137
544	[(4,2433),(6,1968),(14,1823),(52,5115),(55,2664),(65,1300),(88,3334)]	19.585309
545	[(0,1644),(6,2341),(22,121),(27,4886),(39,1387),(50,3922),(73,2678),(79,1063)]	19.420596
546	[(3,3095),(5,1360),(8,5132),(14,82),(66,4967),(70,3042),(80,3301),(82,4987),(88,249)]	19.436661
547	[(7,4875),(14,2469),(31,1603),(36,5),(40,1225),(54,4748),(88,4366)]	19.776071
548	[(0,4270),(6,5342),(11,4862),(13,4916),(22,3623),(49,2479),(59,989),(61,3339),(67,23),(68,3635),(69,2595)]	21.907647
549	[(1,3187),(15,664),(24,599),(34,1633),(63,3477),(65,1509)]	20.675355
550	[(3,1042),(10,2814),(39,5178),(42,1387),(59,1799),(61,4203),(63,3216),(67,3156)]	19.461046
551	[(1,1202),(4,587),(15,2760),(21,2317),(23,169),(31,871),(45,4648),(49,851),(59,5117),(63,4752),(86,4897),(89,3066),(90,4538),(91,3876)]	20.131425
552	[(3,1219),(8,1212),(14,833),(21,2541),(22,4271),(27,593),(66,3571),(82,3720),(85,2638)]	19.885945
553	[(7,4178),(11,644),(12,1935),(14,1078),(28,2000),(41,3776),(57,2771),(65,1137),(66,5078),(81,5342)]	19.876300
554	[(14,3070),(19,5435),(22,778),(35,1927),(39,3531),(46,1579),(73,1208),(76,2588),(81,3882),(90,2814)]	20.036021
555	[(3,4728),(11,3787),(26,1075),(34,2532),(44,2944),(48,1395),(63,2833),(65,580),(70,1802)]	19.714021
556	[(12,4025),(19,3888),(47,347),(50,506),(56,4794),(61,329),(64,3486),(78,2840)]	19.806789
557	[(4,5305),(5,5287),(15,3483),(17,862),(20,3395),(33,2103),(37,119),(59,5108),(73,818)]	19.974581
558	[(35,3361),(38,221),(47,1965),(70,206),(75,4574)]	21.313138
559	[(34,1536),(36,242),(50,3301),(51,1766),(52,3830),(75,864),(82,2755),(91,5325)]	19.891276
560	[(31,884),(45,5200),(48,1767),(52,141),(61,3759),(66,2446),(79,2899)]	20.611381
561	[(30,4390),(33,1226),(44,5397),(48,459),(52,2227),(62,1313),(71,1323)]	26.202330
562	[(5,3431),(6,5286),(8,536),(18,4084),(23,4676),(25,1040),(26,4707),(28,865),(40,2889),(58,4907),(61,3915),(76,1582),(79,3188),(83,3795),(86,1705)]	33.297906
563	[(7,4674),(13,3894),(15,5097),(16,1765),(23,310),(31,3089),(33,1693),(36,2489),(77,5311)]	20.544198
564	[(24,3438),(45,3304),(50,2499),(52,2450),(78,220),(83,797),(84,1398),(91,1246)]	22.066576
565	[(35,2244),(74,1885),(80,1160),(83,999)]	19.854784
566	[(11,2785),(19,4872),(32,3885),(34,1496),(37,1402),(67,349),(69,2946),(90,4352)]	19.643660
567	[(3,3791),(7,3318),(9,418),(21,2018),(25,198),(54,1433),(60,3165),(71,775),(72,10),(84,3546),(87,5244)]	21.888208
568	[(0,4292),(40,472),(41,3250),(51,302),(65,1885)]	20.141988
569	[(7,264),(9,4425),(37,2130),(60,1558),(68,3336),(82,2030)]	19.485044
570	[(2,2089),(14,1105),(19,678),(30,996),(31,5327),(35,1309),(70,367),(72,1762),(73,1005),(84,4582)]	19.948449
571	[(2,1621),(10,2813),(14,3517),(68,3248),(81,3099),(82,1491)]	19.691032
572	[(4,38),(14,5189),(23,1462),(24,4792),(28,4715),(31,1236),(33,3436),(38,1546),(68,859),(80,88),(84,4872),(87,399),(92,138)]	29.370738
573	[(27,1900),(37,1567),(43,2775),(55,4712)]	25.875100
574	[(8,4393),(10,1556),(29,5040),(57,4407),(68,3363),(81,4322),(90,3316),(91,4858)]	20.651135
575	[(12,3827),(16,2643),(45,5177),(89,2030)]	20.976027
576	[(30,2367),(31,1251),(32,1194),(35,786),(44,972),(48,2135),(72,3706),(81,3123)]	21.883360
577	[(1,990),(22,3323),(28,3207),(29,127),(56,2758),(57,2616),(66,4121),(76,4947),(79,73),(90,1516),(92,5032)]	24.407363
578	[(8,1773),(36,4764),(47,5130),(49,4613),(52,2100),(59,1721),(65,4997),(69,786),(92,3307)]	21.640562
579	[(8,1224),(26,1009),(30,3411),(49,4992),(55,2609),(74,1060)]	19.907500
580	[(15,5100),(45,5391),(46,3781),(81,2626),(85,1188)]	19.768062
581	[(4,210),(15,3085),(27,424),(52,3527),(60,1744),(62,3994),(69,4215),(87,3972)]	20.513391
582	[(1,1020),(2,1190),(4,4031),(6,2906),(9,1329),(20,3117),(49,3803),(59,2285),(70,624),(82,5353),(84,2679)]	20.026918
583	[(12,1000),(38,4327),(53,103),(56,3888),(87,219),(88,4817),(89,3076)]	20.386469
584	[(15,306),(26,2449),(35,5413),(50,3348),(71,3220),(78,3177),(87,3502),(91,5083)]	19.987442
585	[(6,2125),(27,3815),(50,4215),(72,198),(89,1174)]	19.691972
586	[(5,2303),(24,1657),(33,5404),(42,5196),(60,3377),(70,1601),(74,784),(81,1343),(83,2521),(86,429)]	20.536672
587	[(8,2304),(9,2433),(45,1275),(50,3446),(58,1171),(71,1468),(82,1659),(89,3565)]	24.681013
588	[(12,1556),(15,3728),(16,2368),(62,558),(73,2664),(74,1460),(75,257),(79,5125),(91,2526)]	22.012248
589	[(23,428),(37,1496),(41,5163),(48,5190),(66,3102),(88,248),(92,3730)]	20.382977
590	[(1,1102),(2,4039),(12,1186),(35,681),(65,4931),(66,1154)]	19.672571
591	[(10,3182),(28,1955),(40,694),(54,436),(59,520),(62,183),(64,2503),(80,504),(81,793),(89,5223),(91,4164)]	19.575436
592	[(8,1492),(9,4776),(19,5000),(26,2789),(35,655),(52,180),(54,3594),(61,3298),(62,1955),(68,2324),(85,4067)]	19.734302
593	[(12,4271),(20,3726),(23,2640),(25,2306),(48,4993),(68,4005)]	20.202822
594	[(22,1316),(27,1362),(29,2422),(31,4605),(39,3551),(47,1767),(49,2344),(69,180),(81,3454),(87,4056),(92,2040)]	20.472550
595	[(27,2383),(28,1180),(37,4073),(47,3965),(49,2026),(68,1176),(83,4425),(88,3076),(91,4164)]	21.991838
596	[(16,1971),(30,4480),(37,208),(44,3688),(45,4378),(46,5364),(49,566),(55,235),(59,521),(71,4202)]	21.186801
597	[(15,2067),(57,1536),(79,836),(81,1167),(90,4526)]	20.109302
598	[(0,3498),(4,4159),(23,4626),(33,2668),(46,2974),(56,4830),(61,4056),(66,1874),(74,1475)]	19.643204
599	[(3,587),(5,2512),(30,4801),(87,4443)]	19.419583
600	[(20,2430),(21,1227),(28,1839),(31,3777),(35,3642),(41,3104),(43,321),(45,4972),(55,4072),(70,989),(72,1021),(74,1733),(82,1387)]	21.322003
601	[(22,2104),(35,2536),(46,4860),(53,4862),(59,4002),(62,4233),(63,3874),(70,2215),(76,467),(91,3571)]	20.332770
602	[(25,1081),(31,5015),(32,2672),(39,499),(49,4161),(59,437),(70,1273),(72,5331),(74,547),(86,1985)]	21.213190
603	[(14,4493),(20,4867),(74,4721)]	20.994713
604	[(35,4144),(44,4547),(67,1966),(77,3302),(84,1633),(88,5148)]	20.163488
605	[(22,4912),(27,3019),(35,3501),(43,3314),(48,3575),(50,2514),(62,4129),(68,2130),(72,5436),(76,2611),(78,1391),(79,2568)]	19.961510
606	[(5,3687),(9,4344),(12,797),(20,1876),(22,3325),(23,1146),(24,3176),(26,2782),(35,4941),(37,1084),(46,2565),(64,3539),(76,4720),(83,1149)]	19.585281
607	[(6,123),(11,1208),(22,3656),(46,2858),(87,3915),(91,1186)]	19.753550
608	[(7,2447),(13,5261),(30,5272),(34,160),(37,1082),(60,1132),(63,2912)]	21.618075
609	[(8,5282),(32,4039),(66,3411),(78,2575)]	19.713533
610	[(1,842),(24,5409),(54,101),(67,2201),(71,160)]	33.671252
611	[(0,1279),(2,2815),(8,1382),(11,3593),(16,1676),(29,4244),(33,3911),(38,274),(40,5442),(45,5005),(54,4111),(66,896),(81,3256),(87,2458)]	34.957506
612	[(10,2744),(17,1747),(23,138),(35,5150),(43,1783),(55,2642),(76,1665),(87,4608)]	20.835839
613	[(2,4619),(10,5056),(14,1520),(24,5284),(80,4498),(82,2818)]	20.048974
614	[(14,1304),(25,4090),(31,1799),(45,3632),(48,2720),(64,3586),(76,4803),(89,4086)]	20.921111
615	[(0,4536),(4,3419),(11,2907),(50,5234),(58,3261),(64,4103),(90,1643)]	21.150742
616	[(18,4273),(42,3483),(45,1918),(50,508),(88,783),(90,3512)]	19.526874
617	[(6,4933),(10,1388),(21,3676),(30,3592),(37,62),(46,1690),(58,1998)]	20.051909
618	[(2,4963),(36,2989),(59,2340),(85,5233)]	22.519850
619	[(5,1115),(25,3357),(30,4383),(37,541),(41,300),(69,2250),(72,6),(76,717)]	26.632827
620	[(2,3436),(23,2541),(45,588),(48,2985),(60,4245),(65,454),(74,5446)]	20.574185
621	[(4,4041),(9,3317),(15,598),(56,1345),(68,5387),(76,5308),(84,3925)]	19.803318
622	[(17,2595),(20,4177),(41,4129),(63,3690)]	20.757341
623	[(9,5417),(11,3477),(13,1509),(29,3911),(38,5208),(40,3644),(48,1248),(85,1918),(87,3639)]	20.596209
624	[(17,5006),(20,4649),(22,3456),(55,7),(73,2341),(77,2743)]	19.879605
625	[(20,1411),(38,2173),(44,458),(61,1206),(71,5407)]	20.127533
626	[(5,2378),(8,4345),(9,3413),(19,804),(30,2820),(49,1046),(72,5120),(75,3590),(82,3958),(88,1637)]	21.272442
627	[(1,2468),(2,3433),(3,2752),(12,3781),(20,4283),(77,1586),(78,224)]	21.119070
628	[(0,1758),(5,4080),(16,1799),(18,4203),(21,3685),(36,474),(43,3700),(72,1144),(78,1841),(82,2451)]	20.216320
629	[(0,3426),(1,888),(3,5080),(7,927),(15,1900),(41,4237),(54,2022),(61,256),(75,263),(81,4112)]	20.191790
630	[(5,3337),(22,336),(23,3078),(36,4883),(49,2805),(73,3116),(77,2186),(87,450),(90,1711)]	19.757012
631	[(4,4596),(17,2039),(31,2188),(45,3625),(53,1086),(55,1906),(63,2303),(77,3080),(84,2483)]	22.852051
632	[(13,2694),(24,4050),(37,5032),(43,3389),(44,351),(49,3737),(51,5359),(60,957),(62,4629),(71,5208),(73,3644),(76,4138),(78,1011)]	21.782305
633	[(17,5161),(42,2274),(46,4822),(68,3856),(90,3229)]	21.940089
634	[(0,423),(6,5091),(13,4900),(16,810),(30,5143),(43,1462),(47,4136),(56,2246),(68,2404),(70,2370)]	32.164981
635	[(5,581),(7,1879),(25,3433),(49,845),(52,5331)]	20.558443
636	[(22,1166),(28,647),(37,4846),(47,3333),(51,1935),(63,1829),(69,3545)]	20.604991
637	[(0,4251),(11,3166),(33,4367),(46,1966),(56,5121),(65,5116),(66,2421),(70,3498),(79,5322)]	20.709372
638	[(20,5142),(32,2725),(40,3264),(41,4796),(81,4317),(87,3176),(92,4279)]	20.488062
639	[(16,4067),(19,1593),(21,619),(51,3564),(61,1761),(73,4665)]	19.787710
640	[(3,5212),(7,3691),(42,1264),(59,4997),(61,1644),(67,1422),(68,5066),(80,151),(92,2190)]	19.501371
641	[(22,333),(43,3157),(44,1616),(54,5171),(60,3412),(65,440),(66,592),(72,57),(89,683)]	20.878665
642	[(1,3007),(9,1667),(23,2970),(32,2749),(38,895),(41,2092),(76,5008)]	20.629430
643	[(1,1678),(20,3695),(26,720),(31,5260),(34,1806),(36,3674),(40,1542),(64,353),(83,1765),(87,3416)]	20.205506
644	[(12,2534),(13,3959),(29,3786),(78,5433),(92,4215)]	20.931445
645	[(0,3410),(53,3973),(63,3394),(64,5434),(68,385)]	22.942699
646	[(0,763),(42,3040),(51,757),(59,869),(75,196),(76,4726)]	19.950136
647	[(5,4548),(11,1264),(15,691),(17,2575),(36,2052),(38,2547),(45,2120),(88,4363),(91,380)]	19.823508
648	[(26,3156),(58,1411),(59,1821),(72,2178),(76,258),(86,5398),(91,4282)]	19.746770
649	[(3,4606),(5,4707),(15,820),(16,1645),(27,2162),(29,3902),(30,639),(37,5409),(48,3959),(50,234),(56,3806),(62,3856)]	20.070519
650	[(14,3200),(40,230),(49,1429),(66,4517)]	19.792687
651	[(0,4505),(50,2692),(53,2461),(58,4684),(70,4790),(75,4851),(79,1688)]	20.282605
652	[(9,1589),(16,1255),(29,1812),(44,732),(47,4628),(51,4815),(71,2661),(92,3067)]	21.219009
653	[(0,5327),(1,279),(23,2035),(59,755),(60,4905),(68,2335)]	20.242230
654	[(7,2316),(8,2754),(19,5444),(24,1286),(30,1329),(45,1811),(56,2154),(80,4478),(81,3628),(84,1617)]	19.720859
655	[(21,2579),(45,2897),(66,3967),(70,1554),(89,4713)]	19.972041
656	[(28,2379),(29,772),(47,5316),(67,5010),(86,2839),(91,4656)]	19.607915
657	[(4,5109),(22,1741),(51,4472),(56,3333),(57,3997),(62,654),(81,2456)]	19.719396
658	[(1,357),(29,4552),(40,391),(55,930),(59,5228),(60,4050)]	24.409665
659	[(1,2617),(4,598),(14,4087),(48,1617),(49,4173),(53,4121)]	35.533216
660	[(3,2885),(10,3953),(62,4826)]	19.962405
661	[(12,2080),(17,1147),(20,2580),(26,4597),(27,3671),(33,4802),(35,1831),(38,638),(47,5210),(66,327),(71,4961),(78,1269),(82,2265),(87,1929)]	19.845148
662	[(4,373),(11,4351),(67,1938),(72,2321),(80,5364),(88,1258)]	19.691438
663	[(17,3720),(23,962),(34,790),(43,1015),(69,1591),(76,543),(77,4245),(82,1148),(92,5411)]	28.376746
664	[(9,3779),(10,1369),(31,3061),(36,5050),(51,3131),(62,1332),(66,3837),(70,3120),(74,1593),(75,3937)]	42.344365
665	[(32,4993),(48,2573),(52,429),(58,4295),(80,548)]	45.337806
666	[(3,4948),(22,1799),(23,2332),(26,2057),(40,4197),(43,2469),(61,3679),(76,4568)]	44.366745
667	[(13,1844),(15,4941),(18,1303),(20,2502),(21,2322),(32,4886),(34,2514),(42,5226),(47,907),(74,3655)]	41.587209
668	[(17,1231),(32,3698),(38,2096),(41,5393),(48,3794),(54,3505),(56,3672),(61,1063),(86,5277)]	39.673842
669	[(26,507),(38,3937),(50,1810)]	38.351708
670	[(17,963),(24,272),(42,5389),(45,110),(78,2999),(82,2206),(84,592)]	39.249692
671	[(2,793),(16,5217),(23,3455),(52,5122),(65,3111),(86,2602),(91,2940)]	38.368321
672	[(17,4936),(36,4211),(51,259)]	39.999917
673	[(35,2102),(41,5147),(64,5307),(66,1394),(88,3410)]	41.082466
674	[(7,301),(8,1087),(10,2320),(11,3115),(13,338),(30,4196),(35,148),(40,1975),(43,1283),(75,491),(86,724)]	39.327442
675	[(7,271),(13,2834),(22,4253),(31,2075),(39,2461),(47,361),(69,4560),(86,428)]	38.994265
676	[(28,3595),(34,3941),(54,1171),(56,2891),(59,2873),(65,5421),(75,578),(76,594)]	39.309710
677	[(6,3021),(25,3715),(32,153),(40,275),(42,1484),(52,146),(67,190)]	39.427798
678	[(4,3997),(5,4322),(13,1855),(19,1979),(39,2734),(55,4872),(58,4310),(64,3722),(72,3847),(92,3694)]	39.500010
679	[(2,2092),(6,2977),(12,2449),(18,713),(32,1385),(78,4360),(84,3261),(88,2540),(92,1890)]	39.542161
680	[(7,4230),(22,268),(26,3020),(32,684),(41,4658),(51,2244),(53,3264),(54,4796),(55,292),(77,3891),(80,583),(89,1049),(90,4409),(91,1943)]	40.626845
681	[(5,3200),(12,364),(16,3943),(59,4171),(64,2999),(72,927),(77,4650)]	40.657974
682	[(5,579),(8,5132),(16,1267),(25,3324),(26,2045),(35,3920),(41,2873),(50,3578),(77,1846),(80,4455)]	39.257050
683	[(13,1242),(39,3399),(42,788),(64,1029)]	39.497905
684	[(0,3916),(10,4050),(20,4653),(48,1234),(70,3479),(83,4422),(90,1356)]	39.509728
685	[(0,2668),(8,3375),(11,2096),(28,1153),(45,456),(47,635),(50,1651),(64,2287),(77,2265),(80,3308),(87,1323)]	39.263921
686	[(9,3983),(32,2280),(49,2383),(85,3552),(90,4535)]	43.358047
687	[(4,5308),(13,1644),(25,348),(32,4663),(38,4478),(54,3576),(59,1579),(78,2864),(79,1203)]	48.764846
688	[(14,609),(25,2378),(42,4675),(81,3578)]	41.383480
689	[(13,2940),(23,4823),(29,1726),(34,1280),(49,1597),(51,4052),(58,4544),(79,4295)]	41.207843
690	[(50,364),(56,2582)]	38.401330
691	[(16,1251),(25,341),(27,227),(28,4929),(29,3405),(71,2712),(78,745)]	38.890798
692	[(16,4402),(37,1370),(39,2970),(48,3844),(71,1164),(77,4931)]	38.889923
693	[(9,2229),(26,102),(29,2995),(30,1216),(34,1659),(36,3558),(53,5174),(54,4060),(57,4809),(59,4703),(70,3982)]	38.690755
694	[(12,1762),(13,3476),(14,1037),(19,4715),(22,3205),(26,1529),(27,3017),(52,1860),(67,2096),(75,1217),(76,1313)]	38.449231
695	[(45,1183),(46,4270),(61,1020),(89,213),(91,2207)]	39.258480
696	[(1,4540),(6,3724),(41,3929),(48,2452),(57,2326),(59,3722),(79,2235),(88,2661)]	39.260882
697	[(24,1143),(58,273),(66,3140),(74,4539),(77,677),(79,151)]	37.644650
698	[(18,5410),(26,706),(30,3601),(35,4755),(37,1167),(39,424),(49,3525),(55,1545),(67,2860),(82,5418)]	43.480068
699	[(19,4819),(28,75),(46,2734),(50,461),(54,929),(69,1841),(81,4163),(86,4464),(87,3379),(91,2302)]	37.461441
700	[(7,2219),(26,1446),(32,1923),(38,4783),(66,2208),(72,4694),(85,4568),(89,4214)]	43.824455
701	[(2,1705),(4,470),(10,2143),(16,180),(26,4064),(29,1651),(35,747),(53,2212),(74,952)]	42.172250
702	[(5,4101),(12,3993),(13,465),(32,271),(50,3595),(87,3149)]	36.605282
703	[(1,490),(55,558),(64,2612),(73,562),(85,2368)]	38.970754
704	[(19,836),(22,5057),(57,2044),(60,987),(79,3872)]	42.034963
705	[(1,757),(21,899),(22,2451),(23,4738),(38,4581),(64,2154)]	47.782003
706	[(13,1025),(14,288),(29,4195),(53,2883),(71,1583),(77,2760)]	39.807497
707	[(17,5312),(35,4605),(46,964)]	39.917746
708	[(26,3434),(29,3221),(31,1113),(34,701),(83,4669)]	39.488501
709	[(0,4948),(6,2131),(11,3693),(19,3257),(23,4332),(43,2961),(57,1761),(75,2460),(76,4044),(78,5190)]	38.770680
710	[(14,1435),(15,3756),(39,4187),(65,2315),(81,164)]	44.695150
711	[(30,3080),(37,3990),(45,5347)]	40.342653
712	[(9,2403),(65,1506)]	41.592862
713	[(14,2578),(15,4957),(17,1841),(21,2670),(44,2492),(54,1929),(69,56),(82,1970)]	40.475640
714	[(30,3133),(41,2682),(63,2771),(75,2008),(82,4540),(89,591)]	50.379241
715	[(6,4660),(37,2414),(41,3214),(58,2250),(61,5104),(91,3449)]	47.400000
716	[(4,4045),(8,26),(10,53),(19,2838),(25,2516),(37,4101),(42,2290),(55,4915),(60,1608),(65,3597),(72,3810),(75,2588),(81,5050),(86,2835)]	40.350585
717	[(5,786),(22,4309),(31,1495),(52,2138),(59,5202),(77,2096)]	39.606776
718	[(21,3311),(69,4544),(74,4058),(91,3105)]	40.899612
719	[(4,2686),(7,4891),(8,1071),(47,429),(73,5260),(81,2393)]	39.708134
720	[(26,252),(27,787),(36,2764),(41,5212),(73,1001),(76,4728),(78,3259),(82,3848),(83,4243)]	38.951386
721	[(0,393),(8,5365),(31,444),(42,1125),(48,4760),(56,3332),(66,4643)]	39.547062
722	[(0,4397),(11,3673),(31,4242),(52,1584),(54,4897),(56,4900),(68,2349),(76,3550),(83,610)]	42.074760
723	[(28,530),(29,693),(58,1857)]	39.852237
724	[(33,714),(35,2095),(53,2688),(73,2921),(76,1792),(80,4829)]	39.087472
725	[(35,2793),(47,3361),(65,1789),(67,2404),(85,4870),(87,5288),(91,3465)]	38.851419
726	[(5,4316),(8,335),(29,1583),(40,5146),(42,1210),(67,2415),(68,826),(79,2868),(89,2280)]	41.119301
727	[(0,569),(13,3850),(18,4239),(27,4293),(30,156),(31,4517),(37,1058),(64,2142),(82,3362)]	38.719480
728	[(15,582),(57,4994),(58,4633),(68,3737),(77,1285),(85,3566)]	38.771072
729	[(19,4140),(26,3890),(51,341),(72,1006)]	38.236174
730	[(6,1963),(17,1799),(33,4290),(64,3322),(72,3303),(84,4276)]	38.156980
731	[(16,3739),(24,4637),(61,5063),(68,1356),(70,3557),(75,3182),(82,1504),(91,2152)]	40.345587
732	[(11,5184),(13,4846),(23,3424),(28,181),(87,790),(91,3452)]	40.172313
733	[(30,2138),(39,1996)]	37.509498
734	[(7,3532),(19,2820),(42,3776),(51,4495),(53,253),(59,4623),(77,3650),(78,2468)]	38.017819
735	[(11,20),(18,448),(25,967),(30,4618),(38,3786),(47,1757),(56,2052),(75,412),(82,1310),(91,4375)]	40.360947
736	[(5,197),(43,1141),(44,4342),(58,4479),(83,1911)]	38.708152
737	[(13,430),(21,1969),(29,458),(30,597),(31,2897),(42,1783),(43,721),(48,1465),(53,1461),(71,2413),(80,3315),(83,4852)]	38.296059
738	[(3,4813),(27,4462),(39,5252),(58,1545),(60,4847),(71,4152),(72,2266),(76,986),(90,5092)]	40.825030
739	[(1,726),(20,5170),(58,2056),(71,2276),(73,4723),(77,2842)]	46.838878
740	[(6,2034),(8,4667),(17,233),(18,1361),(20,2797),(25,363),(48,2361),(63,1159),(75,3775),(79,2911)]	41.280525
741	[(5,4986),(21,4366),(34,4194),(59,4607),(63,2638),(75,4402),(80,1975),(81,1774)]	40.772540
742	[(32,1564),(48,3186),(49,38),(54,2394),(59,5357),(84,3707),(92,2491)]	56.499616
743	[(4,4852),(21,2665),(28,2879),(38,3408),(52,4998),(54,3632),(67,543),(72,2430),(73,1227),(84,2731)]	45.399819
744	[(12,4388),(13,287),(22,2417),(23,4869),(45,4219),(91,625),(92,5267)]	41.080420
745	[(12,1096),(16,2499),(28,3463),(39,4417),(64,1242),(90,1640)]	41.832092
746	[(9,2526),(22,1495),(27,842),(32,3724),(33,3681),(44,2344),(52,1778),(69,4564),(78,2961),(82,107)]	41.233251
747	[(12,2543),(50,3553),(58,456),(77,3393),(80,3181),(81,4147)]	40.532245
748	[(2,2672),(4,4908),(25,4186),(30,2374),(32,5180),(40,2832),(52,3648),(75,1549),(90,4684)]	41.903121
749	[(22,2669),(25,4580),(31,1609),(37,5089),(69,1615)]	42.287362
750	[(3,384),(7,412),(11,2017),(37,4149),(69,2424),(75,3537)]	42.274202
751	[(13,1597),(16,1926),(26,911),(85,5282),(91,3010)]	39.086377
752	[(4,256),(51,1101),(75,170),(85,2989)]	38.947995
753	[(0,3655),(12,3401),(17,3127),(38,4376),(45,1147),(47,3496),(50,1639),(66,185),(75,4889),(82,2764),(86,4654),(87,4282),(91,1848)]	40.597641
754	[(5,3136),(11,2727),(31,4574),(53,5148),(72,1119),(77,2397),(88,4961)]	42.428508
755	[(54,3553),(76,74),(87,2782)]	41.195795
756	[(21,453),(41,2501),(50,1504),(54,4191),(72,4684),(90,781)]	41.637669
757	[(16,2338),(25,4500),(35,4441),(43,849),(59,3318),(60,3041),(70,1380),(73,1162),(85,2013),(89,4898)]	41.201144
758	[(3,2162),(8,4301),(16,3979),(18,538),(19,322),(27,1528),(50,3583),(59,1239),(70,41)]	41.546072
759	[(18,4107),(19,2984),(41,5287),(54,333)]	43.248070
760	[(4,2283),(5,107),(9,1157),(41,3748),(42,3442),(49,4841),(66,2477)]	41.504212
761	[(12,349),(16,1639),(17,2564),(38,2847),(50,3850),(61,3812),(79,4868),(82,4480),(84,3356)]	41.774038
762	[(12,3996),(16,1102),(17,4039),(25,4992),(30,4752),(36,3422),(47,4862),(49,4916),(52,5424),(67,1273)]	36.647466
763	[(1,954),(4,2948),(16,3514),(24,1158),(36,4903),(65,4588),(76,2457),(78,1788)]	23.236340
764	[(5,1438),(16,4830),(22,956),(53,2573),(55,3958),(64,244),(75,3330),(76,4873),(79,2920),(81,3682)]	19.704608
765	[(4,3507),(21,1583),(29,3681),(50,2068),(52,2649),(55,118),(64,1527),(77,3538),(86,1386)]	20.245471
766	[(10,2562),(39,4192),(49,2315),(52,5280),(56,3219),(67,3926),(77,36),(80,5328)]	20.274354
767	[(1,5267),(2,4167),(14,1062),(72,5060),(80,2836),(85,3076)]	19.997988
768	[(4,62),(9,2991),(16,3228),(39,4851),(42,1070),(50,4612),(53,3666),(55,4233),(56,3874),(72,1928),(75,555),(79,447),(89,5275),(92,3344)]	19.965964
769	[(4,3812),(30,2984),(54,355),(55,2974),(59,4262),(82,3508),(84,1020),(85,1190)]	19.976722
770	[(1,5106),(3,3673),(11,3514),(27,1519),(41,4828),(51,1265),(69,321),(72,3191),(77,2495),(78,1404),(85,869),(87,2357),(90,49)]	24.288813
771	[(1,5355),(4,2420),(35,3102),(76,3163),(85,5078)]	35.381090
772	[(19,3168),(20,1350),(37,5385),(51,2337),(53,2430),(62,2327),(82,4159)]	20.004314
773	[(0,4079),(27,2571),(28,962),(32,80),(34,1850),(47,386),(49,3999),(74,386),(82,60),(88,818)]	19.684188
774	[(40,1974),(71,5184)]	19.829999
775	[(8,2210),(22,4573),(23,5442),(49,2583),(63,710),(87,4365)]	20.626968
776	[(0,4018),(8,4031),(26,2019),(29,4815),(35,2174),(46,2737),(58,99),(92,1730)]	20.067813
777	[(1,470),(7,1985),(10,101),(24,1236),(45,4812),(46,4248),(48,2570),(54,779),(62,1309),(64,1937),(68,741),(71,1390),(84,3090),(90,370)]	19.945380
778	[(6,4355),(30,4287),(33,2604),(48,1075),(51,2864),(52,4280),(57,604),(62,403),(64,2258),(75,885)]	19.885055
779	[(2,3701),(4,3131),(8,369),(15,5023),(28,4689),(63,1196),(66,2587),(84,4257)]	19.494456
780	[(21,228),(36,4497),(42,2697),(50,2860),(57,344),(63,2173),(72,1648)]	22.889000
781	[(7,4571),(12,3372),(38,942),(60,77),(61,2624),(72,3549),(74,1211),(79,4364),(90,2791),(92,4147)]	19.762175
782	[(26,1742),(28,4223),(38,306),(39,3327),(68,2736),(87,3137)]	19.607343
783	[(6,4287),(10,3448),(15,2686),(42,2797),(52,5337),(60,2),(68,4283),(80,1952)]	20.069371
784	[(17,2357),(36,2089),(62,2498),(85,3091),(88,3243)]	19.766357
785	[(39,4295),(49,541),(57,2347)]	19.801738
786	[(12,3000),(13,3195),(46,2856),(52,3776),(55,3479),(57,2115),(59,3255),(88,4995)]	19.736638
787	[(9,2243),(13,1219),(18,2345),(45,241),(69,4703),(74,3612)]	29.738021
788	[(5,264),(26,3214),(40,1885),(64,1347),(83,5177)]	20.964880
789	[(2,1425),(5,1595),(39,3151),(57,3136),(59,5178),(78,3540),(81,734)]	19.705697
790	[(2,1748),(7,1776),(16,3510),(21,4830),(29,385),(33,4824),(38,2922),(51,2520),(52,5345),(69,468),(79,2118),(85,3190),(89,2454)]	20.493262
791	[(6,1291),(10,3398),(16,3743),(20,4041),(22,5127),(24,4204),(25,2535),(35,2518),(37,4064),(46,1978),(59,3401)]	20.618256
792	[(6,71),(7,4180),(16,4700),(17,1057),(24,5083),(43,3536),(49,688),(58,4086),(64,3904),(66,4901),(67,5423),(69,4142),(92,3421)]	20.979564
793	[(7,3085),(13,227),(14,1828),(54,1580),(73,5044),(77,5136),(81,2050),(82,617),(84,409),(85,2979),(89,817)]	20.219230
794	[(3,1868),(4,1198),(6,4757),(12,819),(23,3099),(34,27),(43,5307),(63,5330),(67,293),(84,4129),(89,4842)]	19.623393
795	[(9,4012),(12,3569),(23,1662),(35,1082),(47,546),(60,84),(61,4484),(68,1750),(73,3972),(82,814)]	28.712542
796	[(0,2931),(1,2312),(14,1867),(28,60),(32,455),(48,2553),(61,4164),(66,1480)]	20.246179
797	[(4,5000),(29,2746),(43,1822),(54,3628),(65,2437),(71,4623),(74,2583),(86,3243)]	19.844851
798	[(0,1366),(9,3069),(13,3721),(32,4788),(41,3977),(54,1905),(59,3448),(60,4204),(84,3362)]	19.361700
799	[(30,2567),(39,3270),(45,4385),(61,3582),(84,1033)]	19.877907
800	[(21,350),(25,910),(26,3951),(58,2130),(60,2182),(61,2373),(72,1772)]	20.861750
801	[(25,1583),(43,1345),(47,624),(75,1316),(84,3338),(86,2347),(89,3517)]	20.589178
802	[(10,206),(13,2614),(14,5306),(19,2605),(46,601),(50,2470),(56,659),(66,1950),(85,860)]	19.615503
803	[(2,3970),(9,5218),(13,1705),(62,1052),(65,1132)]	35.924160
804	[(31,2082),(32,2650),(48,3335),(49,3197),(76,3258),(82,4781),(83,4217)]	36.957809
805	[(53,431)]	20.155218
806	[(0,1741),(9,3281),(11,648),(27,1118),(40,2818),(61,804),(64,306),(65,3594),(82,2565),(89,774)]	19.542329
807	[(21,2771),(26,5263),(27,3008),(35,5384),(49,4161),(57,2032),(68,3832),(78,4101),(91,3039)]	20.062506
808	[(41,1453),(55,4261),(58,3047),(68,5166),(76,1344),(78,3758),(82,679)]	28.956656
809	[(0,1223),(3,1054),(8,3824),(10,2181),(32,2540),(50,3789),(51,5045),(64,4210),(66,4924),(90,882)]	21.438594
810	[(21,4804),(32,4964),(48,3090),(49,1027),(87,4642),(91,206),(92,3797)]	23.036779
811	[(13,5149),(26,1770),(37,1916),(42,1684)]	21.656961
812	[(4,1834),(5,371),(6,5399),(22,3923),(33,5082),(73,293),(88,2050),(89,617)]	29.675265
813	[(27,4236),(39,4404),(54,3090),(55,1027),(78,4520),(82,1811),(83,4661)]	20.592143
814	[(2,5029),(5,1337),(8,1801),(10,3017),(11,1047),(24,1700),(46,3773),(67,4739),(71,4858),(80,2632),(87,1118)]	19.704153
815	[(6,1530),(16,1012),(39,2328),(57,3873),(58,1341),(63,2955),(89,5433),(92,2131)]	19.800748
816	[(5,3945),(8,144),(9,3794),(11,709),(16,5005),(38,4766),(40,811),(47,1084),(49,3388),(59,10),(64,3590),(68,702),(83,1937),(91,2629)]	24.048686
817	[(11,485),(15,4283),(30,100),(33,4669),(47,5250),(50,4643),(55,3150),(60,2379),(61,772),(63,211),(67,3511),(73,1529)]	34.072186
818	[(2,2904),(23,1202),(42,1470),(58,354),(62,2591),(65,1441),(73,4672),(80,4883),(85,2196),(86,1445)]	27.044653
819	[(3,3497),(10,937),(31,5118),(44,5109),(48,1710),(51,3851),(58,2258),(61,1060),(62,4794),(66,996),(82,4252),(89,1990)]	19.771239
820	[(8,3393),(33,3927),(38,5073),(48,3040),(71,2484),(84,5137),(85,1409),(87,5073)]	19.735060
821	[(22,4525),(50,253),(52,5219),(56,4739)]	21.410231
822	[(45,344),(52,2950),(67,5322),(88,4141),(90,2906)]	19.924616
823	[(6,3812),(27,3517),(31,2228),(33,456),(35,1496),(51,4557),(73,1401),(75,4452),(90,1033)]	21.411222
824	[(9,4310),(30,3574),(31,692),(48,3228),(50,3154),(63,559),(64,4856),(85,2321)]	42.582200
825	[(12,470),(21,2511),(32,4534),(37,448),(55,4094),(84,1714)]	43.777579
826	[(8,3969),(33,1243),(34,775),(35,10),(43,2566),(74,2442),(83,454),(85,5036),(89,2317)]	44.355228
827	[(1,2396),(24,2016),(26,4410),(47,2832),(77,3232)]	43.843187
828	[(12,653),(18,2218),(22,908),(34,3706),(43,102),(66,5356)]	43.753054
829	[(0,1030),(8,2379),(16,415),(23,5261),(24,957),(44,4831),(50,2498),(65,2685),(70,1815),(73,290),(76,2380),(92,4394)]	22.489443
830	[(21,4996),(22,3276),(34,1052),(56,3144),(57,286),(65,3226),(81,563)]	20.397064
831	[(0,4104),(7,3568),(34,2348),(37,3570),(51,3893),(69,1356),(87,3116)]	20.082593
832	[(38,37),(49,4100),(77,1622),(89,1887)]	20.265043
833	[(6,3769),(37,447),(58,45)]	20.923478
834	[(0,2176),(6,2757),(19,120),(42,1640),(44,803),(52,4715),(57,3882),(61,2311),(69,5277),(78,244)]	21.801603
835	[(2,25),(15,1482),(17,4814),(28,5410),(33,1074),(40,582),(42,380),(44,1455),(60,3546),(61,3485),(76,4216),(77,1124),(88,3611)]	20.232715
836	[(51,2976),(78,77)]	19.578472
837	[(14,3690),(16,3534),(18,2785),(26,3196),(37,2013),(54,3874),(61,3171)]	20.270704
838	[(21,5120),(45,5266),(52,927),(70,2888)]	19.678513
839	[(4,5281),(34,3034),(47,2778),(53,587),(77,706),(84,2860),(90,2446)]	19.827614
840	[(4,5005),(8,3747),(36,3638),(41,2737),(60,1677),(78,4708)]	20.591560
841	[(19,4876),(23,3094),(40,1464),(44,2138),(48,4508),(59,2191),(71,1784),(84,694)]	21.465115
842	[(0,3440),(9,3975),(18,1794),(34,22),(49,5086),(55,5074),(58,1035),(70,4173)]	22.465811
843	[(12,1790),(14,2889),(26,614),(37,2963),(65,4342),(78,2287),(87,1896)]	20.718991
844	[(16,2443),(32,4427),(48,4919),(50,1848),(57,3414),(68,1497),(73,4344),(83,892),(92,3422)]	20.307112
845	[(5,2801),(9,5159),(11,1553),(30,319),(34,1991),(39,1136),(51,68),(54,4795),(56,1912),(62,3807),(73,1435),(74,3756),(75,733),(79,1433),(89,670)]	21.271736
846	[(6,4406),(10,3500),(22,3329),(35,3815),(49,341),(51,1690),(53,35),(74,5419),(76,4451),(90,735)]	20.012008
847	[(45,360),(57,731),(58,827),(59,913),(67,4926),(77,2503),(92,3557)]	19.468248
848	[(22,3484),(44,2399),(51,880),(57,22),(58,3463),(62,3081)]	21.306738
849	[(2,3687),(19,4875),(22,644),(28,428),(38,1282),(40,1462),(47,4749),(50,4795),(61,646),(70,4142),(75,186),(87,3988)]	27.457352
850	[(19,2042),(21,2891),(42,3541),(45,830),(46,1290),(58,2254),(71,98),(80,3802),(83,2326)]	20.290828
851	[(8,144),(14,980),(18,2308),(52,4771),(71,145),(74,170)]	19.562055
852	[(8,3686),(11,4906),(27,3122),(32,3626),(36,2571),(62,3880)]	20.803835
853	[(26,1134),(27,5411),(29,5059),(44,570),(58,5191),(76,350),(80,4334),(83,3629),(91,756)]	19.563250
854	[(0,2649),(3,2166),(14,4515),(40,198),(50,4012),(61,4361)]	20.351918
855	[(25,2247),(32,2230),(37,3933),(38,3345),(53,3430)]	20.334054
856	[(29,1960),(66,2853)]	20.011052
857	[(7,3850),(17,1931),(32,4112),(34,4786),(52,3229),(55,431),(63,5109),(74,1762),(75,1005)]	19.931527
858	[(29,1642),(41,1115),(55,3422),(72,222),(77,354),(86,5298)]	20.850570
859	[(5,3149),(21,3383),(43,2451),(44,4738),(56,607),(59,2521),(62,429),(77,2794),(89,3451)]	20.833959
860	[(4,2547),(31,3867),(47,4481),(48,3230),(51,2883),(58,3245),(66,2787),(68,5224),(69,4415),(70,4753),(75,4126)]	20.467102
861	[(11,2027),(20,790),(28,1676),(66,5344),(71,1727),(73,2547)]	39.617233
862	[(46,425),(64,1276),(84,2369)]	20.199781
863	[(1,4339),(8,3559),(33,2021),(59,1141),(66,4941),(67,3617),(69,2086),(89,2222)]	20.508635
864	[(0,2782),(18,5248),(31,5169),(54,3407),(55,1487),(70,668),(71,1604),(85,5254)]	20.876721
865	[(5,5241),(10,2695),(31,3141),(42,3186),(51,4346),(56,3899),(61,1063),(70,2869),(73,3190),(82,2697)]	20.176394
866	[(20,1164),(43,4838),(51,1115)]	20.346562
867	[(10,5228),(17,434),(20,1660),(34,3856),(38,3344),(59,3708),(77,5091),(82,5154),(85,3048)]	23.364961
868	[(24,4724),(26,4534),(30,3492),(38,2552),(46,223),(73,979),(83,3373),(92,1204)]	19.781459
869	[(1,349),(3,3701),(5,3131),(7,1389),(8,2409),(18,4982),(24,244),(26,3238),(30,3834),(39,4190),(42,707),(51,2997),(57,2789),(83,4702),(89,3615)]	19.662255
870	[(1,3864),(6,5386),(19,2784),(30,2696),(31,1870),(46,4862),(56,4277),(61,918),(68,2995),(72,3941),(73,1200),(88,3190)]	19.646674
871	[(26,2024),(29,931),(31,3252),(34,4253),(41,5231),(80,153)]	19.709672
872	[(50,535),(63,48),(71,3917),(82,2560),(88,171)]	19.931218
873	[(5,3655),(20,1783),(28,1315),(29,5268),(39,1318),(55,4487),(58,1157),(65,1280)]	20.142026
874	[(1,945),(24,4986),(37,4061),(73,1762),(74,1005),(80,2697),(84,1615),(86,645)]	19.687872
875	[(2,2372),(25,1147),(29,4838),(50,1638),(51,837),(63,1767),(71,5009),(72,1241),(73,4435),(81,4786),(84,5017)]	19.306569
876	[(47,1896),(67,2122),(70,2242),(75,1946),(90,1323)]	19.614807
877	[(5,2242),(47,240),(49,2586),(51,3101),(85,2244),(89,2017)]	19.497769
878	[(17,279),(24,1727),(29,4471),(53,2542),(79,1833)]	20.102420
879	[(3,2873),(9,610),(12,2372),(26,2911),(43,3302),(65,704),(66,5425),(83,1558)]	19.413752
880	[(7,947),(28,5285),(32,4773),(58,1796),(87,876)]	21.340076
881	[(3,4657),(35,4543),(37,512),(44,5374),(54,5296),(56,4682),(72,4653),(77,4511),(89,4104)]	19.603663
882	[(1,2846),(41,4576),(43,3434),(52,3893),(67,204)]	19.413365
883	[(22,593),(23,638),(40,31),(51,3354),(66,4164),(77,5426),(79,2149),(89,119)]	22.465496
884	[(16,995),(20,5037),(23,3647),(32,1440),(65,101),(68,3738)]	20.060415
885	[(2,1149),(3,2930),(11,1476),(14,4383),(21,4457),(23,947),(24,2508),(46,1656),(50,4343),(54,3541),(64,3753),(91,2613)]	19.649877
886	[(65,4769),(89,5445)]	19.702983
887	[(3,2254),(22,3502),(24,1431),(57,4962),(73,2723)]	20.047068
888	[(10,3894),(13,2411),(19,1773),(27,5354),(36,4260),(39,1377),(64,3248),(78,3211),(80,1031),(81,432),(92,964)]	20.678667
889	[(17,4282),(27,3168),(30,3109),(34,731),(48,1905),(49,2475),(89,1973)]	22.228166
890	[(18,5408),(27,2980),(44,2977),(50,3333),(52,2437),(57,3785),(58,3632),(63,4737),(72,2469),(74,3168),(85,4613)]	22.899416
891	[(21,2524),(27,1067),(50,3542),(56,4227),(89,3847),(92,322)]	21.606213
892	[(9,740),(17,2176),(20,1459),(29,2570),(32,996),(61,140),(66,129)]	22.467964
893	[(27,2824),(36,595),(50,1035),(63,4451)]	21.721604
894	[(18,1770),(28,3082),(34,3382),(52,3324),(53,2045),(61,3659),(82,3925),(91,4699)]	19.713071
895	[(5,302),(9,4790),(24,1964),(44,5314),(49,468),(53,4481),(84,297)]	19.974045
896	[(6,393),(13,3389),(29,6),(41,81),(43,4163),(69,3692),(91,4569)]	23.937033
897	[(33,2934),(40,4344),(45,3289),(56,1922),(84,272)]	24.425076
898	[(0,5272),(14,5014),(21,1637),(32,817),(44,4324),(71,905),(89,4723)]	20.563367
899	[(56,1915),(63,2738),(65,357),(72,834),(90,1209),(91,3361)]	19.689106
900	[(27,1933),(35,5440),(59,3769),(64,1508),(70,3312),(75,4779)]	20.728965
901	[(2,5192),(5,2866),(20,1836),(24,1846),(42,4878),(44,4614),(48,5215),(53,2296),(55,4798),(59,1692),(84,4425),(92,4567)]	19.892785
902	[(17,655),(26,4159),(31,3932),(51,665),(55,137),(64,3607),(69,2625),(92,516)]	21.444119
903	[(40,4354),(51,957),(54,3203),(63,626),(67,168),(77,2461)]	21.021952
904	[(14,3147),(25,1056),(34,4843),(55,3780),(56,325),(61,43),(65,2250),(71,2606)]	20.031283
905	[(24,1303),(27,1465),(47,3546),(48,3485),(63,5360),(67,441),(83,5351)]	20.402460
906	[(2,5322),(11,4610),(17,2714),(21,1264),(24,5420),(30,489),(35,3281),(51,1065),(52,5222),(54,611),(81,1143),(86,2881),(89,5415),(90,2193)]	20.507514
907	[(0,3511),(11,748),(14,1754),(20,2657),(26,1810),(45,1072),(46,3082),(57,3336),(76,4618),(84,4713)]	20.699945
908	[(12,5322),(16,5158),(18,53),(23,2106),(26,2442),(30,2796),(36,3510),(40,2215),(64,3812),(79,320),(82,3745)]	20.433400
909	[(22,5260),(29,3524),(39,2637),(50,92),(71,40)]	20.479149
910	[(4,1974),(8,1441),(15,3840),(27,5135),(88,662),(90,3828)]	39.355553
911	[(31,4343),(41,170),(64,4896),(70,3650),(85,3294),(86,2724),(87,2831)]	25.056536
912	[(2,4784),(26,991),(28,3945),(33,3126),(40,4008),(47,3477),(49,3822),(70,4339),(74,819),(82,2955),(85,3105)]	21.076089
913	[(3,1289),(12,4664),(14,1275),(22,5316),(52,1219),(64,3048),(88,3262)]	20.713252
914	[(3,1271),(7,1199),(47,2065),(78,4086),(79,1452),(84,3099),(91,3966),(92,4816)]	24.406840
915	[(7,4371),(30,831),(31,1321),(49,5031),(75,768),(81,1060),(82,4794),(85,3335),(86,3197)]	20.600350
916	[(12,2710),(22,697),(34,3971),(45,5093),(46,3779),(65,2914),(76,4474)]	20.144060
917	[(1,1293),(6,1547),(23,3884),(35,3303),(41,3422),(48,3791),(51,5335),(55,3241),(56,5040),(62,4549),(76,1658),(84,1815)]	19.639035
918	[(0,1413),(3,3933),(4,3345),(10,1664),(23,2152),(24,4062),(26,2148),(54,1830),(62,2295),(72,1683),(76,4181),(81,5205)]	20.062952
919	[(7,1788),(11,1839),(19,2930),(55,2869),(65,3610),(84,3173)]	20.911089
920	[(2,4714),(17,3050),(26,2705),(57,444),(66,1349),(75,1480)]	21.673346
921	[(1,3323),(8,4339),(23,2543),(42,1037),(62,2850),(65,1101),(82,4881)]	21.077706
922	[(0,3458),(9,4425),(14,5283),(58,1225),(59,3051),(74,3174),(84,4716),(86,1720)]	19.808825
923	[(4,4104),(7,3599),(20,2230),(38,837),(45,5209),(65,3580),(71,372),(76,1471)]	20.734991
924	[(14,1568),(18,2585),(29,186),(42,3100),(46,2620),(65,2504),(83,1158),(85,4538)]	20.035447
925	[(9,3980),(36,4225),(43,4890),(55,3790),(57,430),(61,2448),(66,2582),(87,5358)]	20.387256
926	[(6,958),(22,4874),(24,614),(47,4824),(62,579),(66,4978),(67,3263),(68,1568),(70,864),(76,2537)]	21.539413
927	[(24,916),(45,4165),(87,3787)]	20.176904
928	[(7,2302),(12,4878),(15,4298),(49,2857),(50,5207)]	24.859238
929	[(4,1612),(22,4256),(26,1346),(45,2727),(59,1539),(82,1886)]	19.799710
930	[(1,4836),(23,4903),(46,302),(49,5034),(57,599),(65,605),(72,1892),(90,1331)]	19.981109
931	[(17,4246),(46,2972),(47,1818),(58,2069),(62,852),(66,5379)]	19.714247
932	[(15,3250),(16,5037),(22,4118),(37,4309),(50,1142),(51,1823),(55,1294),(63,2691),(72,3456),(74,2079),(75,1584)]	19.675611
933	[(11,1728),(53,955),(63,3934),(67,2527),(69,5346),(75,5094),(90,99),(91,2063)]	19.659576
934	[(13,2200),(39,2066),(50,5364),(56,2129),(57,2389)]	20.576174
935	[(2,1720),(37,4926),(48,1232),(52,3958),(54,650),(60,4937),(61,941)]	19.999491
936	[(8,5255),(76,4374),(83,3761),(85,984),(87,4396),(88,1599)]	19.516567
937	[(24,4191),(33,645),(37,3355),(52,675),(53,3651),(57,1885),(61,1518),(63,3381),(72,5015),(80,1978),(84,1490)]	24.083723
938	[(10,5305),(22,3430),(24,5231),(30,1521),(35,4989),(41,1868),(42,1198),(55,3089),(66,757),(74,2834),(79,4889)]	20.554964
939	[(24,297),(33,4377),(42,4595),(65,4176),(69,126),(75,3338)]	20.411863
940	[(29,1878),(77,4590)]	20.637366
941	[(6,4842),(12,3867),(30,578),(38,4897),(42,2713),(47,497),(51,5407),(53,768),(64,3812),(78,5062),(92,202)]	19.634951
942	[(16,1062),(18,4090),(20,4280),(40,2493),(48,3120),(56,5116),(63,239),(66,1226),(71,3421),(74,2866)]	19.674157
943	[(0,4207),(7,585),(14,2823),(38,1160),(48,4623),(51,2583),(60,2788),(62,1946)]	26.712414
944	[(11,3854),(14,3562),(18,2024),(56,4343),(69,3917),(76,3794),(81,2534),(87,3548),(88,4514)]	23.055216
945	[(5,4071),(26,448),(45,10),(57,2902),(62,266),(68,873),(88,372)]	19.629529
946	[(1,4178),(4,4702),(12,4300),(14,2065),(67,1533),(73,2227),(90,4613),(92,4601)]	21.205921
947	[(5,4152),(8,455),(33,3298),(39,1615),(46,3539),(51,4608),(66,5091),(75,3337),(82,2210)]	19.967346
948	[(11,230),(26,3039),(36,2344),(48,2566),(61,109),(77,2503),(78,2393),(90,4636)]	19.428678
949	[(1,1449),(19,2701),(64,960),(72,3680)]	20.370043
950	[(21,3396),(29,2942),(31,4531),(32,4867),(67,919),(86,5016)]	19.390092
951	[(30,5397),(42,4012),(44,679),(51,1920),(65,14),(83,3599),(86,226)]	19.312702
952	[(5,666),(17,4005),(35,199),(36,739),(49,648),(51,1166),(52,4552),(55,2022),(65,3758),(70,1379),(82,1381),(83,4971)]	20.953264
953	[(13,3974),(27,3639),(30,2463),(34,4542),(37,136),(60,3129),(64,4700),(70,5049),(75,3583),(89,3633)]	20.547880
954	[(4,2699),(22,4064),(29,2340),(46,2797),(49,5127)]	20.361415
955	[(0,4979),(3,4432),(10,4241),(17,4428),(18,623),(19,493),(26,990),(34,2033),(49,4267),(60,441),(67,834),(74,4272),(90,1263)]	20.179164
956	[(23,2130),(39,72),(74,1301),(77,516),(91,4341)]	19.946565
957	[(11,471),(39,1369),(45,120),(55,269),(62,1112),(70,3049),(75,4179),(76,517),(77,2067),(84,2705),(87,2388)]	20.058183
958	[(4,1519),(11,1750),(19,4693),(20,5161),(28,1848),(50,2889),(69,5060),(70,3348),(80,1458),(81,2601),(86,460),(87,3305)]	21.141483
959	[(43,376),(60,1599),(75,2241),(82,1607),(86,2179),(89,1152)]	32.435290
960	[(4,97),(40,172),(59,4446),(61,4089),(68,2708),(91,79)]	30.334521
961	[(3,1977),(5,860),(15,2058),(20,2157),(32,2197),(42,5030),(74,572),(79,4752),(87,1476)]	25.689008
962	[(5,3454),(6,1254),(24,543),(26,3322),(44,4698),(68,401),(70,4587)]	22.353893
963	[(47,5229),(52,1247),(54,2218),(56,4207),(75,5071)]	20.610162
964	[(0,1201),(1,1133),(14,1053),(22,3910),(31,3909),(42,573),(49,2041),(54,3955),(72,5085),(85,560)]	19.900839
965	[(3,2463),(14,1884),(18,1120),(33,5231),(61,1925),(63,3983),(68,2094),(70,2004),(77,553),(84,3580)]	19.745225
966	[(4,2166),(8,2947),(11,81),(15,4395),(20,4377),(28,541),(56,5072),(67,775),(77,878)]	20.137985
967	[(2,6),(9,4023),(11,4177),(12,603),(21,1177),(33,3798),(46,600),(67,2159),(71,2160),(81,4751),(85,923),(90,5273)]	19.900636
968	[(27,2649),(35,951),(73,3223),(74,613),(78,2445),(84,76)]	19.392162
969	[(13,2384),(24,4548),(35,229),(37,3784),(45,3138),(46,1673),(61,5443),(65,550),(84,359)]	20.435214
970	[(4,151),(7,4437),(19,4061),(20,2656),(21,439),(22,5097),(23,1765),(70,2929),(80,2372),(85,44)]	19.630828
971	[(26,2658),(45,232),(53,1099),(76,2510),(77,3130),(86,4577)]	20.566127
972	[(2,2435),(8,2059),(19,89),(21,3575),(36,2180)]	21.168960
973	[(8,2698),(38,3237),(49,2379),(57,1300),(71,2825),(77,3824),(89,2766)]	19.718819
974	[(1,1758),(17,206),(20,2614),(22,2154),(39,5378),(43,1220),(72,2815),(86,3014),(87,2523),(91,4993)]	20.073654
975	[(6,925),(8,4606),(14,5316),(23,5066),(31,4905),(42,335),(46,707),(50,243),(53,236),(73,3714)]	21.125998
976	[(13,1804),(29,356),(40,5446),(57,3826),(80,4631)]	20.474775
977	[(39,1920),(56,2531),(58,1159)]	20.497257
978	[(2,164),(27,2711),(42,5245),(47,475),(55,1957),(77,2496),(86,5257),(90,5142)]	19.921477
979	[(1,284),(2,3317),(11,696),(14,5211),(17,4331),(31,1033),(40,1755),(50,3103),(64,1655),(76,4225),(92,2430)]	19.940586
980	[(10,1795),(24,4597),(29,291),(34,3616),(36,3936),(45,1632),(46,9),(53,926),(64,1450),(74,3408)]	19.675566
981	[(10,766),(38,5208),(68,2290),(71,1449)]	19.671413
982	[(10,758),(12,3075),(47,2550),(68,2893),(88,5187)]	21.654879
983	[(8,1952),(14,3776),(30,3621),(34,4786),(84,2897),(89,2133)]	21.215084
984	[(13,3693),(16,1252),(17,3313),(22,4694),(25,4526),(41,2997),(44,2289),(52,3200),(60,3385),(73,2200),(78,5425)]	21.956541
985	[(27,3061),(31,2191),(33,3951),(36,5212),(57,1365),(72,3520),(76,2471),(77,5045),(82,5071),(86,1985)]	23.356041
986	[(40,2453),(66,2516),(84,4296)]	20.307583
987	[(8,5121),(9,4692),(17,3040),(27,922),(30,4689),(32,1611),(36,4513),(70,176)]	20.132557
988	[(11,3916),(25,182),(29,922),(62,4857),(66,1427),(75,4465),(87,3754)]	20.732295
989	[(6,612),(13,2006),(14,2003),(22,3559),(80,2056)]	19.503119
990	[(34,541),(52,4977),(55,646),(62,2602),(66,992),(74,1869),(87,2447),(91,3570)]	22.859749
991	[(16,343),(45,709),(54,1075),(59,4772),(61,3609),(66,4942),(67,3696),(83,1674),(86,2762)]	25.734000
992	[(2,1146),(3,3176),(18,1932),(22,191),(52,3411),(57,3374),(65,4224),(73,4276),(89,5185),(92,4087)]	20.865205
993	[(1,3604),(13,4140),(16,2597),(25,2089),(37,1715),(46,4401),(53,2675),(63,291),(66,1453),(89,312)]	19.930216
994	[(24,5447),(48,3623),(64,2269),(78,365)]	20.955895
995	[(4,1753),(7,2438),(36,865),(54,1959),(65,7),(92,5426)]	20.122901
996	[(14,3238),(39,4360),(46,1259),(49,4727),(51,3155),(53,1083),(56,1448),(62,2959),(66,2449),(75,5181),(80,2997),(81,4069)]	21.428659
997	[(5,1987),(27,441),(45,693),(71,3303),(73,5375),(82,779)]	20.855388
998	[(13,2621),(22,1912),(25,3060),(36,661),(58,5263)]	20.778446
999	[(14,3412),(32,452),(42,4980),(43,3275),(46,4216),(51,2298),(57,5370),(58,2150),(60,4192),(71,137)]	19.699674
