ruleset_index	matches	time_ms
0	[(30,256),(58,573)]	28.557018
1	[(78,913),(88,1503)]	25.279342
2	[]	22.847453
3	[(11,1105),(27,2000),(28,184),(45,902),(54,135),(59,905)]	25.545467
4	[(48,2086)]	25.940779
5	[(48,760),(80,1282),(83,112),(86,985)]	24.875052
6	[(24,1623)]	26.031675
7	[(18,2084),(59,647),(77,518),(91,2117)]	24.046270
8	[(8,718),(9,1934),(21,2130),(25,981),(30,1327)]	25.318944
9	[(13,1858),(21,1227),(31,1434),(54,265),(75,1507)]	25.775840
10	[(33,555),(35,235)]	25.533116
11	[(20,1530),(21,1817),(24,1421),(47,311),(87,2018)]	25.319743
12	[(1,323),(27,1206),(40,1316),(66,666),(74,517)]	25.274661
13	[]	25.985727
14	[(11,1893),(18,1843),(83,140)]	25.231911
15	[(18,2116),(20,417),(27,298),(74,1059),(78,1627)]	25.289118
16	[(0,13),(47,794),(87,534)]	25.229511
17	[(4,1948),(12,1861),(40,1849),(41,1089),(67,946),(78,337),(87,516),(89,1315)]	25.269294
18	[(1,811),(19,1091),(35,1364),(72,1050),(87,1840)]	28.458117
19	[(4,1867),(40,1324),(56,2117),(62,412)]	25.939490
20	[(65,2125)]	25.823922
21	[(60,2132),(64,294),(88,1099)]	25.771349
22	[(7,1222),(17,655)]	25.556301
23	[(6,1221),(8,1951),(52,1744),(75,17)]	25.322522
24	[(41,2025),(53,1390),(62,1858)]	25.237157
25	[(8,1971),(15,204),(42,2140),(79,555)]	25.437468
26	[]	25.754851
27	[(69,497)]	25.835951
28	[(19,1022),(43,1746),(44,1266),(81,1503)]	25.479293
29	[(51,406),(65,189)]	28.458139
30	[(16,786),(42,1575),(72,1618)]	23.608759
31	[(4,385),(69,1872),(73,197)]	25.132959
32	[(28,1324),(31,552),(66,1252)]	26.734786
33	[(5,1491),(6,1567),(19,1953),(62,1808)]	25.802692
34	[(34,2081),(39,1614),(53,619),(70,2068),(77,1185),(87,432)]	27.332070
35	[(28,1292),(49,1273),(75,745)]	25.784280
36	[(2,1203),(21,1059),(42,1272),(79,1982)]	25.802881
37	[(35,1173),(58,792),(77,1733),(90,149)]	25.396580
38	[(18,1943),(56,1491),(69,1254),(92,1861)]	24.701566
39	[(32,1971),(43,1677),(89,1336)]	24.665195
40	[(6,652),(60,127),(64,1018),(72,507),(74,10),(85,867),(91,2004)]	24.773318
41	[(18,578),(56,945),(62,1077)]	24.465860
42	[(7,968),(10,311),(26,450)]	24.578597
43	[(36,491),(40,434),(54,516),(59,1777),(70,1205),(84,1684)]	26.399007
44	[(1,293),(23,1926),(58,839),(77,1310),(84,458),(91,90)]	24.558468
45	[]	24.847736
46	[(14,2025),(72,766)]	24.476516
47	[(23,28),(32,281),(50,366),(73,1328)]	24.403526
48	[(47,755),(61,1754),(79,631)]	24.670156
49	[(24,1850),(58,1625),(62,1029),(65,1248),(67,1319)]	25.118799
50	[(15,881),(48,1270),(58,1532)]	24.091312
51	[(29,1710),(75,1703),(81,1158),(92,1218)]	24.948241
52	[(0,1348),(25,1413),(85,1090)]	26.459782
53	[(62,1662),(73,771)]	26.784419
54	[(46,540),(52,1620)]	26.468255
55	[(5,885),(62,560),(66,1598),(86,1059),(91,378)]	22.928666
56	[(47,1589)]	24.895903
57	[(68,118)]	27.794331
58	[(1,1042),(33,594),(53,1801),(87,715)]	22.541474
59	[(24,1872),(25,361),(32,1611),(49,1240),(58,1799),(74,1264)]	26.164803
60	[(45,914),(68,654),(79,78)]	27.764655
61	[]	29.031413
62	[(2,1843),(41,532),(73,111)]	25.979274
63	[(0,891),(2,1034),(43,1956),(75,1474)]	26.411922
64	[(16,772),(84,1989)]	25.871231
65	[(6,366),(27,1063),(77,283)]	24.299922
66	[(15,1696),(22,718),(37,1159),(77,1998)]	25.371838
67	[(48,208),(86,1398),(92,1838)]	24.574261
68	[(6,168),(31,2120),(48,588),(50,1490),(80,884)]	24.810635
69	[]	25.024283
70	[(6,1535),(8,1829),(14,1501),(28,1066)]	25.870963
71	[(76,555),(80,2166),(83,1402)]	26.819062
72	[(3,1438),(49,346),(73,1857),(76,1096),(77,1826),(91,209)]	25.405782
73	[(9,227),(15,1239),(49,812),(65,410)]	25.331287
74	[(18,55),(25,1890),(34,1476),(36,677),(66,793)]	25.357830
75	[]	25.285895
76	[(17,1591)]	25.767853
77	[(2,430),(70,452),(92,224)]	25.475647
78	[(0,2029),(40,405),(64,342)]	25.733778
79	[(48,87),(83,1650)]	25.290309
80	[(8,1309),(53,1009),(65,53),(79,645)]	25.437740
81	[(20,579)]	25.419806
82	[]	25.566798
83	[(0,2056),(35,1073),(50,590),(60,1764)]	26.371059
84	[(3,1104),(47,922),(50,74),(75,2055)]	25.625859
85	[]	25.194786
86	[(31,1696),(63,989),(65,1849),(66,1089)]	25.160405
87	[(9,688),(32,1830),(65,435)]	27.220937
88	[(7,2054),(54,1638),(75,491),(78,1394)]	25.120594
89	[(33,564),(90,907)]	25.149895
90	[(13,1786),(29,1053),(49,1664)]	25.171275
91	[(10,1989),(22,2130),(31,1472),(36,481),(54,1137),(85,409)]	25.201851
92	[(60,1680),(83,1462),(84,290),(89,737)]	25.157425
93	[]	23.762819
94	[]	24.831465
95	[(66,966)]	25.638626
96	[(3,1967),(40,1129),(61,106),(65,1534),(69,1482)]	25.139387
97	[(49,1354),(85,1487),(86,2136)]	24.544406
98	[(5,1794),(13,2157),(92,2153)]	24.944211
99	[(62,1095),(72,1469)]	24.781479
100	[(45,536),(59,1536),(61,1658),(64,1506),(88,678)]	25.263756
101	[(37,1774),(81,1440),(82,935)]	24.721235
102	[(28,539),(31,1405),(42,1157),(83,851),(84,1476)]	24.985156
103	[(0,2027),(49,275),(63,1901)]	26.191716
104	[(0,1418),(49,959),(63,542),(79,1237)]	31.292759
105	[(27,998),(50,318),(54,2084),(73,1365),(82,2110)]	25.542243
106	[(6,1145),(64,1689),(72,1847)]	25.269091
107	[(41,255),(43,917)]	25.933876
108	[(13,63),(24,699),(60,730)]	30.358736
109	[(24,1396),(78,1066),(84,936)]	25.231370
110	[(48,1556),(55,642)]	27.190478
111	[(49,1043),(55,1033),(71,1523)]	25.119188
112	[(39,338)]	24.859627
113	[(58,382),(76,1823),(78,136)]	25.592897
114	[(15,1092),(51,982)]	25.682681
115	[(60,32)]	26.126984
116	[]	26.022146
117	[(44,46),(51,56),(56,811)]	25.014460
118	[(2,1780),(19,1457),(63,981),(81,736)]	24.033305
119	[(8,1974),(23,2138),(44,1669),(61,2013),(88,1268)]	25.140857
120	[(42,532)]	26.694091
121	[(60,816),(64,677)]	25.604848
122	[(48,198)]	27.176803
123	[(1,1262),(32,1459)]	26.256936
124	[(37,558),(57,1716)]	25.031980
125	[]	25.228450
126	[(18,1430),(76,1261),(83,724)]	24.471324
127	[(7,775),(14,1405),(24,1497),(75,941),(79,480),(87,1562)]	24.927600
128	[(29,1722),(59,997),(77,316),(91,2082)]	24.849734
129	[(24,977),(34,31),(83,2012)]	24.660562
130	[(38,1195),(77,1355)]	27.181082
131	[(7,800)]	26.640599
132	[(1,1530),(9,1305),(17,773)]	27.319594
133	[(28,809),(41,385),(57,1936),(72,1860),(92,2075)]	27.716857
134	[(2,5),(8,206)]	25.915316
135	[(8,1864)]	24.499007
136	[(0,55),(47,278),(57,131),(68,2008),(75,1316),(82,678),(87,1862)]	24.924640
137	[(15,610),(16,315),(30,2052),(92,554)]	25.562289
138	[(78,442)]	27.242918
139	[(19,602),(43,1896),(78,605),(82,1574)]	25.972287
140	[(7,1381),(9,1865),(25,1855),(64,1281),(69,2091),(85,394)]	26.236764
141	[(48,1230)]	26.259349
142	[]	25.665333
143	[(3,1056),(6,515),(17,317),(19,297),(53,1150),(83,509)]	25.765128
144	[(16,61),(35,1552),(45,691),(72,1178)]	25.811715
145	[(31,1475),(72,584),(78,368)]	26.053450
146	[(18,222),(38,1376),(73,775),(81,158)]	26.376612
147	[(9,1917),(37,366),(54,251),(80,1921)]	29.480133
148	[(81,181)]	27.775973
149	[(18,1464),(66,1835)]	19.570285
150	[(1,634),(4,1321),(15,1387),(37,544),(88,1904)]	13.610517
151	[(12,915),(73,477),(83,1382)]	12.653058
152	[(38,2032),(66,1091),(82,875),(92,544)]	12.636447
153	[(6,1286),(19,1560),(28,1117),(51,1425),(58,395),(71,127),(82,1068)]	14.928452
154	[(28,215),(33,1335),(89,1889)]	13.623305
155	[]	13.031906
156	[(22,967),(59,1118)]	13.065076
157	[(57,825)]	13.567750
158	[(40,136),(56,371),(75,2000),(76,184),(81,1345)]	12.863707
159	[(36,1029),(85,307),(89,295)]	12.734280
160	[(72,1197)]	12.630536
161	[(1,1538),(18,1915),(32,1173),(34,1553),(89,881)]	13.205728
162	[(13,1794),(75,454)]	12.757035
163	[(23,1061),(29,700),(68,1264),(88,944)]	12.817698
164	[(2,448),(47,2101),(62,978),(67,732)]	12.899972
165	[(6,1985),(10,1088),(18,1997),(20,960),(70,328)]	13.315378
166	[(23,2074),(39,1753),(62,1183),(67,1199)]	13.068490
167	[(12,236),(21,1440),(22,935),(25,509),(70,528),(90,226)]	12.661626
168	[(27,1342),(29,831),(42,165)]	13.326890
169	[(29,1391),(74,1102),(85,1523)]	12.728940
170	[(17,1864),(37,311),(48,1164),(67,231),(74,1683),(83,2083)]	12.752988
171	[(24,685),(43,612),(64,1197),(77,1061)]	13.155970
172	[(27,333),(83,2162)]	15.472599
173	[(35,1228),(92,2049)]	12.993010
174	[(16,1179),(21,2007),(32,1494),(43,2139),(72,519)]	12.615142
175	[(51,1650)]	12.573453
176	[(13,1693),(37,508),(43,1815)]	12.772514
177	[(13,2128),(29,1575)]	12.705200
178	[(4,1427),(9,1755),(36,795),(60,958),(81,911)]	12.710504
179	[(24,999),(50,1357),(78,604),(88,1730)]	14.550628
180	[(13,1150)]	13.078486
181	[(62,1251)]	12.757960
182	[(4,118),(32,985),(73,1888)]	13.006730
183	[(23,1668),(47,1807)]	12.694273
184	[(17,1182),(31,347),(40,1851),(62,176),(77,1100)]	12.732458
185	[(6,1280),(20,1939),(26,1243),(35,1560),(77,891)]	12.915272
186	[(25,580),(28,1226),(33,1087),(81,331)]	12.759709
187	[(10,1222),(17,1549),(58,1685)]	12.772427
188	[(16,677),(33,305),(36,1788),(51,1751),(74,2062)]	13.435472
189	[(27,1437),(57,1012),(78,296)]	13.034886
190	[(25,1084)]	13.650415
191	[(25,69),(79,1597),(85,762)]	13.113536
192	[(14,1172),(41,614),(44,1542),(45,1691),(60,1290),(76,868)]	12.994757
193	[]	12.708478
194	[(13,240),(24,863),(67,1451)]	12.573667
195	[(35,1202),(43,2086),(44,675)]	12.679626
196	[(50,980),(83,2043),(88,322)]	13.384130
197	[(20,2126),(80,1123),(83,704),(86,1706)]	14.534529
198	[(14,453),(28,174),(59,825)]	12.914180
199	[(6,426),(30,1395),(83,1953),(90,1948)]	13.015823
200	[(19,1167),(22,498),(46,1443),(51,2018),(57,1910),(89,173)]	13.268033
201	[(12,278),(28,1754),(34,750),(35,1146),(43,2067),(46,510),(62,1380),(72,52)]	12.920898
202	[(15,1809),(79,1843),(84,944),(87,2037)]	13.138873
203	[(7,1126),(26,2080)]	12.706060
204	[(43,540),(52,1671),(60,2026),(68,815),(90,1317)]	12.817143
205	[(9,1015),(49,829),(82,1307)]	12.572795
206	[(50,454),(63,1915),(91,1522)]	12.679785
207	[(65,536),(75,1064),(88,1017)]	12.638823
208	[(6,1059),(66,1021),(69,222)]	12.659651
209	[(36,1942),(89,770)]	13.703407
210	[(64,837)]	12.836809
211	[(28,1375),(46,371),(49,983),(66,2152),(85,825)]	13.041558
212	[(61,204),(69,680)]	12.707933
213	[(17,269),(22,752),(41,1868)]	12.629289
214	[(20,1424)]	12.884814
215	[(24,832),(70,765),(75,73),(89,1148)]	12.867200
216	[(10,416),(29,1627),(44,1267)]	17.555218
217	[(37,186),(41,1264),(47,662),(50,750),(68,795),(84,202),(87,259)]	14.753443
218	[(33,478),(41,1589),(69,777)]	14.636085
219	[]	16.839060
220	[(14,1104),(23,805),(42,1141),(90,546)]	14.584694
221	[(0,447),(4,1252),(33,1704),(59,1525),(84,1794),(85,1778),(87,2089)]	12.926754
222	[(88,754)]	14.979717
223	[(24,886),(28,803),(44,1094),(55,724),(66,495),(70,1310),(92,1413)]	18.527492
224	[(15,1564),(32,1467),(46,317),(48,297),(71,488)]	25.063841
225	[(6,444),(10,834),(68,603)]	20.971172
226	[(7,1906)]	13.177202
227	[(9,811),(16,510),(22,1366),(63,1657),(80,663)]	13.510123
228	[(52,1689),(69,1572),(83,1188)]	13.549438
229	[(6,2113),(11,794),(74,1986),(86,61)]	12.821117
230	[]	12.970100
231	[(47,2049)]	13.231363
232	[(5,1849),(39,1683),(48,2159),(62,2087),(78,1436),(92,1010)]	12.917320
233	[(28,2061),(32,561),(43,376)]	12.854352
234	[(20,1133),(52,740),(62,405),(80,375)]	13.837695
235	[(20,686),(27,1864),(44,1485),(81,1165)]	13.528000
236	[(54,1819),(69,1183),(78,989),(80,1920)]	13.088324
237	[(5,2039),(9,203),(92,1372)]	12.877434
238	[(2,1017),(5,1658),(21,1717),(39,570),(44,1191)]	12.844251
239	[(53,1438),(59,1358),(79,1641),(89,1632)]	13.326192
240	[(15,271),(16,1176),(77,1765),(83,1066)]	13.827091
241	[(7,497),(37,1199),(59,1614),(68,18)]	13.115064
242	[(9,1346),(11,1566),(44,2057),(72,237),(81,1591)]	13.089112
243	[(27,111),(69,1576),(80,885)]	13.584253
244	[(4,124),(35,1104),(65,1649),(91,277)]	20.954628
245	[]	29.213223
246	[(17,1960),(23,41),(42,1564),(59,1019)]	17.378542
247	[(55,1541)]	13.198881
248	[(6,937),(27,413),(63,1781),(78,1806),(84,950)]	13.152135
249	[(54,1167),(78,1236)]	12.708185
250	[(30,849),(46,1227),(80,1507),(87,116)]	13.008747
251	[(8,742),(21,1946),(71,336)]	15.098390
252	[(8,91),(11,1355),(92,376)]	13.126103
253	[(35,1573),(71,1211),(81,1559),(84,494)]	12.842905
254	[(64,1990),(91,1979),(92,572)]	12.702418
255	[(6,128),(32,1610),(38,1052)]	12.779676
256	[(32,1895),(57,83)]	12.879364
257	[(32,539),(35,1405),(62,1214),(86,1430)]	13.009328
258	[(29,628),(33,1800),(70,1536),(91,1315)]	12.872505
259	[(1,538),(4,314),(12,1134),(67,1143),(85,1735),(86,210)]	13.265528
260	[(19,1716),(27,578),(36,2142)]	13.562348
261	[(67,383),(82,348)]	12.892270
262	[(3,918),(11,1307),(55,335),(78,698),(91,295)]	12.812176
263	[(18,1323),(47,1910),(68,325)]	12.854542
264	[(12,76),(38,794),(54,1341),(65,62),(91,1245)]	13.303643
265	[(16,1022),(41,1451)]	13.024452
266	[(22,674),(43,625),(88,1776)]	12.924906
267	[(42,1951),(65,1179)]	12.620118
268	[(38,247),(45,2051),(48,375),(51,1969),(82,554)]	13.488971
269	[(2,765),(29,384),(49,1677)]	14.004588
270	[(29,2071),(32,870),(48,1205)]	12.624940
271	[(60,155),(71,1428),(89,2131)]	16.058918
272	[(9,1419),(34,369)]	13.982035
273	[(42,1826),(91,1134)]	13.356934
274	[(47,1536),(77,2162),(86,1887)]	12.721753
275	[(12,411),(40,327),(80,14)]	12.899888
276	[(24,620),(33,284)]	12.715366
277	[(36,500),(53,1208),(87,1875)]	12.841530
278	[(7,334),(55,963)]	13.074603
279	[(54,1596),(73,987),(79,1972)]	12.892470
280	[(26,2160),(88,24)]	12.963976
281	[(0,1137),(10,956),(28,570),(74,120),(86,1688),(92,1933)]	12.897242
282	[(7,381)]	12.678034
283	[(7,1090),(21,1409),(40,247),(48,1646)]	12.749401
284	[(9,1417),(23,1830),(40,1256),(53,596),(88,199)]	12.728446
285	[(5,1945),(43,1626),(46,1621),(49,800)]	12.675125
286	[(6,18),(15,1826),(30,525),(49,54),(51,188),(56,2080),(61,321),(73,1071),(77,475),(85,1991),(87,696)]	13.032944
287	[(87,767)]	13.333219
288	[(52,1513),(91,1560)]	12.821024
289	[(82,2056),(90,1146)]	13.342357
290	[(10,1109),(44,1864),(45,676)]	13.141784
291	[(38,210),(56,505)]	12.924927
292	[(17,768),(33,744),(56,1014),(68,73),(89,832)]	12.678720
293	[(38,1389),(57,1319),(69,1944)]	12.858621
294	[(24,433),(37,151),(66,224)]	19.558422
295	[(23,2163),(27,447),(58,1407)]	18.171116
296	[(32,186),(69,342),(81,118)]	13.690897
297	[(13,1706),(88,841)]	12.815818
298	[(21,1587),(31,1343),(40,1153),(64,1875),(67,1198),(83,914)]	18.196562
299	[(12,1232),(23,863)]	25.608942
300	[(21,1219),(23,629),(25,2011),(56,1448),(83,1797)]	14.559646
301	[(18,2069),(20,1001),(27,904),(58,1472),(77,883),(92,909)]	13.153250
302	[(18,629),(19,1751),(59,2103)]	13.414335
303	[(11,1696),(37,1979),(51,978),(74,1116),(80,765),(89,785)]	12.769263
304	[(36,1652),(83,1647)]	12.717123
305	[]	13.007171
306	[(3,489),(46,737),(75,333),(90,1711)]	13.420602
307	[(29,281),(59,379)]	13.088717
308	[]	13.168831
309	[]	13.715367
310	[(21,2082),(41,489)]	14.591191
311	[(20,1311),(70,712),(80,1400)]	13.860755
312	[(37,1992)]	14.412457
313	[(0,1976),(22,1789)]	14.152412
314	[(68,1624)]	13.668957
315	[(24,207),(31,899),(50,586),(60,1823)]	14.066132
316	[(33,1612),(55,1589),(82,2142)]	13.890866
317	[(7,1143),(74,279),(77,1133)]	15.690419
318	[(0,838),(1,957),(29,110),(59,1748)]	15.661923
319	[(35,1977),(38,1140),(44,1013),(74,2140),(82,148)]	12.726977
320	[(40,556),(41,525)]	12.810388
321	[(7,1964)]	12.795504
322	[(0,1141),(12,168),(37,840),(53,158),(68,1525)]	12.792143
323	[(5,2154),(33,1036),(76,278)]	12.602064
324	[(21,2021),(42,1611),(68,1230),(81,1416),(82,1525)]	15.080896
325	[]	13.820026
326	[(59,814),(62,540),(73,826),(79,109),(90,1068)]	13.535980
327	[(29,1787),(44,1407),(59,682),(60,808),(61,1058),(63,1288),(92,2161)]	12.705441
328	[(14,1907),(16,1293),(35,1287),(39,1417),(46,482),(76,1771)]	13.499424
329	[(5,1377)]	12.882383
330	[(18,1055),(49,340),(50,862)]	13.092743
331	[(2,934),(41,2028),(45,1681),(61,1843),(69,418),(92,1955)]	13.310263
332	[(17,1589),(29,786),(76,371)]	12.907045
333	[(21,21)]	13.184828
334	[(54,1821),(68,2153),(72,725),(76,1884)]	12.787401
335	[(86,785),(88,887)]	12.723044
336	[(36,2056),(76,1055),(83,1437)]	13.810199
337	[(25,2106),(67,1776)]	12.890498
338	[(30,550),(49,1368),(55,1162)]	12.982107
339	[(40,949)]	13.035489
340	[(12,2101),(60,1928),(69,1188)]	13.279127
341	[(10,736),(37,1570),(90,680)]	13.661498
342	[(9,455),(22,828),(23,499),(28,1665),(31,1724),(34,565),(36,371),(54,1),(73,1950)]	12.779154
343	[(81,422)]	12.743392
344	[(28,668)]	15.138201
345	[(13,1885),(20,1892),(26,1173),(38,474),(55,1209)]	12.691832
346	[(65,571)]	13.813351
347	[(61,1776),(65,1945),(71,793)]	13.489882
348	[(2,1464),(9,1599),(65,2083),(71,871),(77,1900)]	13.128328
349	[(9,29),(23,1338),(24,990),(48,268),(59,1322),(89,1247)]	12.762821
350	[(28,662),(48,558),(52,611),(53,900),(64,909),(85,1783)]	13.209149
351	[(13,1974),(25,1766),(67,712)]	12.839509
352	[(5,1912),(51,245)]	12.829827
353	[(10,1570),(47,267)]	13.013673
354	[(1,2130),(5,509),(18,1023),(19,2156),(27,148),(28,1712),(51,59),(65,1372)]	13.706758
355	[(76,1282),(89,1818)]	12.989364
356	[(37,1267)]	12.895061
357	[(20,1105),(32,1951),(35,982)]	13.289605
358	[(23,1815),(58,5)]	12.979848
359	[(39,1806),(54,1967),(59,276),(81,1800),(84,440)]	17.541467
360	[(7,1863),(11,1687),(37,1110),(92,2028)]	13.479765
361	[(26,905)]	13.197448
362	[(24,1203),(26,640),(31,1481),(43,895),(44,661),(85,694)]	12.924516
363	[(7,410),(8,1321),(9,2109),(40,1038)]	14.235920
364	[(6,2110),(27,492),(87,1590)]	13.447742
365	[(2,506),(18,1251),(42,1885),(52,690),(62,1109),(78,214),(83,564)]	12.695895
366	[(39,638),(41,1665),(60,1100),(65,1655)]	13.707245
367	[(12,1979),(23,1472),(26,1281),(55,1069),(68,1195),(75,760)]	18.589483
368	[(42,807)]	15.938600
369	[(62,1574)]	14.017733
370	[(77,2150)]	12.648439
371	[(64,436),(85,2049)]	14.424522
372	[]	13.464499
373	[(14,287),(43,2041),(61,2099)]	16.554802
374	[(1,1578),(16,1455),(18,1743),(29,1801),(65,1368),(91,1215)]	25.757214
375	[(17,1209)]	15.450713
376	[(43,1754),(64,137),(80,331)]	12.838548
377	[(1,1563)]	12.624925
378	[(38,150),(43,1089)]	12.806570
379	[(47,1706),(60,597),(64,1272),(88,753)]	12.722766
380	[(49,1309),(51,1454),(67,1605),(84,1214)]	14.396293
381	[(47,1636),(77,996),(84,317)]	12.992354
382	[(8,975),(17,1080),(25,1455),(33,1924)]	12.748021
383	[(15,1056),(48,807),(84,2032)]	13.149059
384	[(9,733),(13,776),(51,1369),(75,1126)]	12.845152
385	[(35,1947),(71,1145)]	13.280520
386	[(2,2050),(32,1388),(54,1619),(56,804)]	12.998156
387	[(84,1809)]	12.914716
388	[]	12.775807
389	[(12,1442),(35,1043),(60,1995)]	12.943014
390	[(29,13),(78,1713)]	12.773638
391	[]	15.271093
392	[(69,563),(92,1535)]	13.015044
393	[(2,820),(17,1735),(18,210),(34,1717),(92,1359)]	12.709722
394	[(24,54),(26,188),(53,1536),(60,1292),(69,875),(89,2110)]	12.789987
395	[(21,1899),(60,763),(77,833),(84,396),(85,1898)]	12.668991
396	[(64,149),(78,158),(88,607)]	12.765871
397	[(84,2160)]	15.164712
398	[(6,1457),(22,1604),(32,595),(68,1248),(79,1263)]	13.885243
399	[(89,1694)]	12.690314
400	[(43,939)]	13.397451
401	[(9,332),(14,668),(66,304)]	13.419426
402	[(11,1326),(34,1991)]	14.780203
403	[(85,522)]	14.930282
404	[(28,497),(31,413),(44,1918),(48,437),(50,1668),(51,1603),(58,1024)]	14.596977
405	[(59,1351),(88,1013)]	14.823933
406	[(45,563),(72,1368),(73,1639),(74,1004)]	14.233389
407	[(42,1590),(57,174)]	14.310219
408	[(7,507),(43,80),(81,881),(89,657)]	14.594010
409	[(29,785),(35,423),(48,2061),(56,1676),(60,379)]	14.577540
410	[(31,103),(35,1211),(68,2150)]	14.510042
411	[(8,1853),(70,41)]	14.425167
412	[(21,561),(28,488),(40,1738),(61,1793),(63,1101)]	14.444847
413	[(9,439),(26,444),(57,754),(69,1759),(83,1359)]	14.485007
414	[(24,1133)]	16.273767
415	[(16,1699),(65,1346),(69,1575)]	13.243571
416	[(20,553),(64,1372),(82,1716)]	13.563768
417	[(67,743)]	15.369794
418	[(22,1589),(31,2135),(32,108),(75,574)]	13.484017
419	[(29,175),(53,1091)]	12.999964
420	[(46,220),(47,1499)]	13.035923
421	[(18,235)]	12.900290
422	[(44,1022),(84,930)]	12.885681
423	[(38,1979)]	12.792339
424	[(9,982),(40,1706)]	13.637690
425	[(2,1879),(7,1078),(38,1021),(43,784),(61,541)]	13.054202
426	[(9,1182),(20,91),(38,1491),(54,522)]	12.730293
427	[(17,175),(55,955),(77,450)]	12.989922
428	[(81,2013)]	12.752761
429	[(55,393),(61,1979),(91,1534)]	12.791271
430	[(8,726),(43,1646)]	12.842236
431	[(5,390),(59,653)]	13.093051
432	[(7,1985),(41,738),(44,1893),(58,314),(66,2037)]	13.818015
433	[(3,62),(17,72),(43,1343),(77,195)]	12.879619
434	[(17,1634)]	12.739330
435	[(49,887),(85,14)]	12.888729
436	[(16,1844),(42,575),(81,896)]	13.372126
437	[(6,80),(48,1896),(53,632),(60,1170)]	12.837198
438	[(29,161),(31,1975),(68,2110)]	13.550463
439	[(43,1441),(54,1774)]	17.412225
440	[(56,685),(76,1074),(91,375)]	16.874827
441	[(6,1073),(25,1053),(41,1393)]	14.201090
442	[(7,341),(24,202),(73,61),(80,862)]	12.659077
443	[(70,1597),(88,1107)]	12.750099
444	[(12,907),(51,959),(61,98),(76,1696),(92,1097)]	12.799103
445	[(83,402)]	12.636511
446	[(47,1689),(56,1433),(88,1450)]	13.088064
447	[(51,1349),(80,940)]	12.592041
448	[(39,2072),(77,784)]	12.598120
449	[(17,1455),(31,486),(74,1623)]	25.977259
450	[(13,1912),(23,710),(30,308),(44,1812),(47,168)]	20.146055
451	[(55,344),(57,501),(80,743)]	13.269306
452	[(12,666),(84,736)]	13.563507
453	[(21,1115),(70,1936),(78,573),(86,2054)]	13.079926
454	[(5,553),(24,466),(42,350)]	13.567902
455	[(19,969),(32,351),(54,807),(61,763),(69,2013)]	13.374585
456	[(1,2145),(35,670),(63,181),(82,1163),(84,741)]	13.887726
457	[(34,1925),(48,1624)]	12.784592
458	[(15,1752),(29,516),(57,449),(85,2006)]	12.926141
459	[(21,866),(24,1677),(39,250),(48,981),(57,1141),(83,1298),(86,74)]	12.991283
460	[(10,138),(85,1665)]	12.828395
461	[(7,986),(60,27),(70,1880),(89,4)]	13.014621
462	[(68,881),(85,1884),(88,1319)]	12.959634
463	[(34,470),(72,160),(77,1485),(90,1577)]	15.509260
464	[(5,1851),(52,314),(61,238),(83,735)]	13.284093
465	[(43,1171),(53,1858),(71,1487),(88,472)]	12.818140
466	[]	12.944047
467	[(5,1207),(45,997),(52,1468),(85,2134)]	13.383046
468	[(16,447),(33,1503),(52,738),(76,1940),(92,125)]	13.233025
469	[]	13.412455
470	[(14,1027),(68,770)]	14.794778
471	[(34,902),(59,414),(87,533)]	12.694126
472	[(22,856),(89,274)]	12.754864
473	[(74,1796),(80,1483)]	12.849602
474	[(49,1422),(63,1853)]	13.247472
475	[]	12.967373
476	[(16,637),(43,913),(48,1367),(88,786)]	12.856207
477	[(14,1008),(25,711),(51,16),(53,1889),(59,1873),(70,1585),(89,1672)]	13.389187
478	[(17,1571),(18,1695),(37,84),(79,346),(91,916)]	13.358262
479	[(19,1316),(76,450),(80,759),(92,1073)]	12.714477
480	[(27,1455),(64,1480),(81,1262)]	12.923442
481	[(62,736)]	13.079591
482	[(6,36),(16,1708),(30,390),(75,783),(80,802)]	13.426748
483	[(36,303),(51,1620)]	13.589306
484	[(61,195),(71,1800)]	12.840152
485	[(14,1748),(22,830)]	12.786174
486	[(21,1553),(40,1659),(43,9),(49,1800),(61,1947),(76,1563),(92,271)]	12.647013
487	[(5,120),(49,1976),(74,1128)]	13.687606
488	[(1,138),(6,1575),(24,657),(86,1841)]	12.895452
489	[(9,948),(13,61),(27,1460),(39,714),(67,448),(81,502)]	12.710472
490	[(3,2152),(9,1652),(15,1714),(31,630),(32,144),(58,992),(92,851)]	12.642811
491	[(66,616),(76,2077),(89,911)]	12.678287
492	[(49,1024)]	12.909992
493	[(24,1723),(68,1732),(87,1761)]	14.182542
494	[(51,290)]	12.681135
495	[(31,349),(78,876)]	13.140655
496	[(6,2132),(36,961),(47,805)]	12.742674
497	[(8,192),(10,895),(33,683),(54,588),(56,1490)]	12.620033
498	[(26,814),(27,487),(42,1862),(44,57),(57,598)]	13.166895
499	[(12,426),(16,704),(42,792),(44,1448),(52,1494),(55,875)]	12.821064
500	[(6,425),(21,833),(29,1344)]	13.370655
501	[(62,1196)]	13.001475
502	[(36,257)]	12.711231
503	[(5,1706),(36,838),(92,1302)]	12.778952
504	[(8,1409),(36,1470),(42,1814)]	12.806233
505	[(49,984)]	12.874287
506	[(41,1654),(83,194)]	13.055064
507	[(46,2134)]	12.626342
508	[(69,755),(74,799),(85,433)]	13.233202
509	[(23,1684),(48,66),(65,1531),(77,1843)]	12.962015
510	[(25,166),(66,1262),(81,937)]	12.643250
511	[(61,1594)]	13.456984
512	[(59,1315),(61,331),(68,1900),(92,64)]	19.217206
513	[(8,178),(52,1983),(54,1522),(77,800)]	17.600507
514	[(19,453),(29,626),(31,1084)]	15.154844
515	[(19,1556),(51,1539),(58,882),(69,527)]	13.882074
516	[(10,884),(30,1139),(34,2159)]	13.189129
517	[(42,2162),(52,904),(84,1275)]	15.506174
518	[]	14.242156
519	[(7,271),(24,1429)]	12.744765
520	[(39,768),(68,1898)]	12.657467
521	[(27,1981),(28,812),(34,879)]	12.869606
522	[(50,737),(75,574),(81,1883)]	13.964829
523	[(15,1111)]	12.972322
524	[(7,28),(12,1843),(24,1931),(32,897),(42,1711),(47,686),(92,1264)]	13.397402
525	[(42,943),(82,910)]	21.335542
526	[(14,300),(33,588),(35,1490),(38,1839),(46,1960),(57,298),(77,752),(84,1234)]	23.072852
527	[(1,1784),(34,1516),(43,902),(53,1391),(63,1690),(77,1115)]	13.075299
528	[(79,1055)]	13.225245
529	[(15,1520),(26,1817),(86,1369)]	12.961631
530	[(6,1019),(62,2055)]	12.870720
531	[(26,2131),(60,768),(77,1740),(80,1832)]	12.746100
532	[(21,1330),(37,128)]	12.908853
533	[(57,244),(74,1838)]	12.760633
534	[(53,589),(91,639)]	12.779775
535	[(8,141),(44,1806),(68,1248),(70,56)]	13.198965
536	[(27,1648),(74,268)]	12.697739
537	[(5,2060),(44,1085),(60,1920)]	14.994151
538	[(36,1128),(43,299),(74,1338)]	13.402619
539	[(58,1182),(63,252)]	12.745855
540	[(3,312),(25,1562),(32,724),(46,1017)]	12.699459
541	[(24,1234),(89,590)]	12.655612
542	[(3,1726),(9,38),(20,366)]	12.688954
543	[(40,2096),(55,370)]	12.715482
544	[(14,1422),(60,851)]	16.421258
545	[(2,1414),(27,951),(87,1378)]	13.094909
546	[]	13.090263
547	[(22,424)]	12.833870
548	[(2,1829),(65,1528),(69,1276)]	12.756748
549	[(25,1847),(32,851),(45,117),(47,228),(49,1029),(54,1274),(90,2073)]	12.847883
550	[(55,620)]	12.613328
551	[(15,693)]	13.262350
552	[(18,274),(65,1935),(70,30)]	13.144428
553	[(43,614),(56,202),(69,363)]	12.832070
554	[(8,611),(28,1734)]	13.068795
555	[(75,271),(80,1202)]	12.676481
556	[(67,1633)]	12.936264
557	[(28,837),(31,805),(32,163),(50,2061),(53,1541)]	12.789309
558	[(85,1898),(90,1821)]	12.914998
559	[(13,1289),(30,1162),(59,1926)]	13.028296
560	[(27,2039)]	12.636002
561	[(12,371),(69,1141)]	12.887675
562	[(14,396),(17,2127),(34,1)]	12.729146
563	[(47,2014),(57,1185)]	12.883034
564	[(11,391),(51,1270),(65,965)]	12.710057
565	[(46,1648),(62,2105),(80,2133)]	12.997723
566	[(2,1268),(29,537),(36,398),(38,179),(49,959),(52,2033)]	13.564958
567	[(11,1406)]	12.993953
568	[(0,610),(51,177),(76,1686),(85,2144)]	12.725500
569	[(27,2143),(28,583),(30,1642),(71,2082)]	12.835076
570	[(11,430),(37,54),(50,1107),(70,690),(73,262)]	12.920744
571	[(16,1472),(19,1281),(51,1893),(69,995),(87,859)]	12.602487
572	[]	13.145361
573	[(20,1138),(38,1493)]	12.859557
574	[(11,1565),(20,2050),(45,2076),(50,1822),(56,2021),(66,1000)]	12.760469
575	[(48,2121),(51,981),(59,357)]	12.733035
576	[(8,161),(71,346)]	12.742191
577	[(31,2076),(64,1242)]	12.780524
578	[(64,577)]	12.786309
579	[(3,674),(27,249),(51,1069),(74,1577)]	13.214539
580	[(16,275),(39,597)]	12.929993
581	[(52,2044),(86,2148)]	14.103380
582	[(36,902),(70,2122)]	13.822210
583	[(6,686),(16,611),(34,1990),(61,1367),(92,1862)]	15.755357
584	[(21,395),(64,1378)]	13.146381
585	[(17,173),(74,1729)]	12.970914
586	[(33,1861),(37,603),(65,1019),(70,1517),(71,1091),(90,1443)]	13.917482
587	[(60,787),(85,1065)]	17.630456
588	[(26,1775),(46,131)]	15.768869
589	[(4,1365),(12,75),(31,1454),(64,1500),(75,1624),(90,2129)]	13.353864
590	[(6,621),(47,118),(50,2003),(89,1222)]	12.927115
591	[(35,654),(43,663),(76,1323)]	12.984145
592	[(51,1127),(72,1622),(76,229),(78,1874)]	12.935646
593	[(21,251),(56,1527),(71,1200)]	14.591545
594	[(56,2084),(74,1339),(76,1742)]	12.853240
595	[(38,1188),(46,1282),(85,1728)]	12.699363
596	[(38,1865),(60,767),(75,669)]	12.752743
597	[(9,587),(40,1545),(48,412),(62,307)]	14.512035
598	[(14,1507),(31,2014)]	15.245728
599	[(13,1863),(91,1791)]	13.531678
600	[(17,1032),(21,1095),(22,1790),(23,333),(31,165),(44,625),(71,836),(79,1214)]	14.229904
601	[(1,1186),(6,491),(38,1313),(65,888),(76,2007)]	12.981160
602	[(22,1442),(53,742)]	24.252857
603	[(68,1766)]	23.892598
604	[(69,1720),(73,1447),(81,506)]	13.187470
605	[(9,1894)]	12.722467
606	[(6,1336),(10,1941),(17,1671),(51,1327),(80,1231)]	13.301806
607	[(15,1677),(55,1157)]	12.784760
608	[(4,856),(30,719),(59,1038),(69,1067)]	13.004942
609	[(27,2091),(29,1623),(40,691),(55,2062)]	13.702640
610	[(19,2163),(22,1635)]	12.842811
611	[(29,764),(37,730)]	15.685321
612	[(55,1716)]	13.161244
613	[(35,1016),(65,2098),(73,877),(75,1561),(84,1354)]	12.929391
614	[(6,862),(13,123),(57,1819),(63,1779)]	14.286113
615	[(77,1244),(78,1083)]	13.464727
616	[(13,617),(45,703)]	15.857866
617	[(8,199),(31,1840),(39,2076),(81,54)]	14.706517
618	[(22,402),(29,298),(67,1079)]	13.735473
619	[(30,244),(66,159),(68,960),(92,2008)]	13.050627
620	[(7,1461),(32,2062),(84,784),(85,645)]	13.110948
621	[(18,56),(26,482),(58,2108),(82,1613)]	13.052512
622	[(17,1276),(82,1580)]	12.898143
623	[(25,1663),(85,703)]	13.068984
624	[]	12.911564
625	[(11,1810),(28,1404),(56,359),(60,1672),(75,1630),(87,2068)]	13.181843
626	[(56,815),(67,1668)]	12.891478
627	[(23,706)]	12.981688
628	[(57,874)]	13.043197
629	[(31,1543),(72,2043),(90,475)]	13.538564
630	[(28,1000),(56,507)]	12.924123
631	[(83,1876)]	12.832346
632	[(31,274)]	12.956046
633	[(12,2064),(66,1468)]	12.904955
634	[(0,1176),(36,602),(44,1912),(74,1172)]	13.943400
635	[(11,738),(14,1274)]	13.309588
636	[(20,783),(67,2127),(82,817),(85,1922),(92,2030)]	15.593206
637	[(6,980),(34,1245),(47,1802),(82,243),(84,1791)]	13.460316
638	[(10,202),(27,924),(50,2010),(58,1354),(72,56)]	13.718171
639	[(15,1406),(22,1537),(34,1936),(86,1818)]	14.334740
640	[(6,300),(38,1757),(52,1990)]	13.283406
641	[(21,283),(40,1637),(68,1704)]	12.943753
642	[(68,1452),(86,884)]	12.912581
643	[(14,344),(26,494),(30,1147),(71,309)]	12.901123
644	[(18,1518),(83,2103),(88,592)]	12.768304
645	[(5,657),(43,2068),(63,1444),(69,2050),(74,424),(89,144)]	13.304945
646	[(20,1067),(25,1469),(55,736)]	12.772382
647	[(5,154),(26,417),(81,821)]	13.763327
648	[(4,620),(29,345),(61,965)]	12.946132
649	[(76,846)]	12.756033
650	[(63,219)]	12.855596
651	[(8,758),(90,1183)]	13.198640
652	[(49,597),(89,1359)]	13.009415
653	[(45,1366),(48,2152),(74,1803),(77,2033)]	13.743683
654	[(41,1892),(65,350),(92,1768)]	12.864988
655	[]	13.305834
656	[(29,404),(34,1389),(53,1893),(70,2131),(82,557),(84,1241)]	12.929399
657	[(2,1704),(16,71),(50,118),(66,1454)]	12.764675
658	[(29,581),(50,1616)]	13.772508
659	[(15,500),(16,624),(25,663),(45,2114),(52,1629)]	15.518146
660	[(2,1485),(25,2079),(39,1587),(49,1335),(90,1608)]	17.887715
661	[(14,1361),(16,618),(27,1596),(79,1531)]	13.263639
662	[(31,1696),(47,1200),(53,1945),(70,1183)]	13.010170
663	[(4,1650),(69,1464)]	12.824212
664	[(84,141)]	12.927981
665	[(19,2035),(36,1330),(43,793),(77,1653),(88,698)]	13.688609
666	[(27,997),(89,1451)]	13.372011
667	[(9,1011),(32,951),(36,1209),(50,1016)]	13.326018
668	[(10,996),(38,61),(64,1476)]	13.815990
669	[]	12.927842
670	[(16,1623),(22,546),(24,909)]	12.808489
671	[(45,521),(77,1926),(83,934)]	13.006537
672	[(21,489),(32,1364),(54,1183),(80,1966),(83,1196)]	12.787084
673	[(25,144),(59,1723),(61,1787),(90,1299)]	13.454540
674	[(12,1624),(44,1865),(52,18)]	12.979614
675	[(43,567),(52,1669),(75,445),(77,2047)]	12.760216
676	[(1,618),(34,1471),(49,1150),(64,1953),(91,799)]	12.872586
677	[(52,1445),(79,293)]	12.791055
678	[(69,1311)]	19.653505
679	[(0,183)]	24.425916
680	[(42,987),(58,783)]	13.399472
681	[(49,2078)]	12.806300
682	[(7,923),(20,1457),(25,1130),(29,920),(33,48),(39,638),(48,1420),(65,1109),(69,1205),(89,1327)]	13.554271
683	[(74,1552),(77,1960)]	14.799755
684	[(22,1942),(27,1474),(42,100),(52,462),(53,558),(81,1692),(90,1808)]	12.867858
685	[(2,546),(6,1736),(11,61),(46,771),(48,391),(69,801),(85,1632)]	15.926016
686	[(19,1932),(46,1224),(68,491)]	12.979734
687	[(24,597),(42,582),(65,704),(69,938)]	13.092147
688	[(0,1743),(20,208),(52,1918),(86,1873)]	12.798759
689	[(49,1929),(51,1755)]	13.040555
690	[(38,1912),(63,552)]	13.334922
691	[(57,821),(89,258)]	15.197400
692	[(8,1920),(16,843),(81,132)]	12.979784
693	[(19,1964),(71,1187)]	12.620253
694	[(1,337),(52,1118),(67,61)]	13.408643
695	[]	13.060722
696	[(17,1096),(29,79)]	12.847035
697	[]	12.865793
698	[(11,1155),(13,728)]	15.685083
699	[(83,827)]	13.378843
700	[(33,907),(52,1506),(78,1057)]	13.469915
701	[(18,1771),(26,1208),(55,1748)]	12.925140
702	[(17,1505),(71,1714),(81,1089),(88,1087)]	13.832426
703	[(7,816),(20,904),(28,1532),(58,333)]	13.182289
704	[(14,196),(59,849)]	12.906371
705	[(47,1383)]	14.130627
706	[(6,757),(32,872),(72,492),(73,929),(77,693)]	13.567786
707	[(0,723),(3,1866),(21,95),(31,1062),(78,335)]	13.791292
708	[(80,1031)]	14.298789
709	[(21,1275),(46,1311)]	13.724255
710	[(67,827),(69,71)]	13.258469
711	[(12,863),(64,1917),(83,268)]	13.199813
712	[(24,788),(83,467)]	13.365607
713	[(30,1515),(62,731),(78,222)]	13.065169
714	[(21,364),(44,681),(68,1430),(71,1657)]	12.908626
715	[(13,1740),(22,1132),(41,121),(48,1461)]	14.186405
716	[(31,1231),(66,2034),(79,0)]	14.964695
717	[(9,20),(22,2132),(39,465),(45,520),(77,61)]	13.459338
718	[(10,202),(25,173),(29,1029)]	15.659463
719	[(3,442),(4,135),(20,686),(76,1587)]	13.362997
720	[(29,1110),(73,579),(85,509)]	12.990177
721	[(53,1824),(61,196),(66,488),(90,339)]	14.513139
722	[(1,472),(2,521),(12,1369),(68,1617),(90,1085)]	12.838297
723	[(48,110),(58,496)]	13.165491
724	[(13,1380),(19,929),(29,1292),(67,349)]	12.993361
725	[(17,20),(43,1101),(53,1530),(54,1817),(77,1725),(90,518)]	13.684024
726	[(13,370),(30,492),(53,1632),(83,1231)]	13.341725
727	[(29,1638),(34,1821)]	13.054479
728	[]	15.162842
729	[(25,1647),(61,466),(77,2034),(81,734)]	13.271237
730	[(19,337),(24,1969),(35,444),(79,2106),(81,383),(88,1881),(91,1049)]	16.547781
731	[(68,1808),(83,1813)]	14.463655
732	[(18,36),(26,503),(49,788),(80,2110)]	17.143608
733	[]	15.208783
734	[(34,195),(91,1703),(92,1452)]	13.188982
735	[(3,846),(90,278),(92,1978)]	12.868592
736	[(53,2076)]	12.930876
737	[(7,222),(69,1878),(84,1141)]	13.410895
738	[(1,222),(74,870),(87,863)]	13.024751
739	[(32,1837),(41,2115),(56,1468),(58,1391),(72,43),(84,188),(92,284)]	13.052916
740	[(7,1548),(44,890),(75,156),(86,555),(90,603)]	12.755902
741	[(12,2129),(34,1682),(43,1088),(75,843),(86,620)]	12.880298
742	[(10,1185),(56,956),(59,750),(65,433),(68,957),(80,178),(84,2006),(90,130)]	12.899520
743	[(37,1139),(44,1415),(46,880),(73,1095)]	12.896842
744	[(8,849),(71,1245),(87,1373)]	13.149902
745	[(3,1638),(17,1270)]	13.220935
746	[(18,1406),(19,224),(37,1945),(45,1761),(81,1619),(86,379)]	13.640927
747	[(24,499)]	13.275217
748	[(4,63)]	13.055018
749	[(38,2036),(45,976)]	12.747532
750	[(1,826),(72,1484),(82,1843)]	13.011907
751	[(13,1929),(64,2158),(71,905),(80,58)]	12.903370
752	[(3,1554)]	12.643249
753	[(11,533),(39,992),(44,618),(68,1299)]	17.921176
754	[(39,1884),(78,1739)]	25.671471
755	[(36,142),(69,560)]	14.635707
756	[(39,1263),(51,1813),(88,705)]	12.923744
757	[(21,864),(22,1729),(65,2120),(71,671),(73,150)]	13.458743
758	[(1,746),(72,248)]	15.115647
759	[(14,2026),(51,1513),(53,283)]	12.843934
760	[(3,155),(82,1415)]	13.287215
761	[(8,1923),(13,1431),(49,1177)]	13.110904
762	[(7,1662),(59,1708)]	13.107688
763	[(89,998)]	13.595109
764	[(24,1850)]	13.947243
765	[(22,492),(36,1713),(61,1336),(72,1803),(81,2083),(87,735)]	12.679883
766	[(89,621)]	12.899724
767	[(24,576),(62,1503),(65,1758),(80,1512)]	13.006201
768	[]	12.728808
769	[(37,1232),(44,351),(57,1723),(76,1866)]	13.036916
770	[(33,93),(54,109),(89,1148)]	13.876192
771	[(5,1424),(23,1099),(55,85)]	14.480564
772	[(5,1604),(11,101),(16,92),(40,1669)]	13.877693
773	[(12,723),(17,2025),(22,1395)]	12.726834
774	[(10,1602),(23,718),(32,1271),(86,1700)]	13.602529
775	[(36,230),(41,1722),(60,536),(75,552),(86,318)]	12.793146
776	[(21,101),(61,1831),(72,1401)]	12.974879
777	[(35,1412)]	12.935404
778	[(17,1543),(77,1328)]	12.857476
779	[(21,1693),(62,685),(71,1061)]	15.565662
780	[(4,1416),(40,1827),(79,1229)]	14.898456
781	[(27,2077)]	13.509980
782	[(3,886),(23,480),(32,414),(47,230),(55,648),(78,1575),(83,1037)]	13.667411
783	[(13,1264),(15,135),(40,1483)]	15.119406
784	[(10,910)]	13.548685
785	[(4,990),(38,754),(77,1659)]	13.552675
786	[(18,1139),(48,1655),(76,629),(77,1751)]	13.838279
787	[(20,961),(26,873),(45,628)]	12.840628
788	[(26,121),(28,2113)]	12.835817
789	[(18,25),(28,534),(73,1972),(77,1004)]	14.129765
790	[]	12.987569
791	[(17,2166),(37,1208),(38,255),(58,533),(70,1627)]	12.891551
792	[(63,378),(84,249)]	13.645170
793	[(50,1370),(54,1979),(58,1889),(83,1954)]	13.847172
794	[(8,111),(19,1094),(48,395),(77,1642)]	12.744127
795	[(36,522),(45,955),(72,2148)]	12.991770
796	[(65,724)]	12.732307
797	[(26,546)]	13.005342
798	[(42,2)]	14.093835
799	[(61,1973),(66,1059)]	13.012371
800	[(5,1081),(9,1789),(32,1529),(45,1715),(46,549),(60,1788),(67,1251),(74,1453)]	15.535992
801	[(47,2122),(50,1237),(57,900),(62,945)]	13.204849
802	[(3,522),(27,1705),(72,430)]	12.963052
803	[(2,2159),(5,1454),(57,1864),(58,676),(69,1745)]	12.773603
804	[(48,1568),(59,1793),(64,1377),(67,2160),(80,1756)]	14.430931
805	[]	17.636668
806	[(10,2061),(42,1354)]	14.353194
807	[(13,324),(30,56),(43,632),(74,1791)]	13.837584
808	[(21,2106),(26,669),(47,286),(85,1495)]	12.886440
809	[(45,123)]	12.781918
810	[(65,1856)]	12.700098
811	[(53,70),(66,1277)]	13.513334
812	[(16,1341),(90,1045)]	13.235261
813	[(14,1707)]	12.989608
814	[(42,1654),(46,313),(74,1149)]	13.615680
815	[(12,2114),(25,1047),(48,412)]	14.556305
816	[(1,1997),(69,649)]	13.986681
817	[(42,949),(50,488),(61,404)]	13.870233
818	[(15,1516)]	14.473719
819	[(34,524),(61,1577),(68,586)]	12.965199
820	[(2,686),(12,1387),(16,2095),(55,1305),(83,740)]	12.925871
821	[(9,1864),(74,946)]	13.456876
822	[(3,634),(17,1543)]	12.773268
823	[(23,486),(28,828),(29,499),(69,921)]	13.472369
824	[]	12.765515
825	[(4,568),(18,1048),(48,1219),(62,1390)]	12.870532
826	[(0,929),(56,264),(64,467)]	12.949928
827	[(17,674),(38,1279),(56,591)]	12.594664
828	[(16,1134),(33,346),(65,1122),(71,2031),(89,1926),(91,215)]	12.790456
829	[(15,483),(51,865),(79,538)]	24.224718
830	[(9,1791),(12,1405)]	20.110861
831	[(12,95),(13,1689),(25,808),(40,1112),(69,1808)]	15.479683
832	[(38,1753)]	12.915632
833	[(27,1688)]	12.870361
834	[(16,2032)]	12.954546
835	[(26,1659),(50,451),(53,1140),(72,1942),(85,443)]	12.813315
836	[(6,1357),(46,1555),(81,1860)]	16.010680
837	[(92,1559)]	13.128069
838	[(3,498),(8,885),(14,1686),(44,235)]	12.660513
839	[(26,1803)]	12.690967
840	[(11,1015),(36,1735),(37,210),(49,797),(73,194)]	12.967849
841	[(46,1014),(83,166)]	12.755541
842	[]	12.725792
843	[(29,1175),(32,1989),(40,192),(75,919),(91,1757)]	12.735004
844	[(21,273)]	12.855644
845	[(2,1800),(37,1547)]	12.808907
846	[(48,1901)]	12.883635
847	[(1,1914),(56,43)]	12.567165
848	[(6,1851),(19,620),(65,2138)]	12.902721
849	[(24,1909),(64,141),(81,1146),(85,1686)]	12.844704
850	[(25,891),(42,8)]	12.702161
851	[(5,40),(12,2073),(31,527),(33,896),(37,1226),(48,2096),(66,2105),(70,1987)]	12.881864
852	[(54,264),(63,604),(92,1039)]	13.035468
853	[(3,1262),(15,1977),(32,261),(40,838),(78,2032)]	13.018419
854	[(16,1573),(32,2112)]	13.095542
855	[(8,138),(34,1318),(52,107),(70,1652),(79,325)]	12.795431
856	[(70,619)]	12.632218
857	[(6,129),(23,238),(25,446),(61,1704),(75,262)]	12.551726
858	[(5,1676),(33,2141),(50,2079),(59,328),(81,1854),(87,1411)]	12.827202
859	[(18,324),(79,1544)]	12.942968
860	[(44,673),(90,2040)]	12.710445
861	[]	12.679574
862	[(19,1518),(33,2150),(36,467),(72,94)]	12.660480
863	[(14,164)]	12.785498
864	[(51,1239),(81,702)]	13.106797
865	[(27,372),(63,407),(69,2102),(70,1553)]	12.889904
866	[(0,848),(14,1676),(63,1760),(64,603),(81,731)]	12.802883
867	[]	12.730986
868	[(43,1913)]	12.739221
869	[(2,1431),(53,763),(81,385)]	12.657994
870	[(1,1904),(7,106),(18,1880),(31,1348),(38,966),(65,60),(72,1471),(73,697)]	12.624920
871	[(30,1143),(65,1494),(69,1419)]	13.125640
872	[(12,858),(32,1311),(84,429),(91,1426)]	13.109966
873	[(40,373),(54,1279),(57,1707),(92,1434)]	12.936817
874	[(43,1472),(49,1722),(52,114),(55,1935),(74,262),(83,1023)]	12.683492
875	[(67,448),(75,713),(90,1686)]	12.678075
876	[(24,254),(46,1033),(67,104),(71,64)]	12.721960
877	[(23,913),(62,1449),(63,122)]	12.591017
878	[(9,1626),(31,281),(62,278),(78,503)]	12.828827
879	[(1,638),(32,569),(51,517)]	17.475646
880	[]	28.422859
881	[(3,840),(15,1161),(68,506),(79,200)]	26.398775
882	[(42,306),(83,1887)]	25.756922
883	[(13,2055),(19,2024),(29,971)]	25.900812
884	[(81,949)]	26.284638
885	[(14,244),(33,2066),(54,8),(66,77),(69,728)]	27.591919
886	[(12,623),(30,1373),(75,1544),(79,482),(82,1483)]	26.087231
887	[(1,889),(60,1205),(66,1097),(75,1329)]	27.382347
888	[(22,980),(45,1690)]	22.943207
889	[(53,658),(77,1107),(85,97)]	24.628756
890	[(25,1930)]	24.907817
891	[(1,370),(7,2153),(12,1903),(49,1856),(57,1790)]	26.884910
892	[(3,905),(5,1007),(72,1535),(84,816)]	23.591469
893	[(23,1773),(45,182),(68,914)]	27.474115
894	[(29,1459),(51,2105),(52,1130),(77,220),(79,1827)]	35.003808
895	[(5,177),(23,1879),(78,722)]	28.746539
896	[(11,1498),(20,2001),(39,1786),(44,1119),(59,867)]	26.293554
897	[(15,286),(22,393),(82,546),(84,909)]	25.585078
898	[(0,719),(66,837)]	25.503557
899	[(13,1935),(16,814),(17,487),(42,1614),(48,874),(76,1896)]	25.514170
900	[(15,543),(91,86)]	25.968313
901	[(0,1778),(2,2089),(37,2135)]	26.224125
902	[(37,1220),(76,2141),(77,1178),(82,173)]	26.026751
903	[(0,995),(48,1769),(56,160),(73,47)]	26.265895
904	[(15,849),(30,1440),(31,935),(48,1544),(82,1725)]	27.325441
905	[(29,853),(45,873),(55,279),(81,1649)]	25.411759
906	[(29,1796),(50,847)]	25.470334
907	[(45,2059)]	27.702869
908	[(34,260),(50,359)]	30.387616
909	[(19,1255),(21,1941),(33,344)]	25.187046
910	[(13,352),(75,1838)]	25.646540
911	[]	27.290857
912	[(27,1223),(41,1732),(69,775),(80,128),(92,2100)]	25.630574
913	[(41,1722),(79,886),(87,536)]	26.697918
914	[(12,211),(30,1891),(58,84)]	24.750770
915	[(37,1292),(43,1083),(81,1577),(85,1568),(90,528)]	25.029175
916	[(15,1379),(20,1346),(62,1816),(73,2079),(74,1900),(86,1290)]	24.504594
917	[(25,1746),(26,1266),(44,1390),(52,699),(61,217),(62,1285),(70,560),(83,498)]	28.647379
918	[(25,1012),(26,419),(30,1862),(70,1415),(77,1889)]	28.504930
919	[(22,1374),(54,2102),(55,1553),(76,529)]	25.410960
920	[(3,1442),(17,1003),(52,30),(79,2086),(80,675)]	26.295841
921	[(15,597),(21,959),(27,1292)]	24.923503
922	[(46,1055),(59,1984)]	25.719874
923	[(23,7),(41,1123),(45,753),(46,1700),(70,1959),(85,2070)]	25.539340
924	[(4,1745),(25,1642)]	25.427159
925	[]	24.800171
926	[(36,1341)]	24.642266
927	[(72,1480)]	24.524676
928	[(68,738)]	24.514623
929	[(12,2135),(13,108)]	24.463783
930	[(13,413),(24,1291),(40,941),(46,177)]	24.694721
931	[(1,2001),(10,439),(14,1912),(71,335),(75,1430),(89,1249)]	24.950709
932	[(8,1952),(37,2132),(51,1422)]	26.318496
933	[(50,788)]	31.372573
934	[(56,127)]	30.654991
935	[(40,1558)]	28.013475
936	[(24,1171),(26,1544),(86,1747)]	27.033535
937	[(36,266),(87,1933)]	27.683717
938	[(6,1739),(28,495),(40,470)]	25.841841
939	[(38,1484),(86,685)]	25.806173
940	[(69,846),(74,1402)]	24.860655
941	[(7,1499),(14,805),(15,163),(21,1009),(35,460),(43,1604),(54,1518)]	27.635044
942	[(58,1900)]	22.975380
943	[(3,234),(38,2133),(46,304),(53,231)]	25.629173
944	[(10,630),(60,281),(62,382)]	25.565565
945	[(24,1019),(73,1000),(89,1037)]	26.307894
946	[(35,670),(47,43)]	25.863572
947	[(56,2150),(64,875),(80,1522)]	26.525094
948	[(37,1761),(56,1401)]	24.565853
949	[(9,746),(49,1584),(73,2130)]	24.931562
950	[(44,606)]	25.354809
951	[(13,17),(36,832),(85,795),(92,1728)]	25.401103
952	[(22,267),(48,2061),(52,581),(58,190)]	25.356002
953	[(17,59),(37,167),(84,1627)]	25.808805
954	[(5,1121),(10,366),(22,1208),(36,1442)]	25.548323
955	[(30,444),(64,713)]	25.463948
956	[(19,1848),(42,1974)]	26.787299
957	[(69,1150),(90,1717),(91,2080)]	25.558318
958	[(56,114),(77,976),(84,255),(87,203),(91,2143),(92,583)]	26.059920
959	[(11,1604),(20,1057),(80,827)]	25.380322
960	[(20,1581),(41,159),(86,1769),(88,1354)]	26.798944
961	[(10,1634),(14,1091),(19,1088),(20,171),(42,1407),(83,48)]	25.781605
962	[]	25.445038
963	[(6,1255),(11,237),(20,2107),(23,1327),(71,492)]	25.359683
964	[(21,1680),(41,1600)]	25.412644
965	[(24,1909),(28,47),(56,325)]	25.358700
966	[(9,1786),(56,272)]	25.323774
967	[(31,2093),(34,1561),(59,1798),(61,1962),(85,1737)]	25.584065
968	[(19,1376),(36,1124),(37,1080),(50,2014),(66,1107)]	25.798897
969	[(24,154)]	25.130060
970	[(8,1867),(42,66)]	25.656157
971	[(38,2128),(65,1750),(71,1330),(74,2015),(75,328)]	27.725798
972	[(10,1537),(82,1963),(88,2073)]	25.597044
973	[(44,994),(54,213)]	25.289542
974	[(2,1368),(3,1639),(35,1806),(70,1342)]	30.365150
975	[(6,762),(19,729),(35,814),(60,1099),(66,608)]	34.472960
976	[(21,1483),(37,317),(62,923)]	31.556308
977	[(36,59),(62,1775),(88,784)]	25.727879
978	[(6,1021),(11,1649),(37,619),(58,1441),(60,715),(83,879)]	25.641520
979	[(1,1835),(30,1661),(34,123),(78,1578)]	24.710234
980	[(45,432),(65,1706),(78,1511)]	24.779946
981	[(27,999),(42,1638),(92,684)]	25.373759
982	[(68,1645),(79,1961),(83,789),(91,1041)]	24.536136
983	[(10,905),(29,1945),(38,1206),(48,425),(52,2154)]	25.896737
984	[(11,473),(27,1546),(54,1219),(92,1455)]	24.846746
985	[(21,796),(51,1564),(90,756)]	25.575881
986	[(25,1234),(51,424)]	25.504528
987	[(37,1018),(45,2055),(77,1777)]	24.943204
988	[(18,964),(40,201),(45,837),(56,514)]	25.117960
989	[(60,1123),(80,1391)]	24.495174
990	[]	24.314554
991	[(85,107),(86,216),(92,1147)]	24.551861
992	[(58,450),(79,1868),(82,329)]	25.493391
993	[(38,1358),(51,1088)]	24.740898
994	[(46,1264),(66,1863)]	28.235901
995	[(12,101),(18,415),(69,1893),(75,724)]	28.458169
996	[(35,1106),(45,1586)]	25.935967
997	[(33,776),(38,672),(47,188),(57,81),(79,615)]	26.076786
998	[(60,192),(83,12)]	26.711058
999	[(5,1187),(40,607),(55,274),(67,1078)]	25.257768
