ruleset_index	matches	time_ms
0	[(26,2351),(59,2924),(65,1494),(69,826)]	16.045861
1	[(4,1633),(27,2071),(84,722)]	15.758866
2	[(4,3567),(35,178),(51,2888),(74,2976),(76,1791)]	15.956192
3	[(1,2341),(5,3247),(8,2269),(28,1657),(40,2028),(55,2690),(62,263),(81,3521)]	17.178339
4	[(85,1304)]	19.029946
5	[(15,2565),(44,2020),(70,3390),(78,673)]	18.108069
6	[(43,2075),(45,996),(52,891),(53,2359),(54,1385),(56,2720),(62,506),(86,1602),(92,2742)]	17.966918
7	[(3,977),(42,449),(47,95),(48,1752),(56,3557),(90,136),(92,3158)]	19.683830
8	[(5,2135),(15,3017),(35,2483),(45,1214),(46,3580),(70,2131)]	21.997041
9	[(1,3351),(8,1091),(10,2197),(65,2699),(71,2000),(81,2440)]	16.649565
10	[(18,932),(32,464),(44,2671)]	16.395171
11	[(31,2031),(53,518),(60,1668),(69,1797),(78,2913),(82,1121)]	16.264773
12	[(1,3682),(24,897),(28,1338),(40,293),(90,3101)]	16.660494
13	[(46,3626),(57,1358),(74,3429),(75,2803),(84,3058),(87,652)]	16.424962
14	[(13,36),(17,604),(20,2984),(23,2697),(25,3019),(26,804),(50,468),(56,3238),(66,228),(73,1281),(83,2433),(89,1178)]	16.634627
15	[(0,2911),(39,1838),(75,1367)]	16.105036
16	[(8,2187),(63,2419)]	15.778711
17	[(18,1423),(33,2958),(46,481),(66,719),(91,1936)]	15.932511
18	[(11,45),(13,1763),(16,1133),(17,3077),(42,725),(44,141),(64,2159),(68,215),(78,82)]	19.245919
19	[(28,362),(34,834),(43,1464),(44,3408),(49,3402),(62,1575),(65,132),(81,1376),(85,2946)]	17.239439
20	[(43,3162),(53,1068)]	16.241524
21	[(2,145),(13,2082),(26,2390),(32,2099),(36,1885),(59,694)]	15.861083
22	[(5,1722),(11,1750),(23,2598),(45,2015),(48,2420),(59,2147),(82,1356)]	15.853576
23	[(3,3081),(16,1367),(54,2848),(57,2128),(58,1725),(60,3076)]	15.671389
24	[(6,1310),(23,1605),(27,3237),(46,1144),(67,172),(89,2856),(90,2061)]	15.626312
25	[(15,1917),(61,2019),(78,464)]	23.480751
26	[(5,2518),(34,3592),(44,1779),(48,804),(77,1830),(85,448)]	28.358845
27	[(7,1771),(8,1112),(26,3540),(48,165),(68,3008),(76,3651)]	16.087597
28	[(24,71),(50,635),(73,3591),(85,3300),(90,3443)]	15.943924
29	[(24,737),(39,2039),(45,3503),(56,1670)]	15.701986
30	[(3,448),(45,834),(73,145)]	15.966903
31	[(36,1155),(52,2661),(68,3508),(80,1510),(92,2563)]	15.763803
32	[(7,856),(39,929),(53,2435),(68,1189),(85,2128)]	16.552686
33	[(22,2207),(47,3521),(69,2420),(72,2759),(78,707)]	16.312981
34	[(14,2695),(21,2932),(24,3276),(40,1769),(85,1301)]	16.057160
35	[(11,1963),(26,1237),(52,1619),(64,1541),(74,3257),(89,1269)]	15.700495
36	[(4,1821),(11,290),(22,1367),(49,2779),(61,602),(71,167),(92,1971)]	15.814852
37	[(17,2837),(69,1237),(73,2214),(77,1719),(83,13)]	15.664131
38	[(12,2067),(14,48)]	16.710244
39	[(2,2781),(35,3533),(52,2331)]	16.348692
40	[(28,1789),(40,2905),(52,63),(64,3347),(74,3147),(78,3543),(86,328)]	15.939979
41	[(26,3671),(52,1147),(73,1184),(83,3585)]	16.430319
42	[(13,2095),(17,2618),(22,1170),(24,182),(31,1268),(75,3393)]	16.371333
43	[(35,3312),(71,383),(77,1915),(91,1041)]	16.135530
44	[(14,306),(15,197),(27,219),(56,1936)]	16.751011
45	[(25,113),(38,2569),(46,2484),(67,137),(89,227),(91,1403)]	16.531449
46	[(5,1949),(66,3085),(72,1130),(81,3073),(89,1739)]	16.075207
47	[(6,2995),(21,1758),(43,1483),(50,2748),(63,1691),(76,1706),(87,3663),(88,2459)]	16.259575
48	[(64,221),(65,2714),(67,3133)]	16.075073
49	[(0,264),(3,198),(34,3032),(37,3637),(54,437)]	16.292703
50	[(13,3102),(18,2255),(22,1309),(24,835),(51,368),(57,1488),(86,3297)]	15.637057
51	[(19,1193),(22,461),(27,3607),(55,913),(57,1855),(68,737),(70,292),(78,2674),(79,1474),(85,316),(87,2839)]	18.290565
52	[(7,3629),(21,2682),(27,2420),(28,1136),(37,565),(39,1573),(61,2309),(71,2398),(83,2299)]	16.168391
53	[(46,2966),(72,1176),(92,2088)]	17.464423
54	[(22,157),(35,531),(46,446),(61,2938),(76,3373),(87,3123),(92,962)]	16.059517
55	[(4,1043),(32,1379),(55,3319),(87,1367)]	15.859866
56	[(0,2197),(9,3439),(10,2158),(11,895),(21,3584),(34,1278),(39,445),(43,1670),(47,2896),(59,3574),(70,1069),(72,2005)]	15.950602
57	[(10,162),(15,365),(31,1229),(43,1022)]	16.449307
58	[(4,1585),(31,2472),(52,2648),(53,3223),(73,1362),(79,1481)]	16.630711
59	[(23,3508),(68,3673),(69,1976)]	15.730975
60	[(0,3511),(7,1237),(22,623),(33,3141),(41,2216),(55,2853),(90,1999)]	15.925413
61	[(25,1895),(45,2292),(47,2449),(53,1987),(76,967),(92,2625)]	15.812201
62	[(1,604),(7,2120),(12,432),(13,3037),(57,3086)]	16.129943
63	[(5,2746),(8,543),(10,263),(58,899),(74,190),(80,3357),(89,3356)]	16.733892
64	[(25,1618),(29,1404),(31,2509),(39,2187),(40,3035),(43,2797),(59,125),(69,1887),(80,470)]	15.922101
65	[(6,2748),(53,3130),(56,430),(72,2453)]	15.731776
66	[(9,75),(12,1557),(34,1308),(56,2181),(78,2944)]	15.715744
67	[(19,3170),(22,1069),(30,1540),(59,403),(69,3620),(84,2943)]	18.420515
68	[(15,229),(17,959),(45,2546),(47,1075)]	20.689771
69	[(18,1177),(43,3182),(59,3600),(73,378)]	16.011201
70	[(26,2851),(29,2988),(37,2796),(38,3341),(49,2846),(50,1056),(61,2736),(65,2960),(76,191)]	16.756046
71	[(10,2349),(30,302),(42,2777),(49,2763),(54,2616),(60,1102),(68,2360)]	17.456231
72	[(19,1856),(77,2410),(87,2874),(88,1576),(90,2209)]	15.983767
73	[(23,326),(25,740),(39,1227),(41,1045),(58,431),(78,3311),(85,2268),(90,2371)]	16.550236
74	[(50,302),(76,2813)]	15.734074
75	[(2,2279),(30,1317),(38,2014),(50,2025),(64,2897),(73,3052),(89,1121)]	16.066453
76	[(25,2911),(35,1718),(52,1504),(73,2029),(74,553)]	16.110522
77	[(20,102),(24,2724),(30,1819),(57,2458)]	16.417844
78	[(7,656),(13,3577),(14,1955),(26,1886),(58,1604),(60,1282),(87,211)]	15.802745
79	[(41,1947),(46,356),(80,2825),(84,258),(85,961),(87,2676)]	17.468607
80	[(14,2679),(31,3680),(34,1368),(39,1806),(84,962),(85,2198),(89,506)]	15.584878
81	[(2,538),(40,1166),(44,3134),(47,3647),(81,512)]	16.306010
82	[(5,2789),(24,878),(39,1773),(44,2138),(73,1185)]	15.821260
83	[(16,1792),(38,2796),(43,1660),(44,765)]	15.789099
84	[(16,969),(29,1184),(58,384),(71,2209)]	15.651364
85	[(10,2309),(13,2277),(27,1506),(47,1953),(55,146)]	16.718265
86	[(33,1592),(67,2481),(72,265),(85,711)]	15.644474
87	[(28,2487),(30,1037),(52,63),(66,1751),(67,955),(83,2704)]	18.879891
88	[(9,1268),(22,3533),(27,3504),(39,2254),(52,950),(60,294),(78,525),(85,866)]	32.288378
89	[(2,317),(12,234),(51,185),(77,1233)]	16.766839
90	[(6,746),(24,474),(27,3060),(55,1159),(58,3293),(74,2888),(85,3262),(87,740)]	16.109282
91	[(28,819),(29,594),(31,1312),(33,2871)]	16.246220
92	[(24,673),(36,1722),(65,1541),(88,477)]	16.212948
93	[(12,2611),(20,3588),(37,2335),(56,2364),(60,278),(67,767),(68,99),(71,2393),(73,2166),(82,2661)]	15.995648
94	[(24,982),(45,2298),(56,369),(60,2304),(81,1697),(84,3038)]	15.804412
95	[(0,1946),(13,1343),(27,3668),(36,280),(47,1128),(78,1114)]	16.000617
96	[(13,3052),(28,2169),(82,599)]	15.812570
97	[(13,1253),(19,1361),(26,988),(69,284),(80,749),(83,2177)]	16.260551
98	[(16,1636),(40,2206),(54,1921)]	15.770900
99	[(26,2020),(29,1542),(34,2516),(52,2546),(65,2033),(75,3453)]	15.762260
100	[(22,1842),(75,3416)]	16.352240
101	[(12,1037),(13,2280),(26,864),(31,2708),(36,2971),(48,587),(63,385),(74,1094),(92,95)]	15.670519
102	[(53,610),(62,588),(63,3297)]	15.970082
103	[(35,3579)]	16.011651
104	[(10,2618),(26,1048),(60,2485),(65,2907)]	15.661081
105	[(13,3061),(14,1113),(58,964),(91,1001)]	15.669099
106	[(19,1227),(25,2258),(35,2624),(46,2185),(53,3675),(77,2333),(78,2428)]	16.194415
107	[(19,1477),(47,2771),(52,2879),(54,530),(62,270),(68,2370),(82,3351)]	15.820459
108	[(4,2779),(16,2644),(24,2042),(55,3227),(85,2162)]	15.992384
109	[(22,1780),(49,3087),(50,3256),(53,2407),(79,626)]	16.426978
110	[(17,584),(23,2017),(24,120),(27,2140),(39,114),(73,3622),(92,2923)]	16.229564
111	[(7,138)]	16.003960
112	[(16,3230),(29,2635),(46,1578),(88,1226)]	19.466388
113	[(32,1972),(35,1132),(49,641),(69,2921),(82,2897),(89,1399)]	18.123492
114	[(6,2895),(14,754),(21,1950),(52,2713),(66,1430)]	17.774281
115	[(53,3639),(62,1859),(64,392),(76,828),(78,554),(79,1529),(86,698),(88,2164),(90,778)]	18.873977
116	[(10,1181),(65,3431)]	15.818172
117	[(11,2844),(16,1904),(19,1764),(28,3549),(32,1360),(86,2596),(87,495)]	15.965264
118	[(0,449),(21,2459),(45,914),(50,1198),(52,677),(53,275),(54,1519),(74,3578)]	15.765806
119	[(2,1519),(6,2188),(20,3648),(55,20),(92,2435)]	16.000158
120	[(7,1153),(24,1243)]	15.691538
121	[(3,1510),(20,2527),(29,1034),(40,3042),(58,2182)]	16.586669
122	[(35,2666),(50,3169),(58,2013),(61,2265),(63,3164),(90,3684)]	15.635277
123	[(5,346),(8,1469),(44,2254),(88,714),(90,1990)]	17.047374
124	[(5,1648)]	16.228970
125	[(2,3642),(8,1786),(32,403),(38,2263),(47,2350),(73,1827),(74,2007),(76,1010),(86,470)]	15.933774
126	[(40,1571),(75,1881),(83,2221),(91,946)]	15.699367
127	[(6,609),(18,1942),(24,2730),(59,1811),(60,774),(67,3596),(75,3119),(82,433)]	20.151941
128	[(26,3083),(31,1533),(54,1803),(67,1958),(74,1735),(85,1226),(87,2835)]	20.238578
129	[(10,2287),(25,2242),(27,3529),(40,333),(73,2876),(90,3604)]	16.888256
130	[(6,3248),(36,3),(58,1429),(76,2612),(78,563),(84,700),(89,1113),(91,2713)]	15.774169
131	[(4,3581)]	16.507932
132	[(36,1800),(47,2912),(74,2587),(77,3324)]	23.727575
133	[(14,3044),(20,1692),(22,2535),(28,1240),(37,1286),(64,1245)]	21.150028
134	[(39,662),(62,545),(76,284),(82,1437)]	15.976419
135	[(6,2751),(26,3091),(33,3065),(34,2491),(57,102),(59,284)]	16.948105
136	[(13,1359),(19,2323),(29,2792),(42,1925),(56,318),(57,792),(75,293)]	16.224820
137	[(0,692),(8,588),(13,289),(31,68),(74,404),(82,726),(84,2855)]	16.717021
138	[(5,2628),(59,335),(73,1090)]	16.855176
139	[(29,2929),(76,2467)]	16.439849
140	[(12,845),(18,2950),(47,207),(53,1769),(90,55)]	16.853901
141	[(31,651),(41,3399),(50,449),(54,890),(70,2214),(78,1598),(92,2468)]	16.040917
142	[(1,3004),(5,3234),(23,3314),(67,1590)]	23.115375
143	[(6,753),(19,86),(21,2343),(32,1715),(54,1229),(56,2925),(70,2053),(83,3057),(88,1475)]	16.149718
144	[(19,2962),(53,149),(69,3180),(78,440)]	15.804723
145	[(1,374),(18,1515),(23,2406),(36,2917),(50,2302),(52,2866),(79,1701),(91,1542)]	15.873222
146	[(25,1671),(40,1990),(49,1798),(79,2503)]	15.867501
147	[(19,3458),(26,1455),(37,2748),(45,3277),(50,1161),(65,3374),(68,1281),(72,1177),(82,3083)]	15.890639
148	[(9,2518),(10,2482),(11,1430),(18,249),(36,1490),(39,511),(66,3566),(76,3646),(83,3299)]	21.467052
149	[(35,225),(45,652),(64,1707),(87,1),(92,3651)]	29.355485
150	[(23,3425),(27,1217),(29,1605),(36,2526),(89,1020)]	18.362429
151	[(0,3200),(21,3677),(41,1243),(91,3658)]	33.677495
152	[(15,1072),(18,3447),(76,1220),(91,2526)]	26.709854
153	[(28,1553),(51,123)]	15.968290
154	[(9,1731),(16,2880),(28,3380),(91,951)]	15.671925
155	[(7,2644),(10,2119),(25,3600),(48,1365),(60,101)]	15.703840
156	[(15,2196),(52,2407),(78,2054)]	15.765587
157	[(38,1354),(43,3015),(60,2195),(77,3572),(88,2272)]	15.707697
158	[(76,1657),(78,1120)]	15.747445
159	[(2,2987),(24,1547),(58,972),(71,473),(84,2866),(86,3012),(87,1175)]	15.661715
160	[(5,505),(27,1919),(55,3098),(69,3234),(92,933)]	15.866768
161	[(1,2959),(6,618),(14,3376),(26,602),(51,3225),(67,3622)]	18.324494
162	[(3,55),(22,2091),(40,2222),(58,3366),(69,701)]	21.862280
163	[(17,1577),(45,3578),(48,1148),(84,1814)]	15.852370
164	[(16,1463),(17,3150),(33,1860),(70,2967)]	15.878783
165	[(2,162),(5,3385),(10,2376),(14,2234),(32,2110),(55,49),(64,425),(79,3265),(82,1732)]	18.630591
166	[(8,723),(26,3078),(33,3335),(36,3149),(53,611),(65,55),(67,619),(80,1819),(89,2655)]	16.000775
167	[(9,472),(12,1445),(25,3057),(43,2715),(48,2611),(70,304)]	15.641255
168	[(2,2345),(8,332),(9,344),(87,2783)]	18.783618
169	[(6,2158),(7,895),(23,1677),(46,798)]	16.094158
170	[(31,2343)]	17.854962
171	[(21,954),(35,1659),(59,2651),(87,1327)]	30.022654
172	[(10,1965),(31,2986)]	34.221380
173	[(8,1554),(13,2620),(19,347),(40,1896),(84,1373)]	34.366887
174	[(16,1680),(38,2009),(50,1400),(69,2636)]	34.854957
175	[(35,139),(46,611),(52,258)]	25.884800
176	[(12,2172),(13,2575),(35,2052),(67,3158),(80,206)]	15.807928
177	[(21,3031),(38,1827),(57,1116),(68,2023),(78,2603)]	15.781753
178	[(2,1638),(4,3448),(6,1271),(8,3625),(19,475),(84,1799)]	16.419206
179	[(14,3017),(15,92),(35,2149),(40,3609),(46,2886),(73,1642)]	22.243926
180	[(14,1229),(17,2124),(22,831),(29,2587),(47,2943),(59,3537),(86,3339)]	17.728357
181	[(30,2713),(31,1707),(43,3465),(45,2920),(47,2441),(68,2369),(85,2139)]	16.140356
182	[(23,2313),(27,637),(46,3287)]	16.390528
183	[(11,1021),(21,2067),(24,2745),(56,1637),(65,449),(85,1185)]	17.015686
184	[(70,2193),(87,260)]	15.872849
185	[(18,2885),(24,3504),(33,2233),(75,2663)]	16.037829
186	[(1,498),(10,1794),(21,69),(49,17),(64,1018),(91,3180)]	16.453747
187	[(54,489),(60,2987),(76,121),(92,957)]	16.190236
188	[(1,1131),(76,3241),(83,2764)]	16.516341
189	[(52,3197),(54,2634),(75,567),(78,336),(82,1700),(91,1549)]	16.171043
190	[(66,2003),(85,839)]	16.534974
191	[(18,1858),(38,2235),(47,2933),(52,342),(67,420)]	15.765441
192	[(5,742),(16,186),(18,606),(23,496),(28,2998),(46,599),(91,3623)]	16.024197
193	[(18,2972),(22,540),(38,2038),(86,3356)]	16.192715
194	[(2,2091),(12,574),(33,1906),(49,2864),(58,3556),(60,3610),(74,1808)]	16.211287
195	[(4,2423),(9,646),(13,1009),(15,2113),(21,2998),(27,1618),(91,1788)]	15.880591
196	[(17,1324),(25,858),(34,1470),(77,2590),(85,1100)]	16.346957
197	[(11,3130),(18,3635),(75,2295),(87,205),(90,746)]	15.741945
198	[(1,1272),(40,704),(41,3351),(54,2954),(72,1855),(78,3050),(82,3365)]	16.098603
199	[(34,464),(47,1973),(55,2056),(72,1833),(78,3051),(80,1774)]	16.650381
200	[(11,716),(17,1500),(32,2012),(43,1638),(53,1593),(82,2357)]	16.867102
201	[(7,3517),(35,2878),(50,2284),(52,2659),(54,2397),(65,909),(69,1322),(75,2553)]	16.604630
202	[(3,2431),(13,2522),(70,329)]	15.957961
203	[(10,1150),(38,1165),(52,3306)]	22.496724
204	[(12,3492),(26,3539),(43,446),(54,2276),(73,644),(92,515)]	29.753125
205	[(1,3006),(4,1241),(14,974),(60,3465)]	16.758165
206	[(32,3420),(41,78),(53,924),(88,1173)]	16.423503
207	[(9,1885),(32,1103),(36,3528),(40,1629),(57,3242),(83,2126),(85,339),(89,1663),(92,1624)]	16.254799
208	[(7,1367),(19,1115),(28,1051),(58,2689),(68,3304)]	16.012155
209	[(3,1690),(8,2857),(25,2827),(59,3174),(62,890),(72,1603),(76,1641)]	15.856558
210	[(3,1277),(37,3495),(57,989)]	15.993837
211	[(4,2761),(16,1273),(28,325),(31,3389),(34,3655),(45,78),(68,2839),(77,168),(87,305),(89,721)]	16.507297
212	[(1,772),(6,2701),(10,26),(35,488),(46,2663),(61,1917)]	17.119792
213	[(11,2751),(12,2984),(32,2475),(48,1796),(60,395),(62,3624),(87,2790)]	16.426008
214	[(68,616),(83,2567)]	18.363018
215	[(35,429),(64,1576),(68,408),(71,2024),(80,3461),(89,1666)]	16.289894
216	[(73,825),(80,1177),(90,3029)]	16.103088
217	[(4,724),(21,878),(44,687)]	16.019395
218	[(29,2640),(41,2896),(50,3244)]	16.121769
219	[(0,2),(4,96),(22,3552),(32,2789),(53,351),(64,1081)]	15.952248
220	[(13,2885),(72,248),(80,3425)]	16.170007
221	[(28,3294),(41,717),(49,1438),(79,1331),(85,1810),(92,2231)]	15.895465
222	[(6,2104),(22,1300),(46,3543),(62,3157),(75,2104),(77,247),(81,413),(89,1191)]	15.932409
223	[(13,2692),(19,242),(26,2351),(38,1345),(42,2166),(53,2299),(55,2221),(57,2231)]	18.699164
224	[(7,2013),(37,865),(48,86),(84,2534),(88,3468)]	16.108906
225	[(5,1770),(20,257),(42,1052),(50,893),(81,1192),(84,3258)]	18.147189
226	[(20,1162),(33,478),(77,3035)]	16.154689
227	[(7,1532),(18,2675),(59,1106),(69,686)]	16.026744
228	[(16,1865),(21,2351),(25,1676),(31,646),(40,1820),(41,2555),(66,3243),(71,475),(79,2033),(87,914)]	15.949651
229	[(12,3594),(40,2943),(92,3148)]	15.778104
230	[(16,808),(18,2857),(25,1278),(65,1243),(68,3038)]	16.218403
231	[(3,2229),(12,2000),(26,3256),(73,2554)]	16.903577
232	[(21,862),(59,3348),(77,3675)]	16.116146
233	[(0,3048),(36,908),(37,2670),(40,1446),(56,393),(58,511),(74,465),(78,2297),(83,1387),(86,1835)]	15.884850
234	[(82,2697)]	18.145861
235	[(18,1425),(55,2137),(56,232),(77,1594),(80,2110)]	17.966791
236	[(12,1889),(35,67),(37,608),(73,1691),(84,2907),(92,3200)]	15.853079
237	[(7,461),(26,309),(30,1479),(37,1578),(63,246)]	16.065086
238	[(3,1663),(70,912),(77,2203)]	20.776768
239	[(1,362),(4,1621),(22,943),(27,2659),(61,688),(91,3236)]	18.699350
240	[(17,148),(24,471),(59,1049),(67,2465),(72,394),(76,2660),(84,2988),(88,2364)]	16.396186
241	[(26,2285),(37,619),(60,1769),(75,495)]	15.944340
242	[(3,3320),(42,3609),(47,457),(56,3581),(60,2669),(65,3004),(76,476),(79,136)]	17.544980
243	[(15,2335),(20,1191),(30,1895),(31,2096),(57,491),(70,2020),(76,17),(82,934),(90,1345)]	16.173600
244	[(24,3089),(69,1284),(70,847),(74,3179),(83,3511),(90,1358)]	17.085292
245	[(4,2928),(6,3130),(41,1879),(46,184),(68,1489)]	16.087726
246	[(3,3028),(19,2207),(44,225),(49,690),(69,3189),(80,2365)]	16.230485
247	[(14,3200),(20,1432),(67,2127)]	15.828576
248	[(1,3270),(8,637),(26,854),(29,756),(37,2298),(40,417),(46,2208),(72,3358)]	15.727103
249	[(6,1708),(58,757)]	15.770210
250	[(12,682),(22,2154),(31,1074),(79,1839),(89,176)]	16.039279
251	[(32,2910),(36,1961),(74,3261),(81,549),(87,2100),(89,805)]	15.643723
252	[(5,2894),(15,2799),(45,3031),(64,2440),(90,1868)]	15.936841
253	[(43,3266),(49,927),(57,2446),(75,227),(77,1865),(82,1654),(85,2223),(90,2660)]	15.918155
254	[(36,21),(41,106),(46,835),(57,3477),(82,412)]	15.796450
255	[(4,586),(11,1558),(13,25),(18,1389),(59,2734),(66,881),(82,2934),(84,1320)]	15.551945
256	[(61,1928),(71,2115)]	15.867582
257	[(24,1582),(44,2317)]	15.600388
258	[(11,898),(20,2936),(58,1627),(65,324),(67,2032),(83,2788),(84,2425)]	16.234200
259	[(9,1620),(22,547),(44,2500),(65,2119),(73,1187),(85,3021)]	15.925344
260	[(1,1482),(17,2524),(33,977),(65,2515),(92,2632)]	16.328793
261	[(2,1727),(5,623),(79,3179),(80,760),(87,3422)]	15.892451
262	[(5,2227),(14,1102),(29,1127),(44,3646),(73,668)]	15.684110
263	[(25,3184),(28,902)]	16.770515
264	[(8,177),(35,993),(41,658),(55,1801),(72,3494),(82,3442)]	16.397955
265	[(5,2233),(25,2644),(33,501),(68,159)]	21.589398
266	[(11,2771),(16,1380),(26,3065),(29,203),(47,1874),(49,2531),(81,1178)]	29.553285
267	[(1,2466),(33,288),(65,1680)]	16.720052
268	[(36,1987),(47,1269),(66,1301)]	15.824680
269	[(6,745),(52,1283)]	15.821903
270	[(12,1213),(15,70),(45,1285),(77,1953)]	16.701544
271	[(38,2969),(59,2440),(77,1693),(92,1668)]	15.888588
272	[(20,2395),(35,21),(41,1653),(56,2208),(63,1665)]	15.750831
273	[(42,2410),(63,1943)]	15.881624
274	[(29,860),(40,617)]	18.953350
275	[(2,500),(37,2271),(44,1814),(87,2757)]	16.600060
276	[(23,307),(39,3551),(44,1959),(52,1329),(70,894),(71,382),(88,3557)]	16.090379
277	[(7,60),(30,1474),(46,1367),(50,1419),(73,1910)]	16.596117
278	[(18,1348),(24,1160),(31,471)]	16.229277
279	[(3,1958),(8,3462),(31,2494),(54,418),(60,2464),(81,2069),(91,903),(92,829)]	16.530407
280	[(23,2509),(35,2308),(54,1429)]	16.153492
281	[(46,2622),(59,1621),(63,1915),(69,592),(87,1456)]	15.954821
282	[(16,462),(17,1817),(23,1133),(24,3077),(36,1198),(43,3585),(46,890),(56,448),(60,3503),(66,3041),(85,1598),(92,2557)]	17.127084
283	[(14,1758),(26,1515),(50,3439),(77,2766)]	18.688808
284	[(11,922),(20,1411),(34,2439),(52,40),(73,302),(81,1991)]	16.476183
285	[(10,2613),(19,3063),(59,492),(65,314),(67,821)]	17.234322
286	[(15,2410),(21,3049),(37,459),(53,1486),(58,94),(71,456),(88,147)]	16.070197
287	[(2,894),(3,382),(14,2290),(34,493),(36,608),(43,1001),(74,3551),(88,2333)]	15.815977
288	[(10,1983),(42,1727),(53,2557),(61,668),(84,2940)]	16.068504
289	[(28,2543),(42,703),(62,1973),(70,979),(79,2013),(90,2878)]	15.800351
290	[(9,744),(34,2736),(72,1780),(83,3663),(84,2459)]	15.851016
291	[(10,3683),(11,2832),(23,3070),(24,1376),(70,3593),(80,2237)]	15.749527
292	[(3,2200),(18,2776),(73,3127)]	16.843161
293	[(8,3050),(32,334),(47,445),(90,3112)]	18.312301
294	[(23,2958),(29,1516)]	16.462301
295	[(10,2804),(19,3654),(23,2793),(47,2431),(70,740),(91,1269)]	16.281044
296	[(33,1710),(74,1664),(75,87),(78,2686)]	16.311321
297	[(24,1635),(30,2791),(34,884),(67,3279),(88,1061)]	17.864737
298	[(22,1442),(35,2344),(42,2459),(47,1878),(60,249),(73,1311)]	21.987554
299	[(15,2453)]	16.776448
300	[(30,823),(58,720),(64,1791),(85,1689)]	16.679689
301	[(5,2624),(14,340),(34,3644),(58,1312),(76,2210),(86,1949)]	15.600106
302	[(37,1791),(41,481),(57,220),(71,3547),(73,1969),(92,1571)]	16.586013
303	[(12,474),(28,1275),(31,3672),(55,910),(82,855)]	16.280610
304	[(3,466),(35,2916),(67,1741),(71,1975),(84,2980),(85,13),(91,440),(92,3016)]	17.107381
305	[(0,3655),(33,1903),(37,937),(40,1652),(55,2930),(74,1196),(78,1245)]	16.368036
306	[(23,2771),(35,93),(40,2373),(44,275),(49,2026),(56,758),(71,3478),(90,3226)]	15.925058
307	[(38,1683)]	16.308889
308	[(1,1349),(28,3004),(32,1480),(36,244),(48,487),(57,305),(68,64),(87,2505)]	16.132728
309	[(11,552),(13,3603),(19,2169),(26,734),(55,3522),(59,1025),(62,2640),(77,5),(88,3584)]	15.821343
310	[(1,2256),(6,1078),(48,3050),(52,53),(59,2180)]	15.871680
311	[(28,2871),(85,275)]	16.258643
312	[(1,2101),(3,3084),(5,1079),(13,2223),(31,2279),(37,1234),(54,2721),(59,1610),(61,3114),(81,2647)]	16.951525
313	[(14,3052),(31,2001),(33,1276),(34,538),(51,2499),(76,3446),(81,3577)]	16.871000
314	[(8,445),(51,1087)]	16.241133
315	[(27,259),(51,891),(73,2940),(84,2989)]	18.637909
316	[(24,1373),(30,3033),(40,1057),(46,157),(55,2896),(59,2779),(75,976),(85,228),(87,869),(91,117)]	15.650896
317	[(2,3609),(17,3406),(21,2102),(38,1046),(54,393),(75,2555),(87,3557)]	15.884229
318	[(7,856),(61,2489),(70,1685)]	17.023233
319	[(11,2646),(23,1047),(55,3662),(62,2345),(76,2854),(88,1555)]	15.828252
320	[(2,1076),(4,999),(26,2722),(50,349)]	16.099046
321	[(6,3269),(65,1750),(69,3443),(70,1501),(88,127)]	17.647379
322	[(16,1859),(23,684),(28,1310),(37,1989),(59,3014),(60,530)]	18.349029
323	[(5,1883),(11,1996),(27,1092),(85,1601)]	16.482124
324	[(50,2101),(73,3005),(74,858),(89,1944)]	16.918690
325	[(10,1047),(77,2783),(79,2737)]	16.323991
326	[(9,1177),(56,17),(62,446),(65,2069),(68,2192),(75,3168)]	17.601602
327	[(4,493),(22,827),(28,283)]	32.006567
328	[(9,2393),(57,63),(64,576),(75,539),(86,540)]	17.360144
329	[(2,3263),(14,799),(19,509),(23,3661),(40,2480),(55,615),(71,1363),(72,2186),(87,1994)]	15.828658
330	[(25,766),(83,1109),(85,3327),(91,3529)]	16.360865
331	[(3,1486),(20,3529),(24,3383),(60,604),(88,708)]	16.616989
332	[(17,2896),(36,3166),(59,2523),(73,2861)]	16.112611
333	[(39,3189),(67,1804),(69,1608),(75,2573)]	16.486336
334	[(15,2808),(25,3546),(29,2338),(35,979),(42,3259),(82,3379)]	21.469452
335	[(31,1006),(51,3539),(54,3505),(80,1171),(90,1219)]	15.602031
336	[(14,850),(20,2469),(45,1857),(67,3012),(79,2021)]	15.964817
337	[(28,2101),(49,2845),(59,3600),(63,3283),(70,1084),(80,3429),(81,2803)]	16.234116
338	[(29,1698),(37,595),(41,1560),(43,305),(46,337),(73,1508),(77,2663)]	18.345522
339	[(28,278),(54,59),(55,161),(66,45)]	15.949133
340	[(45,64),(67,858)]	15.850554
341	[(32,2642),(57,2238)]	15.963434
342	[(0,1438),(19,327),(24,1203),(26,264),(37,77),(54,3649),(83,1066),(92,3266)]	18.702663
343	[(5,607),(26,3199),(67,1396)]	16.724036
344	[(20,1192),(42,1930),(46,2735),(56,1214),(65,37)]	17.497627
345	[(7,2370),(36,2821),(66,9),(69,237),(83,1362),(92,3102)]	16.806697
346	[(3,1540),(20,175),(57,3002),(65,271),(83,1399)]	16.525540
347	[(7,1319),(54,3381),(70,2271),(84,3405)]	15.954509
348	[(19,91),(25,1369),(38,3240),(68,568),(77,2377)]	15.843404
349	[(25,2240),(49,273),(80,1672),(91,1199)]	16.138534
350	[(15,468),(22,1900),(43,384),(56,1797),(57,447)]	16.431012
351	[(10,2198),(30,225),(51,2340),(54,2048),(81,295),(91,1897)]	15.823686
352	[(1,1763),(21,2140),(24,1642),(37,1651),(38,166),(50,2441),(82,2141)]	16.356702
353	[(0,355),(1,1865),(11,117),(91,2302)]	16.117868
354	[(5,3057),(10,2464),(44,1186),(77,2501)]	16.574083
355	[(4,1997),(22,3362),(23,1715),(34,3664),(36,1377),(92,198)]	16.133791
356	[(0,3125),(40,814),(64,973)]	17.869775
357	[(4,1251),(8,1311),(44,927)]	23.452155
358	[(12,460),(16,2068),(32,3197),(45,135),(68,713),(69,2361),(72,3177)]	16.699333
359	[(14,329),(36,3331),(46,793),(56,1803),(66,1729)]	16.429105
360	[(15,3260),(38,1728)]	19.968699
361	[(9,581),(11,2713),(17,1808),(22,1740),(25,3456),(38,1148),(57,3451),(74,3675)]	16.346646
362	[(39,3524),(54,3598)]	16.267980
363	[(15,873),(33,140),(50,1279),(74,1220)]	19.210623
364	[(19,1141),(37,1072),(41,1949),(54,2014),(65,93)]	16.133562
365	[(5,3294),(20,1706),(25,1765),(33,255),(37,2016),(39,3480),(72,1568),(81,3455),(91,1753)]	16.157022
366	[(8,3502),(43,2844),(47,1085),(66,699),(90,1721)]	15.763063
367	[(7,3635),(20,2373),(21,594),(23,1312),(37,2806),(40,3242),(58,1661),(78,3337)]	16.001963
368	[(9,1182),(46,2795),(60,380),(84,1548),(87,317),(92,1257)]	15.957831
369	[(13,1438),(27,608),(34,1427),(45,2704),(89,2922)]	15.861074
370	[(0,3395),(9,342),(31,2597),(34,3100),(47,2708),(74,1279),(85,3603),(86,931)]	16.400352
371	[(6,839),(26,2685)]	16.300724
372	[(16,1277),(25,3157),(28,2708),(89,1192)]	16.287193
373	[(27,1635),(32,1215),(79,1891),(80,1270)]	15.756066
374	[(7,2828),(9,1337),(29,3223),(57,2987),(61,2554),(62,2638)]	16.890991
375	[(5,1552),(8,1309),(10,835),(37,2543),(49,1820),(82,315)]	21.531091
376	[(37,3570),(46,339),(53,2579),(78,97),(85,594)]	16.704630
377	[(41,3639)]	15.983940
378	[(9,2309),(72,2688),(74,67),(76,608),(92,1682)]	16.164883
379	[(40,1245),(58,885),(88,1649),(92,329)]	16.355944
380	[(2,1519),(12,585),(13,3483),(15,387),(24,2347),(73,2905),(81,1749)]	15.823218
381	[(3,1787),(10,1459),(15,2097),(65,1347),(74,557)]	16.580477
382	[(13,1315),(43,505),(49,2753),(57,352),(62,134)]	16.162051
383	[(3,3507),(29,968),(56,1696),(91,2698)]	16.016185
384	[(5,2932),(28,781),(80,585),(81,3483)]	15.707483
385	[(27,3606),(49,2745),(77,2369),(90,199)]	15.859665
386	[(10,510),(16,3080),(54,1264),(63,1094),(66,2453),(77,935)]	19.634415
387	[(7,3535),(32,2128),(77,2355)]	24.291178
388	[(6,2253),(9,1067),(19,135),(56,3629),(57,3264),(58,1663),(63,811),(64,2213),(69,1902),(87,3300)]	27.029064
389	[(28,2115),(51,2498),(78,473),(88,2669),(90,1816)]	16.192427
390	[(3,1444),(30,2093),(33,3146),(56,2268),(61,2371),(64,3567),(65,2905),(77,3438),(83,1299),(89,1733)]	15.654982
391	[(11,73),(17,129),(28,1824),(29,211),(45,751),(54,2372),(75,896),(78,1131),(83,2940)]	17.375436
392	[(18,3374),(39,2163),(50,2912),(58,924),(66,3329),(67,3174),(76,1337),(85,3328),(86,1412),(87,2085)]	16.362532
393	[(8,551),(16,893),(17,3021),(27,2561),(40,3573)]	15.884844
394	[(65,3510)]	29.404901
395	[(17,1933),(28,2787),(39,5),(68,766)]	36.180452
396	[(56,1947),(76,2503),(83,1090)]	32.632143
397	[(3,605),(5,3039),(6,1366),(29,2030),(33,1284),(34,847),(55,2385),(65,180)]	35.020313
398	[(31,3298),(42,1762),(48,2460),(49,3285),(58,1931),(84,734),(88,72),(89,2476)]	34.968881
399	[(36,970),(40,2987),(52,53),(56,2995),(83,2593)]	31.912728
400	[(36,2041),(41,1713),(46,1007),(73,505),(74,795)]	32.187680
401	[(10,2568),(54,1920),(61,1060),(80,7),(83,1014)]	30.137826
402	[(3,860),(7,2388),(33,2756),(46,2060),(57,2139),(64,3103),(82,857)]	30.977179
403	[(42,3541),(52,2577),(56,1274),(72,316),(82,1901)]	34.923885
404	[(42,1777),(43,1300)]	31.135118
405	[(36,3205),(50,3598),(73,1562)]	37.977908
406	[(10,1274),(13,2105),(37,739),(39,2288)]	37.071105
407	[(16,1669),(18,323),(21,1829),(47,473),(60,864),(69,654),(71,120),(76,3149),(80,2445)]	32.424078
408	[(6,1387),(32,2802),(53,3344),(55,1124),(64,1904),(71,1211),(72,1253)]	31.937190
409	[(89,1065),(92,3556)]	31.648268
410	[(8,967),(49,3501),(69,119),(84,2759)]	32.345181
411	[(8,1767),(22,333),(34,2321),(48,1932),(75,1837)]	32.747175
412	[(32,2461),(38,3641),(45,1335),(54,3604),(76,866),(80,3394)]	32.639340
413	[(8,1510),(23,1127),(29,501),(63,2662),(73,512),(91,747)]	32.339471
414	[(21,1490),(26,2497),(28,2657),(47,1565),(56,3150),(78,3058)]	34.788535
415	[(28,2587),(30,3681),(42,2485),(78,3405),(82,529),(92,722)]	32.562224
416	[(12,3242),(23,816),(47,3350),(57,1834),(63,3029)]	32.790194
417	[(1,1258),(20,2264),(57,1561),(62,845),(92,1969)]	32.499358
418	[(19,2766),(22,2896),(39,1424),(41,817),(44,736),(49,2402),(52,999),(62,1978),(63,3404),(70,1023)]	34.352042
419	[(18,3083),(34,1896),(35,1309),(79,2761)]	32.222669
420	[(15,2912),(17,1355),(55,3019),(62,611),(65,1122),(84,2593),(90,2319)]	33.465809
421	[(9,2917),(49,748),(54,3446),(83,3207),(84,2819)]	32.997701
422	[(0,1486),(15,416),(32,475),(38,972),(71,2024)]	32.082128
423	[(0,112),(31,652),(53,318)]	32.863943
424	[(5,1072),(28,2870),(33,3518),(41,205),(76,932),(85,849)]	32.144618
425	[(2,2353),(12,812),(15,2929),(25,360),(41,1138)]	32.424685
426	[(29,2315),(56,3556),(82,295),(86,3245)]	32.375317
427	[(36,2455),(63,1635),(91,487)]	30.929581
428	[(0,2265),(69,1660),(78,3397)]	35.314708
429	[(92,649)]	33.325344
430	[(1,2795),(5,1617),(11,2155),(50,3619),(64,821),(70,63),(71,2417),(83,561)]	30.934333
431	[(32,1538),(53,1518),(80,1282),(89,1458)]	31.894172
432	[(21,2106),(78,1558),(83,2124)]	30.993692
433	[(40,995),(59,2053),(78,883),(81,3581),(89,1642)]	32.048136
434	[(0,1547),(7,2973),(9,1525),(22,1053),(24,3428),(33,71),(85,1843)]	31.503819
435	[(27,3458),(38,2260),(45,459),(51,1219),(67,3333)]	34.353215
436	[(6,393),(8,511),(62,1368),(73,977)]	34.881303
437	[(9,1166),(17,1659),(20,2413),(42,1119),(54,251),(70,667),(73,3290),(76,328)]	31.374059
438	[(8,712),(10,1518),(14,1589),(61,2687),(67,1194),(71,874),(83,989)]	35.051422
439	[(6,3227),(32,1814),(52,1147),(83,695),(91,3244)]	34.354915
440	[(10,1890),(23,3426),(45,275)]	33.278829
441	[(9,2489),(16,170),(17,2267),(19,2513),(21,1844),(27,2077),(40,84),(49,272),(54,442),(55,1384)]	30.893048
442	[(6,3166),(44,598)]	31.246163
443	[(9,1372),(24,3243),(80,3014),(92,1026)]	30.599405
444	[(57,1881),(72,1684),(77,474),(79,2370)]	31.577001
445	[(36,1563)]	33.540472
446	[(6,1966),(18,3417),(31,145),(51,3381)]	31.891367
447	[(8,1156),(37,2446),(48,3665),(70,2749)]	32.787929
448	[(1,3173),(5,3535),(7,451),(39,1409),(40,1959),(53,1827),(60,3164),(74,46),(82,1022),(87,3420)]	32.578856
449	[(82,1761),(86,1962)]	29.210694
450	[(11,1440),(34,1702),(76,2045),(90,1101)]	32.759044
451	[(8,2859),(15,366),(85,50)]	32.039475
452	[(8,3396),(47,2554),(48,1250),(75,958),(77,2338),(82,311)]	32.156895
453	[(8,2311),(31,90),(45,3266),(84,1477),(92,1651)]	32.183406
454	[(38,1245),(48,302),(51,1337),(59,2883),(60,245)]	33.588633
455	[(51,3293),(66,836),(75,85),(76,515)]	45.346702
456	[(20,1549),(32,2621),(50,1337),(51,2724),(65,1620)]	36.341574
457	[(32,1626),(33,1814),(37,1350),(56,1070),(81,2708),(87,563),(90,2710)]	32.724024
458	[(14,296),(19,1241),(30,2978),(36,1658),(43,1181),(59,732),(69,824),(80,1302)]	31.861720
459	[(3,2585),(7,1215),(17,1215),(27,1283),(36,7),(37,811),(53,12),(75,3180),(91,1535)]	35.392287
460	[(9,2642),(91,642)]	37.679010
461	[(18,2461),(25,1190),(37,3297),(79,1019)]	31.785506
462	[(26,281),(27,662),(53,1770),(58,1212),(60,2601),(62,1903),(70,469),(77,388),(81,1797)]	33.172589
463	[(14,2704),(17,3352),(20,671),(35,3132),(57,1607),(58,3603)]	32.928986
464	[(2,1905),(3,3506),(24,1364),(26,2215),(28,474),(50,2619),(56,1303),(60,2966),(66,3479),(76,2675),(84,2327),(87,2319)]	31.755957
465	[(1,1286),(17,521),(47,3651),(57,2113),(58,134),(63,401)]	33.020189
466	[(14,210),(18,3445),(23,1533),(47,1146),(58,2101),(74,982),(91,1087)]	33.105723
467	[(8,2595),(26,1804),(48,2354),(62,3051),(73,1615),(76,791),(80,2781),(82,32)]	33.206731
468	[(8,3164),(51,730)]	31.693133
469	[(6,3218)]	31.595614
470	[(9,1016),(19,2010),(38,2521),(84,339)]	31.331396
471	[(9,2582),(10,1132),(11,1754),(24,1848),(83,3418)]	31.410277
472	[(7,2999),(19,528),(77,135)]	32.223068
473	[(20,3246),(24,2880)]	31.306711
474	[(0,650),(5,2683),(9,2439),(12,410),(25,184),(47,627),(63,1767)]	35.455057
475	[(16,1242),(22,3252),(35,718),(53,2018),(81,2103),(86,897)]	34.737601
476	[(1,3454),(6,636),(11,3261),(17,3307),(23,3293),(52,392),(66,1779),(78,3509)]	30.829011
477	[(35,462),(78,529)]	30.490365
478	[(6,1422),(69,1506),(82,3464)]	32.318446
479	[(4,384),(19,293),(56,305)]	31.248656
480	[(9,1034),(23,2343),(31,834),(63,582),(69,2774),(72,1012),(84,139)]	31.594081
481	[(21,2587),(29,2968),(57,3220)]	30.463092
482	[(13,2965),(38,2463),(49,1504),(54,153),(59,30),(76,1623),(92,2771)]	30.514556
483	[(28,296),(54,427)]	30.684191
484	[(0,3346),(26,2928),(29,1664),(30,87),(44,2711),(52,289),(53,3480)]	31.121101
485	[(4,1618),(21,411),(83,462),(91,3149)]	31.461577
486	[(9,452),(28,1785),(35,3484),(39,354),(66,1574),(86,1687)]	32.092154
487	[(23,720),(39,1381),(54,2895),(55,3636),(74,1695)]	31.948046
488	[(0,2642),(21,2600),(68,3300)]	33.056501
489	[(4,2561),(21,542),(36,2223),(38,415),(41,347),(51,675),(52,2108),(63,246),(85,170)]	39.369258
490	[(8,2916),(63,2714),(66,1658),(85,1422),(88,1819)]	40.947623
491	[(3,176),(41,911),(49,2014),(56,3356),(59,2000)]	30.297835
492	[(11,2289)]	35.220333
493	[(19,955),(62,1790),(75,519),(81,20)]	35.049656
494	[(17,1182),(26,1316),(64,2819),(74,1179)]	35.661865
495	[(29,3651),(40,1169),(74,510),(84,733)]	34.268052
496	[(8,821),(62,1892),(64,2352),(70,95),(84,3385),(86,1325)]	36.764247
497	[(26,447),(33,1550),(58,2564),(67,1897),(72,1484),(87,462)]	31.577595
498	[(8,3653),(31,1608),(35,1182),(45,3412),(67,3465),(70,3614),(82,143)]	31.589193
499	[(1,1011),(20,3603),(24,538)]	32.231922
500	[(28,624),(32,569),(34,1573),(47,1324),(53,3306),(57,1247)]	34.266588
501	[(2,565),(39,2841),(78,1588)]	34.031381
502	[(1,595),(3,2722),(29,3399),(31,1924),(32,316),(35,503),(36,1836),(40,2715),(43,595),(53,2335),(76,2487)]	33.739971
503	[(21,958),(39,3236),(47,351),(66,3217),(87,172)]	33.484541
504	[(17,3004),(32,2815),(36,2833),(45,499),(55,3412),(86,722)]	29.063148
505	[(5,957),(17,984),(38,872),(44,3296),(62,2761),(83,353)]	31.693827
506	[(23,3279),(40,1578),(42,3472),(59,461),(70,551)]	34.470451
507	[(27,2712),(32,2411),(34,3332),(37,3477)]	32.077830
508	[(0,1073),(19,1676),(20,496),(22,1207),(49,85),(75,661)]	32.396355
509	[(27,3068),(36,2525),(75,3242)]	32.431383
510	[(30,1453),(46,2295)]	32.479389
511	[(5,3473),(21,998),(33,1222),(35,992),(39,3004),(54,3643),(66,150),(67,1258),(72,3302)]	32.416360
512	[(0,1948),(25,2667),(57,3567),(68,2377),(70,230),(82,1361)]	32.434618
513	[(31,3261),(36,3614),(51,438),(59,2070),(81,3500),(87,55)]	32.302552
514	[(20,2052),(53,395),(88,1385),(90,3427)]	32.326477
515	[(5,2774),(6,2594),(9,3001),(22,2689),(37,371),(49,1480),(59,896),(67,541)]	32.363110
516	[(3,1429)]	32.381807
517	[(4,425),(30,785),(54,2312),(56,1916),(71,801),(84,2217),(87,1815)]	33.310823
518	[(1,2007),(9,579),(28,665)]	25.127652
519	[(53,3637),(71,2965),(83,1764),(91,2117),(92,569)]	16.647686
520	[(1,1809),(31,1749),(33,1060),(54,984),(64,1929),(73,1527),(84,1857)]	15.884528
521	[(8,2939),(31,1587),(43,3511),(53,3527),(54,3131)]	15.979471
522	[(91,2121)]	18.330757
523	[(17,887),(27,1373),(41,2863),(49,39),(79,3136)]	33.040036
524	[(16,1966),(22,962),(34,388),(35,3474),(36,3318),(42,3226)]	20.815597
525	[(20,141),(32,2647),(41,2118),(50,1848),(79,382)]	15.634065
526	[(11,1171),(87,374)]	16.125157
527	[(2,1278),(50,2291),(61,1167)]	15.984405
528	[(8,2636),(14,413),(32,2580),(46,3534),(90,2164)]	15.666561
529	[(11,1086),(23,3356),(25,2316),(30,3104),(32,1221),(39,1513),(44,2536),(46,3234),(56,2535),(58,2089),(59,3196),(66,2039)]	17.027857
530	[(0,1185),(2,1473),(17,708),(23,2335),(37,1705),(45,1214),(76,1116),(77,2409),(81,1299)]	16.697654
531	[(24,3658),(27,1703),(38,3152),(62,1303),(67,683)]	16.223360
532	[(17,1461),(53,3058),(65,1724)]	18.586639
533	[(17,2336),(25,1558)]	21.081947
534	[(5,3304),(25,1169),(37,1601),(62,746),(80,3496),(84,3047)]	15.981517
535	[(31,2413),(53,1060),(87,2941),(89,2932)]	15.761086
536	[(36,254),(41,851),(47,479),(49,2613),(57,1201),(69,2733)]	16.155585
537	[(24,475),(92,1496)]	15.917441
538	[(36,1695),(49,1262),(51,2296),(52,1079)]	15.828379
539	[(4,3051),(5,478),(37,371),(48,2499),(73,785),(74,3588)]	16.566949
540	[(5,2717),(20,3487),(32,2221),(35,3190),(39,3668),(47,1663),(72,2525),(82,3301)]	16.312815
541	[(45,3191),(46,2170)]	15.938074
542	[(20,2748),(33,2630),(37,3466),(39,816),(42,1255),(66,2981),(79,228)]	15.849592
543	[(5,3473)]	16.688541
544	[(24,2283),(85,2308),(87,2360)]	16.116362
545	[(48,1975),(62,2104)]	16.355863
546	[(19,937),(37,3574),(44,2301),(67,532),(88,2114),(91,65)]	16.499983
547	[(20,2089),(42,2957),(59,2176),(63,2567),(64,1937),(75,1246),(76,2522),(80,234),(82,433)]	16.040120
548	[(34,1689),(39,1156),(63,2888),(71,2494),(90,2930)]	15.764373
549	[(67,821),(82,1729),(91,1085)]	15.987441
550	[(1,3262),(16,2718),(19,722),(22,2343),(32,1480),(33,1410),(37,702),(52,2485),(72,2368),(74,2189),(88,637)]	16.724057
551	[(61,244),(80,1933)]	15.988801
552	[(1,3068),(12,1806),(14,1280),(15,306),(25,2951),(28,2536),(48,1987),(66,1798)]	16.638145
553	[(1,3455),(16,353),(24,2562),(26,2126),(37,541),(41,1245),(59,902),(72,3515)]	15.817795
554	[(41,2323),(49,2359),(50,1385)]	16.731213
555	[(0,2882),(5,3231),(22,3001),(25,2499),(48,3433),(50,3249),(59,3255),(73,1900),(82,1045)]	16.245805
556	[(12,648),(77,1763),(84,2313)]	15.944422
557	[(4,3157),(37,499),(56,3297),(69,3219),(70,2276),(75,3379),(84,63),(85,2417)]	15.706952
558	[(6,3074),(46,2791),(57,632),(60,2432),(61,3069)]	15.900527
559	[(5,2088),(48,3581),(77,2039),(78,2361),(90,355)]	15.858398
560	[(20,1189),(36,2551),(60,1560),(65,2714),(71,1455)]	16.134602
561	[(13,77),(23,3126),(27,2292),(71,3236),(92,2488)]	15.830049
562	[(30,1679),(34,3649),(65,425),(84,1840)]	16.002316
563	[(26,1317),(28,1314),(45,3014),(53,393),(69,1053),(90,3263)]	16.274991
564	[(23,2352)]	15.831653
565	[(1,247),(21,1210),(22,1382),(67,1569)]	15.784031
566	[(33,2946),(38,3450),(67,2702)]	15.749377
567	[(34,1889),(64,3064),(78,596)]	16.605530
568	[(17,2740),(28,583),(46,3680),(63,158),(82,3641)]	15.961427
569	[(3,457),(36,310),(86,98)]	16.787456
570	[(3,1387),(21,3449),(51,962),(58,3671),(72,566),(85,722)]	15.978833
571	[(2,2734),(16,1312),(40,3465),(58,1314),(86,947)]	15.774168
572	[(7,29),(31,182),(45,2932),(58,228),(79,2577)]	15.733317
573	[(7,2502),(26,2369),(34,3216)]	15.864380
574	[(17,1710),(32,3412),(38,953),(45,1105),(62,1800)]	15.831181
575	[(50,2479),(65,955)]	16.176287
576	[(4,589),(7,1851),(24,3678)]	16.182525
577	[(12,945),(15,2036),(16,1216),(31,1105),(32,3003),(42,257),(47,1737),(66,387)]	16.305475
578	[(39,2262),(48,3260),(75,3330),(81,3447)]	15.840975
579	[(0,550),(7,2505),(46,1504),(48,2195),(91,924)]	15.902729
580	[(4,3144),(27,278),(40,1070),(47,2314),(50,476),(53,1585)]	15.690993
581	[(26,3175),(39,2777)]	15.921114
582	[(0,858),(28,927),(87,214)]	16.369683
583	[(14,2325),(19,803),(60,2941),(70,1541),(80,171),(85,457)]	18.522582
584	[(10,3353),(15,539),(35,1299),(47,890),(50,1352),(59,928),(66,1252)]	18.649912
585	[(2,2773)]	24.060708
586	[(17,1689),(41,994)]	27.871349
587	[(1,1986),(21,2528),(24,2668),(53,784),(54,1314),(91,1925)]	16.180610
588	[(22,1126),(33,829),(34,829),(36,243),(46,792),(69,162),(91,1928),(92,1191)]	15.930511
589	[(15,2508),(65,3076),(66,1337),(69,2209),(83,2124),(89,1335)]	15.893363
590	[(23,1496),(31,2201),(37,1831),(61,341),(64,2610),(75,1711),(84,2372)]	18.489717
591	[(0,249),(47,1653),(50,3451),(67,706),(71,2272),(85,252)]	16.179050
592	[(4,513),(51,664),(69,2739),(76,1260),(79,463)]	18.958561
593	[(5,2883),(72,2230),(79,1935)]	21.901832
594	[(11,323),(65,257),(75,1853),(76,1374),(92,2113)]	16.193302
595	[(13,3514),(34,320),(42,2168),(50,3002),(57,1225),(69,1945),(71,1929),(78,2009),(84,486)]	16.512441
596	[(12,485),(35,3557),(41,956),(58,2044),(61,2333),(90,2716)]	16.845501
597	[(6,1717),(28,1826),(31,3383),(48,1575),(53,3048),(68,569)]	17.170792
598	[(1,2025),(13,1839),(26,1941),(35,2051),(81,1675),(85,1127),(88,1209)]	16.030412
599	[(0,3560),(34,1119),(60,2669),(71,1743),(75,2369),(81,1198),(83,1851)]	15.951101
600	[(15,1579),(25,1078),(47,1935),(54,1559),(59,1714),(85,1535)]	16.469794
601	[(7,286),(8,685),(13,267),(19,937),(21,2150),(83,842),(91,1798)]	15.926864
602	[(15,179),(23,3532),(28,2984),(32,1920),(44,3033),(62,2686),(70,454)]	15.845674
603	[(7,2859),(10,2361),(30,448),(41,373),(58,3079),(70,993),(79,2187)]	15.882052
604	[(1,3569),(12,634),(17,3506),(22,2332)]	15.877347
605	[(17,468),(57,2305),(62,1397),(67,2458),(74,3182),(79,1505),(82,2239),(85,2977),(90,2465)]	16.284567
606	[(1,591),(5,1001),(40,1244),(45,685),(66,893),(84,646)]	16.008270
607	[(57,2335),(72,548),(82,3104)]	17.183756
608	[(8,2890),(11,3230),(28,1139),(36,1758),(38,1457),(54,2814),(76,208)]	16.352574
609	[(1,1784),(4,2153),(14,2162),(22,2997),(47,1233)]	20.380672
610	[(0,1768),(3,47),(19,2793),(23,2448),(32,1793),(34,2641),(61,479),(73,1758),(90,50)]	29.691314
611	[(4,2641),(16,2242),(38,2639),(50,725),(54,907),(68,1828),(74,807),(90,2335)]	17.089137
612	[(15,3128),(28,267),(41,2574),(83,2566)]	18.446303
613	[(24,1911),(37,1793),(83,2877)]	17.668485
614	[(5,3624),(49,734),(54,2732),(64,2840)]	18.235209
615	[(24,1295),(40,773),(74,2484),(92,242)]	16.921687
616	[(1,2826),(45,1870),(69,2016),(70,167)]	16.145593
617	[(3,1485),(6,3365),(36,3022),(37,2154),(39,1105),(90,6)]	16.187944
618	[(14,3656),(23,2051),(27,3343),(35,3445),(41,3090),(46,2354)]	16.017841
619	[(15,910),(53,2496),(58,3449),(60,2219),(69,3170),(87,2933)]	23.773073
620	[(6,1453),(42,640),(49,1358),(88,1724)]	15.999824
621	[(7,120),(32,3081),(73,1826),(83,2204)]	15.883585
622	[(22,3560),(23,3313),(25,2516),(41,1397),(48,957),(71,1643),(83,321),(85,2090)]	15.715409
623	[(21,2991),(57,3511),(85,1870)]	15.739060
624	[(7,3548),(11,313),(14,279),(37,2174),(43,8),(46,3354),(66,1794),(68,320),(76,1148),(83,1263)]	15.660287
625	[(27,563),(56,1632)]	15.568420
626	[(21,2645),(41,953),(73,1462)]	15.765571
627	[(2,2256),(5,1128),(15,1179),(18,2131),(27,976),(32,2958),(46,3486),(64,389),(81,3569),(83,1272),(87,2938),(92,3272)]	15.544086
628	[(51,1681),(69,1446)]	15.699512
629	[(22,675),(23,2108),(25,425)]	33.851542
630	[(10,548),(15,1077),(40,1215),(48,2514),(55,1387),(81,161),(92,2382)]	29.560449
631	[(42,2553),(57,684),(76,3369),(80,2401)]	16.244320
632	[(21,2307),(39,2018),(53,764)]	16.547413
633	[(20,817),(43,449),(69,548),(85,2281),(90,2914)]	16.129496
634	[(42,3165),(73,1837)]	16.078637
635	[(10,730),(12,3490),(25,2256),(42,172),(57,3176),(64,1987)]	15.929559
636	[(1,1771),(10,983),(25,2910),(82,3195),(84,381),(86,1215)]	17.187853
637	[(4,2584),(57,248),(60,1376),(71,3058)]	15.683155
638	[(1,3536),(14,3406),(17,1289),(25,3445),(32,2365),(53,1225),(62,1704),(86,3534)]	16.198949
639	[(42,3471),(60,1675)]	18.568949
640	[(9,2540),(11,2756),(31,3425)]	19.695695
641	[(4,3443),(19,1028),(50,2602),(51,131),(73,2174)]	15.983739
642	[(30,249),(31,952),(49,2682),(51,3477)]	28.604996
643	[(7,474),(22,1994),(23,3667),(89,313)]	32.693349
644	[(9,1831),(31,2355),(59,174),(60,3020)]	18.559882
645	[(4,1518),(11,100),(23,1279),(26,2292),(68,1494),(76,2970),(88,3474)]	16.169139
646	[(51,1506),(62,257),(68,19),(82,2521)]	15.936126
647	[(25,3623),(51,861)]	17.703180
648	[(49,2382),(50,1333),(65,237)]	22.142327
649	[(15,1764),(36,2448),(41,1818),(43,560),(56,2971),(60,1173),(76,1238),(90,2068)]	16.621207
650	[(15,2645),(28,688),(29,400),(56,1451),(68,2420),(69,1136),(79,2390)]	29.495844
651	[(5,1571),(25,2248),(27,638),(51,3287),(80,2760)]	34.899134
652	[(26,1395),(37,75),(47,885),(50,1070),(76,2526),(82,2370)]	34.970543
653	[(7,83),(20,1637),(23,215),(25,715),(60,1095)]	35.166988
654	[(54,3382),(85,3348)]	30.929769
655	[(17,2930),(34,3414),(51,2927),(66,758),(75,2525)]	16.549138
656	[(22,1987),(37,3590),(38,1569),(40,2252),(45,1797),(58,1198),(71,1703),(79,3460)]	16.850087
657	[(12,1072),(17,920),(23,2738),(65,2275),(69,3208),(72,3098),(82,976),(91,2695)]	15.960381
658	[(20,2827),(34,368),(49,2537),(63,912),(72,2157)]	16.059250
659	[(10,2118),(46,1051),(53,387),(55,655),(68,2086),(73,1860),(77,1281)]	15.778426
660	[(11,2903),(20,2018),(40,1442)]	15.978700
661	[(21,2902),(27,418),(36,3564),(49,35),(59,1716)]	15.702534
662	[(13,3078),(14,1745),(19,2481),(40,3106),(58,2271),(83,2849),(86,1615),(88,2148)]	16.309136
663	[(15,1018),(19,2501),(31,1032),(43,521),(57,1107)]	15.858495
664	[(6,228),(17,2629),(32,549),(42,3237)]	15.975735
665	[(5,671),(21,3265),(30,3322),(42,2271),(45,600),(54,1781),(71,981)]	15.870863
666	[(0,279),(40,438),(45,1869),(50,1142),(52,1284)]	15.911837
667	[]	15.503524
668	[(74,646)]	16.141863
669	[(21,2752),(49,1332),(86,872)]	16.165449
670	[(1,92),(42,2546)]	16.203564
671	[(0,87),(14,1559),(17,3277),(30,3135),(39,2710),(59,2863),(64,972)]	15.748815
672	[(52,1522),(71,992),(87,1436)]	19.073843
673	[(17,50),(24,3474),(33,3148),(41,1996),(44,2478),(46,2891),(55,3382),(75,2886)]	16.111242
674	[(50,3486),(74,1101)]	16.649488
675	[(22,3401),(43,239),(46,315),(65,391),(78,523),(80,2715),(91,2245)]	15.810302
676	[(8,2136),(43,2299),(61,1774),(68,433),(72,2973),(73,586)]	15.947451
677	[(58,1950)]	16.229716
678	[(14,1329),(46,2533),(73,1872),(79,1489),(85,1452),(86,1861),(90,1386)]	15.929886
679	[(8,3054),(33,717),(40,572),(46,172),(55,1897),(76,647),(81,138),(83,3353),(85,2695),(86,3687)]	15.935516
680	[(16,3344),(18,646),(22,181),(32,3049),(38,3493),(50,1382),(71,1443),(87,748)]	16.088266
681	[(6,2645),(24,2630),(31,898),(47,2137),(48,232),(50,3165),(56,854),(62,524),(76,460),(92,2891)]	16.233057
682	[(3,626),(56,2861),(64,744),(70,383),(80,80),(81,3424),(82,1596),(85,2678)]	16.112277
683	[(11,276),(23,2668),(50,2047),(63,1177),(91,3440)]	15.788531
684	[(46,1395)]	17.010793
685	[(3,1812),(26,2439),(28,1645),(47,2431),(67,1950),(87,3236)]	17.336095
686	[(22,110),(34,1727),(75,3220),(90,2920)]	15.800343
687	[(3,3261),(19,3326),(20,423),(44,151),(79,305),(92,751)]	16.044393
688	[(30,2711),(41,1306),(50,3458),(51,1300),(56,2294),(59,2711),(70,3086),(92,582)]	16.256173
689	[(3,2239),(6,219),(29,3097),(37,2161),(50,3625),(61,1005),(64,3089)]	16.442638
690	[(45,230),(52,1893),(71,3168),(73,3032),(75,778),(78,374)]	15.931012
691	[(47,1891),(48,1270),(52,3038)]	15.970611
692	[(20,968),(37,3162),(65,774),(78,2647),(91,3353)]	16.245008
693	[(9,477),(38,1391),(71,299),(73,3422),(85,2752)]	17.959623
694	[(8,2973),(12,566),(20,2375),(28,1828),(32,2460),(35,2038),(53,3284),(78,1255),(91,2740),(92,1341)]	18.293268
695	[(22,2319),(39,1246),(41,1831),(60,858)]	16.132558
696	[(25,1599),(46,371),(78,3488),(83,1481)]	16.413799
697	[(3,62),(32,1259),(36,1576),(38,154),(54,2163),(60,997),(73,814),(82,1564)]	15.957978
698	[(16,3070),(44,472)]	15.883611
699	[(5,2065),(24,1097),(35,358),(50,3238)]	20.285329
700	[(24,167),(28,2725),(58,2068),(66,2052),(83,2769),(89,1914)]	31.724269
701	[(23,1372),(31,609),(58,1802),(74,3300)]	16.874070
702	[(3,1334),(5,1497),(7,2209),(12,221),(25,3340),(78,1205),(82,2481)]	21.760072
703	[(1,2444),(2,1875),(36,2985),(41,1167),(70,1886)]	19.933610
704	[(27,3330),(56,3361)]	16.206486
705	[(1,1506),(2,2910),(57,2897),(69,1598),(82,2071)]	16.181734
706	[(34,3666),(43,2291),(54,2306),(61,68)]	17.064628
707	[(9,1669),(53,329),(76,1403),(86,2402)]	17.558711
708	[(9,3607),(12,3055),(55,978),(77,3101)]	16.212675
709	[(21,2217),(32,2581),(35,115),(56,1675),(66,3644),(83,3101)]	17.559899
710	[(7,1930),(15,650),(29,2019),(34,956),(65,3320),(70,920)]	17.241942
711	[(27,1601),(29,3369),(39,2003),(54,1784),(84,273),(86,1535)]	18.064354
712	[(4,3621),(10,3271),(15,3324),(28,1287),(31,2808)]	16.888666
713	[(22,1795),(37,2750),(38,2166),(59,2646),(68,2385)]	19.444161
714	[(2,2552),(74,3377)]	15.856398
715	[(2,3279),(21,260),(29,2906),(53,2253),(58,3170),(63,329),(76,1138),(86,414)]	16.156070
716	[(0,1449),(20,2068),(37,1497),(42,3065),(43,2491),(52,2177),(55,3293),(63,1677),(64,554),(85,3509)]	16.115143
717	[(24,1078),(39,308),(85,2435)]	16.694879
718	[(36,1813),(37,1534),(48,1915),(51,49),(86,2509)]	15.793999
719	[(5,2690),(28,1782),(38,2091),(41,163),(43,588),(55,2240),(63,1411),(77,1442),(88,798)]	15.986781
720	[(4,2891),(5,10),(12,2241),(70,133),(80,2209),(85,3057)]	15.784627
721	[(21,1378),(41,1453),(43,3603),(44,931),(68,2338),(69,3232),(70,791),(80,3105),(85,368)]	16.309295
722	[(42,653),(49,3274),(65,1229),(78,2516)]	16.099045
723	[(7,257),(27,3458),(42,32),(71,901),(86,2192)]	16.093500
724	[(4,2671),(42,2445)]	15.811837
725	[(68,3495)]	16.657615
726	[(26,3593),(56,2121),(66,2503),(68,1668),(69,935),(77,314)]	16.684651
727	[(9,2864),(42,158),(46,3306),(50,2539),(69,3621),(70,164),(88,662),(90,3360)]	17.389357
728	[(9,1743),(22,194),(26,1850),(48,2519),(79,268),(87,2769),(91,1846)]	16.408104
729	[(36,1305),(64,1135)]	16.563530
730	[(4,535),(34,1770),(38,514),(41,538),(66,1670),(73,2717)]	16.054278
731	[(3,910),(28,3559),(34,2895),(60,2121),(79,2576),(81,793)]	15.888710
732	[(26,2963),(30,1099),(48,290),(60,1768),(67,655),(73,1413),(79,1194),(90,3677),(92,1480)]	15.822338
733	[(19,3667),(21,3592),(60,1956),(68,1552),(81,535)]	15.885050
734	[(42,1245),(60,2498),(69,1405)]	15.802914
735	[(3,1238),(63,3442),(71,1924)]	15.838631
736	[(9,1844),(21,2473),(29,441),(41,2435),(53,1105),(64,3225),(88,2453)]	16.083200
737	[(53,3608)]	15.789308
738	[(5,3351),(7,95),(22,3420),(29,3528),(37,762),(60,2772),(77,3326),(78,2616),(86,2804)]	16.009409
739	[(5,1378),(18,1089),(73,929)]	15.931305
740	[(22,2285),(46,870),(54,262)]	15.993957
741	[(24,1088),(34,3568),(40,2986),(43,2376),(65,585),(71,1510),(73,2519)]	15.808305
742	[(8,567),(33,19),(47,623),(64,2958)]	16.260930
743	[(13,666),(16,2737),(41,841),(42,3083),(74,319)]	17.275056
744	[(15,1370),(24,2238),(26,1929),(29,173),(47,2775),(48,1038),(77,811)]	17.518672
745	[(1,950),(40,1004),(69,1850),(75,2928)]	15.848023
746	[(9,1928),(14,1226),(17,426),(26,1768),(34,459),(49,2457),(66,2017),(81,1264)]	16.295641
747	[(13,830),(26,1611),(59,2946)]	15.980020
748	[(2,1920),(24,683),(26,1515),(37,3059),(63,2969),(66,260)]	15.999603
749	[(10,104),(62,1268)]	16.148759
750	[(9,1987),(38,3116),(45,1422),(88,2611)]	16.365391
751	[(7,2260),(60,2652),(63,2647),(78,1555)]	16.113683
752	[(13,2824),(14,2606),(21,1244),(78,1172)]	18.092389
753	[(29,279),(55,1387),(64,798)]	17.414977
754	[(0,287),(10,3266),(30,3308),(46,621),(47,3554),(81,826)]	17.235925
755	[(7,3526),(11,2101),(14,760),(19,2880)]	16.737136
756	[(49,793),(56,96),(61,1414),(64,1085),(69,3212),(77,2497),(78,2684)]	19.530378
757	[(6,1146),(30,2359),(35,2428),(44,3466),(58,717),(86,730)]	17.717973
758	[(0,2940),(16,3610),(38,3512),(59,2123)]	16.319428
759	[(8,3394),(24,126),(37,3403),(44,1616),(47,3327),(59,1708),(67,3262),(70,2785),(84,1315),(91,2606)]	16.265567
760	[(12,1510),(29,2765),(52,433),(65,1391)]	19.471297
761	[(12,2702),(19,1142),(21,1624),(91,2419)]	32.487503
762	[(26,895),(28,244),(38,142),(43,2919),(44,1012),(57,1069),(67,454),(79,1486)]	20.053091
763	[(24,3357),(29,715),(33,3576),(45,3638),(47,546),(52,12),(61,1847),(66,954),(70,3484)]	15.760424
764	[(11,2485),(40,58),(59,2626),(68,1254),(84,1971),(86,1216)]	16.041480
765	[(35,3438),(84,15),(88,2327)]	16.305492
766	[(17,212),(19,3484),(34,2350),(49,3320),(64,2529),(91,3128)]	16.625430
767	[(2,909),(21,2732),(23,2482),(27,3361),(28,2378),(45,1406),(57,2933),(63,2803),(73,435),(76,1590),(91,437)]	16.221499
768	[(3,3022),(4,2154),(27,1295),(34,1652),(43,1817),(64,1882),(76,3204),(84,1478)]	15.982600
769	[(35,1086),(43,376),(54,2489),(61,1659),(72,647),(82,3005),(83,858)]	15.728049
770	[(4,998),(15,919),(32,737),(39,2867),(71,3444),(73,3441),(75,176),(89,1666)]	16.925348
771	[(7,1338),(35,1337),(36,2724),(55,3187),(77,57)]	15.971720
772	[(0,3499),(10,939),(19,2099),(45,1513),(52,1355),(77,303),(90,105)]	15.910257
773	[(0,1257),(8,3201),(29,2063),(36,14),(56,3599)]	15.919929
774	[]	15.821198
775	[(2,979),(68,1406)]	15.846443
776	[(20,1495),(23,383),(24,3159),(33,142),(37,505),(40,3327),(48,1843),(68,1428),(76,1521),(82,2954)]	15.879968
777	[(5,594),(24,182),(43,9),(57,905),(70,2175),(77,2252),(80,3415)]	15.658645
778	[(28,2545),(35,588),(36,1141),(47,2499),(81,2374)]	15.829412
779	[(21,2575),(31,2901),(40,1800),(54,1548),(88,1968),(89,3176)]	15.639175
780	[(6,3430),(14,2703),(33,3552)]	15.921013
781	[(15,3319),(20,2682),(39,3619),(42,1816),(46,3562),(47,2468),(63,1484),(67,2065),(70,2875)]	15.873310
782	[(1,1270),(10,2687),(34,2023),(37,2645),(38,539),(41,3602),(43,912),(66,2844),(67,1321),(85,1953)]	15.858414
783	[(67,845)]	15.689835
784	[(66,925),(74,3335),(81,102)]	15.935847
785	[(3,896),(25,855),(29,2462),(30,2812),(35,2724),(75,770)]	15.791840
786	[(52,1245),(71,1526),(86,3140),(87,759)]	17.767127
787	[(55,3554),(67,1275),(84,1055)]	16.305868
788	[(4,3392),(15,2942),(35,829),(37,243),(68,2499)]	15.927560
789	[(19,1479),(37,1181),(78,1821)]	15.811971
790	[(7,1365),(29,1494),(30,680),(37,2196),(40,1513)]	15.878091
791	[(4,894),(22,1460),(31,3492),(43,1277),(61,3539),(68,1843),(81,1906)]	15.857149
792	[(51,3607),(71,2393),(73,641),(79,1576),(82,1248)]	15.698588
793	[(16,820),(27,1566),(35,1518),(38,2233),(45,3094),(50,3229),(52,2471),(64,2067),(83,2367),(91,892)]	15.891191
794	[(17,2166),(21,3424),(35,2260),(62,1640),(63,2658),(84,1397),(90,3485),(91,2542)]	15.875220
795	[(4,1890),(34,1758),(83,3469),(84,2646),(88,3064),(89,1183),(90,1872)]	15.659365
796	[(22,3580),(34,806),(48,2898),(51,676),(65,2221),(82,3418)]	15.755148
797	[(0,231),(9,1692),(32,3425),(66,1035),(73,1050),(90,1121),(92,2664)]	15.564737
798	[(21,45),(49,394),(64,826)]	15.959122
799	[(3,2163),(67,1367),(75,544)]	15.734677
800	[(14,2796),(29,2213),(49,23),(59,768),(64,1024),(85,2731),(91,759)]	16.277772
801	[(3,1780),(17,730),(28,458),(45,172),(53,3281),(55,1081),(81,315),(83,2026)]	16.402798
802	[(25,2084),(30,2952),(46,1346),(47,2029),(48,1187),(66,1686),(85,89)]	15.739427
803	[(16,481),(40,1832),(50,2474),(72,206),(80,3423),(83,1555)]	15.836846
804	[(11,667),(17,1354),(33,1108),(56,3094),(74,921),(75,712)]	15.885562
805	[(64,1975),(92,2739)]	15.680527
806	[(1,797),(7,1538),(19,282),(41,2877),(55,1490),(63,2645),(64,539)]	15.777661
807	[(6,1241),(51,1443),(57,1361),(78,1497)]	15.950958
808	[(11,1091),(37,3246),(39,1267),(85,1492)]	15.683782
809	[(8,581),(20,1355),(42,1642),(62,1581),(63,1823),(69,2640)]	15.728941
810	[(2,1904),(8,3382),(53,3358),(72,919),(77,557)]	15.793282
811	[(7,569),(15,172),(21,3366),(28,1944),(39,183),(73,1762),(75,2232)]	15.930708
812	[(19,2994),(29,2932),(49,1459),(56,2272),(77,2479)]	17.320685
813	[(77,1659),(92,3502)]	17.662564
814	[(11,30),(33,133),(39,1892),(40,3246),(45,688),(52,2613),(54,61),(61,2787),(68,1477)]	19.092556
815	[(4,794),(13,1051),(20,1916),(32,2876),(38,761),(48,1575),(81,547),(83,1941)]	18.531772
816	[(5,590),(8,3095),(29,518),(62,875),(79,10),(81,1507)]	16.138895
817	[(17,1488),(28,1359),(44,3412),(52,682),(54,914),(80,3286)]	16.089859
818	[(30,1358),(63,3584)]	16.295380
819	[(4,2153),(12,2911),(29,2072),(32,250),(49,1700),(79,3674)]	18.859562
820	[(9,3501),(50,3611)]	16.480366
821	[(6,681),(7,2751),(18,2520),(28,1429),(31,2016),(32,167),(52,3373),(71,3109),(80,2335)]	15.957014
822	[(46,1316),(61,3201),(63,1461),(79,1043)]	19.437826
823	[(2,216),(20,211),(30,1203),(32,1779),(34,2946),(47,875),(61,971),(66,1075),(82,3598)]	30.066409
824	[(2,1897),(7,1801),(39,2747),(46,2470),(54,1478),(82,777)]	25.707842
825	[(59,3587),(60,3492),(66,668),(79,2244),(82,2532)]	17.237370
826	[(22,353),(24,2823),(28,6),(57,2019),(73,1652)]	15.881859
827	[(3,982),(10,2934),(14,1588),(33,2254)]	16.522470
828	[(9,3465),(23,1288),(39,750),(49,1425),(85,1185),(91,3380)]	15.921596
829	[(12,2760),(34,682),(44,704),(45,3351),(47,95),(49,1418),(66,1472),(74,1166)]	16.438755
830	[(0,3684),(19,1160),(31,204),(60,3286),(64,3165),(70,2283),(83,458)]	16.031719
831	[(4,979),(20,1619),(91,1960)]	15.759198
832	[(6,95),(35,1541),(36,1815),(67,3201),(78,2366),(83,2137),(85,834),(91,3642)]	17.615129
833	[(36,1787),(45,386),(48,1720),(54,651),(56,1405),(60,3206),(63,1507),(77,748)]	17.166179
834	[(31,1163),(48,2911),(83,1157)]	15.923065
835	[(4,2585),(9,1707),(25,354),(33,93),(76,1068)]	17.052784
836	[(5,2493),(27,3055),(30,3045),(48,320),(83,195)]	16.423991
837	[(3,3421),(10,1058),(25,3577),(38,730),(47,2027),(74,976)]	16.110191
838	[(2,1338),(10,2275),(48,1619),(57,987),(87,587)]	16.251113
839	[(4,1977),(13,1804),(27,3670),(30,3126),(67,3324),(89,2714)]	16.699032
840	[(36,3021),(60,823),(81,2072),(92,2089)]	16.235655
841	[(47,405),(80,1901)]	16.135292
842	[(42,1724),(75,574),(76,20),(92,388)]	16.465396
843	[(2,3296),(10,1859),(37,417),(44,2179),(46,2478),(61,456)]	16.120646
844	[(2,624),(36,1129),(53,3115)]	16.579752
845	[(4,2143),(10,2758),(46,3215),(51,2600),(74,650),(83,2773)]	16.551495
846	[]	16.113630
847	[(14,2858),(24,983),(35,143),(46,3075),(57,989),(81,3359)]	16.179282
848	[(8,2263),(12,1826),(29,1385),(48,47),(62,3648),(72,3033),(73,2858)]	16.122966
849	[(2,1001),(24,3163),(81,2878)]	16.309652
850	[(11,95),(40,1681),(54,2527),(69,1913),(80,3027)]	16.577796
851	[(8,3095),(13,1085),(19,534),(20,2512),(69,2988),(78,382)]	16.401052
852	[(3,3080),(30,3028),(45,1298),(55,2358),(84,1077),(89,1845)]	16.260960
853	[(65,1737)]	15.884231
854	[(17,3482),(41,3536),(51,342),(52,1531),(58,1478),(64,1496),(82,946)]	16.069018
855	[(45,1633),(84,488),(86,2415),(88,698)]	15.744573
856	[(0,976),(6,2446),(28,1696),(29,1151),(55,1222),(57,992)]	16.059025
857	[(49,344),(52,2914),(56,1880),(69,373),(74,566),(84,1210),(92,725)]	15.734569
858	[(20,1274),(79,1429)]	16.042753
859	[(9,3182),(23,3139),(27,915)]	16.072442
860	[(35,813),(38,2493),(52,2306)]	16.064583
861	[(5,1318),(28,2242),(81,3158),(82,3410)]	16.628793
862	[(43,1709),(44,2379),(48,3210),(60,2009),(68,510),(91,2644)]	15.922374
863	[(6,330),(12,3305),(14,3555),(32,338),(40,1259),(87,2064)]	16.070351
864	[(4,3449),(9,2868),(28,3666),(32,3502),(56,431),(63,1624),(86,2788)]	15.798394
865	[(6,816),(23,1442),(28,3672),(45,783),(85,2012)]	16.047403
866	[(3,2994),(16,3199),(42,2671),(79,1514)]	16.449527
867	[(48,328),(50,351),(57,1096),(58,3105),(59,3481),(65,1951),(91,2074)]	16.060401
868	[(11,2284),(14,712),(59,578)]	15.855957
869	[(1,2702),(8,3041),(14,1054),(41,413),(55,3344),(60,3381)]	16.097921
870	[(15,1637),(60,668),(61,424),(74,1948)]	16.503647
871	[(17,1196),(22,148),(34,3401),(42,1370),(53,3531),(83,1753)]	15.995202
872	[(1,124),(25,2234),(41,3276),(50,611),(53,6),(63,818)]	18.028940
873	[(7,3141),(19,241),(61,1510),(68,307)]	15.986776
874	[(36,2750),(39,1888),(43,1312),(47,1413),(60,1990),(73,566)]	18.855032
875	[(5,285),(28,2671),(52,2689),(79,3250)]	15.931771
876	[(14,1490),(69,1400),(74,3515),(90,3236)]	16.113758
877	[(4,1400),(7,1890),(26,2378),(31,1982),(35,361),(56,1885),(65,1859),(67,1477),(81,1536)]	15.858810
878	[(2,2606),(19,1155),(73,1964),(78,2963),(91,750)]	17.156221
879	[(37,2181),(39,3312),(46,2399),(58,2478),(61,3286),(65,1658),(88,1926)]	17.509404
880	[(83,981)]	17.592795
881	[(1,2023),(3,1989),(9,3206),(14,939),(27,1946),(28,1451),(33,144),(46,2401),(88,2570)]	17.290330
882	[(0,1817),(3,2978),(25,411),(31,3546),(70,331),(91,3591)]	21.650905
883	[(0,2261),(12,3303),(68,2586),(77,1671),(83,1958),(89,499)]	16.806161
884	[(0,562),(4,3270),(6,253),(24,1738),(37,2049),(39,1472),(42,2321),(51,3389),(91,2781)]	15.804666
885	[(9,1955),(30,2397),(75,229),(87,3650),(90,2722)]	30.005760
886	[(6,1315),(26,155),(34,3358),(73,2368)]	21.989908
887	[(12,1751),(13,955),(42,1212),(81,3469)]	16.131313
888	[(43,1167),(83,2312)]	17.959515
889	[(6,1013),(27,2099),(34,989),(36,2451),(63,3190),(74,3047),(82,266),(85,2599)]	16.043422
890	[(16,1857),(33,1770),(53,2321),(74,2099),(84,3260),(87,814)]	16.155937
891	[(15,962),(16,2198),(23,976),(34,3009),(69,2009),(72,1679),(86,2594)]	16.412173
892	[(16,2058),(25,1886),(27,3127),(44,2409),(54,1468),(70,3422),(87,363)]	16.301221
893	[(14,2378),(24,2109),(27,2636),(52,3530),(60,3014),(61,530),(77,1112),(85,1804),(87,1608),(91,479)]	16.107698
894	[(58,835)]	17.015977
895	[(15,2065),(23,2353),(56,1345),(76,382),(77,2287),(84,615)]	16.173662
896	[(28,3421),(77,220)]	16.029304
897	[(13,1541),(25,2475),(86,2526)]	16.004862
898	[(6,716),(28,2166),(34,892),(44,1500),(52,2248),(77,2571),(89,929)]	16.323063
899	[(24,2882),(31,16),(47,2363),(82,2719),(83,1899)]	16.042312
900	[(7,2560),(18,2606),(20,627),(31,297),(35,21),(40,3519),(48,297)]	16.713507
901	[(0,1810),(25,1202),(45,3352),(52,2037),(60,1514),(76,3194),(90,2531)]	16.479264
902	[(36,2136),(41,2021),(51,2681)]	15.989495
903	[(1,2848),(30,1781),(43,3059),(49,2877),(71,1564)]	16.394137
904	[(50,1619),(56,2282),(65,3170),(68,1069),(90,3247)]	16.394759
905	[(16,731),(32,3260),(34,1600),(54,1969),(56,2555),(65,1965)]	16.004057
906	[(59,1434),(64,2785),(67,2426)]	16.682471
907	[(8,1045),(22,297),(61,2009),(91,1945)]	15.955330
908	[(0,1049),(25,1652),(31,2585),(37,1242),(50,1632),(54,470),(75,1122),(79,1016)]	16.076164
909	[(3,2364),(45,934),(49,1818),(60,249),(61,952),(74,363),(81,2133)]	16.002361
910	[(9,253),(10,1261),(25,2695),(37,3358),(46,2335),(50,2782),(58,3331),(60,2003),(86,2953),(92,2927)]	16.215100
911	[(22,2064),(42,444),(48,1058),(55,2163),(62,348),(67,3424),(73,2815)]	16.403498
912	[(15,2032),(21,1602),(28,590),(30,2350),(66,1924)]	16.881127
913	[(0,582),(30,1154),(36,2549),(50,3068)]	16.714039
914	[(39,2066),(55,649),(69,173)]	16.554578
915	[(33,921),(46,2427),(90,304)]	18.606359
916	[(0,846),(11,2561),(74,2377)]	16.116857
917	[(3,601),(5,2257),(52,2042),(66,2742),(72,3680),(90,3132)]	16.513553
918	[(28,1829),(41,1496),(84,3503)]	16.720283
919	[(1,1752),(24,3189),(27,1156),(40,1517),(48,2440),(60,1414),(67,406)]	16.374531
920	[(2,452),(4,3532),(5,3602),(9,862),(25,1783),(68,1419)]	15.967548
921	[(47,2297),(56,1918),(61,1477),(68,2619),(76,1200),(88,172),(90,3439)]	15.999657
922	[(22,224),(44,52),(65,332),(72,3570),(76,44),(84,938)]	15.985833
923	[(16,2341),(29,1687),(30,3559),(35,22),(39,3561),(45,1649),(51,2136)]	15.938430
924	[(7,341),(21,3174),(41,2101),(50,329),(69,465),(83,3357)]	15.910052
925	[(12,1145),(41,282),(48,749),(72,2300),(83,3266),(89,2053),(92,3561)]	16.206044
926	[(0,496),(8,3534),(50,3552),(63,798)]	15.972943
927	[(0,2941),(3,45),(20,2175),(22,2451),(48,3127),(68,74),(76,2335)]	15.816393
928	[(45,3244),(47,511),(74,3267),(83,362)]	16.032344
929	[(15,2289),(20,1679),(38,3323),(59,3285),(60,3036),(65,904),(67,171),(72,1458),(82,2805)]	15.886815
930	[(18,3082),(40,3119),(62,1100),(70,2745),(78,1525),(82,127)]	16.231323
931	[(23,2364),(33,3216),(83,490),(89,2083)]	17.793864
932	[(21,1934),(36,694),(59,340),(62,1420),(88,2615)]	16.057809
933	[(72,3620),(86,1966)]	18.823305
934	[(7,1109),(13,1939),(18,1125),(31,2941),(33,2932),(43,2574),(46,2464),(53,2849)]	16.259180
935	[(3,3588),(14,620),(29,1454),(34,3657),(50,404),(67,781),(76,264),(88,3219),(89,2276)]	16.183343
936	[(0,801),(10,956),(18,2653),(32,606),(33,3232),(34,2785),(39,460),(61,236),(73,2323),(81,857)]	16.924739
937	[(6,2884),(39,1749),(46,1135),(75,1606)]	19.701654
938	[(10,3157),(11,2418),(17,2106),(44,3674),(51,3302),(66,1506),(67,2910)]	19.685449
939	[(7,871),(24,615),(36,2507),(37,2721),(45,3487),(46,965),(66,1491),(68,3673),(74,738),(79,1768),(91,2539)]	17.151584
940	[(1,2465),(10,2710),(15,3132),(43,322),(44,467),(61,1804),(63,1608),(69,1238),(88,2464)]	20.381104
941	[(9,3074),(18,2144),(55,233)]	23.102160
942	[(6,3069),(9,112),(15,1354),(26,1581),(46,1073),(53,584),(58,2377),(69,1539)]	16.910388
943	[(2,2109),(32,1197),(33,1005),(50,1050),(77,3058),(89,1373)]	15.695444
944	[(21,976),(26,288),(33,1780),(51,115),(73,2064)]	16.389493
945	[(6,1755),(12,3376),(19,3635),(50,1602),(60,3617)]	17.114245
946	[(26,2079),(57,1800),(70,612),(71,447),(89,3260)]	31.564414
947	[]	20.371784
948	[(5,3391),(34,2786),(68,1640),(69,3551),(91,1664)]	15.963434
949	[(8,2940),(30,3123),(61,637),(65,2212),(77,2644),(78,2155)]	15.948925
950	[(18,51),(22,1220),(29,1467),(61,1907),(62,1013),(78,864)]	15.724031
951	[(1,3444),(21,2457),(29,1576),(63,1094),(70,1223)]	15.913648
952	[(16,372),(19,1339),(35,1760),(60,980),(63,2161),(92,2153)]	15.701508
953	[(4,2310),(8,3133),(68,3051),(69,478)]	15.872426
954	[(10,2748),(37,3532),(38,3602),(49,1460),(59,3431),(60,2809),(77,2954),(85,3498)]	16.055436
955	[(13,2764),(27,1127),(34,3637),(43,2577),(82,1998),(84,2291),(86,1498),(90,1116)]	15.729487
956	[(2,3534),(9,2095),(17,1624),(19,193),(22,310),(24,768),(81,794)]	15.859266
957	[(2,3486),(29,2528),(44,1333),(73,3653),(81,2214),(83,1783)]	15.708800
958	[(7,2515),(29,1437),(58,820),(70,1352)]	15.621663
959	[(52,3613),(59,3605),(75,2425)]	15.838445
960	[(1,1922),(5,440),(6,3016),(27,2076),(71,3379),(74,1697),(83,1287),(87,2877)]	16.038266
961	[(0,2283),(5,89),(11,1133),(12,3077),(19,2376),(54,1416)]	16.154596
962	[(64,1607),(80,1546)]	15.922176
963	[(31,2667),(32,3621),(37,882),(42,456)]	16.584151
964	[(7,1835),(24,1377),(49,630),(56,3478),(57,2332),(59,1644),(69,3138),(90,2653),(92,1752)]	15.908946
965	[(24,3163),(43,2864),(71,1279),(90,1966)]	16.410303
966	[(2,1913),(7,3636),(36,1112),(61,235),(73,3579),(81,2277),(84,3126)]	16.177230
967	[(24,3093)]	16.054065
968	[(15,170),(24,3512),(47,2612),(51,1297)]	15.914333
969	[(4,2873),(7,348),(10,1421),(11,1331),(13,710),(49,1772),(88,1498),(91,2056)]	15.929358
970	[(5,2382),(17,2728),(18,2750)]	15.916622
971	[(16,625),(29,1410),(32,2494),(35,2942),(40,313),(60,1104),(62,171)]	16.518972
972	[(23,2382),(67,101),(76,1120),(89,1085)]	15.813430
973	[(19,2443),(22,1877),(77,581)]	15.757065
974	[(61,2311)]	16.056591
975	[(3,2413),(31,1095),(32,2274),(38,1710),(45,413),(79,992),(89,2301),(92,324)]	15.607206
976	[(5,3458),(6,1300),(9,3246),(11,1267),(34,2895),(35,3636),(51,2502),(72,3168),(83,3600)]	16.180802
977	[(10,214),(11,1372),(48,2322),(69,481),(90,3462)]	15.745691
978	[(24,992),(42,2436),(75,573)]	15.898925
979	[(7,2308),(28,3463),(55,25),(66,2693),(69,2063),(73,3389),(85,1841)]	15.617019
980	[(53,3437),(61,440),(76,1994),(77,3667)]	16.186633
981	[(1,1360),(4,48),(6,2836),(52,2404),(57,100),(68,3065),(70,1081),(73,2842),(77,3560)]	16.439077
982	[(3,1150),(7,2373),(37,502),(88,129)]	16.129033
983	[(14,1245),(23,1539),(52,1883),(71,1566),(73,3359),(92,678)]	16.292616
984	[(4,2507),(5,2721),(6,2341),(28,1592),(32,3569),(51,887),(69,652),(73,1939),(88,3343)]	15.825123
985	[(60,1536),(73,2651),(84,594)]	15.971763
986	[(9,2717),(11,1318),(20,3434),(29,1907),(82,393)]	15.872429
987	[(15,2757),(22,3251),(37,3347),(80,220),(81,3275),(86,3445)]	16.032018
988	[(82,2492),(86,3497)]	16.708397
989	[(29,3085),(31,1705),(36,2101),(38,3084)]	16.271575
990	[(2,542),(5,2831),(12,3646),(41,2413),(71,311),(81,1017),(88,2890)]	16.047287
991	[(33,2783)]	17.946840
992	[(14,490),(23,1777),(24,1300),(25,1043),(41,2684),(42,897),(64,2691),(83,2776),(91,2648)]	16.039288
993	[(5,1004),(15,2994),(26,1322),(45,3557),(51,2376),(64,1267),(69,3452),(74,1522)]	20.569868
994	[(3,163),(51,3517),(79,1897),(84,482)]	16.297905
995	[(19,2872),(29,3619),(46,2233),(48,2110),(75,2221),(83,175),(92,1671)]	17.536646
996	[(5,1272),(28,1702),(32,2645),(59,845),(70,2858),(85,1305),(92,514)]	16.293263
997	[(2,1135),(14,2646),(22,1637),(35,2859)]	16.270680
998	[(15,2167),(30,2683),(36,1056),(57,3250),(67,1738),(76,626)]	16.358938
999	[(2,3430),(5,299),(12,1985),(34,257),(46,1068),(66,2825),(78,3022)]	16.058207
