ruleset_index	matches	time_ms
0	[]	12.801732
1	[(9,1433),(32,54),(53,573),(73,206)]	12.373613
2	[(7,731),(21,82),(80,190)]	13.920984
3	[(35,1493),(54,1265)]	12.972486
4	[(48,1648),(51,1492),(78,1660)]	25.620886
5	[(7,261),(46,918),(92,704)]	20.663789
6	[(17,721),(33,1875),(70,1579)]	12.910315
7	[(57,1022),(74,1756)]	14.425615
8	[(26,94)]	12.412490
9	[(15,173),(60,36),(91,1884)]	12.534905
10	[]	12.657107
11	[(3,1996),(35,1202),(43,1591)]	12.354382
12	[(43,840),(56,206),(57,1122),(81,173),(82,704),(83,368),(89,1073),(91,160)]	12.318680
13	[(24,1894)]	12.517449
14	[(6,150),(21,776),(37,532),(59,1386)]	12.329647
15	[(4,77),(52,1200),(83,100)]	12.414212
16	[(5,262),(24,872),(42,48),(55,1803)]	12.331742
17	[(5,1247),(8,422)]	12.270144
18	[(43,65)]	13.578352
19	[(4,856),(37,1723)]	13.664562
20	[(54,944),(89,384)]	12.728849
21	[(54,1895),(56,419),(80,1851)]	12.767613
22	[(13,1433),(16,296),(68,271),(83,156)]	12.338559
23	[(13,1210),(18,529),(57,1360),(65,887),(68,216)]	12.411914
24	[(55,422),(74,1888),(84,1807)]	12.822039
25	[(61,71),(66,51),(74,272),(80,336)]	13.226179
26	[(75,256)]	12.649921
27	[(2,867),(19,11),(76,228)]	12.895055
28	[(39,412)]	12.641875
29	[(33,286),(62,1691),(79,1251)]	12.627389
30	[(12,1051),(14,522),(56,1116),(74,273),(80,1801),(85,234)]	12.528230
31	[(38,345),(61,1621)]	12.528699
32	[(48,243),(70,549),(85,1360),(88,838)]	12.507347
33	[(14,773)]	12.892090
34	[(0,1185),(12,471),(14,862),(57,349),(75,1277)]	12.363785
35	[(64,1108),(86,1038)]	13.145415
36	[(24,15),(37,513),(71,1593),(81,425)]	12.667949
37	[(1,36),(16,264),(75,648),(85,1186)]	13.013118
38	[(27,1632),(82,1951)]	12.427276
39	[(44,1759),(73,1450)]	13.483603
40	[]	14.539456
41	[(30,781),(57,1860),(58,1843)]	12.581175
42	[(26,1999)]	12.663437
43	[(14,635),(18,1664),(38,716),(41,146),(73,1566),(82,406),(89,332)]	12.499746
44	[]	12.643497
45	[(51,320)]	12.433920
46	[(8,1321),(10,699),(15,1848)]	12.578379
47	[]	12.512567
48	[(16,298),(30,1153),(58,1853)]	12.563678
49	[(47,1211)]	12.926470
50	[(57,1304),(63,1228)]	12.320878
51	[(47,1911),(53,458),(58,1581),(66,1804)]	12.574875
52	[(18,154),(64,1296)]	12.329917
53	[(11,1171),(28,1619),(49,1932)]	12.349524
54	[(6,1261),(77,1292),(87,1650),(88,1325)]	12.796631
55	[(29,84),(37,1137),(45,1198),(76,1491),(89,783)]	12.588229
56	[(14,730),(23,1464),(64,397)]	13.124047
57	[(42,325),(55,1524)]	12.476845
58	[(5,1435),(39,1626),(47,31),(80,887)]	12.828003
59	[(5,1581),(7,528),(45,1561),(54,493)]	12.526803
60	[(71,1464),(80,319),(87,1021)]	12.556758
61	[(8,638),(29,601),(32,812),(44,1632)]	12.523448
62	[(30,1389),(43,1605),(90,448)]	12.336413
63	[(40,1859),(68,752),(72,43)]	13.861058
64	[(14,283),(18,1124),(46,671),(72,1765),(80,2002)]	17.036446
65	[(4,1469),(16,5),(34,1522),(74,165)]	16.051951
66	[]	15.521645
67	[(8,1492),(87,996)]	12.572253
68	[(52,51),(66,783),(90,917)]	12.453702
69	[(6,1838)]	12.446458
70	[(20,1441),(23,1452),(37,909),(40,976),(59,1536)]	13.363061
71	[(67,1157),(74,914),(77,336)]	12.585518
72	[(13,1930),(62,1490),(88,69)]	12.570214
73	[(46,299),(61,5)]	12.320934
74	[(21,176),(25,138),(33,734),(44,386)]	12.418778
75	[(6,270),(46,1955),(58,1569),(83,646)]	12.478162
76	[(10,79),(33,1396),(83,844)]	12.393163
77	[(1,320),(67,880)]	12.731258
78	[(3,954),(27,910)]	12.389201
79	[(19,1580),(29,220),(42,1656),(73,489)]	12.465568
80	[(26,145),(34,1245),(55,453)]	13.008619
81	[(60,1689),(61,1449),(78,1937),(85,320)]	13.282421
82	[(11,988)]	12.907921
83	[(38,909),(39,361),(59,1826)]	21.587874
84	[(6,108),(44,773),(64,929)]	23.182953
85	[(37,941),(51,1382),(78,1895)]	12.683564
86	[]	12.947300
87	[]	12.561754
88	[(0,527),(3,1481),(17,1328),(63,145),(73,550)]	12.505729
89	[(1,1974),(31,1308),(41,1608),(81,714),(90,80)]	12.467567
90	[(30,542)]	12.345718
91	[]	12.396462
92	[(1,1198),(14,1753),(27,1182),(54,213),(65,1108),(76,475),(82,38),(89,702)]	12.375348
93	[(13,1925),(48,618),(51,1338)]	12.376767
94	[(67,1491),(83,1482)]	12.310554
95	[(13,1362),(25,1118),(36,284),(69,1497)]	13.272302
96	[(21,691),(30,1223),(78,838)]	12.821445
97	[(4,1595),(16,830),(45,1154)]	14.447432
98	[(5,1711),(23,1015),(31,1775),(35,1412),(42,1698),(50,450)]	14.201956
99	[(6,1454),(41,995),(55,35),(61,1947)]	13.601422
100	[(26,29),(60,1422),(61,436),(73,1551)]	16.577192
101	[(4,1145),(54,1143),(88,1754)]	12.680692
102	[(3,921),(59,827),(79,1191)]	13.426917
103	[(57,90)]	12.487784
104	[]	12.681899
105	[(18,476),(24,1278),(84,733)]	12.345274
106	[(13,1125),(24,1409),(33,1408),(62,932)]	12.827369
107	[(32,64)]	12.629924
108	[(20,760),(31,1507),(64,387),(89,637)]	12.352733
109	[(31,978),(34,329),(49,1939),(55,796),(72,1055)]	12.473044
110	[(7,5),(28,373),(54,1221),(82,135)]	12.631132
111	[(3,1806),(49,312),(66,1884),(73,539)]	12.517104
112	[(61,1513),(78,519)]	12.334915
113	[(16,962),(45,1972),(66,26),(76,666)]	12.438098
114	[(5,229),(11,1729),(29,1845),(47,779),(83,1987)]	12.756692
115	[(39,1166),(76,578),(90,1797)]	12.513870
116	[(28,450),(58,1573),(61,1193)]	13.676521
117	[(21,558),(49,1799),(86,427)]	12.970037
118	[(40,768),(64,94)]	12.936161
119	[(32,1989),(47,1243),(70,93),(75,1816)]	14.904231
120	[(16,1657),(17,1806),(20,935)]	12.514053
121	[(26,1811),(85,49),(92,1204)]	12.714028
122	[(22,1692),(38,1088),(71,1589),(83,353)]	12.301036
123	[(26,1834),(27,929),(32,328),(51,1121),(56,752)]	12.646361
124	[(82,715),(90,279)]	12.464227
125	[(9,657),(59,528),(79,1758),(86,2002),(90,850)]	12.613475
126	[(29,1703),(42,677),(65,460),(79,1926)]	13.486568
127	[(3,1997),(10,1905),(21,249),(45,515),(58,1674)]	12.585499
128	[(1,1431),(6,813),(64,1858)]	12.634896
129	[(39,897),(62,1357),(66,1847),(84,524)]	13.102781
130	[(60,1614)]	12.340816
131	[(23,545),(24,1689),(44,1651),(51,531)]	12.694317
132	[(15,1590),(75,998),(84,213),(87,569)]	12.444190
133	[(14,187),(16,1563),(46,1320),(52,476)]	13.188172
134	[(16,515),(24,497),(44,1479),(48,737),(69,237),(91,795)]	12.730590
135	[]	12.592711
136	[(8,1452)]	12.586161
137	[(7,1301),(13,820),(27,541),(33,866),(70,745)]	12.946368
138	[(21,501),(22,1778),(44,1474)]	12.543793
139	[(12,800),(39,724)]	14.592918
140	[(29,1313),(59,1359),(90,1024)]	18.967257
141	[(0,659),(13,1239)]	14.038345
142	[(5,1290),(22,1965),(27,252),(39,96),(60,1982),(81,426),(83,1934)]	15.693093
143	[(28,605),(34,1821),(42,451)]	12.875344
144	[(11,37),(15,168),(52,1415),(78,784)]	12.424092
145	[(13,591),(29,1707),(33,171),(46,61)]	12.546384
146	[(8,33),(46,1978),(66,1901)]	12.445639
147	[]	13.351663
148	[(0,1566),(1,1760),(29,27),(51,1666),(90,28)]	12.577392
149	[(12,1473),(65,59),(92,228)]	13.356992
150	[(27,1014),(70,1191),(75,1433),(86,1547)]	12.483261
151	[(26,1107),(65,1719)]	12.992004
152	[(0,432),(24,1223),(65,273)]	12.633044
153	[(5,0),(25,1845),(35,181),(78,372),(85,738)]	12.914843
154	[(12,536),(48,1723),(57,1320)]	12.828507
155	[(4,1638),(5,888),(14,1183),(68,42)]	12.386268
156	[(43,1611),(92,1719)]	13.410828
157	[(23,201),(64,245)]	12.923745
158	[]	12.540169
159	[(6,1658),(38,1966),(77,1851)]	12.599465
160	[(36,1700),(38,1502),(61,1892),(69,1290)]	13.267921
161	[(52,1356)]	22.914263
162	[(3,1024),(13,1711),(33,747),(49,1139)]	22.430784
163	[(1,1029),(24,1351),(49,118)]	13.009397
164	[(25,1977),(40,655),(60,1623),(88,446)]	12.484679
165	[(22,1492),(30,560),(56,52),(71,425),(90,1017)]	13.962500
166	[(9,638),(42,1700),(47,1600),(65,1024)]	12.374449
167	[(5,169),(24,239)]	12.454877
168	[(20,1195)]	12.455642
169	[(0,840),(24,891),(35,1734),(89,882)]	13.281553
170	[(20,630),(44,933),(56,1114),(74,1970)]	12.487334
171	[(13,1772),(67,1247),(86,428)]	12.422547
172	[(3,1689),(32,263),(33,1082),(34,984),(38,1517),(43,373),(64,330),(79,351)]	13.159109
173	[(84,687),(85,1186)]	12.503910
174	[(59,1920)]	12.567870
175	[(7,54),(15,977),(29,466)]	16.508055
176	[(7,655),(15,643),(38,1985),(74,1498)]	13.611456
177	[(8,562),(19,143),(53,1306)]	12.630329
178	[(19,1957),(69,1934)]	13.467464
179	[(26,174),(61,956)]	13.217291
180	[(37,1892),(68,1900),(79,1740),(85,1569)]	12.736991
181	[(7,105),(21,1968),(32,59),(39,302),(52,340)]	12.628489
182	[(43,945),(44,989),(50,1824),(52,490),(69,1862),(80,945),(81,989)]	12.960680
183	[(5,63),(51,832),(75,751)]	12.394288
184	[(4,25),(20,1811)]	12.270026
185	[(32,1851),(34,1850),(40,1369),(80,1586)]	12.576913
186	[(3,591),(31,894),(55,1779),(76,1102)]	12.667189
187	[(21,1483),(62,245),(69,550),(75,939)]	12.621016
188	[(43,1721),(77,1979)]	12.570444
189	[(6,12)]	12.330575
190	[(26,1756),(32,100),(40,475),(56,717),(84,323)]	12.501166
191	[(72,931)]	12.277893
192	[]	12.500889
193	[(72,800),(74,1328),(82,553)]	12.423697
194	[(27,245),(52,637),(54,964),(71,631)]	12.419102
195	[(42,174),(43,1648),(47,353),(64,1515)]	12.432670
196	[(76,840),(91,1679)]	12.520342
197	[(63,185),(81,1531)]	12.330365
198	[(16,144),(30,645),(35,1221),(48,582),(69,1538),(73,1581),(81,658)]	12.492929
199	[(33,480),(39,967),(67,0)]	12.454823
200	[(25,1938),(45,1071),(61,1595),(89,806),(91,1327)]	13.763861
201	[(31,1239),(62,540)]	12.847698
202	[]	12.385254
203	[(12,1899),(80,277),(92,1484)]	12.529762
204	[(12,430),(56,792),(66,379),(68,805)]	12.924014
205	[(38,244),(68,513)]	12.368536
206	[(6,4),(8,1967),(43,1930),(60,1560),(75,1567)]	13.317579
207	[(0,1724),(2,319),(20,1337),(25,1930),(28,570)]	13.410158
208	[(31,1250)]	12.539549
209	[(47,392)]	12.408886
210	[(4,1016),(22,67),(34,268),(52,1143)]	13.315361
211	[]	14.857232
212	[(38,1995)]	21.879343
213	[(13,776),(34,893),(47,14)]	27.013069
214	[(56,1817)]	32.673642
215	[(10,1297),(17,1729),(64,69),(73,1300),(81,4)]	26.090085
216	[]	25.290050
217	[(89,993)]	26.140163
218	[]	26.129949
219	[(75,35),(85,648)]	24.664341
220	[]	26.028509
221	[(2,1282),(84,1711)]	22.842140
222	[(43,34),(78,1090)]	25.437924
223	[(58,622)]	24.303758
224	[(5,1011),(57,585),(92,1817)]	26.842976
225	[(47,9),(74,1289)]	23.729269
226	[(1,1989),(36,1275),(42,1080),(53,911),(65,1844),(66,1238)]	28.991268
227	[(5,1434),(7,394),(40,440),(63,1043),(84,648)]	29.275164
228	[(10,1181),(71,1957)]	25.170646
229	[(22,1725),(64,1563)]	25.209050
230	[(12,1791),(28,1913),(37,1388),(85,423)]	26.502831
231	[(32,1007),(53,1163),(60,1199),(69,1826)]	24.686274
232	[(39,1970),(41,653),(86,1523)]	24.508733
233	[(68,1847)]	25.217801
234	[(54,602)]	24.750822
235	[(52,1913)]	24.834601
236	[(11,1030),(31,1209),(54,1446)]	24.670157
237	[(70,1075),(74,280),(75,853)]	24.583353
238	[(5,436),(22,1438),(37,712),(46,603)]	25.211704
239	[(17,357),(92,1823)]	24.792533
240	[(4,546),(41,1178),(71,827)]	25.082969
241	[(83,1793)]	24.785377
242	[(69,208)]	25.146682
243	[(31,765),(74,1440),(87,1200)]	24.976392
244	[(14,325),(76,345)]	25.163975
245	[(51,1960)]	24.749841
246	[(3,746),(36,1364),(40,655),(56,233)]	24.975174
247	[(13,219),(25,824),(84,1395)]	24.555728
248	[(35,1305),(83,1906)]	23.475761
249	[(55,1139),(88,1263)]	24.615021
250	[(15,1297),(25,27),(43,973),(67,1201),(70,1964),(74,648)]	24.819292
251	[(21,1983)]	24.367299
252	[(42,1869),(43,143),(54,948),(60,1182)]	25.223183
253	[(7,1388),(12,1964),(14,387),(37,1644),(56,1808),(68,1461),(84,664)]	27.259533
254	[(15,1364),(31,592),(54,1506),(61,297),(78,229)]	26.003454
255	[(23,1864),(85,1559)]	25.688263
256	[(8,478),(24,550),(29,90),(70,1628)]	24.517336
257	[(4,453),(25,934),(71,1017),(78,1531),(82,823)]	24.072245
258	[(71,1422),(89,1751)]	24.561267
259	[(38,1369),(88,145)]	23.968481
260	[(4,1779),(16,1793),(81,2004),(84,1308),(91,160)]	23.903848
261	[(1,382),(12,189),(38,752)]	24.231024
262	[(35,1635),(66,1723),(78,354)]	24.148540
263	[(7,1707),(31,144),(36,1408),(66,1765),(82,1731),(91,1472)]	24.108603
264	[(1,919),(49,1694)]	24.569654
265	[(34,1048),(91,1413)]	24.582323
266	[(19,365),(42,1260),(43,304)]	23.416500
267	[(21,1098),(72,1354),(89,793)]	23.590245
268	[(57,1506),(63,1585)]	24.409430
269	[(12,1662),(30,1215),(80,485)]	29.700671
270	[(64,1040),(75,1443)]	24.996335
271	[(83,591)]	26.234248
272	[(51,1433)]	26.591640
273	[(25,1048),(67,1555),(72,574)]	24.774223
274	[(72,1324)]	26.133261
275	[(15,334),(30,487)]	22.235038
276	[(0,1170),(19,198),(33,1931),(37,677),(82,832),(89,1022)]	23.656566
277	[(4,203),(39,1639),(77,42)]	26.032274
278	[(45,372),(83,357)]	22.069376
279	[(8,1194),(24,1987),(27,449),(49,4)]	25.011637
280	[(28,888),(70,1455)]	24.625429
281	[]	24.767028
282	[(44,1695),(65,925),(81,777),(88,1872),(89,1400)]	24.493133
283	[(2,639),(18,1455)]	24.444448
284	[(27,1127),(69,1861)]	25.673252
285	[(80,2001)]	21.999194
286	[(27,603),(54,842)]	24.443718
287	[]	24.482337
288	[(68,1467),(74,165),(88,485),(90,1850)]	24.708982
289	[(20,1806),(75,109)]	24.504746
290	[(77,1030)]	25.166801
291	[(21,543),(44,411),(89,1629)]	25.602139
292	[(21,1005)]	24.744049
293	[(10,890),(37,122),(58,20)]	29.084229
294	[(0,1478),(34,1397),(45,1910),(49,1891),(68,780),(75,798),(90,1406)]	26.016906
295	[(26,66)]	26.041256
296	[(13,1729),(47,2001),(53,1507),(60,1042),(85,751)]	24.603865
297	[(54,1302),(92,1582)]	24.754025
298	[(20,1762),(44,1693),(49,1534),(65,1819),(68,183),(69,1312)]	25.004491
299	[(77,732)]	24.601174
300	[(41,1262),(57,771),(78,831),(88,1966)]	24.943315
301	[(1,1657),(27,1525),(37,505),(50,1637),(53,1461),(70,412)]	24.791917
302	[(7,1917),(58,393)]	24.705403
303	[(40,1133),(56,139),(73,1470)]	24.805475
304	[(24,1770),(91,784)]	24.994027
305	[(37,689),(51,444),(54,1576),(91,1407)]	25.710205
306	[(6,39),(11,1161),(46,702)]	25.206173
307	[(0,645),(31,1055),(43,136),(61,1890),(68,1733),(80,682)]	24.756282
308	[(13,483),(68,132),(72,609),(77,1120)]	28.308604
309	[(51,1148),(71,1555),(79,311)]	24.545698
310	[(9,108),(14,443),(45,998),(74,1757)]	24.690811
311	[(8,1585),(25,263),(44,95),(68,1305),(80,1149)]	27.020706
312	[(37,429),(45,1837)]	26.136824
313	[(35,1649),(82,1765)]	29.612749
314	[(11,290),(71,254)]	25.038474
315	[(36,484),(60,666),(72,222)]	25.132285
316	[(1,290),(11,1053),(24,687),(64,1998),(89,1399)]	25.209130
317	[(25,1131),(68,684)]	25.700095
318	[(23,840),(31,17),(42,1690),(51,968),(53,16)]	24.099052
319	[(24,292),(61,392),(72,1627)]	24.138047
320	[(1,919),(18,1097),(29,573),(44,918),(74,574)]	25.074303
321	[(24,1034),(86,280)]	24.006142
322	[]	24.878788
323	[(80,700)]	24.459346
324	[(1,1424),(6,757),(17,632),(52,858),(60,551),(84,1654),(86,1413)]	25.290641
325	[(56,1212),(80,1568)]	24.202498
326	[(38,162),(49,1469),(85,1197)]	27.919240
327	[(9,1223),(49,770)]	32.090618
328	[(51,1241)]	24.301571
329	[(6,915),(23,1874),(39,174),(64,681)]	24.061218
330	[(23,1655),(27,668),(43,154),(53,662),(70,1963)]	24.775634
331	[(16,877)]	23.961931
332	[(44,641),(56,91),(82,1583),(85,1374)]	24.307453
333	[(77,1707),(80,1054)]	25.659871
334	[(8,476),(11,171),(16,1703),(31,424)]	24.444873
335	[(43,1580),(81,729)]	27.963690
336	[(8,457),(48,163)]	26.088961
337	[(69,434)]	24.525632
338	[(47,303),(51,399),(84,1980)]	23.714268
339	[(1,870)]	24.360157
340	[(0,493),(45,132),(66,1163),(83,763)]	26.036708
341	[(0,457)]	26.080600
342	[(17,1485),(31,922),(43,1696),(44,642),(70,1088),(85,1521)]	28.058932
343	[(16,1115),(27,1619),(40,248),(45,339)]	29.983110
344	[(3,1184),(40,90),(75,301)]	27.503012
345	[(52,1310),(66,710),(86,396)]	25.233941
346	[(28,1563),(74,1482),(87,534)]	24.927830
347	[(11,165),(63,1238)]	26.355965
348	[(0,176),(40,1613),(80,632)]	22.566551
349	[(12,342),(16,1017),(20,1299),(21,1527),(34,870),(44,49),(75,365)]	24.844765
350	[(4,169),(41,1948),(62,102)]	24.175647
351	[(5,550),(29,524),(40,1818)]	24.162997
352	[(6,580),(22,373),(42,1310),(57,801)]	26.098699
353	[(46,907),(86,1084),(87,1398)]	27.136244
354	[(4,239),(69,1856)]	34.272701
355	[(17,1242)]	34.532553
356	[]	25.416662
357	[(16,1998),(63,1058)]	24.249794
358	[(5,159),(16,194),(45,1601)]	24.453926
359	[(51,325),(59,142),(72,364),(80,1731)]	25.425164
360	[(0,336),(44,1002),(80,1073)]	24.917882
361	[]	28.571930
362	[(2,1144),(10,671),(23,881),(54,626),(84,1143)]	25.005304
363	[(20,498),(44,1741),(66,447)]	24.995669
364	[(47,870)]	24.850374
365	[(35,1230)]	25.976750
366	[(6,657),(7,1118),(30,812),(37,319)]	25.287793
367	[(14,326),(15,714),(46,945),(52,349)]	25.557501
368	[(71,434),(86,1974)]	26.082437
369	[(1,1492),(91,288)]	24.682472
370	[(73,1651),(76,759)]	22.262544
371	[(5,323)]	16.204359
372	[(44,1193),(47,1690),(62,49),(73,839)]	15.897141
373	[(64,1353)]	12.865434
374	[(5,1450),(19,1201),(31,451),(38,603)]	12.238271
375	[(22,1583),(35,1910),(51,1037),(68,1724)]	12.308128
376	[(17,1436),(28,721),(47,935),(61,1586),(89,1271)]	12.833178
377	[(27,523),(33,1096)]	14.875244
378	[(21,1831),(22,769),(60,1098),(63,351)]	13.090244
379	[(75,1951)]	12.957946
380	[(80,804)]	12.299202
381	[(15,395),(36,1643),(79,1926),(80,1295)]	12.521273
382	[(4,631),(12,1311),(33,355),(34,1070),(62,1750)]	12.347898
383	[(55,84),(92,131)]	12.489674
384	[(1,1286),(39,215),(86,1739),(91,1723)]	12.535455
385	[(67,1885),(90,1916)]	12.401044
386	[(28,208),(59,1715),(68,1960),(74,79),(79,537)]	12.642288
387	[(22,1600),(32,1360),(54,311),(58,1576)]	12.340162
388	[(19,1601),(30,918),(32,1385),(51,1761),(53,1958)]	12.880265
389	[(29,782),(35,312),(47,768),(65,1081),(84,747)]	13.487518
390	[]	12.507494
391	[(53,670),(80,1119),(89,371)]	12.622668
392	[(3,1933),(40,1220),(46,796),(69,1255),(77,1131)]	12.677409
393	[(5,1467),(12,1554),(35,1438),(36,1201),(49,762),(57,1385)]	13.011506
394	[(54,1422),(83,400)]	12.328798
395	[(35,1503),(46,1753),(58,1935),(69,565),(76,521)]	14.444040
396	[(29,1486),(44,334),(57,1656)]	13.430491
397	[(36,1190),(71,1234),(86,888)]	12.587397
398	[(1,851),(47,1504),(79,413)]	12.468922
399	[(63,1685),(78,743)]	12.403090
400	[(46,1103)]	12.880020
401	[(0,1804),(4,712),(45,1507),(60,347)]	12.510563
402	[(65,912)]	12.301821
403	[(32,1917),(90,1369)]	12.413888
404	[(6,1076),(14,456),(70,1460)]	12.333551
405	[(49,1338),(50,626),(77,1585)]	12.236172
406	[(45,1255)]	12.273660
407	[(22,1080),(26,1633),(85,1953)]	12.323892
408	[(46,1530),(70,1559),(76,859)]	12.834830
409	[]	12.571627
410	[(67,759),(78,575),(85,1209)]	12.293486
411	[(9,825),(24,1498),(61,980)]	12.282931
412	[(80,402)]	12.513464
413	[(9,1886),(13,1853),(36,1568),(52,852)]	12.536637
414	[(68,1506),(76,203),(83,1214)]	12.685670
415	[(58,1158)]	12.694456
416	[(5,300),(10,1866)]	13.375306
417	[(14,1068),(28,1740),(45,1712)]	13.069791
418	[(1,324)]	13.301632
419	[(30,292),(48,386),(52,273)]	34.142916
420	[(36,1338)]	14.868149
421	[(7,383),(24,510),(50,1754),(57,1739),(75,176),(76,1596),(84,1786)]	12.377209
422	[(1,842),(32,1957),(73,1300)]	12.403884
423	[(16,1488)]	12.216022
424	[(49,1296),(90,1368)]	12.943104
425	[(29,107),(69,191)]	12.473650
426	[]	12.296295
427	[(1,109),(4,1911),(13,1280),(51,527),(77,1999),(89,24)]	12.424936
428	[(14,1270),(20,1184),(27,1692),(36,423),(71,1448),(79,1397)]	13.188576
429	[(6,1552),(41,1420)]	12.435403
430	[(5,274),(8,1956),(33,979)]	12.794756
431	[(5,726),(12,582),(21,565),(31,1393),(56,1701)]	12.497069
432	[(6,611),(20,716),(27,417),(54,1659)]	12.926442
433	[(11,347)]	13.390516
434	[]	13.137294
435	[(11,1315),(84,255)]	12.612125
436	[(46,1089),(62,1245)]	12.461445
437	[(11,198),(78,538)]	12.424127
438	[(65,1542)]	12.476984
439	[(1,839),(18,405),(28,991),(37,215),(71,1400),(74,1094)]	12.450850
440	[(7,1491),(88,1838)]	12.297313
441	[(26,542),(75,1590)]	13.200494
442	[(40,223),(88,735)]	14.157100
443	[]	14.222331
444	[(12,80),(13,1093),(63,213),(64,988)]	12.485716
445	[(20,234),(84,1185)]	12.305945
446	[(32,273),(45,932),(62,1075)]	12.541336
447	[(15,1160),(47,1287),(54,403)]	15.373798
448	[(26,1743),(56,251),(58,1165),(88,161)]	16.757633
449	[(29,1778),(35,1687),(38,329),(59,1190),(62,672),(90,1952)]	12.992006
450	[(8,1327),(14,580),(60,940),(63,611),(91,1361),(92,1903)]	12.309638
451	[(33,546)]	12.882478
452	[(26,1536),(58,1269),(61,227),(66,426)]	13.406339
453	[(30,318)]	13.871955
454	[(0,991),(26,286),(30,1708),(52,1131),(58,967),(70,551)]	13.942022
455	[(36,1554)]	15.224411
456	[(57,1128),(77,996)]	13.353936
457	[]	12.577543
458	[(5,1557),(20,72),(70,915),(71,1675)]	12.502901
459	[(49,94),(71,1868)]	12.440424
460	[(88,1125)]	13.421719
461	[]	14.158006
462	[(29,1675),(46,1017)]	12.578422
463	[(18,1494),(53,924)]	12.427982
464	[(1,1952),(2,2007),(30,1990),(41,1310),(51,1483),(59,230)]	12.917313
465	[(47,228),(58,1750),(75,397),(90,113),(91,1523)]	12.648975
466	[(60,858),(62,1469)]	12.619296
467	[(1,498),(46,984),(86,1724)]	12.269888
468	[(10,1687),(15,66),(18,855),(64,1600)]	12.752547
469	[(22,1119),(25,1991)]	12.627568
470	[(37,933),(40,1280),(67,877)]	12.658850
471	[(2,1418),(53,1344),(77,1837),(90,431)]	15.095291
472	[(29,1897),(43,1981),(50,1423),(69,781),(77,1601)]	12.748212
473	[(63,1887)]	12.384208
474	[(57,1814)]	12.376735
475	[(9,520),(13,190),(18,1607),(22,616),(57,129),(78,1056),(81,482)]	12.197715
476	[(28,1570),(69,1018),(84,480)]	12.560849
477	[(1,1945),(37,544),(61,1468),(77,836)]	12.307021
478	[(22,1638)]	12.311826
479	[(31,1377),(39,1774),(43,1937),(76,1999)]	12.333432
480	[(1,1635),(4,1929),(62,1910)]	12.327734
481	[(22,998),(53,1527),(78,1540),(82,371)]	12.338195
482	[(3,1226),(30,726),(77,898),(79,1638)]	12.373759
483	[(2,790),(20,1603),(90,82)]	12.569840
484	[(52,820),(63,1563)]	12.410266
485	[(0,1125),(1,960),(10,1817),(20,1597),(48,469),(54,840),(61,1858),(85,1494)]	12.555409
486	[(28,1544),(48,1731),(51,215),(58,223)]	12.328126
487	[(22,548),(56,77),(75,1899),(76,307),(79,1686)]	12.367537
488	[(45,1959),(83,1713)]	12.561219
489	[(12,168)]	12.658699
490	[(58,1001)]	12.512622
491	[(46,652),(66,789),(83,730)]	12.467869
492	[(42,1965)]	12.389563
493	[(31,26),(45,1964)]	13.019786
494	[(30,1303),(46,683),(64,1786)]	13.346041
495	[(4,1206),(29,228)]	12.561122
496	[(40,1306),(74,975),(78,507)]	12.875599
497	[(30,681),(77,1671)]	14.140517
498	[(27,1846),(41,1080),(57,1252)]	24.599489
499	[(26,1098)]	17.046982
500	[(36,139),(80,1661),(91,1373)]	13.617045
501	[(26,952),(64,1244),(80,754),(85,503)]	12.316162
502	[(45,426),(87,236)]	12.320036
503	[(40,539),(84,1374),(88,1119)]	12.369311
504	[(21,208),(61,670),(67,233)]	12.581914
505	[(39,772),(51,970),(60,1852),(61,795),(66,326),(67,714),(90,306)]	12.781970
506	[(10,386),(16,36),(26,457),(42,408),(77,26)]	12.653051
507	[(10,390),(33,1902),(44,303),(87,855)]	12.936816
508	[(3,691),(39,583),(66,1405)]	12.693648
509	[(2,1948),(69,1778),(76,420)]	12.477587
510	[(23,434)]	12.908418
511	[(23,126),(25,649),(51,1686)]	12.595476
512	[(84,49)]	12.860308
513	[(3,1693),(8,685),(35,1845),(58,1167),(64,1838),(74,747),(87,1024)]	12.230197
514	[(5,1460),(9,492),(37,1777),(51,231),(84,42),(87,1034)]	12.505118
515	[(29,941),(65,589)]	13.362771
516	[(62,965),(66,1275)]	13.396458
517	[(16,911),(22,911),(30,1735),(37,1324),(52,1525),(89,1025)]	13.495848
518	[(19,631)]	13.787851
519	[(26,36)]	15.026517
520	[(0,180),(11,438),(28,1356)]	12.510521
521	[(3,1499),(23,229),(29,488),(75,763)]	12.550223
522	[(0,1701),(10,414),(50,702)]	12.805178
523	[(0,1922),(9,156),(17,285),(27,687)]	15.256592
524	[]	16.897092
525	[(22,1832),(23,1890),(36,331),(40,1812),(46,1232),(64,718)]	13.733331
526	[(9,1171),(61,739),(69,33)]	13.058058
527	[(39,409)]	12.548577
528	[(46,1352)]	12.420580
529	[(42,1901),(46,1290),(65,315)]	12.305017
530	[(3,558),(26,1020),(38,248),(51,929),(54,602),(60,412)]	18.887498
531	[(9,1963),(16,1264),(45,846),(66,484),(71,1866),(80,966)]	12.779416
532	[(40,1313)]	12.572923
533	[(79,1224)]	12.363653
534	[(3,23),(30,751),(80,1429),(87,1406)]	12.394101
535	[(20,6),(24,620),(38,675),(52,347),(55,1539),(74,1491)]	12.619317
536	[(10,1459),(31,1847),(75,1717)]	12.380210
537	[(24,1957)]	12.876309
538	[(10,1372),(17,970),(26,109),(48,1582),(86,1114)]	12.626838
539	[(7,177),(70,1022),(73,1735)]	12.539564
540	[(17,1629),(55,538),(76,182),(88,347),(92,1662)]	12.865397
541	[(3,1921),(13,837)]	12.662057
542	[(76,1327)]	12.602712
543	[(11,1740),(17,84),(33,469),(82,1146)]	12.603872
544	[(67,1030),(74,1310)]	13.440079
545	[(73,717),(81,734),(86,1946)]	12.650801
546	[(14,1076),(19,689),(29,1533),(56,557)]	12.498383
547	[(23,393)]	14.035507
548	[(14,1166),(89,1039)]	13.002121
549	[(20,453)]	12.248484
550	[(31,711),(43,1798),(48,601),(70,215)]	12.728461
551	[(13,950),(39,1965),(57,449)]	12.369681
552	[(17,1106),(27,1895)]	12.741092
553	[]	12.443322
554	[(25,1335),(31,2005),(68,1814),(87,1206)]	12.931916
555	[(31,476),(33,655),(61,706)]	13.209362
556	[(34,833),(65,918),(79,640)]	12.839449
557	[(24,929),(63,1871),(73,866)]	13.060503
558	[(31,1077)]	12.443278
559	[(3,587),(7,1754),(81,52),(89,627)]	12.366448
560	[(14,76),(30,559),(89,1894)]	13.843875
561	[(72,1823),(80,1989),(88,1814)]	13.906977
562	[(19,433),(58,197),(63,1228)]	14.862922
563	[(10,161),(30,1336),(50,34),(61,310),(76,1117)]	13.450836
564	[(3,1567),(65,22),(77,1507),(86,498)]	12.919031
565	[(2,1090),(31,742),(44,1297),(51,1898),(54,1554),(62,1745),(80,1599)]	12.807686
566	[]	12.550887
567	[(8,981),(33,1030)]	12.679332
568	[(9,1703),(92,1966)]	12.400355
569	[(38,946),(40,1357)]	12.478973
570	[(10,320),(22,1657)]	12.450084
571	[(33,1357),(48,455),(66,73),(84,1814)]	12.425974
572	[(1,780),(25,1248)]	12.560878
573	[(19,1394),(33,1171),(44,1501)]	12.607622
574	[(0,1933),(38,900),(44,1177)]	12.432882
575	[(4,1220),(46,252),(48,1249),(69,1025)]	12.448156
576	[(23,1274),(34,646),(36,580),(42,1028),(50,271),(88,1246)]	22.524829
577	[(13,506),(22,1780),(25,1125),(67,634)]	21.377274
578	[(3,658),(5,838),(68,646),(70,580),(73,822)]	13.528383
579	[(10,1943),(33,437),(34,323)]	12.600625
580	[(3,446),(12,1501)]	13.098280
581	[(7,1565),(11,1300),(40,681),(87,1342)]	12.873540
582	[(49,210),(70,1402)]	13.130519
583	[(41,381),(43,1521),(70,1108),(87,1153),(90,547)]	12.827332
584	[(51,564),(88,493)]	13.971187
585	[(13,829),(17,806),(65,1826)]	13.449126
586	[(67,1447),(73,1507)]	12.513365
587	[(44,630),(48,563),(79,1169),(88,1369),(90,723)]	12.411469
588	[(18,1567),(25,1543),(32,1466),(38,321)]	12.559383
589	[(34,1472),(58,1884),(67,1131)]	13.227533
590	[(25,1754),(37,226),(78,561)]	12.621658
591	[(14,1892)]	12.411101
592	[(30,294),(31,474),(43,1036)]	12.800230
593	[(16,498)]	12.464689
594	[(52,1118)]	12.898045
595	[(1,1807),(57,1577),(68,953)]	12.584185
596	[(5,1441),(18,970),(36,600),(64,631)]	12.494772
597	[(14,1334),(38,739)]	12.359748
598	[(37,261)]	13.352875
599	[(22,1102),(73,1125),(77,721)]	18.180034
600	[(5,1045),(32,673),(44,304)]	15.097116
601	[(0,164),(7,376),(8,518),(19,689),(55,8),(75,341)]	12.591374
602	[(1,1809)]	13.162252
603	[]	13.270659
604	[(59,1647),(60,583),(67,23)]	12.407130
605	[(16,1555),(38,1671)]	12.642494
606	[(7,1471),(30,260),(45,518),(59,800),(60,1448)]	15.596783
607	[(34,1269)]	12.869670
608	[(1,553),(23,667),(25,1340),(60,773)]	12.493241
609	[(17,1441),(46,582),(75,158)]	13.020958
610	[(25,67),(28,1412),(42,944),(56,1431),(77,1455),(79,1816),(80,1414)]	12.346441
611	[(25,1411),(38,46),(56,127)]	12.457496
612	[(21,824),(89,761)]	12.341631
613	[(11,1875),(54,1817),(78,1145),(82,439)]	12.403461
614	[(25,1652),(55,451),(57,1446)]	12.661310
615	[(0,1373),(33,1720),(34,1311),(65,1913),(84,1141)]	12.554786
616	[(20,1521),(67,1230),(70,1593)]	14.549044
617	[(1,1179),(10,960),(16,1755),(17,1977)]	12.760457
618	[(3,694),(7,1067)]	16.528015
619	[(63,346)]	12.620784
620	[(10,89)]	12.406835
621	[(1,807),(16,1799),(76,826)]	12.611572
622	[(54,245),(77,1748)]	12.489925
623	[(45,1003),(56,453),(73,528),(75,1537)]	14.461299
624	[(3,216),(6,512),(47,117),(49,1684)]	12.582044
625	[(16,1225),(54,1152),(58,1752),(65,411),(80,1357)]	12.399273
626	[(8,1416),(41,900),(56,805),(71,287)]	12.339300
627	[]	12.469487
628	[(9,493),(35,901)]	12.324658
629	[(27,44),(42,865)]	12.515872
630	[(8,852),(51,1399)]	12.325388
631	[(69,1468),(88,26),(92,1244)]	12.312594
632	[(5,1313)]	12.715305
633	[(9,1940),(12,511),(18,92),(35,7),(64,364)]	12.339649
634	[(25,1841)]	12.423103
635	[(3,679),(62,736),(73,1476)]	12.407445
636	[(75,790)]	12.294555
637	[(46,23),(62,589)]	12.503106
638	[(43,235),(53,1577),(70,1258),(86,1352)]	12.714599
639	[(37,1089),(38,263),(52,1247),(89,1217)]	12.291424
640	[(15,1347),(42,1950)]	12.595968
641	[(36,1951),(58,1275)]	12.252928
642	[(4,1056),(54,1388),(75,66)]	12.779240
643	[(10,1447),(16,1131),(26,664),(33,1762)]	12.318711
644	[(9,226),(32,1853)]	12.405554
645	[]	12.420332
646	[(47,79),(81,933)]	12.413014
647	[(11,1950),(56,257),(70,692)]	12.427548
648	[(55,357),(61,22)]	12.400064
649	[(10,331),(57,1013),(90,194)]	12.354133
650	[(41,200),(42,1382),(75,505)]	12.389976
651	[(18,1028),(58,1980),(92,1428)]	12.237668
652	[(7,169),(18,1322),(34,1662),(59,753),(63,168),(67,1320),(72,1960),(87,1872)]	13.539983
653	[(67,1162),(87,832)]	13.714184
654	[(10,277),(38,1116),(73,181)]	12.835113
655	[(46,348),(52,787),(59,1215),(81,567)]	22.740965
656	[(20,736),(56,1697),(90,73)]	21.006244
657	[(64,157),(91,862)]	12.593231
658	[(18,17)]	12.310694
659	[(30,1440)]	12.522659
660	[(3,590)]	12.461949
661	[(39,711),(57,480),(69,861)]	12.517706
662	[(61,1589)]	12.398191
663	[(5,453),(31,633),(62,1169),(71,1309),(80,672),(91,1042)]	12.341421
664	[(2,1297),(9,569),(31,500)]	12.682308
665	[(12,122),(23,1079),(46,1276),(81,505),(83,1659),(88,354)]	12.342705
666	[(67,1721)]	12.911811
667	[(40,755),(64,167),(90,308)]	12.824011
668	[(32,1725),(63,734),(70,1306)]	12.611058
669	[(41,1488)]	12.428172
670	[(39,1317),(65,1235),(92,1827)]	12.490356
671	[(13,148),(31,1774)]	14.001110
672	[(37,204),(46,204)]	12.325404
673	[(4,491),(5,267),(32,549),(38,218)]	12.653003
674	[(75,1361),(87,706)]	12.365028
675	[(25,1279)]	15.414536
676	[(6,742),(35,706),(55,887),(86,12)]	16.660436
677	[(50,325),(80,1208)]	12.926486
678	[(23,1765),(29,617),(39,0)]	13.330576
679	[(4,880),(22,145),(47,1119),(50,98),(57,1310),(82,89),(85,862),(88,1296)]	13.279634
680	[(3,1407),(89,1591)]	12.934637
681	[(59,592)]	13.551841
682	[(29,1532),(81,1705)]	14.904103
683	[(26,1747),(32,368),(50,1259),(70,725)]	12.921894
684	[(43,530),(69,423),(74,1709)]	12.437107
685	[(3,1670),(21,1009),(55,359),(66,1211),(73,501),(74,1102)]	12.577129
686	[(32,42),(70,1530)]	12.501977
687	[(4,826),(33,1151)]	12.482411
688	[(65,1347)]	13.110271
689	[(36,1969),(57,1938),(65,385),(84,1247),(87,422)]	12.826598
690	[(28,1040),(30,1463),(67,1741),(75,1797)]	13.070628
691	[(12,1927),(25,456)]	12.538859
692	[(17,1870),(40,1188),(90,89)]	13.668972
693	[(14,1753),(25,1138),(76,560),(82,1452)]	13.070743
694	[(18,1117),(89,2003)]	12.865565
695	[(41,226),(79,1235)]	12.356365
696	[(1,55),(44,1378),(49,53),(66,1201),(84,887),(89,29)]	12.490794
697	[(5,1829),(36,69),(41,767),(60,1384),(85,1512)]	12.704935
698	[(14,543),(78,1197),(89,1375)]	12.493931
699	[(6,951),(46,0),(53,461),(77,1940)]	13.197678
700	[(13,1527),(24,1593),(33,80),(34,1093),(47,1485),(50,707),(58,194)]	14.754621
701	[(83,1050)]	12.543281
702	[(0,163),(3,709),(40,1049),(61,1240),(63,548),(75,428)]	12.551445
703	[(20,1525)]	12.275513
704	[(44,1713)]	12.387905
705	[(61,1556),(87,1759)]	12.799404
706	[(27,465),(49,491),(50,267),(64,992)]	12.258183
707	[(2,102),(36,1042),(63,1131)]	12.915196
708	[(0,1637),(5,267),(33,722),(57,1576),(70,1487),(74,1134),(81,280)]	12.732725
709	[(20,1399),(31,506),(72,1212),(79,673)]	12.813744
710	[(18,758),(25,1884),(29,71)]	13.224363
711	[(17,214),(35,1002),(58,982)]	12.826135
712	[(8,801),(32,1703),(49,48),(63,1376)]	12.851730
713	[(21,1293),(36,1827),(45,1605),(86,830)]	13.042579
714	[(0,769),(4,165),(31,927),(44,86),(59,1246),(60,492),(71,1043),(82,55),(89,836)]	12.648134
715	[(17,1112),(22,697),(24,1704),(37,1100),(51,1859),(66,1364)]	12.939346
716	[(20,194),(36,739),(62,307)]	14.106736
717	[(12,1575)]	13.180124
718	[(1,245),(25,806),(36,1625),(81,404)]	13.451276
719	[(4,1265),(56,585),(68,1209),(75,1762),(87,1646)]	15.051944
720	[(26,324),(43,565),(66,1077),(84,239)]	12.531650
721	[(18,16),(20,200),(28,1770),(71,1096)]	12.519568
722	[(36,575)]	12.552904
723	[(15,1035),(55,1225)]	12.443049
724	[(13,540),(43,604),(50,1143)]	12.342543
725	[(10,392),(87,1756)]	12.769375
726	[(8,154),(74,1722),(89,42)]	12.388366
727	[(25,1575),(36,416),(41,1887),(67,392),(73,96)]	12.456219
728	[(1,1757),(42,91),(45,1742),(50,733)]	12.326998
729	[(10,1285),(51,456),(62,1772),(79,1842),(80,1917)]	13.067235
730	[(1,206),(39,744),(84,1256),(92,543)]	12.477349
731	[(4,695),(33,229),(35,1327)]	12.335230
732	[(42,854),(76,100)]	12.803529
733	[(17,1867)]	12.458250
734	[(12,1539),(47,893),(74,812),(90,974)]	24.054513
735	[(20,566),(67,233)]	18.954232
736	[(10,356),(12,1512),(25,537),(90,165)]	13.196992
737	[(3,596),(27,1180),(32,348),(39,1585),(41,88),(60,679),(65,838)]	12.309357
738	[(54,1132),(68,1769)]	13.363341
739	[(4,200),(39,1334),(92,1931)]	12.271427
740	[(42,264)]	12.531377
741	[(7,1566),(35,1635),(47,199)]	12.589876
742	[(37,1693),(38,1602),(58,1626),(80,685),(92,350)]	12.504672
743	[(17,1568),(34,798),(52,1663),(90,149)]	12.455167
744	[(32,1996),(74,787),(80,994),(81,1211)]	12.346038
745	[(9,1492),(55,251),(57,1165)]	12.501778
746	[(25,821),(58,1854)]	13.445813
747	[(61,1833),(71,213),(72,988),(79,1514)]	13.686638
748	[(23,484),(90,1980)]	12.511011
749	[(0,596),(45,1907),(64,1087)]	12.666972
750	[(80,1867),(81,1572)]	12.919171
751	[(2,316),(28,766),(33,1232)]	15.656253
752	[(77,1459)]	16.417528
753	[(39,1001)]	12.998653
754	[(44,788),(58,1693),(59,1602),(73,1015)]	12.369629
755	[(72,191)]	12.452345
756	[(10,1536),(39,413),(72,1980)]	12.592711
757	[(62,914)]	12.900815
758	[(26,844),(31,299),(46,1034),(76,476),(78,655)]	13.013855
759	[(8,402),(82,1720),(83,1311)]	14.954827
760	[]	12.684846
761	[(13,651),(23,384),(30,1412),(37,26)]	12.400444
762	[(13,975),(36,645),(41,575),(58,654),(80,842)]	13.041008
763	[(3,280),(4,853),(11,340),(37,968),(61,572),(79,1521)]	12.524412
764	[(36,1408)]	12.515212
765	[(32,707),(42,778),(53,96),(62,1471),(68,1940),(69,1851)]	12.365037
766	[(40,1460),(54,181),(77,1923)]	12.628840
767	[(22,451),(78,1668)]	12.739992
768	[(32,85),(45,1248),(47,1032),(49,286),(62,1978)]	13.577891
769	[(6,1004),(20,1279),(78,327),(92,854)]	12.824795
770	[(13,499),(30,1804),(37,1856),(43,996)]	12.681416
771	[]	12.417223
772	[(63,1690),(66,1817)]	12.698829
773	[(14,102),(48,810),(61,587),(88,866)]	13.031477
774	[(28,404),(78,1854)]	12.272561
775	[(72,1131)]	12.921047
776	[(0,1954),(66,931)]	14.149619
777	[(38,43),(43,710)]	12.798195
778	[(54,1991),(69,19),(78,1661)]	12.451166
779	[(11,158),(27,1996),(57,1898),(64,804),(81,1105)]	12.365894
780	[(48,1862),(52,90)]	12.869835
781	[(56,13),(68,951),(85,779)]	13.698159
782	[(57,1037)]	12.495515
783	[(15,1265),(60,1107),(71,606),(79,1897),(92,821)]	13.021329
784	[]	12.885293
785	[(0,1843),(13,218),(90,477)]	12.390063
786	[(12,677),(25,1647),(26,583),(80,1277)]	14.125785
787	[(54,584),(59,485)]	13.312206
788	[(17,653),(77,251),(89,1938)]	13.064021
789	[(0,1463)]	12.601910
790	[(62,104),(70,257)]	12.586726
791	[(12,492),(31,430),(39,1479),(44,1016),(87,1840)]	12.484758
792	[(41,1536),(62,382),(66,1910),(79,69)]	13.042063
793	[(29,257),(31,719)]	12.754486
794	[(21,1705),(25,1684),(70,880)]	12.759834
795	[(13,1675),(61,1251),(73,1342)]	12.716126
796	[(26,1896)]	12.348141
797	[(14,1738),(72,1921)]	12.503406
798	[(2,1173),(62,136),(68,1128),(75,1986)]	12.601965
799	[(11,251),(12,1471),(37,1703),(39,660),(44,1205),(45,1963),(69,783),(89,1375)]	13.177121
800	[(14,909)]	13.119299
801	[(47,1402),(65,41)]	16.809044
802	[(36,498),(62,1212),(71,320),(78,1777)]	12.269845
803	[(8,1199),(65,773),(77,1081),(92,759)]	12.463210
804	[(44,584),(65,915),(66,1675)]	12.567525
805	[(25,612),(43,1186),(52,1673),(67,29),(68,1112)]	12.610389
806	[(40,439),(92,35)]	12.788419
807	[(1,410),(17,1959),(39,680),(45,1224)]	12.347833
808	[(1,537),(12,1363),(16,1028),(32,1579),(45,693)]	12.656929
809	[(30,1426),(32,1296),(52,1962),(54,445),(65,342),(91,914)]	12.430196
810	[(29,130)]	12.312753
811	[(16,1119)]	12.680071
812	[(31,111),(60,1550),(79,910),(82,474),(91,1605)]	13.939022
813	[(47,403)]	24.849631
814	[(28,1831)]	17.624407
815	[(4,418)]	13.071427
816	[(68,409)]	12.932155
817	[(6,1825),(17,1304),(63,110),(84,1318)]	14.920681
818	[(60,1457)]	13.014294
819	[(20,1672),(25,800),(26,1448),(34,1706),(86,443)]	12.687903
820	[(77,1523)]	12.244909
821	[(32,1593),(41,699)]	13.109666
822	[(68,1208),(76,1457)]	12.390147
823	[(65,1533),(81,1338),(82,626)]	13.198749
824	[(22,1747),(58,1015),(63,623),(71,605)]	13.241925
825	[(13,1822),(50,1611),(60,430),(73,1092)]	13.047286
826	[(6,1284),(18,243),(57,71)]	13.835584
827	[(20,345),(38,764),(86,387)]	16.864487
828	[(31,1244),(51,158),(56,1364)]	16.139494
829	[(25,309),(85,1777)]	12.534880
830	[(43,1168),(51,404),(80,529),(84,158)]	12.417990
831	[(23,276),(74,452)]	13.324242
832	[(29,937),(35,1108),(44,1455),(75,1317)]	12.530916
833	[(40,91),(78,1754),(86,1055)]	12.688297
834	[(88,1684)]	12.941080
835	[(63,202),(69,1427),(85,1594)]	14.632144
836	[(34,364)]	12.790601
837	[(71,1151)]	12.352025
838	[(9,157)]	12.472368
839	[(3,1387),(65,1428)]	12.482570
840	[(0,724),(16,1425)]	12.588073
841	[(4,863),(32,149),(57,617),(89,1550)]	13.225421
842	[(22,230)]	13.086411
843	[(60,118),(68,1008),(73,1458)]	12.806018
844	[(29,1169),(47,962),(49,1109),(92,645)]	13.492071
845	[(43,77),(70,1751)]	12.906307
846	[(49,456),(84,514),(90,1789)]	12.491570
847	[(28,1129),(53,818),(84,998)]	12.652933
848	[(26,564),(54,1630),(84,588),(90,1635)]	12.746258
849	[(16,890),(31,1658),(52,725),(91,905)]	12.649947
850	[(38,462),(71,926),(85,1096)]	12.720957
851	[(20,281),(45,1244),(51,561),(61,790),(66,1745),(67,598),(70,579),(76,1459)]	13.159169
852	[(22,1565),(30,746),(51,634),(59,128),(65,1101),(77,1347)]	15.349047
853	[(12,1938)]	13.511593
854	[(91,204)]	12.522790
855	[(59,326)]	12.825575
856	[(5,1808),(9,1510),(19,158),(27,84),(33,1316),(58,1412),(76,723)]	13.319748
857	[(1,1411),(12,728),(45,755),(54,1673)]	13.347063
858	[(25,949),(38,1276),(55,645),(57,313),(63,1016)]	12.636835
859	[(22,388),(25,554),(80,477),(87,8)]	13.259735
860	[(41,1488),(43,1005),(60,1314)]	13.413946
861	[(0,448),(57,90),(64,1054),(92,674)]	13.022099
862	[(0,1294),(58,613)]	12.503332
863	[(75,597),(87,817),(90,1447)]	12.630187
864	[]	12.600413
865	[(60,766),(91,734)]	13.126954
866	[(40,422)]	12.471349
867	[(62,91),(73,1467)]	12.858295
868	[(33,595),(45,1562),(60,662),(64,75),(77,1936)]	12.502360
869	[(2,651),(7,925),(88,1096)]	12.528761
870	[(29,1412),(33,501),(85,1520)]	12.395178
871	[(6,1695),(27,1792),(32,857)]	13.546688
872	[(7,93),(71,466),(82,246),(86,1154)]	12.532205
873	[(18,1231),(22,1364),(25,694),(32,747),(54,764)]	12.457785
874	[(12,1740),(18,1473)]	13.392895
875	[(73,468),(84,1834)]	12.703974
876	[(0,1433),(36,1254),(64,1986)]	12.584473
877	[(36,1164)]	12.516948
878	[(42,151)]	12.414483
879	[(74,882)]	12.953236
880	[(1,1793)]	12.985808
881	[(55,1242),(74,1739)]	12.656417
882	[(24,1597),(39,204),(66,494)]	12.399319
883	[(19,1634),(22,1895),(24,711),(47,7),(64,1454)]	13.098394
884	[(54,761),(67,1431),(74,1994)]	12.690431
885	[(67,1715),(70,543)]	13.587563
886	[(4,951),(55,906),(71,122),(80,1124)]	12.609219
887	[(23,493),(78,761)]	12.646468
888	[(60,1501),(77,1666)]	12.665513
889	[(10,161),(51,1549)]	12.950893
890	[]	12.629172
891	[(29,875),(79,558)]	26.870942
892	[]	19.821539
893	[(10,529)]	13.102353
894	[(2,1777),(29,328),(51,1745)]	12.534766
895	[(21,1234),(31,339)]	12.522013
896	[(19,406),(81,373)]	12.526399
897	[(13,1108),(32,1820),(66,298)]	13.109012
898	[(40,1828),(43,140),(57,1465),(59,591),(62,854),(84,868)]	13.508543
899	[(17,1846),(23,1224),(37,675)]	13.125563
900	[(5,1892),(29,728),(37,1182),(40,663),(51,106),(76,346),(89,1938)]	13.632979
901	[(48,270),(68,1697),(72,299)]	13.120362
902	[(0,1629),(82,806)]	17.117702
903	[(40,864),(52,309),(64,1590)]	15.591116
904	[(45,428),(52,692),(85,767)]	13.539205
905	[(4,519),(88,627)]	13.188446
906	[(6,607),(14,1643),(21,1950),(74,1569),(83,165)]	13.221812
907	[(53,193),(74,32)]	12.937887
908	[(54,2002),(66,1004),(73,636)]	12.692242
909	[(10,63),(12,477),(50,1716),(56,190)]	13.004659
910	[(19,1102),(25,862),(36,315),(40,1836),(73,1678)]	15.448153
911	[(22,817),(56,1220),(64,1857),(67,1705),(77,605),(79,1023)]	13.390000
912	[(0,565),(45,1742),(87,1215)]	13.198459
913	[(17,563),(46,652),(57,1309),(69,1267)]	12.702420
914	[(82,812)]	12.633904
915	[(20,562),(56,1203),(66,1847),(73,253)]	14.151531
916	[(8,1257),(43,91),(46,569),(47,28),(72,115),(83,1914)]	14.268463
917	[(41,645),(69,352)]	13.092203
918	[(29,1080),(89,1277)]	16.339636
919	[]	13.607436
920	[(27,527),(43,1075),(78,174),(79,1648)]	13.153276
921	[(1,1780),(78,1311),(89,1119)]	12.555077
922	[]	12.719424
923	[(19,1035),(79,1638)]	13.092733
924	[(24,1864)]	13.152228
925	[]	13.080805
926	[(8,1352),(26,1728),(52,1061),(55,1826)]	14.510940
927	[(26,1933),(42,1123)]	13.121981
928	[(9,515),(52,869),(63,604),(87,618)]	12.401599
929	[(9,346),(69,1277),(78,1723)]	13.237207
930	[(38,1986)]	13.915330
931	[(10,1886)]	12.742361
932	[]	12.683263
933	[(21,411),(23,1841),(27,333),(71,147),(75,969),(89,373)]	12.769526
934	[(35,111),(82,615)]	13.208250
935	[(58,1042)]	12.434771
936	[(80,505),(89,1309)]	13.140530
937	[(2,1753),(8,1967)]	12.794073
938	[(1,1623),(7,1657),(35,897),(68,1836)]	12.496910
939	[(26,635)]	12.861956
940	[(43,1865),(86,92)]	12.483166
941	[]	12.433631
942	[(18,1652)]	13.147670
943	[(36,1010),(38,1599),(49,1921),(89,687)]	12.456618
944	[(69,466),(72,217),(73,817),(86,1743)]	12.824246
945	[(44,1892),(66,60)]	12.503362
946	[(51,583),(61,1358),(77,18)]	12.381038
947	[(2,1048),(20,1515),(73,1714),(78,852)]	12.961082
948	[]	12.608246
949	[(15,1029),(29,1218),(30,1650),(31,1325),(50,1138),(58,219),(68,630),(82,1295),(89,1836)]	12.691269
950	[(30,27),(64,786),(68,547)]	12.782718
951	[(29,69),(35,54)]	12.764194
952	[(54,164),(62,1969),(70,956),(78,686),(89,1172)]	12.682262
953	[(2,1246),(36,879),(42,667)]	13.717366
954	[(1,849),(6,858),(8,1469),(80,478)]	15.357828
955	[(53,1718)]	13.081654
956	[(2,1352),(20,1091),(25,732),(43,1822),(48,1824),(60,1646),(81,418),(92,1816)]	12.589575
957	[(3,50),(41,1660),(79,1349)]	12.680405
958	[(21,92),(41,740),(52,513),(77,1907)]	12.530011
959	[(32,441),(41,339),(49,849),(61,1309),(89,889)]	12.496854
960	[(5,784),(42,1029),(63,609)]	12.393805
961	[(47,479),(80,1348)]	13.316097
962	[(4,923),(60,1722),(68,1343)]	12.490376
963	[(2,457)]	12.834704
964	[(15,261),(70,481),(84,288)]	12.512680
965	[(42,186),(70,1651),(91,1174)]	12.577312
966	[(40,829)]	12.462019
967	[(21,172),(44,120),(46,1161)]	12.396461
968	[(28,96),(34,950),(71,507),(75,37),(84,58)]	17.194161
969	[(17,169),(29,189),(35,1271),(38,480)]	24.955587
970	[(8,856),(51,6),(65,1522),(91,1559)]	14.956730
971	[(3,51),(68,1804),(76,425)]	12.740377
972	[(28,1913)]	13.925770
973	[(1,678),(11,1226),(15,1289),(20,1677),(29,1179),(53,1871)]	12.480044
974	[(51,424)]	12.692381
975	[(16,1765),(42,154)]	12.699461
976	[(18,2004)]	14.080933
977	[(61,1543),(80,1096),(90,1194)]	18.615989
978	[(14,568)]	14.258820
979	[(46,37)]	12.387413
980	[(9,230),(20,1279),(29,370),(31,1741),(61,784)]	12.328131
981	[(7,28),(51,490),(59,1439)]	12.413542
982	[(13,1822),(43,999),(69,130)]	12.335231
983	[]	13.979798
984	[(51,285),(77,1664)]	13.728016
985	[(27,500),(29,1904),(66,1624)]	14.756721
986	[(17,1053),(19,1314),(31,136),(48,1798)]	12.961517
987	[(11,1248),(48,1418),(75,1484),(88,2001)]	12.236481
988	[(23,724),(40,1330),(41,1003),(53,728),(81,509)]	12.580976
989	[(49,1015)]	12.720051
990	[(23,496),(51,1753),(82,1315)]	12.500598
991	[]	12.586050
992	[(58,1999),(73,1256)]	12.503988
993	[(54,560),(63,370)]	12.212501
994	[(55,1300),(81,1310)]	13.089003
995	[(9,907),(45,1851),(80,1246)]	12.507962
996	[]	12.542861
997	[(30,531),(68,1486)]	12.754726
998	[(53,401)]	12.705529
999	[(26,1058),(52,223),(73,1762)]	12.631428
