ruleset_index	matches	time_ms
0	[(46,1133),(51,2916),(60,2604),(66,891),(85,3160),(88,1030)]	15.324171
1	[(1,2570),(3,1098),(7,1395),(11,1808),(35,2058),(82,2458)]	14.944876
2	[(20,732),(29,328),(52,2885),(80,1629),(82,1324)]	15.153628
3	[(9,3043),(16,2336),(54,1741),(88,2449)]	15.121065
4	[(40,1248),(53,2349),(60,1103),(64,34),(79,2486),(85,2169)]	25.809690
5	[(25,2892),(33,1242),(41,2663),(92,783)]	15.361717
6	[(20,633),(25,2653),(57,1130),(88,2363)]	15.055018
7	[(13,2156),(16,319),(43,2003),(88,2995)]	15.275280
8	[(27,866),(43,796),(55,2053),(67,655)]	15.423539
9	[(26,491),(30,1972)]	15.130251
10	[(75,3098)]	15.044341
11	[(43,902),(53,1631),(56,410),(73,1443),(82,223),(89,466)]	15.120494
12	[(0,2257),(18,1261),(21,3021),(22,3158),(46,937),(82,783)]	15.180496
13	[(1,908),(2,229),(3,3117),(12,1209),(13,2886)]	17.891094
14	[(0,1325),(7,2088),(8,1759),(26,1946),(47,522),(49,1352),(81,3034),(82,262)]	33.033611
15	[(29,2800),(36,2351),(44,1438),(55,2295),(71,4)]	33.505633
16	[(13,1875),(42,1657),(70,2510),(91,1280)]	37.821142
17	[(26,35),(32,2833),(43,692),(45,1514),(74,1992),(85,1226)]	51.883948
18	[(23,2117),(54,1124)]	16.990009
19	[(53,128)]	16.824528
20	[(7,2767),(52,1481),(77,2823),(88,1456)]	23.101948
21	[(34,1486),(36,2316),(51,1585),(60,301),(64,1779),(69,779),(84,1713)]	15.849609
22	[(37,319),(52,1052),(57,1583)]	15.832342
23	[(0,1628),(1,1826),(31,895),(40,1952),(57,1332),(75,841)]	15.347022
24	[(9,1471),(14,3061),(16,2765),(34,77),(49,742),(60,1908)]	15.185825
25	[(10,775),(11,67),(34,1876),(48,3229),(55,3109),(74,2298),(85,2299)]	15.436409
26	[(38,2821),(48,1946),(50,2727)]	16.104077
27	[(28,27),(37,1702),(83,511),(92,2649)]	15.092625
28	[(1,1684),(15,2713),(22,555),(27,1912),(61,169),(70,1466),(80,669)]	16.914876
29	[]	15.182890
30	[(1,201),(6,2013),(7,2788),(12,2979),(17,1863),(34,2162),(44,1006),(47,2686),(64,3225),(82,2883)]	15.288741
31	[(30,2040),(58,1775),(80,2941),(81,271)]	16.562361
32	[(8,1739),(41,2271),(79,744),(85,1332)]	17.811461
33	[(15,475),(16,2399),(20,887),(24,788),(25,2220),(27,2797)]	15.626422
34	[(68,2551),(87,247)]	15.531200
35	[(11,931),(18,3135),(20,2423),(36,270),(55,2650),(60,922),(76,1611)]	15.103821
36	[(27,3217),(69,2891),(73,1778),(83,3283)]	15.304847
37	[(27,2150),(52,1644)]	15.960223
38	[(47,2140),(52,1474),(66,1970)]	15.660017
39	[(19,3269)]	16.540766
40	[(1,3202),(15,3029),(18,256),(37,1912),(69,113),(72,2682),(90,1574)]	16.057736
41	[(40,2497),(42,1022),(83,2630),(91,2374)]	16.099622
42	[(13,1834),(47,1257),(52,469),(67,633)]	15.345629
43	[(12,402),(32,1644),(34,613),(36,2678),(58,1938)]	17.304964
44	[(0,325),(39,1561),(53,3066),(69,2389),(86,1016)]	16.509898
45	[(5,1859),(18,545),(36,1783),(68,2319)]	15.837786
46	[(4,806),(12,1445),(25,1113)]	15.650187
47	[(0,2371),(33,354),(48,1874),(61,723),(72,2552),(77,202)]	16.004334
48	[(5,3060),(19,270),(22,3216),(36,1754),(68,2996)]	15.189490
49	[(31,2054),(36,3117),(46,1407),(72,3274)]	15.263580
50	[(8,655),(10,3180),(19,2230),(23,2891),(26,1972),(45,1430),(85,1575),(91,2642)]	15.066726
51	[(9,2321),(61,2687),(70,2755),(72,1138),(77,1008)]	15.162017
52	[]	15.186819
53	[(26,921),(41,2466),(61,684),(69,1188),(81,2059)]	16.672256
54	[(0,516),(42,263),(43,2509),(55,1713),(65,2610),(74,372)]	15.230509
55	[(7,1257),(32,2989),(37,624),(73,1843),(77,2869),(88,2017)]	15.152376
56	[(25,1215),(30,2699),(37,2679),(46,2229),(47,2596),(49,802),(56,567),(60,3122),(83,2081)]	15.006497
57	[(18,2238),(74,1095)]	15.194882
58	[(0,1040),(24,329),(28,1980),(89,1429)]	14.904815
59	[(7,2791),(85,1086)]	15.308787
60	[(13,2452),(28,2927),(29,3224),(75,1775)]	14.890905
61	[(7,1923),(18,625),(73,1866)]	15.487429
62	[(36,148),(89,2432)]	15.307719
63	[(11,199),(16,3187),(49,3080)]	15.492548
64	[(3,1091),(14,2116),(17,1131),(48,1612),(56,1484),(73,1396),(76,3183)]	15.728898
65	[(11,849),(66,1246),(70,3173),(75,1597),(91,1555)]	15.215286
66	[(3,1422),(41,883),(50,2661),(70,2797)]	15.025050
67	[(11,245),(30,691),(49,808),(68,1936)]	15.881992
68	[(10,580),(31,717),(33,2363),(47,1160),(64,2407),(69,2926),(84,245),(88,117)]	15.191765
69	[(21,551),(25,3112),(34,1865),(43,615),(46,557)]	15.004051
70	[(44,2711),(51,213),(78,1623),(90,1239)]	15.233704
71	[(10,757),(12,2884),(23,767),(40,2087),(45,2318)]	15.326888
72	[(20,1996),(34,2841),(35,698),(57,1220),(64,1730),(79,904)]	15.217243
73	[(10,3019),(36,790),(86,239),(91,32)]	14.863974
74	[(23,3220),(42,2701)]	15.094257
75	[(39,2849),(84,3040),(85,2213),(89,223)]	17.311380
76	[(3,596),(5,702),(6,1066),(34,980),(41,3072),(42,316),(53,314),(73,1521),(87,2401)]	15.920672
77	[(71,1751),(74,2761),(78,1778)]	15.210755
78	[(0,2564),(8,670),(70,1432),(73,2627),(74,793),(82,290)]	15.373767
79	[(24,1810),(30,487),(46,1132)]	16.171973
80	[(29,19),(40,2026),(67,279),(80,130)]	15.453327
81	[(13,10),(33,1650)]	25.849122
82	[(37,1535)]	28.058003
83	[(2,2),(4,1335),(14,1289),(29,2128),(36,3199),(42,846),(43,1359),(52,3055),(53,865),(64,1660)]	19.928530
84	[(3,2597),(45,475),(57,202),(62,1436),(75,13),(76,2919),(86,326),(87,1618)]	15.266969
85	[(0,2663),(32,2685),(53,3100),(81,1912)]	15.195395
86	[(10,1101),(18,849),(22,2175),(28,2351),(47,1378)]	15.235890
87	[(5,2959)]	15.310649
88	[(10,2658),(15,1515),(52,2136),(75,2678),(81,2224)]	15.223129
89	[(12,1024),(39,2621),(57,1925),(63,420),(64,709),(88,1873)]	20.981211
90	[(8,1615),(20,81),(34,1006),(35,3248),(62,959),(64,3053),(75,2885),(79,3272)]	15.354759
91	[(6,2479),(8,1492),(25,2656),(83,2448)]	15.826683
92	[(5,2808),(8,1987),(39,2423),(53,2526),(82,1495)]	15.399968
93	[(22,1557),(40,489),(68,377)]	15.591891
94	[(7,183),(12,3159),(15,1452),(16,1755),(26,291),(34,648),(49,3225),(82,1420)]	15.416740
95	[(12,169),(16,2306),(25,2347)]	15.925748
96	[(18,2889),(35,1511),(43,2383)]	15.823625
97	[(1,2358),(23,880),(34,2645),(47,166),(66,62),(72,1840)]	15.298245
98	[(45,2135),(57,1543)]	15.208498
99	[(85,2019)]	15.063345
100	[(7,3265),(10,2899),(61,7),(65,2690),(67,201),(73,176)]	15.658657
101	[(4,1915)]	15.686478
102	[(81,1853),(82,1510)]	15.129996
103	[(39,1857),(53,441),(83,2511)]	15.330711
104	[(37,2734),(55,976),(62,1879)]	15.419565
105	[(7,2019),(20,1527),(28,3175),(30,62),(40,833),(44,796),(71,721),(84,2903),(89,468)]	15.353632
106	[(63,1895),(76,385)]	17.516538
107	[(25,831),(32,1154),(43,2844),(51,1045),(57,496),(58,2385),(85,1823)]	15.457858
108	[(17,628),(37,2689),(41,1508),(73,1252),(88,1568)]	14.928314
109	[(30,825),(31,2581),(47,639),(54,2710),(69,2173)]	15.723240
110	[(2,1759),(21,395),(60,1396),(78,2568)]	15.073171
111	[(11,2855),(29,1045),(54,53),(65,917),(78,1384),(91,2064)]	15.026413
112	[(8,2343),(13,2058),(39,610),(55,2135),(61,642),(77,955)]	15.906462
113	[(28,366),(46,105),(57,354),(67,1207),(68,1085),(73,571),(79,1513)]	16.406057
114	[(63,322),(73,1432),(77,260)]	15.559661
115	[(2,1637),(19,1673)]	17.738080
116	[(21,2960),(33,91),(36,1392)]	14.925267
117	[(14,1045),(18,846),(31,2616),(65,70),(82,1051),(89,2938),(92,1260)]	15.147281
118	[(2,2749),(24,2628),(58,1266),(69,1326)]	14.886073
119	[(13,1577),(22,394),(26,663),(34,2465),(61,2103),(64,1811),(68,2591)]	15.258950
120	[(6,2945),(36,49),(41,3051),(73,204),(84,2529)]	15.146470
121	[(3,2941),(9,993)]	15.145106
122	[(36,2303),(59,3195),(76,2030),(81,404),(82,1509)]	15.196008
123	[(16,1315),(35,2363),(39,2880),(52,2831),(54,2683),(74,2795),(76,2089),(89,801)]	15.019517
124	[(56,564),(79,296)]	15.439392
125	[(24,974),(26,58),(39,2882),(50,2449),(59,2791)]	15.573836
126	[(5,367),(23,369),(36,1535),(45,3206),(57,2268),(62,250),(68,346),(78,2250),(80,396)]	15.298588
127	[]	14.927252
128	[(40,2375),(57,2555),(64,1774),(78,2982),(82,2140)]	15.185355
129	[(15,1927),(24,2812),(28,3007),(31,2133),(81,966)]	15.842856
130	[(65,197),(79,392)]	15.385337
131	[(9,1317),(34,3017)]	15.082433
132	[(12,1134),(29,2671),(51,2774),(53,2334),(77,2297),(81,1063)]	15.151550
133	[(27,3126),(28,1836),(77,2179)]	15.340061
134	[(48,2613),(60,3147),(66,1542)]	15.086626
135	[(84,2965),(86,1929)]	15.068142
136	[(42,274),(48,2759),(52,606),(67,80),(84,2771),(90,836)]	14.967726
137	[(20,957),(82,1833)]	16.239796
138	[(11,48),(13,1562),(14,672),(33,2014),(90,958)]	14.999007
139	[(4,2900),(8,2227),(10,3119),(35,1601),(40,1020),(52,773),(60,86),(64,3142),(89,2455)]	15.290786
140	[(20,1967),(24,101),(30,661),(47,2589),(48,1555)]	14.997436
141	[(5,2280),(14,1087),(16,793),(22,2018),(39,1437),(42,2624),(88,2326)]	15.562411
142	[(1,676),(26,356),(27,342),(33,1438),(58,853),(61,437),(63,324),(74,1760),(76,2611),(78,3032),(83,2695)]	17.716348
143	[(2,715),(21,1858),(34,473),(49,2013),(50,2788),(77,2949)]	15.314995
144	[(34,71),(50,1098),(63,1496),(86,237),(92,467)]	14.985733
145	[(5,2733),(28,2544),(44,2673),(45,3223),(59,1264),(68,2948)]	16.431841
146	[(20,2636),(22,2902),(52,3033),(85,166)]	31.112481
147	[(22,1443),(28,877),(87,573)]	25.195042
148	[(4,1687),(31,1604),(38,1791),(90,1390)]	15.567404
149	[(10,1982),(11,1139),(31,1718),(35,227),(37,292),(43,2611),(52,1985)]	16.299325
150	[(56,142),(59,278),(78,557)]	15.623637
151	[(0,1979),(10,532),(32,2633),(44,1907),(55,3259),(77,919)]	15.201971
152	[(13,272),(25,3267),(39,2907),(49,2948),(60,2555),(72,3106)]	15.363171
153	[(23,3216),(86,1761)]	15.571786
154	[(4,36),(12,1544),(66,2867),(79,875),(89,926)]	15.230437
155	[(3,186),(19,2543),(56,987)]	16.135545
156	[(19,1472),(30,2017),(53,2710),(72,2995),(90,2998)]	15.168797
157	[(14,1131),(19,3186),(32,11),(58,198),(63,2345)]	15.181287
158	[(16,2256),(18,584),(20,725),(28,2616),(47,445),(54,1320),(65,718)]	16.024967
159	[(27,2346),(28,1367),(31,1615),(54,3089)]	15.142045
160	[(5,1798),(7,767),(10,471),(32,61),(40,1236),(72,1986)]	15.389297
161	[(4,2876),(55,1336),(59,2363),(68,161),(72,937)]	14.891296
162	[(5,3227),(29,2796),(35,1303),(40,2784),(53,1958),(79,2520)]	15.467845
163	[(20,2539),(26,323),(58,2053),(65,327),(73,2244),(74,2621),(75,1350),(89,1159)]	14.928637
164	[(10,1021),(11,857),(31,3023),(46,1788),(83,1637),(88,212)]	15.701503
165	[(10,1910)]	15.251563
166	[(6,797),(8,832),(20,3069),(69,1613),(84,243)]	16.146589
167	[(14,4),(31,2252),(81,35)]	15.540296
168	[(3,762),(16,2572),(24,1105),(52,947),(69,2042),(72,3265),(91,2068)]	15.338077
169	[(19,1473),(37,1581),(47,2706),(78,1978),(91,2139)]	17.092051
170	[(6,2561),(31,1858),(88,578)]	16.049743
171	[(10,1716),(23,313),(32,3183),(46,250),(54,984),(64,1986)]	15.230284
172	[(10,3218),(17,1947),(30,249),(49,3228),(52,127),(59,2311),(67,745),(78,463)]	15.694617
173	[(20,1202),(41,2713),(43,1707),(46,2350),(49,2),(50,146),(68,1556),(81,1964)]	15.572483
174	[(5,1066),(7,2417),(38,1345),(92,592)]	15.010866
175	[(0,1473),(28,1844),(33,47)]	15.340631
176	[(13,3141),(60,541),(61,1765),(77,251)]	15.191689
177	[(43,2299),(71,1886),(88,2402)]	15.162942
178	[(2,2403),(19,3121),(31,2279),(45,2667),(69,2695),(71,2302),(77,1713)]	15.391479
179	[(6,2424),(18,2290),(52,2553),(86,1980)]	15.191470
180	[(4,1274),(6,2932),(18,2278),(35,1069),(91,2299)]	15.220268
181	[(17,1311),(36,1148),(55,315),(62,765),(72,268),(81,1479)]	15.467106
182	[(20,1786),(41,450),(51,2636),(69,1253),(73,534)]	14.983708
183	[(18,1939),(19,1025),(20,2602),(62,1026),(73,1112)]	15.085713
184	[(50,2932),(76,418)]	15.296413
185	[(29,407),(42,3225),(55,1192),(59,655)]	14.977219
186	[(14,211),(52,2833),(64,3178)]	15.346930
187	[(14,551),(44,1957),(77,1607),(81,1425),(92,1491)]	15.219389
188	[(3,1422),(17,2318),(35,2357),(71,2143)]	15.185915
189	[(9,504),(41,2238),(55,3075),(87,655),(91,2622)]	14.899377
190	[(9,1395),(10,1623),(16,2256),(43,1030),(62,3209)]	15.106749
191	[(22,282),(46,391),(79,2107),(83,1775),(90,417)]	14.898169
192	[(12,1874),(24,906),(52,1878),(67,541),(79,1595),(91,2368)]	16.064281
193	[(3,3228),(54,292),(64,606),(78,1547),(82,2023)]	15.331618
194	[(5,259),(39,50),(51,1568),(79,2395)]	15.099627
195	[(1,2862),(18,1309),(22,361),(24,3211),(26,1831),(55,1576),(81,3124)]	15.363076
196	[(29,3080),(35,2897),(37,3151),(78,3118),(86,962)]	15.472777
197	[(39,820)]	15.363479
198	[(0,2698),(17,115),(75,1746),(83,2594),(88,118),(91,3034),(92,262)]	15.064104
199	[(10,238),(61,1678),(65,1314),(77,471),(84,887)]	15.097753
200	[(37,3030),(43,2403),(76,2636),(78,2902)]	16.789824
201	[(1,2083),(32,1087),(41,1947),(49,3098),(59,17),(71,179),(80,2375),(88,1928)]	14.955171
202	[(10,1001),(14,2612),(30,595),(72,1883)]	15.446235
203	[(8,2199),(16,2865),(27,2302),(40,2329),(49,2072),(67,2406),(75,1907)]	15.581179
204	[]	15.016091
205	[(55,2498)]	16.342813
206	[(3,2104),(8,2769),(11,2074),(15,857),(20,2777),(37,1856)]	15.328619
207	[(9,2316),(14,2333),(19,2578),(27,2307),(31,2325),(40,3230),(66,3024)]	15.433114
208	[(31,3064),(40,1143)]	16.606609
209	[(29,1046),(32,3135),(52,2788),(58,3189),(61,1643),(91,2099)]	20.714623
210	[(16,201),(65,2877),(67,2789),(72,3149),(78,2821)]	16.061700
211	[(11,879),(27,2732),(35,2186),(48,521),(58,3099),(92,1295)]	23.224111
212	[(4,2484),(15,2277),(18,380),(19,3235),(22,2898),(32,2264)]	32.071635
213	[(7,3189),(8,2446),(10,2312),(54,1120),(59,1645),(62,2234),(68,1099),(73,1506)]	15.791172
214	[(3,466),(48,730),(60,504),(62,365)]	15.410986
215	[(2,2854),(21,1695),(50,2010),(56,3247)]	15.014711
216	[(10,1917),(12,3021),(13,3158),(28,2785),(32,1071)]	15.619578
217	[(34,1913),(80,61),(88,2714)]	15.549078
218	[(16,1285),(41,2596),(44,1504),(52,1335),(53,16),(60,2392),(61,2869),(78,3165)]	15.317765
219	[(16,2982),(17,2071),(20,1947),(25,2062),(39,3115),(63,1462)]	15.362047
220	[(4,3124),(12,1231),(14,2597),(27,2765),(62,55)]	15.217238
221	[(27,1748),(43,2943),(44,2068),(53,2147),(90,1395)]	15.719829
222	[(33,2679)]	15.246465
223	[(16,2490),(19,2123),(23,2161),(87,3099)]	15.197999
224	[(22,3282),(61,1201),(63,2814),(71,2304),(72,46),(86,1893)]	15.216402
225	[(3,2653),(11,942),(23,3213),(25,126),(65,2492),(79,2445),(92,2431)]	15.273947
226	[(25,3206),(27,555),(33,2365),(48,1436)]	15.133379
227	[(18,1999),(55,2498),(83,2274)]	15.458349
228	[(3,441),(27,3097),(51,1895),(56,2760),(58,1236),(65,2496),(71,3121)]	15.348984
229	[(10,1971),(15,598),(17,1211),(24,1380),(43,2765),(48,3232)]	15.340146
230	[(60,3217),(63,1725),(74,2267)]	15.560440
231	[(4,3195),(11,295),(34,1665),(78,2843),(79,3208)]	16.072631
232	[(52,1678),(59,1127),(92,1776)]	16.949813
233	[(11,2336),(28,935),(37,2848),(75,1412)]	16.394122
234	[(4,1490),(31,193),(37,2772),(42,185),(83,577)]	14.916088
235	[(34,742),(73,1801),(82,2921),(92,2173)]	17.695858
236	[(3,351),(71,2687),(79,1973),(85,1854),(92,1979)]	15.254099
237	[(6,1687),(25,3275),(30,1145),(45,2438),(54,2529),(56,2578)]	15.148329
238	[(5,7),(25,2684),(51,3054),(53,111),(59,818),(69,1679),(79,1875),(89,1157)]	15.138481
239	[(29,2320),(92,1067)]	15.214949
240	[(3,1288),(20,2895),(27,2539),(40,1228),(59,408)]	15.063773
241	[(10,3105),(15,2650),(20,922),(35,2635),(47,2557),(54,784),(82,2082)]	15.195100
242	[(0,2750),(65,676)]	15.140408
243	[(28,418),(43,461),(51,1484)]	15.223380
244	[(13,799),(15,2343),(35,2597),(45,608),(58,3213),(60,126),(78,1129)]	14.961978
245	[(4,850),(22,2711),(23,1619),(87,1871)]	15.141654
246	[(6,2642),(12,1082),(16,1800),(44,227),(48,1916),(56,1017),(88,1891)]	15.001246
247	[(7,3024),(14,1979),(33,968),(41,2480),(47,2367),(55,2416),(67,761),(80,1288),(82,1823)]	15.570478
248	[(2,1096),(16,2244),(31,1515),(45,1082),(64,1820)]	16.655382
249	[(20,2279)]	15.546626
250	[(29,1121),(49,838)]	16.201067
251	[(2,843),(10,1926),(24,937),(28,1088),(49,1778),(54,1326)]	15.598823
252	[(37,505),(41,3038)]	15.560367
253	[(2,2491),(31,790),(84,814),(87,921)]	15.612405
254	[(20,2448),(29,32),(38,2700),(60,2034),(91,484)]	15.140195
255	[(39,1795),(56,115),(62,777),(73,3086),(80,2967)]	15.608746
256	[(32,3005),(60,405)]	15.150162
257	[(45,2890),(50,1553),(79,3281)]	15.573837
258	[(20,1245),(43,1018),(45,2643)]	15.121514
259	[(5,884),(59,1011)]	15.773134
260	[(14,1012),(15,2082),(23,1309),(43,3244),(46,1913)]	15.231397
261	[(7,3098),(16,1789),(18,1083),(71,3147),(74,589)]	15.257144
262	[(10,1431),(53,799),(89,1439)]	15.147456
263	[(0,3025),(6,2544),(25,1015),(32,115),(38,2905),(64,1089),(69,2634),(76,1070)]	16.339080
264	[(3,1030),(8,2483),(29,1592),(30,2780),(39,118),(54,1532),(62,2095)]	15.980101
265	[(0,75),(58,1664),(63,982),(74,404),(75,1509)]	15.287900
266	[(5,1289),(7,775),(8,2148),(19,2422),(67,1952),(72,296),(88,114)]	15.343550
267	[(59,2515),(70,1769),(76,2140),(83,2246),(85,587),(87,1498)]	15.907070
268	[(1,1767),(7,75),(33,1950),(39,1950)]	15.315058
269	[(26,1005),(44,3112),(48,1005),(85,2655),(91,2647),(92,2776)]	15.336845
270	[(12,1632),(18,2652),(39,357),(42,1425),(73,1950)]	15.051109
271	[(3,1537),(7,2744),(17,2819),(22,728),(34,2813),(57,2547),(73,1493)]	18.980962
272	[(9,44),(16,1863),(17,2253),(30,269),(45,3045),(55,1082),(60,1448),(84,57)]	18.618435
273	[(15,1842),(60,602),(65,1742),(78,2246)]	15.537310
274	[(3,1758),(60,2256)]	18.442478
275	[(12,699),(16,1577),(26,2199),(53,1034),(62,2797),(72,1796),(86,1343)]	15.929797
276	[(17,1678),(41,3102),(66,3019)]	21.805912
277	[(41,2552),(54,863),(55,2290),(70,1897)]	28.629983
278	[(6,524),(7,287),(19,386),(20,2207),(51,1458),(57,567),(80,2814),(81,1088)]	16.531671
279	[(6,1102),(15,1504),(90,3001)]	15.981592
280	[(15,2905),(17,579),(31,1574),(42,2178),(61,2461)]	15.322939
281	[(23,495),(34,402),(54,2519),(87,1232)]	16.644675
282	[(12,1162),(21,2976),(34,2271),(43,2630),(45,1643),(47,1000),(65,526),(88,743)]	16.579967
283	[(0,2154),(15,1579),(20,883),(28,1702),(63,2981),(83,2820),(91,2649)]	15.481781
284	[(49,393),(59,2053),(89,517)]	15.521793
285	[(13,1075),(29,1109)]	15.054847
286	[(44,209),(60,1525),(75,2196)]	15.199422
287	[(27,1327),(33,481),(56,2038),(76,2527)]	15.073468
288	[(24,161),(28,2831),(59,2568)]	15.172157
289	[(22,395),(23,1728),(28,2005),(40,1771),(66,193),(80,3195)]	17.876871
290	[(41,1682),(45,1108),(63,354)]	15.491807
291	[(14,2534),(19,1600),(28,2935),(66,2858),(69,82),(83,2549)]	15.402941
292	[(60,38),(86,2236)]	16.175035
293	[(28,661),(30,1761)]	15.784126
294	[(2,606),(9,2148),(22,2833),(29,1379),(57,3119),(58,495),(87,2524)]	16.359462
295	[(4,577),(9,174),(46,338),(50,601)]	16.580087
296	[(48,1773),(58,600),(65,1392)]	15.388186
297	[(20,1762),(44,1373),(48,2175)]	15.018634
298	[(14,384),(23,3024)]	15.301086
299	[(6,3270),(50,2115),(54,2662)]	15.097581
300	[(19,1270),(35,2720),(39,2459),(72,107)]	15.918379
301	[(0,891),(7,477),(45,2208),(54,658),(59,1042),(71,1130)]	15.169536
302	[(3,2233),(12,2628)]	15.570877
303	[(3,2924),(17,1360),(37,484),(60,1259),(62,1967),(66,3222),(71,1507)]	15.840946
304	[(3,644),(36,719),(49,590),(60,2539),(64,2559),(73,2246),(92,2433)]	15.427184
305	[(42,2454),(53,2858),(80,1781),(90,1705)]	15.274542
306	[(24,1009),(42,236),(66,2430)]	14.992425
307	[(47,1313),(76,2562),(82,727)]	15.302407
308	[(5,1927),(8,1448),(15,2884),(28,676),(67,407),(68,1296),(73,987)]	15.062658
309	[(12,1977),(14,1794),(23,2115),(37,2822),(51,630),(84,3191),(91,576)]	16.128220
310	[(8,1807),(11,367),(12,3133),(66,2590),(70,2228)]	15.867011
311	[(19,1972),(87,1092)]	15.295316
312	[(11,1702),(25,2227),(30,1958),(50,368),(76,522)]	15.415334
313	[(40,873),(52,558),(54,2153),(55,124),(83,1396),(86,673),(87,2915),(89,2201)]	16.654942
314	[(43,878),(47,296),(54,2610)]	17.537326
315	[(1,641),(19,3109),(38,2386),(40,2003),(56,2147),(84,1485),(89,1392)]	18.498444
316	[(7,2227),(9,3119),(16,1742),(23,3094),(26,2633),(37,1672),(54,2229),(55,2596)]	15.737967
317	[(6,2188),(28,2192),(36,1306),(74,422),(81,1255)]	15.765726
318	[(3,1908),(28,1505),(46,1503),(64,1018)]	15.239079
319	[(36,293),(42,893),(47,1402),(63,762),(68,1060)]	15.406240
320	[(12,1879),(25,211),(47,2797),(66,978),(92,359)]	15.308570
321	[(8,1959),(55,1000),(67,2063)]	15.498400
322	[(17,1275),(41,1592),(64,666),(70,2730)]	15.126453
323	[(9,2222),(28,1724),(35,667),(45,1079),(62,981),(77,2759),(83,116),(85,2692)]	17.072923
324	[(4,1264),(30,2162),(38,1992),(71,2202),(81,1704)]	16.260242
325	[(15,2694),(35,5),(82,95),(87,767)]	15.486963
326	[(4,133),(21,1239),(29,2957),(85,2335),(87,692),(91,2927)]	15.435529
327	[(3,481),(5,3159),(36,2283),(48,2980),(79,2816)]	15.271477
328	[(34,922),(60,3258)]	15.275379
329	[(1,3227),(33,339),(41,2284),(48,1600),(66,3060)]	15.213974
330	[(16,46),(75,418)]	15.204340
331	[(30,3203),(41,2992),(50,1152),(53,2668)]	15.840928
332	[(5,732),(8,2776),(16,2229),(17,2596),(83,1729),(92,2658)]	16.047087
333	[(9,2584),(32,130),(45,1241),(47,456)]	21.331608
334	[(0,1096),(28,46),(43,445),(55,70),(57,162),(60,3055),(75,3239),(90,2355)]	17.474822
335	[(37,1472),(65,2778),(83,2156),(84,1036)]	15.164584
336	[(38,2),(39,146),(44,2215),(49,1102),(60,509),(81,2884)]	18.182627
337	[(1,1880),(67,114)]	15.181429
338	[(52,1494),(63,2461),(71,2708),(76,2481)]	16.100575
339	[(1,2532),(11,2927),(16,2600),(17,1820),(23,1288),(34,399),(41,2673)]	15.281388
340	[(11,1788),(43,2967),(45,1296),(54,2152)]	19.928202
341	[(6,2292),(8,148),(15,2555),(28,2333),(31,2155),(58,1065)]	30.460328
342	[(37,52),(52,213),(83,1828),(88,2042)]	15.824103
343	[(8,2260),(13,1659),(15,3092),(17,705)]	16.257086
344	[(9,1430),(19,341),(41,2738),(46,3166),(72,1729)]	16.138560
345	[(0,885),(39,1901),(49,276),(65,2875)]	16.523668
346	[(3,691),(15,1122),(34,2091),(35,1113),(65,1405),(92,3189)]	22.757696
347	[(8,1850),(12,1597),(61,114),(76,2200)]	15.785640
348	[(10,1559),(11,1821),(36,1783),(45,2329),(56,802)]	15.358331
349	[(34,2532),(47,2233),(73,1488),(75,2422),(89,1061)]	15.475521
350	[(14,1352),(16,1235),(21,2465),(22,1184),(40,2595),(66,340),(67,714),(89,1170)]	15.664974
351	[(28,1960),(30,227),(35,1063),(47,1993)]	15.425557
352	[(37,2418),(39,437),(56,180),(59,930),(74,2459)]	15.573656
353	[(24,2660),(40,2826),(44,1175),(55,2548),(61,1822)]	16.010160
354	[(33,2609),(70,1439),(77,3257),(80,1982)]	15.170956
355	[(37,951),(43,1395),(44,1623),(49,1197),(53,1321),(84,3239)]	15.883351
356	[(11,2529),(45,3204),(49,2649),(73,3160)]	18.671770
357	[(11,1442),(14,2733),(27,834),(80,1095)]	15.182199
358	[(3,230),(11,2893),(15,519),(39,3080),(65,166),(78,1736)]	15.931483
359	[(22,912),(23,882),(27,2584),(28,2402),(72,253)]	17.120161
360	[(6,2943),(10,2748),(26,2794),(29,27),(36,2707),(56,3185),(62,519),(68,3156),(69,2010),(82,1594),(83,1044),(92,2992)]	15.372900
361	[(0,2869),(32,324),(42,181),(63,3068),(79,3206)]	15.468133
362	[(16,1896),(22,1692),(90,2327),(91,974)]	15.683702
363	[(14,410),(36,1785),(67,964)]	15.317437
364	[(15,623),(47,2532)]	14.940731
365	[(18,765),(54,1667),(75,992),(80,1081)]	15.053153
366	[(7,2347),(19,2545),(25,1769),(35,999)]	15.322687
367	[(12,484),(24,1042),(74,2220)]	15.140521
368	[(6,432),(9,2966),(13,2396),(29,2345),(53,2852),(68,1335),(69,16),(80,3255)]	15.034981
369	[(16,2516),(48,2952),(70,707),(72,2101),(90,2736)]	16.065944
370	[]	16.162566
371	[(18,332)]	16.241372
372	[(32,1299),(54,1196),(60,2490),(86,2203),(88,341)]	16.039264
373	[(18,91),(38,3127),(41,337),(67,3287)]	15.323945
374	[(42,942),(49,1620),(80,1504),(83,3203)]	16.854643
375	[(9,2891),(23,1729),(37,2005),(57,2991),(74,1392),(88,3127),(92,1927)]	16.609347
376	[(38,1010),(40,632),(66,3075),(68,1152),(77,1037),(78,440)]	15.444770
377	[(31,2188),(61,1609)]	16.102045
378	[(47,1472),(51,840),(62,463),(78,978),(80,1072)]	16.374126
379	[(20,1099),(31,210),(36,669),(57,2943)]	15.160070
380	[(9,947),(16,756),(28,1426),(50,2177),(71,2520)]	15.411790
381	[(78,2250),(83,695)]	16.227415
382	[(13,2419),(16,2280),(43,1798),(51,1832),(52,3115),(71,1075)]	16.128116
383	[(2,1523),(9,629),(12,1700),(39,2798),(85,2907)]	15.081341
384	[(8,3078),(22,560),(45,225),(60,167),(83,2953)]	15.239369
385	[(7,980),(43,2888),(55,1900),(69,1387)]	15.726238
386	[(0,2163),(21,1088),(30,3285),(33,2376),(71,1076)]	15.840201
387	[(16,784),(32,1332),(55,1967),(61,1330),(68,1856),(83,2612),(88,853),(91,460)]	15.746110
388	[(4,3109),(48,2541),(61,133)]	15.575989
389	[(41,366),(56,2891)]	15.361319
390	[(9,730),(32,2291),(50,519),(57,239),(62,32),(63,319),(67,1339),(81,2299)]	15.566781
391	[(8,3099),(13,151),(24,1041),(36,1627),(39,1520),(50,1070),(66,2722)]	15.223947
392	[(45,2710),(48,1026),(81,1112)]	16.480206
393	[(2,1191),(21,1028),(41,1091),(65,410)]	16.021501
394	[(42,789)]	20.789873
395	[(17,507),(48,579),(59,3219)]	21.281862
396	[(5,1387),(20,459),(36,1446),(45,1577),(88,446)]	15.115203
397	[(26,2701),(28,1839),(29,2258),(63,1228),(72,2194),(92,575)]	18.130707
398	[(0,2828),(11,3157),(37,970),(39,1051),(45,171),(78,3039)]	15.654618
399	[(2,25),(85,1982),(86,1139)]	16.353749
400	[(31,2618),(47,2043),(54,399),(73,1798),(75,3229)]	32.542344
401	[(9,3037),(26,2271),(50,485),(55,94),(59,1552)]	34.976410
402	[(1,2289),(8,2637),(26,2057),(36,2821),(50,1146),(86,1837)]	39.571365
403	[(27,2380),(31,790),(53,810),(71,1357),(88,1489)]	36.892044
404	[(26,1681),(32,1044),(39,2764),(40,2815),(48,3254)]	32.582423
405	[(8,2669),(9,833),(14,1768),(20,1682),(55,224),(70,90),(89,801),(92,237)]	31.389330
406	[(8,3182),(19,1561),(24,1706),(37,2518),(57,1381),(64,1739),(76,87),(89,1248)]	34.705761
407	[(8,863),(34,1684),(40,577),(81,1896)]	30.123262
408	[(7,2682),(38,2549)]	29.219295
409	[(7,1878),(9,2768),(26,2311),(48,935)]	29.822689
410	[(0,2112),(6,3213),(55,2556),(72,2919)]	31.763631
411	[(3,2009),(6,1771),(55,588),(67,1684),(79,3249),(81,3078)]	27.540183
412	[(23,2390),(28,2304),(71,2028)]	30.344558
413	[(8,2941),(78,3277),(82,1423),(85,2616)]	31.283232
414	[(2,2930),(15,2387),(55,3275),(58,1826),(82,948),(85,1251)]	30.419927
415	[(75,1433),(83,1114),(86,489),(87,2370),(88,2688),(90,1277)]	31.861870
416	[(5,1182),(59,2394),(78,1293),(81,564)]	32.187207
417	[(20,1195),(57,827),(60,1275)]	31.330584
418	[(22,2596),(27,2469),(73,381)]	32.108384
419	[(12,1557),(66,2232),(74,811)]	32.244487
420	[(5,2882),(6,2317),(28,2395),(30,1572),(73,398)]	31.274933
421	[(5,3204),(29,359),(41,1712),(46,37),(65,67),(85,194)]	29.961622
422	[(19,269),(21,1839),(32,3121),(42,1153),(56,764),(59,3274)]	30.933453
423	[(9,3234),(38,484),(43,2963)]	31.033552
424	[(38,687),(63,2690),(72,1326),(81,2720)]	30.425070
425	[(27,3250),(29,439),(31,877),(42,1411),(52,3156),(79,50),(92,959)]	29.983032
426	[(45,462),(71,1153)]	30.190921
427	[(6,1840),(37,2660),(40,3021),(45,2864),(47,2467),(53,326),(54,1618),(62,81),(72,1913),(86,2686)]	29.802856
428	[(13,1499),(26,1554),(50,3043),(69,1359),(81,2103)]	35.405063
429	[(31,1600),(32,1520),(40,326),(50,2721),(51,654),(61,484),(79,816)]	31.691348
430	[(18,2139),(44,773),(49,2009),(52,2019),(66,741),(71,2582),(77,1721)]	31.964790
431	[(3,493),(8,155),(15,639),(86,1413)]	29.647096
432	[(15,888),(25,3285),(92,543)]	29.632411
433	[(36,2024),(52,1918),(78,1743)]	32.289827
434	[(38,1225),(40,268),(62,1599),(69,490),(87,1239)]	33.309051
435	[(6,1089),(16,2337),(74,723),(79,2627),(80,793),(82,2113)]	34.442663
436	[(1,2853),(10,22),(28,2947),(34,179),(51,2306),(82,127),(90,1447)]	39.160566
437	[(1,3241)]	31.359601
438	[(3,1574),(12,496),(17,1327),(60,3159),(62,2362)]	30.061650
439	[(22,2336),(27,401),(49,1364)]	29.321320
440	[(1,651),(21,2530),(42,1246),(47,1092),(76,2193)]	29.535344
441	[(12,1597),(23,2502),(33,1052),(46,658),(81,681)]	29.572728
442	[(1,2620),(44,3049)]	30.144994
443	[(10,1783),(23,2496),(70,2107),(74,2569)]	29.433979
444	[(13,2522),(16,1778),(21,29),(62,2526)]	29.030332
445	[(7,460),(12,2837),(13,3181),(14,262),(33,1046),(52,2093),(61,591),(62,759),(67,3101),(76,3061),(77,3270)]	29.479812
446	[(5,2226),(9,1148),(12,50),(22,43),(33,2585),(35,2047),(46,1895),(91,311)]	30.539087
447	[(8,1029),(14,1227),(21,2200),(35,1767),(59,3065),(87,2533)]	30.842569
448	[(16,1339),(20,1865),(36,63),(41,2886),(76,1411),(89,1500)]	32.649750
449	[(58,1144),(65,1799),(75,2653),(77,1040),(81,65)]	30.714959
450	[(16,556),(53,3061),(65,2616)]	28.558768
451	[(12,2995),(40,2394),(72,2489),(81,970)]	29.834204
452	[(4,1957),(31,155),(57,2239)]	32.601842
453	[(39,3188),(43,3169),(48,967),(64,2954),(71,839),(74,2480),(92,2418)]	28.020249
454	[(13,3265),(30,1119),(31,1167)]	31.010817
455	[(40,3062),(62,2413),(67,3002),(68,1144),(69,2103),(80,2918),(81,2889)]	30.646396
456	[(5,544),(20,2622),(33,197),(64,2575),(74,462),(86,1473)]	30.062783
457	[(35,131),(60,3274)]	30.504099
458	[(8,2166),(58,346)]	30.257113
459	[(30,1960),(31,1055),(35,1459),(84,946)]	29.330093
460	[(18,3079),(37,1813),(46,787),(49,625),(68,2897),(91,2866)]	29.978992
461	[(27,1130),(32,2025),(55,1412),(74,431),(86,91)]	31.162588
462	[(36,1907),(57,2918)]	30.982955
463	[(1,2181),(4,1075),(30,2048),(38,895),(43,1098),(86,1310),(87,2443)]	32.220067
464	[(11,2096),(62,2409),(76,1999)]	31.352872
465	[(90,1621)]	31.153223
466	[(1,742),(30,1146),(38,1994),(68,1702)]	30.397018
467	[(8,3000),(19,2684),(20,1209),(37,2426),(54,1592),(56,3119),(61,3100),(66,1264),(88,1663)]	30.004643
468	[(3,1653),(28,3022),(34,2592),(36,831),(37,1432),(75,696)]	30.336502
469	[(4,1698),(18,1394),(35,2181),(48,1703),(81,1622)]	30.379470
470	[(7,401),(23,2055),(41,2310),(73,1310),(82,2050)]	30.165318
471	[(8,352),(38,1450),(78,3180)]	37.069884
472	[(12,1971),(60,3060),(92,2715)]	36.857067
473	[(0,26),(19,2462),(40,627),(53,949),(72,1474)]	33.288956
474	[(6,2122),(41,915),(65,290),(71,600),(74,2770),(89,1819),(90,1691)]	31.478394
475	[(10,1617),(13,1629),(26,2873),(36,2353),(83,781)]	30.180152
476	[(27,959),(50,918),(77,2441)]	30.077705
477	[(3,2540),(6,464),(42,1934),(53,926),(77,2872),(79,1114)]	30.360397
478	[(0,2815),(21,186),(28,1070),(89,1913)]	30.555665
479	[(28,393),(48,1196),(59,2879)]	29.885335
480	[(19,878),(23,1858),(30,1006),(38,2858),(53,714),(72,1670),(73,1916)]	30.941707
481	[(5,2219),(72,1883),(79,2601)]	31.077304
482	[(1,3167),(17,2739),(43,740),(59,656),(78,186),(81,998),(83,180)]	28.579952
483	[(86,847)]	30.121265
484	[(26,850),(32,2134),(36,848),(47,1129)]	29.597741
485	[(2,3154),(15,1808),(31,1162),(58,228),(61,1774)]	28.901855
486	[(54,321),(77,3123)]	28.952329
487	[(18,1785),(22,1383),(38,95),(51,1449),(63,2035),(74,2928)]	29.172472
488	[(12,1077),(27,2809),(29,1162),(44,3229),(69,2995),(87,3259)]	28.868141
489	[(34,1702),(42,1202),(49,14),(62,1197)]	29.195788
490	[(5,619),(9,719),(32,2840),(41,2084),(51,1897),(90,194)]	30.156830
491	[(21,197),(23,2084),(34,3048),(35,1020),(50,2849),(51,2287),(71,1318)]	31.095257
492	[(58,1040),(69,3247)]	29.177730
493	[(4,3273),(13,3204),(32,87),(62,2728),(80,590),(91,907)]	31.979651
494	[(17,2966),(55,478),(61,2209),(72,2494)]	30.831972
495	[(5,167),(24,560),(44,405)]	31.473812
496	[(2,1174),(6,301),(10,2645),(67,265),(75,1309),(86,2586)]	29.830761
497	[(3,433),(43,995),(79,2901)]	29.862837
498	[(35,2966)]	28.723958
499	[(19,1977),(21,1794),(30,2209),(31,2705),(63,824),(77,1991)]	32.184773
500	[(26,1380),(78,2826),(88,3214)]	31.788301
501	[(10,2245),(20,252),(26,1013),(37,381)]	30.103573
502	[(21,3148),(62,2376),(72,2660),(88,3003)]	34.131483
503	[(52,585)]	37.733654
504	[(17,676),(29,1278),(51,322),(67,1017),(70,2624),(84,2458)]	32.798193
505	[(2,2489),(5,1491),(15,2907),(32,1319),(71,481),(80,2488)]	31.644565
506	[(41,1841),(58,1687),(78,87)]	36.527729
507	[(43,3163)]	41.900187
508	[(17,2674),(22,535),(65,1533)]	46.985404
509	[(1,525),(9,1139),(14,2478),(15,1254),(36,1571),(45,1882)]	29.631916
510	[(35,1016),(38,1772),(56,924),(90,668)]	30.536568
511	[(39,676),(64,2352),(73,1118),(80,1719),(86,1601)]	30.184902
512	[(1,2681),(28,1414),(41,2469),(45,2715),(73,3045)]	34.822542
513	[(13,3277),(23,2179),(33,3216)]	43.638697
514	[(52,1645),(55,139),(58,2925),(62,738),(72,1104)]	44.395552
515	[(13,1469),(17,2750),(33,1511),(51,3170),(75,2541),(78,1278),(86,1696)]	35.003585
516	[(14,2737),(16,836),(23,557)]	31.521180
517	[(12,682),(29,2711),(31,1065),(60,1396),(69,2737),(72,2036),(79,2527),(80,1553)]	27.077235
518	[(10,2714),(28,3044),(35,3033),(46,2310),(53,2129),(61,2890),(74,2952),(76,2846)]	29.915546
519	[(1,3003),(51,229),(52,3117),(70,1109)]	30.864321
520	[(13,1780),(17,1580),(38,21),(52,6),(55,1827),(64,1860)]	37.495966
521	[(8,609),(12,878),(30,2906),(40,1229),(47,1619),(49,183),(67,1899),(86,1721)]	43.066966
522	[(41,2033),(48,463),(65,2498),(71,79),(84,1980)]	32.972848
523	[(82,944),(85,1399)]	34.993283
524	[(19,2330),(67,2279),(78,16),(79,1036)]	31.599249
525	[(19,1725),(55,3184),(89,503)]	33.195162
526	[(83,2477)]	33.687432
527	[(88,1173)]	37.679502
528	[(61,2349),(92,2426)]	39.796524
529	[(11,2835),(27,2816),(43,191),(50,2745),(58,1887)]	37.973194
530	[(20,1758),(48,579),(61,1130),(62,13)]	38.739533
531	[(14,2511),(56,3167)]	37.475773
532	[(3,1909),(31,2531),(45,2685),(47,2824),(60,71),(64,1320)]	50.628833
533	[(0,1207),(41,3060),(62,2157)]	34.165939
534	[(17,2741),(35,1877),(37,2692),(39,509),(64,1615),(82,3268)]	28.542075
535	[(24,531),(25,541),(26,1314),(30,357),(58,3224),(71,1843),(82,819),(90,1705)]	15.391235
536	[(19,3209),(21,142),(35,1575),(73,2233),(77,2017),(82,2223)]	17.317527
537	[(24,3121),(31,2671),(39,554),(41,1928),(59,1973),(65,1202)]	15.179288
538	[(19,887),(36,2928),(82,153)]	15.920236
539	[(5,2365),(16,2688),(57,675),(76,2195),(77,802)]	15.121063
540	[(72,1571),(82,1809)]	27.220066
541	[(23,2477),(37,3136),(54,1226)]	23.328199
542	[(11,2014),(17,2652),(18,2118),(21,1683),(26,1511),(29,912),(84,2380)]	15.317814
543	[(30,3084),(58,813),(62,649),(91,1835)]	15.278853
544	[(59,1510),(61,177),(64,2049),(66,1535)]	15.377642
545	[(20,1922),(83,958)]	15.419295
546	[(0,3007),(4,2453),(23,1732),(29,536),(42,3109),(46,634),(60,860),(72,1284)]	15.690623
547	[(20,1887),(22,1867),(28,1450),(36,3168),(37,1229),(47,512),(53,2144),(75,3253),(77,2612),(80,1024),(91,2159)]	15.468224
548	[(9,1916),(11,2040),(27,1038),(39,1029),(64,2885),(74,666)]	15.994227
549	[(9,1100),(21,2189),(51,849),(70,2244),(75,420),(76,709),(88,906)]	16.837965
550	[(14,2512),(17,1277),(21,2465),(22,1858),(28,1107),(36,282)]	15.147525
551	[(0,1456),(80,507),(85,587)]	15.178489
552	[(39,2724)]	15.294130
553	[(0,1081),(33,1908),(85,1063),(90,2688)]	15.236220
554	[(14,1434),(17,2587),(37,2362),(52,1957),(67,1714)]	15.440460
555	[(0,1962),(8,1213),(14,1672),(19,2456),(28,1886),(50,1889),(57,2434),(68,2705),(69,35),(73,1184)]	15.021404
556	[(0,3228),(41,704),(43,2971)]	15.429098
557	[(26,1341),(29,1516),(43,39),(50,935),(53,2416),(55,1575),(58,3034),(71,724),(80,1346),(85,2582)]	15.167496
558	[(65,665),(71,1662),(87,1797),(91,70)]	15.094421
559	[(66,334),(72,3264),(85,2539)]	15.144915
560	[(17,2400),(42,3233)]	15.322132
561	[(13,52),(17,256),(57,3169),(70,733),(72,1067)]	14.904961
562	[(0,1721),(52,388),(82,107)]	15.379738
563	[(28,1598),(40,49),(67,3086)]	14.842167
564	[(49,1861)]	15.558636
565	[(49,909)]	15.480648
566	[(0,2020),(14,313),(29,1183),(43,1094),(44,2255),(58,2810),(59,1996),(75,1683)]	15.308812
567	[(15,1854),(42,2224),(71,1713),(81,2152)]	15.734412
568	[(1,152),(23,1754),(77,660)]	18.836354
569	[(17,416)]	21.903727
570	[(67,2054)]	15.822836
571	[(13,734),(17,1042),(46,2062),(47,2857),(50,355),(58,1598),(76,3125),(81,189),(83,1714),(89,2762)]	15.344285
572	[(7,2269),(14,2861),(85,2014)]	15.095032
573	[(8,2394),(25,1948),(34,826),(38,690),(45,1433),(52,367),(71,2968),(92,825)]	16.467693
574	[(31,2673),(40,655),(54,365),(87,1760)]	15.568978
575	[(46,342)]	18.717238
576	[(44,3063),(47,2788),(64,1083),(65,3097),(78,2313),(89,2471),(92,2500)]	15.197680
577	[(10,3222),(19,628)]	15.702446
578	[(1,586),(26,2462),(49,1722),(82,978)]	15.361129
579	[(24,381),(47,314),(50,2421),(56,1455)]	15.198101
580	[(3,212),(9,2194),(15,2252),(19,1315),(22,358),(36,143),(78,626),(82,1479)]	15.219846
581	[(14,306),(23,2800),(25,495),(34,162),(43,2952),(57,469),(60,2154)]	15.245546
582	[(10,225),(31,501),(56,310),(69,773)]	15.480687
583	[(23,2660),(42,2913),(65,1072),(72,2909),(73,256)]	15.442452
584	[(7,3223),(12,3261),(17,2795),(44,3234),(61,2618),(78,1368),(79,2073),(86,2578),(91,2406)]	15.350202
585	[(21,1110),(32,837),(36,2158),(55,1005),(70,1852)]	15.129789
586	[(4,512),(48,2453),(55,1206),(57,3050),(59,1969),(83,1866)]	14.885597
587	[(1,973),(16,1805),(25,1398),(54,1598),(79,1757),(91,274)]	15.057414
588	[(3,2810),(15,2324),(29,544),(44,2101),(56,3201),(64,670),(74,2386)]	15.282925
589	[(18,1943),(41,2863),(57,917)]	14.980750
590	[(55,1868),(66,1589),(88,3186)]	15.067979
591	[(9,2043),(18,1050),(30,1338),(39,24),(42,2313),(51,299),(52,1307),(78,2813)]	15.640813
592	[(11,2961),(85,1811)]	15.261541
593	[(2,1640),(4,611),(9,3246),(14,252),(31,1293),(69,2220),(77,2591),(89,2643)]	15.929818
594	[(22,3106),(52,2347),(54,2520),(55,1777),(61,1257)]	15.409915
595	[(10,916),(31,79),(61,2934),(65,865),(71,1860),(78,1345)]	15.004127
596	[(13,1166),(52,2452),(68,1777)]	17.201017
597	[(11,2542),(19,1596),(27,2743),(76,431)]	15.276313
598	[(6,2428),(20,369),(48,1597),(68,172),(78,1208)]	15.323220
599	[(15,894),(53,1470),(70,686)]	14.919901
600	[(7,3057),(11,1314),(16,2158),(32,1116),(35,2341),(58,2516),(65,2191),(73,2062),(83,3003)]	16.492168
601	[(1,2237),(6,2678),(15,1212),(53,2040),(78,928),(88,722)]	15.062019
602	[(17,1888)]	15.089951
603	[(20,1604),(65,1115)]	14.960954
604	[(3,255),(43,1124),(45,2792),(52,3186)]	15.113803
605	[(27,1088),(46,372),(71,3196),(74,615),(84,1030)]	23.986229
606	[(20,1780),(24,2293),(44,1584),(56,1461),(69,1339),(77,2515)]	25.442371
607	[(33,2239),(36,2185),(64,1636),(68,2768),(74,754),(80,816),(84,2606)]	15.104390
608	[(1,2023),(15,86),(26,1963),(61,475)]	16.059391
609	[(19,2815),(30,2653),(86,669)]	15.041741
610	[(3,1534),(15,3039),(54,2573),(74,1579),(85,1778)]	15.080519
611	[(3,638),(24,3197),(26,1948),(28,2408),(61,1716)]	15.191667
612	[(14,499),(31,3048),(37,2585),(50,2823),(54,3136),(58,772),(69,2527),(70,1553),(88,285)]	16.060823
613	[(6,2051),(64,2588),(66,1186),(78,1915)]	16.099987
614	[(5,2234),(15,2938),(60,2093)]	19.492836
615	[(3,86),(25,1338),(92,2123)]	16.324625
616	[(15,2789),(19,2913)]	14.924285
617	[(9,517),(47,2809),(58,595),(60,806)]	15.287425
618	[(59,1161)]	14.973210
619	[(2,2493),(13,3186),(32,1525),(52,3139)]	15.567699
620	[(15,425),(16,1550),(35,104),(38,1529),(71,878),(80,2878),(83,1411)]	14.988152
621	[(48,2190),(57,1877),(72,2743),(77,2611),(88,1094),(89,2255)]	15.000268
622	[(38,1893),(44,2253),(48,1491),(84,2902)]	15.429996
623	[(4,847),(16,2260),(25,1752),(70,596),(73,2791),(87,616)]	16.931335
624	[(51,246)]	16.024869
625	[(21,2152),(85,2551)]	14.973347
626	[(29,1220),(72,2443),(74,1092)]	15.126235
627	[(31,578),(39,3143),(86,389)]	15.747592
628	[(6,291),(7,1111),(11,431),(19,143),(35,1451),(47,1956),(83,650),(86,1264)]	15.425254
629	[(33,574)]	15.754453
630	[(36,2959),(42,1480),(56,2682),(68,1452),(72,470)]	15.633772
631	[(18,3036),(50,12),(77,141),(89,87)]	19.963669
632	[(1,2985),(26,1679),(35,1397),(70,1476),(91,2551)]	18.460114
633	[(7,2817),(64,253),(75,971),(89,1093)]	15.540289
634	[(5,1583),(26,2254),(47,2690),(50,2637),(67,1961),(70,119)]	14.912716
635	[(37,560),(48,2349)]	15.640324
636	[(37,2236),(53,829)]	15.570046
637	[(0,1577),(7,2071),(10,1594),(11,1233),(55,94),(76,2736)]	15.540452
638	[(2,3102),(3,1153),(37,1769),(65,1453),(66,2375),(81,1477),(87,2293)]	17.870758
639	[(3,1282),(16,1811),(27,829),(35,839),(66,1121)]	15.392118
640	[(75,378),(90,1768)]	17.919752
641	[(1,496),(2,2385),(54,1302)]	14.981816
642	[(33,29),(46,1231),(69,897),(78,1117),(83,1956)]	15.803692
643	[(26,814),(46,374),(49,3247),(62,319)]	16.330721
644	[(17,840),(29,2976),(50,2935)]	15.509346
645	[(2,1984),(47,1849),(64,2463),(66,1443),(71,3139),(73,2017),(74,1867),(77,1329),(86,1949),(89,2840)]	15.447696
646	[(16,939),(27,499),(28,941),(40,1824),(53,148),(87,1936)]	15.227071
647	[(9,987),(25,2368),(34,345),(44,1072),(51,1988),(53,1118),(54,3076),(57,1627),(63,819),(64,1545),(69,2538),(90,368)]	15.184311
648	[(29,2398),(67,2194),(81,604)]	15.091765
649	[(30,2832),(31,239)]	14.906054
650	[(39,568),(53,2397),(85,3075),(86,1669)]	14.918477
651	[(43,2817),(64,1566),(66,1851),(87,1057)]	15.402445
652	[(8,1289),(46,2943),(87,743)]	15.405293
653	[(11,1653),(63,1511),(68,1043),(92,2165)]	15.584076
654	[(4,520),(31,1342),(43,2759),(70,1693),(81,2290),(85,1127)]	15.371713
655	[(4,1519),(75,1571),(84,2898)]	15.891014
656	[(11,847),(26,1883),(52,355),(68,2995)]	16.380875
657	[(42,2470)]	16.099841
658	[(3,2640),(23,1192),(44,2139),(62,1679),(66,224),(89,1926)]	17.007534
659	[(12,1536),(21,1535),(23,1556)]	15.713734
660	[(19,1308),(35,1141),(41,3024),(72,1900),(87,2382)]	15.187045
661	[(2,19),(19,2606),(36,2870),(37,2580)]	15.765948
662	[(4,2650),(34,1982),(35,1139),(52,584),(64,1961)]	15.215445
663	[(15,3178),(19,3257),(33,123),(37,2825),(62,1757),(70,77),(89,600)]	15.168364
664	[(64,618),(73,240),(80,2917),(87,195)]	15.121480
665	[(0,186),(16,681)]	15.159958
666	[(1,1166),(6,157),(21,2215),(41,1735),(45,2105),(63,1541)]	14.970982
667	[(4,305),(41,2357),(44,3213),(77,916)]	14.881897
668	[(8,48),(11,2250),(25,93),(40,155)]	15.268957
669	[(8,1672),(17,1420),(43,2242),(50,3067)]	15.077794
670	[(3,1802)]	29.359829
671	[(45,1881)]	21.102170
672	[(0,1229),(63,2886),(80,1199)]	15.855263
673	[(4,2029),(11,366),(25,2840),(29,822),(64,2730),(79,971),(92,974)]	15.112989
674	[(8,1041),(13,2685),(15,2824),(37,550),(43,810)]	15.173298
675	[(11,404),(12,1509),(51,985),(71,1224)]	14.971873
676	[(42,2669),(50,347),(58,2129)]	15.478113
677	[(3,1414),(30,1370),(51,2343),(52,2955),(71,3094)]	15.175165
678	[(52,2702),(56,2014),(60,1531),(64,506),(65,808)]	15.051662
679	[(26,2985),(37,202)]	15.023689
680	[(1,1193),(6,1617),(31,2675),(34,1427),(89,902)]	14.799103
681	[(1,705),(75,1421)]	14.963828
682	[(38,2528),(59,606),(84,788)]	15.901395
683	[(2,894),(38,908),(66,551),(73,71),(84,588)]	15.072414
684	[(12,1679),(57,860),(62,1251)]	15.628552
685	[(17,322),(23,2084),(38,1767),(65,1407),(71,3273),(91,1636)]	14.988743
686	[(51,2356),(68,2678),(84,1859)]	15.258631
687	[(12,604),(20,693),(21,1678)]	15.156096
688	[(21,808),(27,2621),(84,1852),(88,1028)]	15.841319
689	[(2,172),(21,3286),(33,1374),(38,2841)]	14.881391
690	[(15,80)]	15.304313
691	[(5,1800),(13,3155),(63,1283)]	15.069790
692	[(0,3093),(23,1504),(74,687),(85,991)]	15.747973
693	[(1,1370),(11,2331),(42,1224),(60,1567),(65,823),(68,2675),(69,1295),(78,285)]	15.385111
694	[(70,1937),(81,1934),(89,248),(90,2230)]	21.865514
695	[(9,800),(11,2423),(15,1992),(39,3253),(67,2584),(68,2402),(83,1893)]	18.306570
696	[(9,2034),(59,506),(60,808),(68,1808),(70,1318)]	15.222017
697	[(25,2475),(66,303),(69,1221),(72,933)]	15.102684
698	[(9,2455),(33,2653),(42,1348),(50,1203),(51,1269),(78,2335),(88,838)]	15.628664
699	[(54,498),(65,529),(84,79)]	16.335680
700	[(20,3043),(34,2522)]	16.203360
701	[(4,27),(27,863),(36,281),(45,172),(56,1808),(63,1527),(89,2874),(91,2253)]	17.549340
702	[(29,453),(36,2101),(63,1383)]	15.465509
703	[(47,657),(62,55)]	15.060029
704	[(20,1413),(68,1129),(76,2779)]	14.900481
705	[(32,3051),(54,1360),(70,532),(75,2488),(90,1222),(91,515)]	14.941596
706	[(49,2029),(79,48)]	15.720634
707	[(18,1016),(25,2724),(55,1883),(89,1437),(90,1342)]	15.898420
708	[(3,1229),(18,262),(31,464),(47,1925),(68,3019),(92,836)]	16.345557
709	[(13,2152),(17,2201),(45,1972),(65,2772),(79,1116),(87,2649)]	15.336565
710	[(6,2738),(58,1290),(61,2732),(68,79),(75,1484),(82,1500),(92,1248)]	15.371544
711	[(27,2692),(30,141),(43,2183),(71,1566)]	14.860971
712	[(7,180),(12,2646),(15,2297),(25,677),(38,916),(42,633),(45,1679),(49,1657),(54,3034),(57,803),(64,3047),(65,1903),(68,2058),(80,3243),(87,1588),(91,1952)]	15.451850
713	[(4,3204),(6,1840),(24,984),(27,2195),(28,802),(40,1963),(91,222)]	16.756359
714	[(29,924),(46,1317),(73,568),(76,201),(89,2872)]	16.208437
715	[(6,467),(17,1333),(37,188),(88,614)]	18.131230
716	[(10,1968),(15,1785),(19,519),(60,2232),(72,232),(86,2864)]	15.914749
717	[(22,301),(36,1150),(62,1273),(79,155),(87,2579)]	15.228891
718	[(7,708),(50,1439)]	15.812536
719	[(4,1741),(8,1259),(10,831),(11,1432),(23,107),(51,1212),(66,2706),(89,2706)]	15.056340
720	[(5,2457),(34,1421),(65,3169)]	15.731093
721	[(12,2345),(66,2304),(67,46),(81,572)]	16.770597
722	[(2,1881),(18,217),(53,2626),(59,2213),(77,1948),(84,1823)]	15.705604
723	[(1,162),(13,2770),(75,3035)]	15.145675
724	[(12,960),(55,852),(88,1397),(91,915)]	15.132861
725	[(77,2783),(80,249)]	15.678412
726	[(0,400),(2,1921),(20,663),(25,82),(34,788),(88,255)]	15.880209
727	[(60,554),(62,3261),(74,3051)]	15.261187
728	[(8,686),(29,1799),(34,689),(38,1474),(44,3142),(50,2903),(51,1168)]	15.539273
729	[(6,2987),(32,2902),(40,500),(58,1397),(81,925)]	16.169297
730	[(16,2215),(31,3236),(47,1202),(86,2402)]	15.626235
731	[(27,930),(44,919),(48,1063),(74,2043),(91,190)]	15.216245
732	[(9,2945),(13,2236),(37,2013),(50,677),(69,2970)]	15.362700
733	[(16,730),(37,133),(51,2971),(59,2111),(89,3216)]	15.022637
734	[(7,2274),(13,271),(25,3205)]	18.064606
735	[(15,1112),(33,1726),(38,2976),(49,2764),(54,345),(67,1017),(73,2996)]	31.219297
736	[(0,1071),(2,3073),(31,400),(42,3193),(48,1552),(51,1409),(55,2649),(75,1086)]	19.357633
737	[(22,3267),(24,1459),(41,2978),(67,707),(77,604),(85,733)]	15.546668
738	[(23,258),(28,1770),(41,1222),(42,515)]	15.087900
739	[(3,432),(30,293),(33,516),(42,782),(45,2956)]	15.839418
740	[(24,1856),(48,1618),(88,2322)]	15.188607
741	[(30,1386),(39,249),(43,1910),(58,566),(68,2693),(71,2941),(72,271),(84,1178)]	15.386133
742	[(16,2614),(70,1908),(87,406)]	14.914011
743	[(11,1223),(61,129),(79,1208),(85,2233)]	15.845755
744	[(19,394),(26,1860),(34,980),(45,2042),(54,1825),(65,2787),(91,639)]	16.638819
745	[(1,2136),(6,3243),(12,1179),(32,863),(50,788),(75,850)]	15.206300
746	[(39,2450),(83,460)]	16.022137
747	[(10,838),(42,2743),(48,2134),(87,769)]	15.339483
748	[(3,94),(8,2933),(44,550),(49,2120)]	15.778675
749	[(25,2620),(43,1857),(44,283),(59,2449)]	15.392306
750	[(21,350),(48,3231),(79,730)]	14.890367
751	[(0,249),(28,3129),(31,90),(32,1008),(72,203),(75,2970)]	15.002038
752	[(9,2721),(10,754),(15,1408),(16,3207),(49,820),(52,1392),(82,1020)]	15.124474
753	[(59,1749),(71,976)]	15.386828
754	[(4,1021),(8,3169),(66,1031)]	14.977395
755	[(3,1580),(44,555),(82,2878)]	15.344034
756	[(45,2410),(55,603),(60,538)]	20.591080
757	[(8,2958),(48,2764),(65,717),(87,2537),(90,1064)]	17.725147
758	[(55,1949),(65,2280),(90,1681)]	15.011335
759	[(0,1129),(19,121),(34,816),(84,2419)]	16.868864
760	[(4,2666),(6,460),(12,2941),(56,3176),(74,2551)]	15.487918
761	[(17,1291),(38,1136),(74,773),(76,623),(88,912)]	15.615498
762	[(6,684),(19,3246),(44,1670),(45,1916),(47,2040),(60,2739)]	15.199991
763	[(40,1547)]	18.129474
764	[(23,2683),(25,745),(40,2002),(59,791)]	15.237078
765	[(0,697),(12,3015),(39,2299),(78,1837)]	15.790433
766	[(4,2780),(13,1566),(36,1506),(41,1314),(48,2583),(69,1051),(71,395)]	14.850210
767	[(51,2430),(53,585),(61,669)]	16.043959
768	[(20,2285),(28,1338),(37,2275),(68,1205),(92,399)]	15.653486
769	[(10,2605),(30,121),(31,328),(35,2835)]	15.405527
770	[(10,2916),(78,2474),(79,1697),(81,86),(86,2310)]	15.286577
771	[(11,2358),(21,2115),(38,1151),(82,1185),(89,2134)]	15.226900
772	[(30,2735),(39,985),(73,2066),(89,3006)]	15.405020
773	[(9,2654),(29,1634),(43,3213),(45,126),(49,1892)]	14.980229
774	[(1,1821),(47,2933),(92,447)]	15.014621
775	[(21,1084),(24,2779),(55,229),(58,120),(61,3024)]	14.944131
776	[(15,1),(28,601),(37,1798),(54,461),(69,2773),(79,1094),(80,2255)]	15.502055
777	[(1,27),(10,2573),(29,1925),(36,1985),(40,2359),(60,842),(71,2221),(74,16)]	14.879371
778	[(13,3231),(53,950),(76,1923),(89,2245)]	15.373837
779	[(8,320),(21,3141),(23,987),(30,497),(34,920),(45,1878),(61,313),(80,89),(87,2733)]	15.383289
780	[(4,1704),(21,2127),(23,2859),(48,1253),(69,2705),(79,3058)]	15.290760
781	[(4,1788),(14,785),(18,2556),(38,2009),(61,1490)]	16.078666
782	[(7,1304),(24,2725),(31,513),(33,1231),(36,652),(46,224),(51,468),(58,614),(71,2459),(91,393)]	15.383573
783	[(15,1741),(29,1460),(32,1095)]	14.831702
784	[(3,1740),(8,330),(14,2152),(19,2006),(29,1767),(38,1059),(52,172),(65,3080)]	17.109764
785	[(9,640),(31,3053),(81,2210),(92,2691)]	15.174133
786	[(2,2651),(34,1669),(38,2734),(72,1524)]	15.003903
787	[(21,2070),(29,2541)]	15.109145
788	[(14,2671),(85,108)]	15.135770
789	[(19,1145),(56,1021),(86,577)]	15.357998
790	[(16,1393),(60,501),(71,1627),(81,2985)]	15.138731
791	[]	15.172461
792	[(24,2406),(25,2031),(43,1026),(49,1000),(64,2086),(70,2076),(83,1911),(86,1415),(91,3082),(92,3156)]	15.313245
793	[(6,306),(8,2767),(26,2007),(33,1984),(41,3201),(49,2399),(54,484),(58,926),(63,2602),(66,2883),(68,982),(79,90),(80,1008)]	16.925912
794	[(23,189),(30,1430),(43,2730),(53,1429)]	17.198989
795	[(48,2559),(52,2967),(68,2027)]	17.384587
796	[(19,2442),(26,2505),(63,2531),(67,2063),(77,543)]	17.210974
797	[(12,2609),(16,2434),(45,2575),(54,2290),(67,1054),(90,223)]	15.566255
798	[(15,942),(30,3105)]	14.924320
799	[(15,2189),(68,2017),(81,2673),(88,838)]	19.783999
800	[(5,701),(6,150),(18,3024),(20,2948),(46,376),(63,1593),(65,414),(67,765),(72,2379),(89,1886),(92,1007)]	30.042006
801	[(18,2537),(48,2085),(63,1206),(75,3106),(87,1864),(88,734),(92,1173)]	15.538909
802	[(11,1662),(39,2763),(42,1531),(47,1521),(57,981),(59,803)]	15.143057
803	[(19,1824),(25,1057),(38,3127),(58,1108),(66,475)]	15.050569
804	[(27,3287),(35,1563),(62,2110),(92,1410)]	15.093979
805	[(6,2085),(26,1331),(53,2369),(65,2045),(68,1333),(80,225)]	15.038306
806	[(10,935),(20,3182),(59,2513),(77,2668)]	15.289540
807	[(31,1843),(61,1529),(63,2539),(66,326),(70,2510)]	15.204103
808	[(6,1173),(61,1389),(82,2806)]	15.105248
809	[(16,1040),(35,1263),(88,2603)]	15.081771
810	[(4,846),(7,1238),(11,1830),(44,175),(64,2544)]	14.995688
811	[(0,280),(25,1641),(34,224),(74,1923),(78,893)]	18.033489
812	[(1,2240),(16,1532),(31,562),(34,846),(43,1596)]	16.033715
813	[(12,104),(60,367)]	18.469514
814	[(11,656),(42,1841)]	17.373361
815	[(16,59),(34,3114),(52,1585),(56,1193)]	15.717324
816	[(20,868),(29,1631),(43,1966),(63,1092),(67,2960),(79,2457),(87,305)]	16.153889
817	[(43,2673),(50,2304),(51,46)]	15.788995
818	[(18,729),(33,2462),(74,789),(80,2959),(85,583)]	21.365103
819	[(18,1213),(29,1337),(52,654),(59,523)]	18.948962
820	[(26,548),(44,2829),(56,2631),(79,1492),(85,1554),(92,960)]	15.417760
821	[]	15.485304
822	[(4,876),(37,2706),(84,1997)]	15.040966
823	[(0,1343),(13,940),(25,1711),(51,11),(54,1742),(65,536),(66,1160),(70,596)]	15.899857
824	[(31,969),(64,1517)]	15.400562
825	[(12,27),(24,2397),(38,2257),(88,2126),(91,2858)]	22.041178
826	[(9,857),(25,1864),(34,1713),(48,3255),(54,375),(61,3243),(86,721)]	15.704958
827	[]	15.037587
828	[(18,2617),(41,1646),(75,2724)]	14.982055
829	[(17,569),(49,2340),(59,2511),(88,731)]	15.893426
830	[(22,567),(47,40),(55,441)]	15.434357
831	[(49,1144)]	15.842690
832	[(3,265),(16,191),(46,883),(74,1832),(84,1006)]	16.394342
833	[(43,3255),(51,755),(81,2763)]	15.014123
834	[(17,2907),(27,1381),(59,1525),(86,215),(89,488)]	15.140555
835	[(19,382),(74,889),(83,2549)]	15.345052
836	[(20,795),(34,253),(64,2117),(79,50)]	15.261221
837	[(1,1025),(28,1898),(39,2537),(46,2565),(50,734),(61,1138)]	15.053500
838	[(0,192),(12,2677),(15,445),(21,2443),(32,1282),(42,1862),(57,1058)]	15.488751
839	[(0,2151),(9,1135),(40,1853),(63,2226),(67,2297),(74,2551)]	15.104169
840	[(1,1035),(9,1406),(50,2030),(54,3147),(57,589),(64,2747),(77,2053),(81,1337),(86,2077),(87,1010),(92,1887)]	15.872448
841	[(38,769),(47,2314)]	14.962758
842	[(5,1449),(19,2748),(41,1320),(57,455),(59,915),(60,397),(64,3189)]	15.287488
843	[(13,1220)]	15.239416
844	[(9,843),(25,3110),(29,1757),(45,1115),(66,1044),(80,374),(85,1794)]	15.653150
845	[(23,2256),(81,1068)]	15.158467
846	[(21,608),(25,388),(31,1285),(62,1558)]	17.245621
847	[(1,2109),(37,798),(41,3241),(42,2701),(53,1004)]	15.061480
848	[(11,2743),(16,1553),(48,1534),(54,2560),(55,210),(64,394),(68,3123)]	15.371755
849	[(17,89),(71,2076),(86,660)]	16.620153
850	[(3,269),(5,1839),(43,2568),(50,641),(59,2508)]	15.881413
851	[(34,127),(49,818),(53,2821),(55,917),(70,2931),(89,1982)]	15.178421
852	[(16,3191),(21,2618),(33,2642),(65,2523)]	14.987007
853	[(8,108),(52,2063),(59,2049),(71,70),(80,2171)]	15.226663
854	[(3,3146),(42,2527)]	14.961585
855	[(15,1417),(44,1098),(54,2176),(70,719),(90,1550)]	15.263523
856	[(12,1615),(16,3012),(38,2131),(49,17),(72,2639),(86,2),(88,1335),(89,16)]	15.001738
857	[(0,3197),(26,2993),(43,143),(46,2357),(51,1093),(55,2369),(68,1467),(72,2200),(86,868)]	15.613707
858	[(10,3086),(40,1854),(58,2969),(62,309),(66,2877),(68,2789)]	15.340163
859	[(0,2632),(9,615),(42,997),(59,1866),(83,2286),(89,1425)]	15.464105
860	[(18,252),(20,2669),(21,833),(60,881),(70,1039),(77,816)]	15.352891
861	[(17,2971),(23,2638),(31,76),(58,2738)]	15.641573
862	[(6,846),(34,1323),(60,1345),(92,628)]	15.195343
863	[(20,788),(21,2220),(46,1652),(64,829)]	15.033430
864	[(12,2888),(16,67),(24,2937),(41,487),(71,275),(82,93)]	27.994397
865	[(48,453),(60,3129),(69,760),(71,3056),(92,177)]	21.847677
866	[(6,1482),(7,2085),(32,915),(33,397),(67,3027),(73,428)]	15.061906
867	[(16,1586),(21,1289),(23,1643),(38,399),(49,2952),(51,2106)]	15.102353
868	[(2,1518),(6,1352),(34,2851),(65,1403),(77,859),(91,78)]	16.157538
869	[(7,526),(29,1200),(49,1239),(62,1754),(63,1782)]	15.069594
870	[(43,2126),(46,2040),(54,2709),(61,390),(75,2681)]	14.921997
871	[(4,20),(7,1643),(19,281),(21,574),(29,2188),(49,425),(56,1070),(59,2509),(69,44),(77,1028)]	15.627838
872	[(31,1972),(44,1447)]	15.418774
873	[(4,142),(17,1788),(49,1603),(61,2941),(81,2956),(84,1151)]	15.569018
874	[(1,391),(17,1139),(34,105),(58,1102)]	15.487812
875	[(38,2267),(44,1280),(46,142),(55,1643),(72,2370),(85,2454)]	16.176972
876	[(36,465),(55,278),(67,2338),(76,1830)]	15.541087
877	[(16,3097),(47,1493),(52,10),(56,2316),(72,2421)]	15.163572
878	[(14,818),(32,354),(40,3022),(57,2967),(63,2759)]	15.287297
879	[(10,1823),(17,1063),(30,2390),(31,361),(67,891),(76,2139)]	15.310231
880	[(0,2082),(6,2401),(32,1928),(62,266),(71,2829),(84,2824)]	16.635334
881	[(0,1231),(6,2980),(18,2308),(33,2000),(47,1258)]	20.754455
882	[(12,1293),(15,2842),(50,1144)]	15.959638
883	[(1,3280),(13,13),(14,2919),(33,568),(37,1730),(55,1721),(60,130),(72,3241),(88,1919)]	15.170544
884	[(5,1664),(6,1668),(25,1343),(45,1483),(61,1271),(63,2609),(65,2573)]	15.115206
885	[(1,1620),(7,1089),(22,2401),(57,2051),(73,1389)]	14.968420
886	[(6,2419),(37,148),(51,543),(56,1433),(62,290),(76,1803),(83,2331),(90,76)]	15.257172
887	[(1,264),(4,948),(28,1225),(37,643),(55,2698),(91,740)]	15.995991
888	[(37,2461),(61,1433),(65,824),(72,604)]	17.178940
889	[(11,1500),(60,1395)]	15.776234
890	[(3,73),(15,2215),(31,1661),(36,724),(38,1387),(46,1129),(79,178),(85,1722),(86,697)]	15.519552
891	[(19,940),(26,784),(28,1311),(38,732),(48,2544),(65,3221),(69,1345),(78,2727),(87,1626)]	15.284220
892	[(11,1416),(16,1734),(34,1012),(35,2082),(78,716)]	14.921601
893	[(22,1873),(24,474),(44,1308),(49,455),(89,1846)]	15.333880
894	[(14,92),(17,2742),(60,1972),(64,1884),(68,1174),(84,720)]	15.651411
895	[(2,419),(20,893),(38,1886),(52,3023),(86,3245)]	16.611135
896	[(20,2039),(33,153),(37,1716)]	17.130043
897	[(17,3176),(18,845),(34,2920),(69,3068)]	20.104980
898	[(63,974),(67,1516),(86,2449)]	15.984245
899	[(15,961),(24,1962),(28,336),(74,2394)]	15.553718
900	[(21,637),(52,2440),(85,108)]	15.760659
901	[(26,1001),(70,1572),(88,514)]	16.782271
902	[(7,1181),(20,2120),(46,1083),(47,3097),(58,449),(80,2576)]	15.349449
903	[(11,3283),(89,1770)]	15.819586
904	[(0,2438),(20,1211),(34,2431),(82,2783)]	15.565806
905	[(22,2376),(51,2667),(55,422),(65,3218),(92,2918)]	15.725497
906	[(45,3241),(52,2908),(79,3242),(88,2380)]	16.311079
907	[(26,3067),(44,2166),(48,1407),(61,1345)]	16.315528
908	[(0,408),(18,1968),(36,1393),(52,89),(82,3215)]	18.845265
909	[(0,1348),(14,2691),(26,1392),(29,1330),(56,1629),(68,1815)]	15.913745
910	[(9,1668)]	15.406137
911	[(10,501),(17,2357),(74,1429),(82,1050)]	16.211455
912	[(11,764),(25,1072),(26,2065),(35,3172),(44,3142),(49,164),(58,2240)]	15.387169
913	[(2,1387),(31,371),(45,991),(75,2087),(77,1902)]	16.439886
914	[(51,2982),(84,189),(92,2853)]	15.705447
915	[(8,1153),(18,3260),(42,576),(46,2300),(48,2475),(56,2535),(77,1133)]	24.750149
916	[(1,872),(21,3252),(47,1390),(48,1374),(77,137),(83,138)]	15.572840
917	[(18,1952),(33,2286),(68,1398),(88,363)]	15.588560
918	[(18,1484),(20,1036),(23,190),(48,67),(71,2302),(77,926)]	15.230173
919	[(27,1029),(37,2145),(54,760),(58,290),(72,2407)]	15.416378
920	[(23,1662),(26,2393),(32,2590),(70,746)]	15.354118
921	[(2,2652),(82,134)]	15.253569
922	[(11,1246),(45,3023),(87,1065),(92,2982)]	15.016700
923	[(53,1792),(57,2944),(91,1951)]	16.282561
924	[(26,2746),(32,1208),(45,210),(47,288),(59,2591)]	14.929029
925	[(8,2525),(55,1162),(72,3120),(77,1754),(90,2553)]	15.153156
926	[(36,1532),(42,2436),(48,1947),(53,2164),(59,2758),(67,2212)]	15.515308
927	[(39,2786),(53,2375),(85,1563)]	17.887348
928	[(4,1247),(58,2658),(92,116)]	30.889546
929	[(31,2767),(32,1276),(60,3130)]	18.853159
930	[(33,2607),(68,34)]	15.120549
931	[(1,2039),(27,1515),(33,826),(45,104),(49,873),(58,3232),(60,456),(82,1573)]	15.088208
932	[(12,2691),(26,3187),(37,301),(42,1938),(74,171),(77,959)]	14.864170
933	[(13,1143),(75,2141),(78,525),(82,1109)]	15.200833
934	[(13,821),(17,117),(35,562),(65,845),(72,2435),(90,3080)]	15.598154
935	[(5,1557),(8,2905),(10,579),(72,14),(84,882)]	18.444995
936	[(1,2036),(38,2893),(69,2745),(83,2610)]	15.133840
937	[(6,1845),(8,2769),(30,1770),(32,1257),(35,3244),(42,2456),(43,1626)]	15.338355
938	[(20,2998),(56,2387),(58,1640)]	17.418457
939	[(52,886),(59,3194)]	14.963626
940	[(27,597),(49,1109),(51,1310)]	15.839970
941	[(2,1487),(3,2020),(18,1358),(19,692),(37,587),(60,3007),(90,2795)]	17.809133
942	[(0,1152),(14,3192),(19,713),(24,3231),(33,1482),(40,706),(43,2550),(44,1599),(71,3156),(84,1760),(90,1115)]	21.515770
943	[(1,1077),(2,474),(25,482),(29,2178),(63,1830),(82,2510)]	20.346286
944	[(4,2287),(37,487),(61,354),(68,1844),(89,2323),(92,1581)]	15.424383
945	[(5,3089),(16,2249),(46,1680)]	15.546030
946	[(62,1680),(64,681),(70,1756),(90,1722)]	20.010606
947	[(22,3019),(30,2120)]	17.991525
948	[(60,2329)]	15.866649
949	[(0,1810),(12,3198),(17,1052),(23,2646),(35,1279),(36,2618),(40,1422),(53,2623),(79,1481)]	18.525141
950	[(32,1604),(39,3261),(59,1846),(75,3071)]	15.425367
951	[(2,1640),(4,611),(9,1371),(13,841),(38,2533),(44,2806)]	15.079430
952	[(38,2118),(48,935),(61,2854),(77,899),(82,3258),(86,2384),(87,1470)]	16.286014
953	[(3,2471),(9,2996),(11,1273),(22,3270),(24,3103),(26,2988),(27,616),(49,257),(58,868),(61,491),(69,2365),(83,2785),(88,2916),(91,2321)]	16.489375
954	[(3,150),(23,863),(29,1161),(42,1449),(84,2830)]	17.072004
955	[(15,77),(25,2704),(35,553),(45,1933),(68,1660),(77,3070)]	15.026683
956	[(9,1834)]	15.265278
957	[(3,2282),(36,893),(47,2228),(51,2956),(56,1010),(68,2719),(84,2393)]	15.397403
958	[(2,1217),(11,2027),(39,1394),(42,1009),(86,2482)]	14.934726
959	[(51,150),(73,2146)]	15.323031
960	[(6,2433),(31,2226),(39,1545),(75,1420)]	15.069803
961	[(8,758),(19,1910),(31,1112),(81,1507)]	14.996374
962	[(3,1167),(11,561),(21,698),(59,2470)]	15.082644
963	[(40,2075),(41,3065),(51,2285),(54,2617),(78,236),(91,3167)]	15.128081
964	[(25,951),(38,3017),(67,962),(77,2441),(83,2736)]	14.911390
965	[(2,2786),(89,2226)]	15.568797
966	[(4,3146),(18,2036),(46,2133),(49,3056),(53,525),(54,1814),(57,778),(67,1713),(74,2026)]	15.560282
967	[(64,2641),(85,2625)]	15.355863
968	[(4,2480),(29,3051),(36,1023),(51,710),(68,1309),(76,3125),(81,1300)]	14.865818
969	[(8,3122),(13,2197),(34,2162),(47,2455)]	16.609909
970	[(78,1313),(81,959)]	15.331534
971	[(10,1150),(16,2460),(53,245),(54,2963)]	15.574112
972	[(45,2225),(87,2117),(92,985)]	15.212931
973	[(56,2049),(58,1535)]	14.931091
974	[(7,453),(18,1662),(41,600),(84,2780)]	15.056117
975	[(53,99),(65,2507),(91,634)]	14.989262
976	[(17,1436),(22,2331),(36,695),(43,795),(82,866)]	15.112168
977	[(17,2019),(23,654)]	15.019541
978	[(32,2092),(59,2500),(62,1110),(64,2819),(66,2715),(75,144)]	15.031862
979	[(28,1848),(65,2052),(68,705),(69,1634),(80,1370)]	15.474171
980	[(7,2048),(14,1696),(36,1103),(45,247),(80,450),(82,64)]	15.701296
981	[(7,1390),(11,2151),(37,1476),(53,2914),(74,192),(88,16)]	15.473658
982	[(35,2052),(37,3113),(39,1503),(59,2380),(81,1682)]	15.191683
983	[(28,584),(30,647),(39,943),(46,705),(56,1869),(70,2007)]	14.939771
984	[(15,3094),(65,2441),(72,2659),(73,821),(79,891),(81,1924)]	15.290930
985	[(5,142),(8,366),(41,2890),(44,1719),(75,2030)]	15.314978
986	[(19,881),(36,1228),(47,483),(50,2017),(51,1867),(78,1059),(90,626)]	15.127508
987	[(9,1002),(14,1343),(28,2558),(45,13),(46,2919),(53,598),(70,1501),(71,1794),(76,1938),(89,1773)]	15.063052
988	[(24,1035),(30,2558),(37,226),(46,2877),(60,1348)]	15.152806
989	[(23,1623),(40,1566),(46,2225)]	15.496532
990	[(23,890),(40,357),(57,2985),(58,1255)]	15.552560
991	[(5,1744),(24,1976)]	15.100040
992	[(3,2293),(30,2747),(45,2036)]	25.404927
993	[(7,135),(8,2604),(9,2882),(10,2317),(21,2667),(51,1910),(60,497),(86,1420),(92,2724)]	24.469407
994	[(17,2462),(42,2822),(59,2356),(62,1983),(65,2943),(73,2427)]	15.643542
995	[(2,1567),(39,1835),(57,2174),(81,2131),(84,1316),(90,2946)]	15.062862
996	[(4,2698),(24,1063),(31,1270),(44,875),(47,244),(69,2836),(71,732)]	16.332766
997	[(16,2567),(39,2371)]	15.964774
998	[(18,2328),(29,3190),(47,1028),(68,2241),(72,2214),(79,1229),(89,2185)]	15.120854
999	[(16,2198),(32,2001),(40,446),(45,1481),(85,3032)]	16.397188
