ruleset_index	matches	time_ms
0	[(15,3766),(17,3041),(22,3711),(60,4951),(61,2013),(63,4927),(72,3190),(75,2511),(80,5141),(83,592),(85,2693),(87,5877)]	21.249671
1	[(13,3246),(14,1686),(32,870),(47,3571),(58,2637),(64,4214),(75,4627),(81,2714)]	21.506164
2	[(12,777),(19,145),(27,4538),(31,3964),(46,1167),(48,3280),(50,3727),(62,4889),(65,5141)]	23.367035
3	[(7,5323),(27,136),(28,680),(44,1191),(51,4764),(62,221),(64,3970),(77,1443)]	23.849044
4	[(2,1336),(20,545),(27,224),(38,4675),(42,4934),(59,1708),(69,3175),(74,569),(87,4451)]	21.911017
5	[(40,3403),(54,3927),(56,3050),(59,5273),(74,4111)]	21.322092
6	[(4,599),(8,594),(37,1950),(41,158),(45,4303),(79,724),(84,3564)]	21.990473
7	[(8,2085),(38,5834),(41,1680),(42,3419),(54,738),(59,673),(63,5428),(82,2229)]	21.203640
8	[(13,3064),(22,2878),(40,2485),(44,1166),(48,4706),(51,2778),(62,390),(83,4460),(86,2239)]	21.668188
9	[(12,3479),(43,1828),(68,646),(69,2117),(72,386),(90,2843)]	22.087691
10	[(0,3043),(3,1437),(9,2886),(11,5225),(24,5496),(25,730),(28,4445),(58,4622),(86,2745)]	20.806527
11	[(49,3700),(55,29),(59,5235),(70,1459),(79,2637),(84,2458),(86,1183)]	21.233645
12	[(6,5845),(12,1051),(19,901),(32,4808),(48,1244),(61,5038),(83,3392),(90,1381)]	21.966570
13	[(10,2703),(15,1277),(26,3039),(49,1068),(50,257),(69,2162),(77,1484),(87,2250)]	22.139637
14	[(13,5876),(16,4471),(44,1827),(53,4216),(56,2308),(57,2346),(66,5830),(72,348),(86,4192)]	23.985054
15	[(5,3867),(6,259),(16,4608),(30,1102),(36,5489),(45,2878),(55,4379),(72,1744)]	22.527430
16	[(5,637),(13,2475),(22,1188),(32,4180),(35,4095),(45,3484),(55,2416),(63,4679)]	22.078661
17	[(3,322),(7,2167),(15,4288),(55,3741),(64,1513),(84,4529),(88,3300),(91,992)]	21.054637
18	[(3,4223),(9,2094),(37,1128),(39,3659),(40,4344),(49,909),(58,1632),(63,378),(71,4390),(89,5318),(90,3856)]	21.238128
19	[(1,5402),(33,2451),(37,3608),(39,993),(43,3555),(67,1808),(69,2609),(86,553)]	21.100660
20	[(13,1856),(18,5527),(33,4827),(42,400),(49,1974),(57,5653),(90,3139)]	21.569417
21	[(3,1017),(17,726),(32,1780),(35,2270),(50,3286),(65,1875),(79,1726)]	20.631498
22	[(11,125),(59,5129),(63,426)]	21.048801
23	[(2,4747),(18,4029),(31,570),(37,5376),(50,3603),(56,5194),(64,2317),(66,3592),(67,2184),(79,3968),(82,2606),(88,1317)]	21.430897
24	[(3,2794),(6,1789),(70,2646),(91,2945),(92,496)]	22.750458
25	[(6,2598),(36,520),(37,2789),(52,3493),(54,4195),(55,271),(57,1634),(83,2370),(88,4310)]	21.618409
26	[(2,5401),(20,5238),(21,4184),(22,4974),(27,279),(37,5742),(41,2422),(50,3471),(59,788),(61,4007),(73,4015),(89,2939)]	23.216789
27	[(14,308),(51,5410),(70,5511),(71,3006),(74,4308),(80,2557),(84,5897),(88,2234),(91,1692)]	23.349590
28	[(1,1962),(5,3124),(7,416),(90,4050)]	29.632701
29	[(24,4236),(34,3647),(51,1909),(59,1847),(66,1903),(69,193),(89,2901)]	41.823751
30	[(1,3745),(37,1585),(41,5724),(54,2586),(64,5032),(88,2635),(92,3821)]	23.575945
31	[(1,4106),(15,5464),(29,639),(30,5327),(34,2336),(45,4973),(83,1082),(86,94)]	21.964127
32	[(1,2050),(40,3716),(44,474),(48,2887),(60,1941),(66,2319),(73,2367),(77,3695),(78,1155),(83,3923),(84,5194),(89,5578)]	21.733934
33	[(12,141),(36,595),(44,3376),(48,5689),(52,5445),(62,238),(65,4202),(76,3396),(80,3956),(88,4739)]	21.188648
34	[(3,2489),(27,5212),(45,4378),(50,5507),(55,4399),(68,5651),(79,659),(84,2889),(87,2779)]	20.866291
35	[(20,1235),(29,556),(31,2913),(59,4304),(64,3999),(76,4084),(77,3916),(78,2762)]	22.045574
36	[(29,1239),(32,5430),(34,4691),(35,3350),(64,285),(78,25),(81,1976),(85,3803)]	21.170540
37	[(37,4386),(40,2272),(56,1320),(60,3978),(88,2499),(92,3254)]	21.127546
38	[(18,5858),(25,3326),(49,5584),(52,2876),(70,5081),(72,1378),(81,131),(83,3026)]	20.886831
39	[(14,92),(16,3027),(36,4097),(43,3985),(48,1784),(57,2562),(62,888)]	21.095904
40	[(20,4761),(22,4889),(30,5554),(52,4620),(53,534),(54,5437),(66,4451),(68,1087),(73,5436),(74,5261)]	21.454739
41	[(3,270),(12,3144),(13,845),(28,1011),(36,5095),(51,5619),(66,398),(71,3552)]	20.650390
42	[(29,5738),(58,2808),(64,5397),(74,5540)]	21.017486
43	[(2,4304),(17,2288),(19,2865),(33,52),(43,994),(55,3300),(57,3819),(89,3495),(91,518)]	25.162463
44	[(3,3271),(5,1377),(10,5216),(14,2872),(21,2775),(47,5471),(56,992),(85,3528)]	21.358568
45	[(2,1950),(5,3127),(11,5186),(22,5553),(28,4487),(46,4131),(50,1760),(65,5348),(87,1808)]	22.893969
46	[(19,917),(20,3171),(38,115),(56,4493),(80,4459)]	22.415147
47	[(2,2092),(11,4774),(16,284),(18,67),(19,2),(36,4497),(37,1072),(72,4713),(77,5035),(78,4427),(83,4497),(84,1072),(88,2696)]	20.921137
48	[(5,5418),(9,2335),(28,625),(30,2605),(44,1327),(46,2079),(59,4410),(73,3265),(87,3190)]	23.391368
49	[(5,1838),(7,4174),(14,5529),(18,5313),(29,5398),(55,4993),(67,5780),(75,1046),(85,3573),(87,4426),(88,2320)]	21.619086
50	[(7,1923),(11,5002),(32,5085),(42,3030),(64,5505),(67,5637),(70,444)]	20.585112
51	[(3,1303),(13,2741),(20,1794),(29,3214),(33,5177),(48,3507),(55,1552),(68,4236),(75,218),(82,5860),(83,1877)]	21.682463
52	[(7,4544),(17,3888),(49,1985),(50,1701),(76,3605)]	20.658760
53	[(2,894),(3,5433),(13,4949),(30,4778),(64,2620),(65,627),(72,4190)]	21.104344
54	[(9,5271),(10,4651),(31,3286),(33,2506),(39,3239),(46,1136),(48,5331),(53,5345),(70,2234),(73,1327),(82,4738),(85,3420)]	21.606729
55	[(14,3001),(21,1800),(26,4451),(34,2351),(48,5397),(59,5109),(60,3402),(66,1694),(73,501)]	21.191032
56	[(11,5721),(17,2607),(41,5525),(44,41),(46,739),(53,2612),(63,3838),(70,2170),(78,4774)]	20.724831
57	[(15,1861),(17,1188),(59,1159),(77,5280),(84,1380)]	21.973820
58	[(6,5747),(12,824),(15,4144),(25,2797),(45,5229),(48,1011),(53,1700),(59,1715),(67,5923),(78,4396)]	20.894534
59	[(2,3775),(21,4731),(36,3706),(46,4553),(48,2134),(50,1584),(58,548),(62,5306),(70,3692),(85,1187)]	20.829422
60	[(4,5537),(17,3914),(47,1676),(51,866),(57,836),(58,5425),(66,5498)]	21.252168
61	[(0,404),(2,2014),(6,3653),(15,2047),(16,2886),(17,1010),(23,524),(47,2868),(66,3192),(76,3275),(82,1502),(83,2799),(88,1925),(90,5770)]	21.640929
62	[(0,4471),(20,2304),(48,2961),(56,1769),(73,4845),(77,103),(80,826),(86,4554)]	21.505757
63	[(10,221),(18,3659),(24,247),(38,5591),(44,2791),(58,3935),(80,2253),(82,5312),(87,1967),(88,1959)]	22.811781
64	[(27,120),(32,5143),(43,2216),(60,2237),(66,4388),(72,1627),(81,242),(88,1804)]	21.273496
65	[(2,80),(7,3939),(10,5794),(11,3293),(13,3003),(44,297),(57,459),(73,3855),(87,1001)]	20.587665
66	[(11,2979),(26,5575),(55,5174),(61,554)]	20.825143
67	[(5,97),(7,5195),(22,2170),(57,4323),(64,3599),(69,2340),(90,4335)]	21.722370
68	[(0,4438),(12,4870),(17,1707),(18,2190),(71,4122),(75,2812)]	21.265842
69	[(2,3297),(6,2353),(7,220),(20,5912),(39,13),(72,377),(77,4169),(80,1452)]	21.795521
70	[(33,3782),(34,4016),(38,3737),(67,1714),(80,3171),(81,260),(83,3828)]	21.918023
71	[(1,2919),(26,2691),(78,602),(88,540)]	21.194748
72	[(16,5232),(32,1283),(35,5624),(44,5742),(47,5380)]	20.950906
73	[(0,2417),(11,5523),(39,2860),(82,5791),(90,74),(91,1446)]	28.652875
74	[(7,119),(18,5890),(34,4057),(54,2502),(65,2398),(70,1543),(92,5751)]	22.999322
75	[(35,5056),(44,675),(46,5768),(81,1982),(90,3483)]	21.495312
76	[(35,205),(36,653),(51,1673),(53,4571),(60,590),(77,745),(82,544)]	40.474977
77	[(8,5391),(23,3655),(34,3965),(50,2842),(61,2237),(68,700),(80,3889)]	21.217398
78	[(9,5048),(10,1485),(51,5112),(63,672),(75,2863),(87,4906)]	21.242995
79	[(9,3270),(32,5201),(35,5236),(44,4436),(50,5110),(73,1573),(75,4718),(76,4600)]	20.693377
80	[(6,5292),(14,4334),(20,201),(23,3300),(28,4211),(34,5355),(37,4422),(57,3165),(59,2107),(80,2966)]	23.669415
81	[(45,5638),(48,1911),(56,1736),(58,609),(79,2610),(81,4596),(92,5306)]	24.378088
82	[(31,1144),(32,1465),(48,1328),(50,5290),(52,3578)]	46.377386
83	[(12,1377),(20,4386),(28,4744),(29,4319),(31,139),(37,1393),(40,3686),(44,683),(53,1445),(65,4574),(78,68),(84,5633)]	43.333059
84	[(11,2632),(14,733),(15,3891),(25,3100),(42,141),(51,3237),(52,532),(55,3583),(57,5035),(60,2736),(72,4102),(85,982),(86,661)]	44.244736
85	[(11,4364),(14,1088),(33,582),(35,5303),(53,4895),(54,3005)]	44.689560
86	[(18,3293),(20,3003),(28,5489),(38,5925),(62,3819),(89,2771)]	42.973521
87	[(21,749),(30,5365),(32,3084),(52,4620),(73,5213),(84,1104)]	41.333480
88	[(43,2016),(49,2058),(55,5475),(62,5221),(70,28),(72,913),(83,4502),(86,2550)]	42.131992
89	[(26,521),(27,4660),(37,399),(55,3974),(60,3446),(77,1966),(80,2223)]	40.877497
90	[(19,4568),(35,743),(37,4609),(56,236),(68,3728),(72,4971),(86,1634)]	42.725402
91	[(0,960),(3,2769),(27,2913),(38,5471),(63,407),(73,3386),(78,4034),(79,1604)]	41.489867
92	[(12,4041),(27,1267),(34,1090),(35,5892),(39,1235),(40,2851),(42,3656),(43,5707),(59,2847),(65,3999),(80,5486),(85,1474),(89,5328),(90,473),(91,5190)]	41.624011
93	[(16,5447),(37,472),(74,5675),(75,2613)]	41.495768
94	[(14,2516),(38,222),(41,2446),(47,2061),(49,5032),(82,81),(90,5566)]	41.181747
95	[(13,2678),(37,1368),(42,5192),(53,4002)]	41.073165
96	[(21,235),(40,573),(42,488),(53,4806),(56,1101),(75,217),(77,521),(79,5578)]	41.583540
97	[(1,1953),(2,3506),(9,2218),(19,2439),(21,2301),(28,2873),(32,3160),(35,3661),(37,3175),(46,559),(71,5921)]	42.230273
98	[(3,1150),(10,4085),(13,2601),(14,456),(38,4137),(44,4398),(46,4955),(51,4968),(61,534),(71,4892),(89,3570)]	42.943919
99	[(7,5546),(12,3052),(13,3325),(15,2160),(25,297),(29,4797),(32,5732),(35,3089),(50,3211),(59,1194),(61,5439),(65,1486),(73,4420),(78,4859),(86,722),(87,1274)]	42.591128
100	[(1,2786),(4,4492),(21,319),(29,859),(33,3667),(46,3554),(67,3745),(72,4410),(90,1122),(91,4817)]	43.622478
101	[(12,5365),(15,1121),(21,1102),(27,4517),(47,4138),(49,4697),(52,2731),(56,5627),(74,4352)]	42.397598
102	[(9,4108),(16,338),(18,2745),(20,1324),(21,1207),(23,1229),(41,2488),(72,5522),(77,2521),(84,4057)]	43.035251
103	[(16,4662),(20,1736),(22,716)]	44.448285
104	[(0,1669),(8,1442),(23,882),(28,3984),(29,3723),(47,733),(48,3891),(62,2988),(65,2667),(71,4525),(75,1252)]	43.042724
105	[(9,5492),(29,5326),(31,537),(50,3942),(82,5084),(89,1521)]	44.906648
106	[(5,3806),(11,5698),(19,2860),(48,1664),(64,5587),(69,2862),(81,5340),(87,5633),(88,2602)]	41.389596
107	[(12,3546),(41,5453),(48,1280),(49,5461),(60,5701),(62,1801),(69,1065),(73,4305),(77,3794),(80,3118),(87,1599)]	40.830806
108	[(40,2755),(73,463),(89,437)]	41.563234
109	[(5,880),(10,3481),(15,5026),(20,4332),(40,124),(60,1584),(82,4482),(85,2000),(91,1000)]	41.072207
110	[(20,3681),(29,706),(31,1317),(33,4677),(36,5504),(55,4925),(63,4386),(75,3161),(84,315),(90,2156)]	40.468737
111	[(2,4610),(11,2440),(23,4561),(35,763),(43,2628),(48,5738)]	41.154027
112	[(11,5460),(29,4285),(48,1436),(54,4398),(63,2520),(75,1144)]	40.002883
113	[(15,3326),(19,295),(67,667),(71,3018),(80,5090)]	40.789130
114	[(15,358),(37,1063),(41,991),(54,5912),(60,2700),(79,2674),(82,5463),(86,1723)]	46.574374
115	[(0,5519),(7,527),(17,4566),(23,507),(34,2140),(45,1865),(53,3898),(58,1950),(63,1740),(66,5575),(72,5224),(80,4984),(89,2691)]	42.234461
116	[(14,2571),(22,1019),(30,5610),(31,5369),(43,5059),(46,1647),(52,5617),(53,3072),(60,4932),(68,1701),(80,1651),(81,4287)]	44.598806
117	[(25,551),(28,2695),(39,493),(41,2670),(80,1951)]	44.995645
118	[(0,3419),(17,4137),(21,2696),(59,5905),(77,2138),(92,3516)]	40.685263
119	[(15,4342),(16,5620),(43,4826),(68,3020),(82,1520)]	41.825031
120	[(1,5179),(10,3083),(31,1900),(68,1045),(74,5782),(83,1903)]	41.614506
121	[(9,4234),(26,4970),(30,5554),(58,941),(61,991),(63,3371),(73,3193),(86,1416)]	46.847758
122	[(14,2756),(18,2634),(19,2877),(37,3598),(38,3501),(54,2974),(60,284),(66,2870),(70,2181),(89,1226)]	42.374454
123	[(12,2611),(14,5865),(19,3111),(38,1329),(43,4516),(47,1774),(52,3992),(53,2372),(55,1252),(59,1289),(67,395),(74,5249),(80,3168),(89,3505)]	41.617542
124	[(0,2659),(2,331),(10,5108),(16,1628),(26,5349),(32,1672),(38,5391),(42,2030),(43,1174),(49,2133),(75,5767)]	43.466343
125	[(22,2384),(34,2547),(46,4483),(47,2300),(81,3987),(91,1683)]	42.720827
126	[(3,4108),(8,337),(9,2241),(31,4627),(40,4400),(74,1927),(77,3926),(85,5603)]	42.724699
127	[(18,2371),(24,903),(43,5909),(50,4687),(54,555),(66,2383),(70,5894),(71,487),(76,5836),(88,4220)]	42.877843
128	[(7,5127),(9,5062),(15,5046),(29,5667),(57,4978),(71,2266),(79,2154)]	49.725185
129	[(27,2839),(28,3815),(29,630),(31,5358),(32,619),(44,4773),(45,2689),(48,1853),(53,1688),(72,2901)]	51.816868
130	[(5,1463),(12,2840),(30,2989),(42,3168),(54,4883),(58,3176),(71,5572),(78,2585),(83,277),(84,4861)]	42.868609
131	[(22,4915),(33,5336),(41,3060),(46,5306),(50,1631),(51,976),(71,3846),(80,1081),(90,1271),(91,4008)]	41.382390
132	[(21,3714),(39,396),(56,2891),(67,879),(75,861),(79,1563),(82,3517)]	45.268405
133	[(9,373),(31,4871),(32,5210),(56,3400),(70,491),(76,2354)]	43.887739
134	[(19,5386),(43,2323),(53,3144),(61,2279),(69,289),(79,3645),(86,3144),(87,845)]	42.365366
135	[(8,3945),(22,3724),(29,3969),(34,2690),(61,5921),(65,5817),(90,5406)]	42.075204
136	[(0,5890),(21,3597),(36,4071),(52,382),(69,1609),(88,4436)]	41.824718
137	[(0,4853),(11,1586),(22,2512),(56,3372),(69,5213),(82,5371),(89,4822)]	41.245801
138	[(16,716),(25,755),(62,2853),(63,2221),(64,3618),(79,4213),(90,5655)]	41.361651
139	[(14,2738),(21,3826),(33,5325),(35,693),(42,2311),(43,3408),(71,915),(76,5762)]	42.025655
140	[(16,5786),(37,4743),(58,3245),(74,3380),(76,2040),(85,977),(86,1369)]	43.153786
141	[(3,4493),(17,2863),(19,3497),(24,3513),(46,1971),(49,4821),(50,3419),(57,1730),(65,3614),(83,1170)]	38.820939
142	[(2,4963),(3,2999),(8,3973),(19,889),(27,4268),(41,2007),(43,3853),(66,4963),(74,3654),(77,1246),(87,5385),(90,5229)]	42.625615
143	[(9,5770),(10,1450),(29,1421),(37,5466),(39,3353),(60,585),(63,5843),(67,1961),(79,1206),(92,1126)]	40.757583
144	[(5,2832),(23,5407),(27,1207),(57,1263),(64,5478),(67,21)]	40.286445
145	[(0,2698),(6,1140),(21,5905),(23,750),(44,1839),(47,310),(56,5663),(63,1431),(64,1704),(73,2215),(91,4797)]	40.796116
146	[(2,3321),(6,1388),(11,5529),(39,5906),(64,5250)]	45.965533
147	[(15,5276),(32,700),(38,3939),(54,2969),(56,3477),(64,4967),(65,4518),(67,288),(78,3367)]	47.314138
148	[(6,5775),(10,4477),(23,5345),(26,871),(29,1995),(53,3009),(63,2334),(69,2297),(83,2009),(84,5080)]	40.730615
149	[(2,401),(3,2867),(5,606),(24,3281),(29,2918),(38,3676),(39,4187),(41,4384),(45,2250),(56,4644),(83,4889),(86,2187)]	40.215624
150	[(11,3951),(27,5852),(30,1856),(38,4160),(40,3074),(55,2707),(62,3882),(64,5360),(72,4816)]	39.657347
151	[(6,2874),(15,2553),(28,4514),(37,5474),(54,3709),(84,149)]	40.798763
152	[(2,550),(35,5831),(52,849),(57,1204),(60,4978),(78,3045)]	40.482072
153	[(41,159),(48,5905),(91,4663)]	41.786033
154	[(0,3063),(10,3806),(39,1911),(43,897),(44,4362),(48,3608),(58,1142),(68,2721)]	50.686279
155	[(15,5648),(40,4701),(44,5),(48,3269),(50,5623),(63,1277),(69,997),(75,4242),(92,596)]	51.748585
156	[(8,2012),(41,2811),(64,1776),(67,1883),(74,2372),(78,163),(79,3878)]	42.838211
157	[(5,5925),(13,1895),(38,2837),(44,5052),(46,5223)]	47.119653
158	[(7,4802),(9,2420),(55,1223),(57,3556),(64,4653),(75,136),(76,680)]	46.366591
159	[(0,4199),(16,1559),(19,2833),(68,1808),(82,3597),(85,5668),(87,1665)]	41.407509
160	[(1,550),(10,1742),(16,149),(19,5844),(21,5605),(23,794),(28,935),(30,1221),(33,1855),(39,4274),(45,4416),(50,2190),(59,326),(72,5337)]	43.962788
161	[(3,5349),(28,704),(44,757),(52,539),(64,5654),(76,2843),(80,4909),(88,3531)]	40.179962
162	[(9,1651),(16,4517),(20,4176),(23,1859),(34,1435),(40,3016),(57,1314),(65,3868),(71,2147),(74,4363),(78,5922)]	41.980989
163	[(20,2324),(23,11),(44,164),(48,787),(56,926),(73,5438),(81,5006)]	46.038552
164	[(18,171),(32,1154),(47,701),(52,1138),(70,4565),(72,1854),(86,138)]	51.234602
165	[(6,1996),(21,5195),(35,3972),(44,1427),(53,3628),(71,1976),(72,3093),(91,1998)]	44.353588
166	[(1,3793),(5,950),(26,2701),(31,5526),(51,4838),(57,3619),(59,5219),(60,1016),(87,3532)]	39.665872
167	[(7,4137),(36,3021),(47,3800),(77,3878),(89,5112)]	43.153257
168	[(5,1352),(7,230),(13,5843),(18,4145),(26,3427),(66,4252)]	49.585671
169	[(2,3628),(5,4062),(7,5721),(18,5573),(21,2497),(60,349)]	44.799433
170	[(13,3697),(14,3053),(17,3945),(47,2443),(50,4607),(57,1563),(62,2279),(81,1638),(83,1114)]	48.398068
171	[(2,412),(23,4564),(43,1350),(47,5812),(48,2049),(60,3406),(64,5337),(69,2167),(77,11),(83,5356),(85,1705)]	44.106248
172	[(32,5652),(33,5642),(37,1782),(53,5548),(59,3863),(64,3759),(66,3023),(71,1379),(75,1874),(76,1661),(87,5160),(92,5391)]	44.164872
173	[(27,4684),(34,3250),(44,3590),(47,5597),(55,179),(64,5093)]	43.900755
174	[(8,4240),(14,4625),(24,3890),(25,1598),(31,4541),(33,2611),(38,2813),(41,3111),(61,5090),(67,2115),(70,2995),(77,4457)]	43.477387
175	[(2,187),(7,870),(28,1973),(34,3864),(54,3496),(58,3483),(73,2740),(75,40)]	43.298557
176	[(9,376),(32,27),(35,3731),(58,4693),(59,3578),(66,593),(75,4485),(77,45),(82,403),(84,3355)]	36.626437
177	[(10,265),(13,1836),(28,5724),(40,4536),(53,5878),(61,5568),(65,2390),(68,2708),(80,3261)]	21.302192
178	[(1,1590),(5,300),(31,3315),(34,1438),(41,5553),(61,2995),(90,117)]	20.807854
179	[(3,5213),(7,389),(19,2024),(20,479),(36,898),(43,5088),(56,166),(60,33),(67,1677),(68,4491),(87,4547)]	20.487229
180	[(1,738),(10,5637),(16,2057),(32,776),(70,4677),(80,1141)]	37.186042
181	[(13,1866),(20,690),(28,2625),(39,1503),(57,2989),(58,5784),(75,1335),(86,1258),(88,3472)]	28.788662
182	[(31,4479),(34,909),(61,2431),(74,3767),(90,1414)]	21.406205
183	[(43,4339),(47,4456),(50,4483),(59,1173),(65,3419),(73,2404),(83,2068),(89,1725),(90,765),(91,1123)]	22.452679
184	[(5,997),(10,3661),(14,3297),(20,4970),(41,1198),(57,3164),(72,2136),(92,1405)]	21.636999
185	[(14,4462),(18,2902),(42,5032),(54,301),(61,5302)]	20.968559
186	[(15,1528),(21,4776),(34,1543),(47,147),(50,5870),(51,1898),(53,5203),(61,5892),(74,695),(78,3676),(86,3200),(87,5506)]	21.313424
187	[(28,2622),(35,4567),(52,1500),(77,4944),(78,5372)]	20.611260
188	[(9,1883),(11,2125),(15,3371),(43,974),(60,1926),(85,2931),(88,1884)]	20.760595
189	[(5,5256),(14,1641),(21,2431),(56,443),(63,3812),(84,506),(90,3052)]	20.564276
190	[(6,1318),(11,5603),(14,67),(15,2),(34,2533),(35,2174),(37,3961),(42,5877),(49,70),(58,5771),(62,2699),(63,2707),(72,5529),(73,118),(84,427),(85,4112)]	23.498341
191	[(2,1703),(4,3861),(17,5758),(26,3685),(50,1991),(77,640),(88,4702)]	21.791972
192	[(11,563),(13,4437),(28,2256),(41,2296),(54,610),(60,116),(65,4693),(66,3578),(74,4531)]	20.689967
193	[(0,3694),(6,4791),(22,628),(35,4317),(56,142),(64,382),(67,4080),(82,3865),(83,907),(85,1959),(89,388),(90,2670)]	21.258177
194	[(23,3010),(48,4606),(52,437),(53,4875)]	20.925381
195	[(2,2351),(7,1057),(15,1273),(16,2114),(21,2256),(25,228),(36,4412),(44,199),(70,725),(74,2406)]	21.361100
196	[(0,1099),(4,381),(11,5333),(20,1318),(28,5547),(54,5912),(80,5368)]	20.858941
197	[(4,4320),(16,2742),(26,4426),(36,768),(40,1532),(65,104),(70,1657),(72,5700),(76,2036)]	21.201787
198	[(9,2983),(20,2491),(31,3305),(34,152),(37,4795),(50,2598),(51,1378),(66,508),(84,3094)]	20.931529
199	[(6,2595),(20,1174),(23,2068),(44,2463),(56,5056),(77,1742),(89,322)]	21.624718
200	[(7,5853),(10,1045),(11,2067),(18,2525),(50,1183),(55,5568),(88,1347)]	21.373296
201	[(2,896),(6,3971),(20,1093),(22,5321),(26,4410),(44,2914),(53,2673),(91,3849)]	20.957800
202	[(7,4702),(15,4557),(65,1713)]	20.842816
203	[(3,3428),(41,2349),(46,850),(49,3061),(85,1662),(87,2598),(88,1057)]	21.773356
204	[(1,4311),(4,3926),(14,3875),(43,1136),(49,2506),(59,2700),(60,1608),(63,4625),(73,2934),(74,3365),(77,5449),(79,3114),(81,2825),(89,3687),(90,4805),(91,546)]	21.428139
205	[(6,4290),(10,2072),(14,1981),(18,2138),(25,2826),(32,2962),(46,517),(65,4691),(66,3350),(78,804),(79,216),(92,4733)]	22.671450
206	[(4,3143),(16,4159),(18,2526),(34,5303),(35,3389),(38,3748),(47,5464),(49,370),(58,2482),(64,266),(70,5160)]	20.802219
207	[(5,1352),(10,1251),(14,1600),(30,1227),(43,5382),(57,2927),(60,2632),(71,2547),(74,2026),(92,1077)]	22.622842
208	[(4,1038),(35,5250),(41,5143),(45,4923),(54,1654),(68,4204),(83,2289)]	27.773878
209	[(2,3299),(16,1204),(26,2255),(36,359),(41,5011),(46,2729),(48,5797),(49,1270),(69,1875)]	22.356482
210	[(13,4337),(15,1444),(16,3745),(23,2335),(24,2008),(35,3649),(38,2456),(41,2072),(77,5742),(86,5014)]	24.092564
211	[(17,4073),(26,281),(31,3897),(32,2657),(47,3556),(51,2545),(56,516),(65,3337),(71,2568),(89,3615)]	22.028200
212	[(1,3960),(6,2100),(8,3219),(12,2267),(66,4503),(70,5633),(71,2602),(83,4934)]	21.394993
213	[(8,2857),(15,4522),(55,4882)]	21.610776
214	[(0,1057),(12,3886),(22,4121),(24,952),(43,3125),(44,5631),(48,1566),(84,3178)]	21.003825
215	[(4,4433),(10,3894),(12,3430),(22,1904),(32,1262),(50,4521),(51,3980),(72,3636),(89,1325)]	20.520517
216	[(19,1926),(21,627),(31,5104),(45,3154),(64,2199),(71,710),(72,4757),(74,1423),(78,3950)]	21.610598
217	[(1,4671),(8,2399),(14,2151),(15,422),(39,756),(43,1769),(52,1488),(60,4147),(66,3537),(84,306)]	20.527151
218	[(14,4323),(20,3018),(45,4569),(47,2614),(63,2328),(72,1064),(80,4085),(86,3712),(91,1916)]	20.760043
219	[(12,5803),(28,4791),(50,882),(53,3983),(66,5924),(73,5089),(83,938),(89,1777)]	21.009768
220	[(7,3229),(13,2902),(17,3845),(22,1865),(23,2823),(30,3974),(44,5054),(59,1882),(62,4109),(64,3889)]	20.570345
221	[(4,2319),(49,4185),(53,465),(64,505)]	20.561765
222	[(16,924),(24,2525),(51,2101),(52,1544),(53,938),(68,3854),(79,1462),(87,2002)]	20.671085
223	[(23,316),(34,119),(90,3437)]	22.232807
224	[(24,4594),(57,928),(71,1020),(76,3738)]	21.180635
225	[(9,2811),(14,268),(23,1954),(25,4810),(33,5396),(49,951),(53,1750),(56,2468),(57,768),(62,3229),(63,1524),(72,1126),(77,877),(78,3564),(85,5396)]	21.851493
226	[(0,838),(2,1315),(3,3459),(23,5121),(28,1555),(40,765),(55,1335),(80,2059),(89,409)]	29.364481
227	[(2,713),(25,1002),(26,3919),(31,627),(71,5332),(74,3210),(77,3833),(88,2480)]	40.618265
228	[(1,3131),(30,729),(48,2467),(52,5587),(76,1851),(79,1486),(83,629)]	31.857301
229	[(23,2087),(24,2718),(28,3078),(32,5072),(57,1651),(83,2639),(87,5465)]	21.796247
230	[(8,3910),(36,360),(37,5514),(41,4791),(52,2301),(71,1737),(72,1972),(80,545)]	22.839701
231	[(35,3217),(37,3262),(50,4672),(70,1331),(73,2980)]	22.349559
232	[(8,4932),(14,132),(22,3306),(30,745),(37,5860),(44,2931),(53,5844),(55,5289),(60,3974),(66,710),(69,5135),(71,5360),(73,564),(86,3679)]	22.117134
233	[(17,3445),(28,4919),(32,1339),(46,3482),(62,1162),(63,1056),(81,5359)]	22.287437
234	[(1,24),(16,5868),(18,4491),(27,2905),(40,5099),(52,3042),(56,4292),(61,3764),(68,3050)]	22.860091
235	[(7,2510),(13,4741),(27,3945),(56,4099),(73,2615),(76,753)]	27.648189
236	[(44,3449),(45,4357),(67,1016),(84,2667),(86,3673)]	21.152833
237	[(2,482),(20,3430),(26,2075),(27,1391),(39,1436),(51,5616),(52,2805),(85,1363)]	24.105457
238	[(27,5853),(34,2383),(36,2378),(51,3128),(54,4067),(71,2523),(79,2475)]	21.813371
239	[(4,3729),(8,4794),(29,1148),(34,5122),(45,5854),(57,2524),(62,3712),(65,1646),(74,3816),(77,1296)]	21.479684
240	[(3,942),(4,4904),(18,3859),(27,2324),(29,982),(40,3431),(41,1918),(44,5240),(51,3372),(54,4419),(57,3157),(69,5290),(70,4054)]	21.063553
241	[(6,2790),(8,5511),(19,4304),(38,4463),(47,4394),(50,1653),(52,2351),(71,3359),(92,1569)]	20.859494
242	[(0,2121),(4,1100),(10,5597),(25,5376),(37,3500),(38,5849),(47,498),(52,2526),(69,4833),(73,3458),(74,4952),(76,3981),(87,3586)]	22.633174
243	[(7,4973),(15,472),(22,5706),(27,4845),(37,2255),(69,4261),(82,5778)]	46.039737
244	[(6,3678),(20,1463),(32,2914),(40,1321),(41,4674),(50,381),(54,1723),(58,1954),(60,4810)]	24.378435
245	[(17,2816),(56,1938),(59,5334),(76,5395),(79,2878),(84,5121)]	21.361557
246	[(3,1512),(29,5715),(33,699),(37,1604),(71,4221),(72,5590)]	21.599579
247	[(8,4622),(45,2533),(46,2174),(60,1209),(72,1375),(78,664),(79,2243),(80,942),(85,2171)]	20.896623
248	[(10,3121),(16,5438),(19,348),(67,4201),(75,3403)]	20.868490
249	[(11,4397),(17,165),(19,4554),(20,3315),(48,3698),(57,4794),(63,1224),(76,5449),(82,5128)]	21.395452
250	[(0,2152),(4,365),(11,4309),(15,3894),(25,1995)]	28.878229
251	[(31,2854),(32,280),(35,794),(46,748),(52,2528),(53,4266),(72,2417),(84,5881),(89,177)]	29.400982
252	[(1,1718),(16,5208),(29,3281),(39,4397),(58,5798),(60,1267),(66,4416),(81,1011),(87,1598)]	21.413830
253	[(7,5514),(17,755),(52,2251),(54,2828),(88,4840),(92,790)]	20.931789
254	[(2,1162),(13,97),(16,1604),(29,1446),(38,3936),(44,5515),(51,351),(68,2737),(72,2096),(83,1635),(84,1252)]	21.238339
255	[(1,898),(26,835),(33,2961),(41,2527),(53,1147),(65,2829),(76,3222),(82,2924),(86,1865),(88,4242)]	23.200805
256	[(1,1048),(28,5516),(46,1369),(74,2467),(75,2274),(78,2265),(91,4738)]	22.253830
257	[(28,5688),(29,5192),(37,5352),(38,2433),(42,8),(46,383),(48,2261),(50,2011),(52,115),(66,2814)]	32.603627
258	[(7,4432),(10,1519),(19,4804),(42,5027),(54,2882),(66,3943),(92,349)]	42.961746
259	[(2,2949),(45,5469),(49,309),(71,3934),(74,2644),(84,4549),(85,1823),(90,4211)]	42.495985
260	[(8,5715),(13,164),(30,5160),(35,3368),(51,5752),(64,3664)]	42.701562
261	[(3,2035),(6,1231),(33,652),(45,5874),(72,2279),(76,1293)]	42.356870
262	[(9,3474),(16,3726),(25,5887),(27,1832),(30,4999),(39,4718),(51,3812),(66,3608)]	42.740276
263	[(5,3044),(13,1282),(28,2028),(58,3658),(66,1627),(85,2824),(88,5262),(90,1776)]	44.814837
264	[(2,5877),(55,1253),(57,4002),(68,3469),(79,838)]	49.256271
265	[(0,4998),(34,5926),(55,2465),(57,3568),(63,3929),(73,1132)]	33.379844
266	[(19,1868),(48,5089),(69,4854),(73,1025),(74,1862)]	21.137318
267	[(12,1718),(17,4960),(31,43),(51,2517),(63,4625),(72,4228),(78,5584)]	21.331817
268	[(5,3575),(7,4998),(50,4522),(65,2889),(68,1014),(72,4218),(73,4266),(77,3717),(81,3523),(88,2406)]	20.901456
269	[(33,4059),(42,4191),(47,1509),(49,3985),(79,3927),(82,5715)]	21.890594
270	[(19,1370),(39,2973),(87,4193)]	21.276132
271	[(12,4449),(29,3046)]	21.206926
272	[(5,1610),(7,585),(18,823),(91,2130),(92,626)]	21.915459
273	[(3,3639),(25,5926),(30,3416),(51,1947),(64,1042),(70,4710),(75,2162)]	20.910037
274	[(9,1743),(43,5041),(69,2414),(82,5904),(87,5901)]	20.879001
275	[(1,1291),(3,30),(4,2415),(33,1938),(39,2496),(49,3434),(56,3877),(70,4551),(72,2532),(79,4685),(84,4800),(90,2145)]	20.959136
276	[(6,5180),(10,1986),(19,4699),(34,4779),(42,771),(44,3076),(55,5467),(75,3095)]	20.655711
277	[(1,1755),(2,1069),(29,2740),(41,4713),(51,5646),(56,2024),(78,997),(79,3521),(92,758)]	20.746043
278	[(6,5101),(7,7),(9,1799),(24,633),(39,1684),(42,102),(65,2260),(73,3106),(76,2794),(90,2274)]	22.288111
279	[(16,4569),(19,2270),(21,2762),(23,5463),(25,258),(28,3),(52,5570),(53,1941),(57,4554),(85,1816)]	21.347985
280	[(5,1188),(17,2449),(45,3442),(54,3176),(56,2809),(60,3991),(70,2283),(71,5049),(80,2138),(81,2804)]	21.386020
281	[(4,1562),(14,356),(31,198),(32,2037),(40,1271),(41,4008),(59,3729)]	21.201189
282	[(1,2031),(12,5419),(14,3004),(33,3716),(51,5501),(92,2650)]	21.223401
283	[(8,5771),(18,2283),(35,2007),(84,3235),(86,1227),(90,1692)]	21.555571
284	[(10,3356),(23,3084),(25,2130),(31,4619),(34,3241),(38,5110),(39,5334),(45,1216),(52,4752),(67,1776),(83,4920)]	22.063275
285	[(1,789),(33,588),(42,2313),(72,2905)]	23.343199
286	[(9,3359),(14,652),(16,5674),(28,3719),(37,4780),(51,4060),(59,4849),(62,1593),(68,4663),(83,2743)]	20.965697
287	[(22,2261),(30,3055),(32,304),(33,3675),(71,1294),(80,212),(89,3489)]	22.251187
288	[(5,326),(15,3171),(17,1752),(28,3992),(29,2372),(43,2035),(45,4834),(48,2176),(53,2650),(67,2643),(73,3855),(78,1214),(83,3164)]	27.157068
289	[(1,3444),(85,3168)]	21.364128
290	[(8,2719),(16,4041),(21,1099),(25,5044),(38,3208),(44,3945),(52,2629),(57,5009),(60,5169),(62,809),(84,2696)]	22.347890
291	[(8,4341),(27,354),(28,3563),(29,3278),(32,5005),(41,663),(44,3328),(45,1683),(53,5113),(55,5882),(70,380),(86,455)]	21.032470
292	[(14,4493),(50,1410),(74,852),(80,126)]	21.374394
293	[(11,4328),(22,1167),(57,5780),(66,348),(78,4048),(80,2059),(85,5134),(88,1062)]	21.348403
294	[(0,49),(2,382),(37,1292),(42,3577),(45,1482),(49,2060),(59,4350),(60,2719),(69,4175),(72,5675)]	21.296863
295	[(15,5786),(18,653),(39,1454),(45,2400),(72,4491),(86,5254)]	20.778817
296	[(8,2505),(10,3912),(12,5833),(34,1866),(45,210),(51,3321),(55,5815),(77,1205),(92,5625)]	21.232777
297	[(0,3826),(9,5550),(17,2087),(23,1094),(25,3678),(26,4226),(39,2234),(47,3529),(74,1583),(76,194),(81,3511),(88,1360),(89,2771),(91,5567)]	21.740149
298	[(8,4848),(10,5518),(11,4306),(26,1922),(42,2696),(43,1589),(51,5491),(55,2029),(58,2352),(66,638),(77,4217),(84,3238),(89,1585)]	21.048486
299	[(16,3855),(18,1950),(21,760),(33,3398),(49,4354),(58,4192),(67,3701),(76,1624),(82,4836)]	21.199816
300	[(15,4298),(26,1029),(30,2558),(36,299),(47,5265),(51,5329),(52,2774),(59,2736),(69,676),(78,3277),(90,5475)]	24.367894
301	[(11,1876),(17,760),(25,2501),(35,796),(41,2210),(83,4238),(88,5088)]	21.514912
302	[(2,5421),(22,1245),(31,2883),(42,4637),(49,1237),(63,4576),(77,2928),(78,2562),(87,1542),(91,2063),(92,4400)]	21.654646
303	[(17,227),(26,2948),(28,5543),(39,2657),(44,2582),(60,655),(63,5593),(73,3447),(76,3698),(79,1551),(86,4676),(88,2597)]	23.438764
304	[(0,5703),(4,3781),(9,5340),(60,2324)]	21.133877
305	[(1,970),(34,4793),(42,1722),(43,5607),(51,5283),(58,877),(72,4139)]	24.749492
306	[(5,5581),(46,5328),(48,1591),(55,3252),(66,3310),(85,1829),(92,2705)]	24.914423
307	[(42,1238),(47,4924),(51,2617),(71,4520)]	23.973789
308	[(2,5663),(4,5105),(18,1491),(29,4963),(47,1228),(48,1316),(56,5440),(86,1632)]	20.812400
309	[(15,4141),(26,2921),(39,1720),(45,147),(51,654),(63,3168)]	22.184254
310	[(19,3621),(20,1831),(34,3324),(45,861),(46,2328),(58,2210),(61,2372),(67,1958),(70,2940),(73,3363),(77,5321),(84,5370)]	30.872884
311	[(10,2889),(11,737),(25,5652),(42,1574),(65,4063),(67,5417),(72,2148),(77,3070),(80,3836),(84,5862),(88,4640)]	35.334597
312	[(15,4703),(28,3621),(48,4657),(53,3324),(71,4164),(80,2767),(84,2979),(87,4194)]	21.004381
313	[(1,4258),(4,3122),(11,5043),(20,821),(48,5875),(72,2705),(82,1627)]	20.705242
314	[(2,4545),(15,4019),(24,5697),(44,1583),(56,461),(61,613),(69,5917),(74,1489),(76,562),(88,3346)]	20.678355
315	[(12,4302),(19,271),(23,4275),(30,1092),(52,3077),(56,465),(61,467),(63,1824),(70,4938),(71,1412),(75,4806)]	22.954518
316	[(18,5883),(37,4256),(43,2389),(52,867),(54,739),(63,4251),(78,4764),(81,3368),(85,5830),(86,5811)]	21.958164
317	[(1,1147),(24,3655),(28,1021),(29,2571),(51,4361),(63,3543)]	20.906912
318	[(2,4938),(14,461),(17,3233),(35,309),(52,3826),(66,5492),(73,4769),(82,1618),(89,3647)]	21.266258
319	[(3,1555),(4,2524),(6,3694),(27,980),(32,173),(34,3349),(38,1547),(39,981),(53,3079),(65,423),(68,3774),(85,129),(90,309)]	21.301964
320	[(12,2988),(42,5245),(55,986),(72,4710),(78,530),(92,4937)]	20.851873
321	[(0,4638),(3,534),(4,5437),(7,4860),(24,3494),(35,3378),(38,5287),(57,2729),(65,125),(69,4050),(70,4382),(73,1453),(80,1849),(82,1583),(84,194),(87,207)]	21.048675
322	[(18,1466),(28,1789),(32,2410),(58,4999),(63,2220)]	20.877001
323	[(0,626),(1,838),(7,698),(23,1711),(35,5583),(48,1827),(54,1053),(57,4685),(82,3276),(83,571)]	21.097994
324	[(12,2006),(25,622),(35,832),(45,22),(49,3796),(69,3461),(77,2267),(83,93),(88,1911)]	21.074379
325	[(11,361),(17,3336),(27,4508),(30,5714),(34,3824),(47,178),(49,955),(59,3148),(61,4419),(68,3290),(81,3070)]	21.120061
326	[(4,5456),(6,5891),(26,2514),(38,5073),(52,2447),(57,5870),(62,1136),(81,4317)]	20.850247
327	[(3,3675),(17,2556),(47,3553),(53,2358),(65,1561),(77,3254)]	22.223960
328	[(29,4838),(40,3356),(41,4664),(57,4620),(71,3073),(86,628)]	21.578855
329	[(3,4006),(14,4110),(22,1856),(23,5061),(34,1218),(42,3711),(56,4888),(58,2202),(66,5418),(85,2272),(87,3866),(89,2632)]	21.575400
330	[(2,4881),(15,5807),(20,2611),(22,1130),(31,4533),(40,2582),(46,2499),(58,2890),(73,1685),(91,2839)]	25.873550
331	[(0,2874),(20,2839),(40,1467),(44,1682),(49,3318),(53,3329),(71,1673),(82,5661),(92,2071)]	21.678898
332	[(4,145),(6,5149),(7,2959),(16,739),(31,912),(49,3307),(51,910),(90,3304)]	27.447987
333	[(15,1594),(16,4573),(23,1833),(24,1684),(32,2966),(43,4140),(71,1914)]	23.561112
334	[(6,3648),(10,251),(27,5807),(39,5478),(61,3126),(81,5289)]	22.601752
335	[(30,4273),(55,4888),(64,3816),(72,5072),(76,2024),(85,2597)]	21.955494
336	[(1,3685),(9,2486),(43,2727),(60,1248),(69,4717),(91,406)]	21.715795
337	[(14,4849),(16,3777),(31,117),(46,5592),(56,4875),(84,1461)]	21.076257
338	[(7,3118),(28,1520),(65,103),(69,5381),(79,712),(90,3146)]	21.893841
339	[(2,1051),(16,3562),(22,2243),(23,942),(41,1839),(50,1800),(53,1158),(81,936),(85,3665)]	20.973930
340	[(12,701),(39,5802),(41,2322),(58,384),(59,3818),(60,4911),(69,629),(75,226),(76,1597),(90,5749)]	21.323622
341	[(5,980),(15,4978),(28,1600),(64,2274),(84,3319)]	20.977548
342	[(0,4185),(6,550),(17,2069),(19,5884),(21,803),(25,3059),(34,3223),(35,1223),(43,2205),(50,900),(70,3501),(71,4225)]	20.922754
343	[(0,5267),(15,5187),(16,3637),(20,3074),(38,4707),(39,5737),(51,5269),(53,90),(74,3147)]	20.995368
344	[(1,5810),(11,4342),(12,5620),(14,2062),(15,5324),(18,5295),(26,2840),(32,5411),(39,5516),(45,3821),(55,1166)]	21.169598
345	[(0,4598),(10,4635),(15,252),(16,908),(54,1848),(67,4873),(86,2807)]	21.636904
346	[(2,4948),(12,1506),(17,1185),(31,222),(33,2478),(39,5362),(42,126),(45,2733),(64,4630),(68,4692),(70,4342)]	21.117265
347	[(20,1682),(39,2987),(44,1611),(51,256),(67,2815),(68,61),(84,4723),(89,1556),(92,228)]	22.175512
348	[(14,4440),(17,4399),(38,3347),(41,327),(52,1854),(65,1114)]	21.730069
349	[(11,293),(27,1956),(33,2222),(35,1051),(40,1587),(41,284),(42,664),(43,2243),(53,1631),(70,4705),(75,1868),(78,1540),(85,5364),(87,2717)]	22.409025
350	[(17,1007),(63,2589)]	20.774156
351	[(14,4111),(18,4572),(20,4738),(25,38),(39,5646),(48,4681),(52,632),(53,4814),(63,5880),(72,3364),(89,1826),(90,3984)]	21.690841
352	[(23,706),(29,1655),(31,2944),(48,5682),(71,2051),(73,3317),(82,1934),(91,4657)]	24.073136
353	[(14,4975),(32,3984),(46,2479)]	21.732185
354	[(41,3734),(49,3507),(75,412),(81,346),(85,1708)]	21.265835
355	[(1,239),(2,4628),(6,741),(9,3434),(29,5663),(39,1884),(58,2863),(70,3324)]	28.089934
356	[(5,1942),(12,2936),(16,3732),(28,5745),(40,1930),(44,2148),(46,3973),(48,1692),(62,2380),(73,2693)]	23.852068
357	[(18,138),(38,2992),(55,4449),(72,447),(90,5862)]	39.231884
358	[(1,468),(14,2401),(18,5399),(20,430),(30,5658),(31,1076),(38,5547),(50,5434),(52,2676),(63,1965),(80,5361),(91,5446)]	22.203997
359	[(6,1431),(7,1704),(11,5276),(26,990),(47,3715),(52,2415),(83,2624)]	22.009321
360	[(7,1308),(13,5383),(16,3805),(21,3488),(28,3484),(33,5798),(45,4676),(51,3173),(57,2313),(69,4521)]	23.112426
361	[(2,2328),(20,3092),(31,4165),(38,787),(42,486),(46,852),(60,5757),(61,3231),(69,4336),(77,5121)]	21.342232
362	[(18,2874),(27,959),(58,1452),(62,3453),(70,4838),(80,577),(82,2731),(92,5632)]	21.079214
363	[(21,4488),(23,4298),(51,5903),(55,914),(59,1110),(63,312),(81,1992)]	21.512219
364	[(4,1619),(6,5084),(11,4947),(36,1155),(40,5500),(43,5088),(46,2222),(49,4889),(74,3388),(78,415)]	21.945191
365	[(37,1719),(41,5396),(46,3507),(49,1036),(63,2148),(67,4751),(75,1504)]	20.921418
366	[(12,4685),(18,4515),(35,3283),(59,524),(65,4431),(86,5754)]	20.893774
367	[(0,5212),(3,5739),(27,2899),(30,649),(40,2927),(43,2552),(57,1024),(70,5723)]	20.828400
368	[(6,1671),(9,4659),(14,4959),(19,5053),(63,2711)]	21.086990
369	[(7,3228),(13,4185),(21,3350),(32,848),(44,4872),(48,4916),(49,2564),(53,4606),(67,2025),(73,669),(83,3459)]	22.250103
370	[(26,853),(27,780),(41,1477),(42,1688),(58,5923),(67,1676),(89,3963)]	21.240040
371	[(4,3915),(5,427),(6,4112),(11,4841),(21,4771),(27,662),(41,835),(43,5760),(49,2293),(61,5096),(65,1477),(70,3150)]	21.332877
372	[(19,3887),(43,4932),(58,195),(79,1017),(82,1173)]	20.499197
373	[(4,4082),(23,5382),(34,1085),(51,1478),(57,1373),(60,1177),(61,4996),(68,912),(73,5054),(85,2825),(89,4067)]	22.741643
374	[(20,2423),(28,4257),(29,1700),(37,5570),(39,3719),(60,219),(61,2980),(68,3646),(77,5817),(81,4569)]	23.324849
375	[(0,194),(12,86),(15,2492),(32,5318),(35,1482),(50,1557)]	20.742949
376	[(3,4770),(6,4492),(11,1825),(13,5509),(17,5709),(35,48),(44,2365),(51,2820),(53,2470),(57,230),(62,304),(67,4584),(76,5462)]	21.106635
377	[(9,2178),(11,3448),(19,3122),(27,816),(41,3898),(45,5539),(50,5606),(51,3430),(57,3237),(58,532),(62,485),(64,5001),(68,985),(76,867),(83,1958),(92,5803)]	27.872392
378	[(2,2265),(4,4480),(6,2951),(23,1894),(26,3741),(81,3725),(83,1766),(89,1108)]	21.795862
379	[(12,3877),(14,2123),(54,232),(70,1808)]	21.035155
380	[(16,5050),(28,1888),(29,663),(69,2520),(92,4178)]	20.953309
381	[(1,968),(20,2072),(29,5247),(38,2183),(67,3596),(91,3816)]	21.589056
382	[(5,1475),(19,3175),(26,1422),(33,5248),(35,3641),(46,2156),(57,2580),(60,1133),(76,5520),(77,3335),(79,2145)]	21.408291
383	[(4,1821),(9,1788),(19,5359),(21,4819),(32,1574),(44,4490),(81,5831),(87,40)]	20.837520
384	[(0,2571),(4,5707),(8,4297),(14,4678),(17,497),(24,4609),(27,3193),(76,960),(82,153),(91,3608)]	21.063803
385	[(4,5477),(21,2941),(28,1133),(45,3440),(51,4287),(56,5869),(64,4733),(75,5732),(84,2688),(91,1052)]	20.719370
386	[(7,5500),(9,3167),(17,1514),(28,4833),(54,4526),(63,4352),(87,3190)]	20.993492
387	[(7,2834),(35,882),(45,2575),(50,1689),(57,853),(59,363),(61,5077),(65,5303),(66,3389),(78,3006),(80,1585),(84,4557),(87,5603)]	21.561304
388	[(1,4777),(4,271),(27,4534),(32,5078),(34,4389),(40,5228),(44,2736),(53,3941),(56,4544),(61,5456),(65,2254),(73,2960)]	21.638698
389	[(1,61),(33,22),(36,2937),(37,4569),(39,5896),(50,5527),(58,1409),(59,951),(70,4313),(75,19)]	21.330108
390	[(9,1566),(26,2610),(49,2401),(61,74),(62,1446),(69,2191),(73,1783),(78,3417),(79,83)]	22.819888
391	[(2,290),(29,4906),(35,1384),(74,1061),(76,517),(82,3164)]	20.772421
392	[(10,2438),(11,3609),(13,900),(18,4518),(21,3552),(27,3046),(32,3925),(42,166),(59,1919),(60,1692),(65,1346),(78,2549),(79,183),(81,2404)]	22.546564
393	[(17,1823),(19,15),(20,4975),(21,3320),(57,5078),(64,29),(69,3891),(78,883),(85,2323)]	21.391674
394	[(20,234),(26,4060),(27,5459),(28,5257),(31,4250),(38,3705),(61,5329),(62,4383),(74,129),(78,5399),(89,5084)]	21.157105
395	[(23,3173),(48,2449),(57,5051),(69,2017)]	20.853530
396	[(1,4721),(3,2254),(8,2606),(16,1913),(22,297),(38,5918),(52,1097),(60,676),(66,493),(68,2670),(81,4417),(82,2604),(84,4194),(87,3661)]	21.169391
397	[(4,5591),(35,484),(45,1380),(51,641),(63,3431),(67,1990),(72,3451)]	23.967896
398	[(2,5002),(14,4433),(28,3723),(75,4579),(84,2921),(90,2421),(91,3191)]	20.886727
399	[(4,845),(19,5057),(32,1739),(43,724),(78,827),(82,704),(83,1330)]	21.939619
400	[(13,3238),(27,2191),(48,2313),(56,2677),(59,4202),(63,5306),(68,873),(69,392),(72,5058),(83,5552),(84,818),(92,1891)]	23.830312
401	[(7,284),(8,217),(25,3716),(37,2517),(43,2110),(44,812),(55,4231),(59,957),(60,56),(74,5336)]	21.281902
402	[(0,3900),(4,5414),(15,3967),(50,5855),(54,1346),(60,80),(68,2006)]	20.966529
403	[(23,341),(51,1655),(55,958),(73,3149),(74,5080),(83,2347),(87,1012)]	21.988592
404	[(5,5699),(7,4450),(9,1690),(11,2193),(21,2686),(22,1415),(27,2790),(79,4013),(89,642),(92,1164)]	41.559000
405	[(6,201),(17,108),(21,5025),(42,2915),(54,4097),(56,1462),(57,369),(64,5002),(65,1949),(67,960),(72,51),(78,5181),(87,4031),(89,3505)]	21.530073
406	[(33,2132),(34,710),(43,3917),(52,3753),(59,5568),(63,4389),(76,477),(91,4934)]	24.593671
407	[(12,2612),(19,3534),(34,1962),(41,2240),(65,3273),(69,188),(74,5011)]	21.167774
408	[(0,46),(1,2951),(11,1326),(25,5592),(28,2333),(74,2185),(80,3531),(87,5213)]	24.526883
409	[(9,3730),(26,3863),(48,4919),(51,2724),(65,5131),(66,2472),(69,5112),(83,1972)]	23.256318
410	[(6,1954),(8,3275),(36,1744),(39,4049),(46,3924),(53,2914),(55,4434),(60,4917)]	21.950704
411	[(10,4412),(14,2502),(25,4931),(28,5564),(36,4222),(41,5313),(50,2045),(67,1962),(81,4297)]	21.286486
412	[(9,3239),(21,1339),(28,1020),(35,4429),(41,4354),(64,2884),(72,1853),(77,4358),(88,3613)]	21.311765
413	[(3,3100),(10,154),(12,5511),(35,3469),(48,1945),(52,5205),(56,2002),(59,240),(73,4596)]	21.786679
414	[(3,2036),(15,1322),(20,2751),(39,5661),(57,171),(59,4747),(74,1501),(89,4972)]	20.849744
415	[(0,1240),(1,3905),(7,1495),(43,1786),(51,1245),(63,1055),(66,5597),(70,713),(78,4723),(87,3535)]	21.867825
416	[(12,2927),(19,5567),(21,4216),(24,4343),(27,468),(42,2117),(48,1715),(62,5231),(70,5856),(80,3856),(88,3784)]	21.195108
417	[(17,2590),(18,3889),(36,3769),(39,1081),(56,1931),(66,2171),(70,2120),(74,2679),(76,2366)]	21.036687
418	[(4,3416),(21,4154),(33,86),(42,3864),(66,1693),(67,4563),(81,4235),(91,5818)]	21.737894
419	[(8,3796),(24,2769),(29,961),(60,4238),(86,5538),(87,3098)]	21.891057
420	[(18,1105),(25,113),(30,5233),(43,5538),(74,5447),(84,1330)]	21.512023
421	[(6,3973),(11,5541),(27,491),(29,4937),(31,3026),(72,2579),(76,2442),(85,1447),(90,5807)]	22.967873
422	[(26,2485),(36,4468),(40,824),(42,489),(58,4224),(72,3636)]	27.974511
423	[(23,607),(31,2250),(34,3736),(44,4140),(48,728),(67,5710)]	22.020101
424	[(26,3714),(42,2958),(45,4388),(61,793),(67,2961),(75,1127),(92,5220)]	22.213813
425	[(14,3604),(20,1233),(21,2758),(23,1835),(27,4277),(53,1444),(57,1831)]	33.956463
426	[(22,2684),(29,5895),(33,2769),(37,2926),(64,3868),(68,1174),(71,489),(77,3101),(79,716),(91,422)]	21.142505
427	[(17,961),(33,223),(42,3497),(45,2930),(53,661),(90,1228),(91,1316)]	21.572852
428	[(11,1774),(22,5685),(28,146),(35,3616),(51,4603),(53,4475),(58,3947),(78,2048),(85,1281),(89,5893)]	20.872313
429	[(7,4336),(22,397),(36,3993),(40,661),(48,1018)]	21.486063
430	[(15,2282),(26,5216),(42,372),(53,722),(55,3822),(66,2971),(70,4620),(73,4507)]	22.323935
431	[(4,5231),(9,334),(11,2464),(13,5746),(21,2017),(27,4614),(31,5544),(43,4871),(44,5210),(50,1396),(58,1936),(59,5218),(74,1826),(92,5232)]	21.291013
432	[(4,3550),(7,1996),(10,2484),(11,4207),(27,3196),(62,5292),(63,826),(82,1508),(90,102)]	21.476237
433	[(11,56),(18,2550),(19,5227),(24,1581),(29,1163),(52,4682),(62,1543),(74,4404),(87,257)]	21.059184
434	[(12,4475),(25,3138),(39,2458),(45,714),(46,4494),(51,2564),(55,4606),(72,1532)]	20.638651
435	[(3,1160),(13,1714),(14,4478),(15,2424),(24,5741),(29,4515),(30,5551),(32,4574),(40,1862),(45,4780),(58,3354),(61,5901),(81,1),(84,658),(90,663)]	21.138797
436	[(2,5617),(37,2788),(62,5355),(75,5376),(83,5548),(91,5522)]	21.316767
437	[(5,2420),(11,4699),(31,5237),(47,2311),(48,3408),(53,2821),(64,2744),(67,1157),(68,3568),(90,4675)]	21.153945
438	[(1,3791),(7,5859),(14,3567),(19,4466),(31,4650),(37,1916),(39,1643),(68,5084),(69,2915),(73,3954)]	21.087988
439	[(13,929),(14,1331),(30,3401),(59,4054)]	20.841866
440	[(51,2173),(80,5027),(88,2353),(89,220)]	21.819803
441	[(20,3442),(23,5117),(54,1091),(55,4021),(61,2944),(71,3237),(72,532),(76,1764)]	23.837554
442	[(15,1055),(18,3332),(24,306),(37,1195),(46,4298),(57,3109),(61,372),(78,2808),(91,4427)]	21.928206
443	[(8,1711),(18,295),(40,3514),(65,3433)]	21.429172
444	[(11,5114),(18,3889),(23,2746),(40,3950),(49,733),(50,3891),(78,5898)]	23.659707
445	[(16,1204),(21,3751),(24,5891),(42,3463),(50,1203),(52,5259),(55,2900)]	21.379717
446	[(47,5587),(49,5413),(52,4604),(55,981),(67,4265),(69,3032),(90,110)]	21.427681
447	[(8,464),(10,3760),(18,3847),(30,4641),(42,1592),(58,4003),(72,4801),(75,1763),(82,4487)]	21.656359
448	[(5,2834),(29,1349),(40,3076),(43,1556),(59,1022),(70,1117),(86,3962)]	21.844492
449	[(19,713),(25,4359),(54,5228),(65,2687),(66,174)]	20.856186
450	[(2,4345),(11,5148),(19,2589),(66,4123),(87,3895)]	40.559412
451	[(18,1893),(32,4529),(33,4904),(37,3486),(49,4384),(67,226),(68,1597),(79,2171)]	23.378098
452	[(20,647),(28,962),(36,417),(40,3856),(47,2980),(59,400),(63,1500),(68,4549),(86,3740)]	21.255089
453	[(0,1434),(4,5788),(6,5866),(8,5480),(11,691),(52,5592),(59,5380),(71,12),(89,5848)]	21.055417
454	[(4,1644),(27,3647),(64,147),(68,1379)]	20.906461
455	[(8,3902),(9,4516),(10,1066),(23,4524),(27,3493),(42,5027),(45,1394),(58,1353),(62,283),(84,3536),(86,579)]	21.224386
456	[(19,1908),(38,3098),(43,602),(53,3472),(57,1496),(59,5629),(83,2242),(85,5573)]	20.723026
457	[(0,2679),(7,5538),(12,326),(36,4259),(37,3369),(45,3421),(59,4224),(74,4531),(87,2585)]	21.079827
458	[(0,4378),(8,98),(11,5119),(27,3025),(83,2890),(85,5801)]	21.207320
459	[(13,2153),(20,5031),(24,3985),(44,2527),(87,3237),(88,532),(92,2512)]	21.018179
460	[(3,840),(10,953),(17,5262),(23,494),(39,362),(43,5479),(47,2886),(48,1010),(53,716),(58,5058),(62,2063),(75,2559),(82,1572),(86,2721)]	21.374683
461	[(0,3707),(7,4208),(31,3826),(48,2982),(75,4872),(84,1388),(87,1010)]	21.034517
462	[(2,866),(4,3139),(21,326),(26,2021),(30,2318),(55,4066),(56,4641),(58,2577),(88,5780)]	21.180529
463	[(1,2675),(11,3268),(38,570),(44,5106),(66,931),(72,105)]	20.674960
464	[(7,1257),(17,2562),(19,4128),(24,287),(42,5703),(59,1201),(67,1892),(78,2369),(81,3437),(85,3606)]	20.835397
465	[(8,2598),(9,1378),(31,5167),(32,3188),(57,1273),(74,906),(91,3679)]	20.516206
466	[(4,3724),(13,3314),(30,5855),(39,1388),(52,3641),(57,3796),(61,5744)]	23.258535
467	[(14,5771),(28,68),(48,4830),(61,4895),(67,1905),(68,3760),(90,3027),(92,3547)]	26.823797
468	[(29,68),(70,1297),(77,3119),(80,1561),(91,5428)]	21.610460
469	[(11,4764),(14,2382),(23,565),(30,2835),(35,2675),(52,2101),(72,1217)]	21.796368
470	[(26,3532),(46,5256),(48,4848),(50,1635),(51,1252),(63,1293),(64,3517),(92,2768)]	22.623962
471	[(6,1727),(9,4227),(32,591),(43,1423),(59,678),(66,3859),(79,5002),(86,5880),(90,2895)]	21.343484
472	[(14,281),(24,5517),(38,2644),(60,5418),(67,3402),(81,1584),(87,5678),(91,187),(92,734)]	20.978209
473	[(5,161),(6,299),(14,1891),(36,4507),(64,2377),(72,2876),(74,5822),(77,5499),(78,64),(80,2015)]	20.945744
474	[(9,3241),(14,1514),(19,5586),(32,4984),(38,4903),(46,1668),(47,214),(81,1992),(87,5700),(90,2838)]	21.005316
475	[(10,3871),(12,4254),(27,2192),(34,4239),(41,859),(59,1903),(61,5497),(81,3330),(82,1944),(84,2176),(89,1726),(90,608)]	21.006348
476	[(32,4450),(48,3525),(53,2869),(59,4818),(69,4414),(72,3290)]	21.614428
477	[(18,2869),(20,2835),(26,5143),(50,4323),(52,3970),(61,4597),(63,5342),(66,3739),(68,3340),(69,1012),(83,2097)]	20.875443
478	[(5,5566),(11,4013),(29,849),(41,2913),(52,255),(65,3381),(91,1398)]	21.309248
479	[(0,128),(33,4404),(41,170),(51,1462),(52,2847),(61,894),(62,5433),(63,807),(84,2489)]	22.109699
480	[(6,2332),(21,1491),(34,2559),(57,5278),(62,1482),(72,3207),(83,3864),(87,3717)]	20.778703
481	[(4,293),(5,984),(11,5198),(22,861),(23,2328),(28,3930),(29,5020),(34,1771),(56,5237),(64,996),(66,2119)]	21.723991
482	[(2,428),(7,1071),(9,2098),(20,2180),(22,3673),(26,3586),(45,1435),(46,3989),(55,4098),(62,873),(63,392),(69,5680),(70,4172),(75,681),(89,3650)]	21.609622
483	[(6,4158),(42,979),(47,4342),(59,2472),(68,4538),(81,5252)]	21.161408
484	[(9,5194),(12,2669),(13,1460),(54,2107),(75,4301),(81,3085)]	21.953864
485	[(2,1880),(3,2339),(5,3410),(25,16),(26,4957),(31,5419),(35,966),(51,2040),(77,3080),(79,902),(80,2018)]	21.760266
486	[(0,1983),(9,1310),(11,3770),(17,369),(31,1078),(40,4601),(63,1448),(72,423),(77,5562),(78,1502),(79,2799),(82,3597),(87,2507)]	21.380934
487	[(14,3376),(20,5657),(24,2736),(26,1926),(51,5785),(71,3083),(86,2684)]	24.255423
488	[(1,953),(5,5724),(20,1838),(23,797),(29,5419),(86,2759)]	20.805338
489	[(5,1227),(20,4898),(22,3605),(53,5505),(57,2161),(68,262),(69,2436),(71,2130),(72,626),(83,3931),(88,2183)]	21.553872
490	[(4,3149),(36,243),(43,2688),(46,1808),(55,1474),(56,2376),(69,1306),(73,2551),(74,3421),(82,258),(90,1447)]	24.287443
491	[(14,1933),(43,458),(46,3194),(58,224),(60,386),(75,2849)]	21.384519
492	[(20,3344),(52,776),(64,2085),(72,1759),(73,5665),(75,1256),(84,1133)]	22.548913
493	[(1,4607),(20,1118),(28,2669),(30,1028),(32,477),(70,4007),(85,5139),(90,795)]	21.338664
494	[(1,1385),(3,3734),(15,1914),(17,4659),(24,554),(26,3258),(43,5743),(45,939),(47,5634),(56,2882),(59,337),(63,814),(73,5255),(76,5172),(83,2958),(86,5246)]	21.591395
495	[(1,5379),(6,4785),(12,2392),(25,1335),(39,1032),(53,1914),(68,4545),(73,3167),(76,4972),(85,513),(87,902),(91,3270)]	21.118759
496	[(11,2809),(32,5748),(37,4778),(40,5878),(47,2823),(60,718),(91,2002)]	20.852044
497	[(12,1975),(13,2463),(14,3638),(18,3553),(31,1104),(39,4457),(46,2352),(51,299),(70,2587),(78,5530)]	41.164000
498	[(2,1657),(19,3442),(21,1501),(24,1260),(33,1914),(35,4659),(47,2286)]	22.109626
499	[(5,4634),(12,2595),(22,4141),(40,1870),(51,4541),(59,3698),(66,4248),(72,2220)]	21.268190
500	[(7,1265),(26,2718),(28,2157),(43,527),(45,538),(64,3472),(68,5031),(81,143)]	21.513930
501	[(7,3398),(12,3770),(21,3245),(22,1874),(32,5775),(65,307),(71,2392),(72,2858)]	20.767058
502	[(9,1538),(30,2131),(47,1029),(53,472),(54,3063),(55,3969),(63,5319),(70,2530),(82,4688),(91,1396)]	21.089754
503	[(0,1005),(1,3095),(27,1373),(33,4107),(34,2184),(47,3983),(67,2666)]	21.641122
504	[(3,964),(7,5641),(21,4833),(33,3036),(38,5088),(56,5792),(75,3809)]	20.556695
505	[(0,4519),(9,2875),(33,2626),(40,1009),(51,4163),(70,304),(71,3675)]	20.802844
506	[(17,3491),(18,4132),(21,4341),(25,122),(27,2486),(52,3456),(57,4121),(76,1028),(78,477)]	20.783604
507	[(0,2436),(19,4554),(21,1211),(28,764),(34,4966),(41,610),(53,2462),(56,1747),(69,3778),(86,375),(89,3290)]	20.588157
508	[(2,1466),(3,235),(4,4686),(15,1883),(31,3266),(42,4219),(45,3152),(59,2734),(60,2598),(61,1057),(64,1699),(78,2617),(81,2091),(84,3397),(88,3409),(92,5637)]	21.970820
509	[(39,4065),(41,1917),(50,99),(60,4920),(61,3440),(75,2927),(79,5784),(82,3928),(86,5475)]	20.794998
510	[(8,4575),(14,1968),(20,1102),(28,2358),(29,4381),(42,4923),(47,2036),(58,817),(76,2627),(86,4210),(87,2433),(92,5165)]	22.147110
511	[(11,1807),(15,4461),(46,1151),(56,398),(58,284),(59,217),(63,588),(79,5153),(85,4151),(86,693)]	26.200087
512	[(11,1910),(16,3816),(19,92),(21,3982),(45,734),(46,5601),(50,1673),(56,3400),(64,3964),(82,2439)]	28.562960
513	[(16,1375),(24,5512),(25,3690),(44,1546),(48,1510),(50,4086),(52,1129),(61,3253),(64,2353),(81,2427)]	21.995982
514	[(15,3757),(20,3731),(21,4448),(30,3719),(36,5547),(60,2911),(67,4549),(87,3494)]	21.270349
515	[(14,650),(15,3888),(17,2121),(32,3580),(40,4176),(60,517),(63,2325),(64,4556),(67,2109),(83,4530),(85,2002),(91,2644)]	21.405693
516	[(3,3176),(22,156),(36,5811),(55,5897),(59,4380),(72,2808),(84,5843),(85,1046)]	21.954646
517	[(8,4220),(56,5144),(80,2011),(86,5413)]	20.902717
518	[(13,3595),(18,66),(20,1080),(40,2713),(45,2119),(51,1572),(53,5779),(62,3855),(65,5653),(66,4011),(67,4707),(74,4916),(77,846),(83,2983),(86,2305)]	20.619184
519	[(11,5183),(22,789),(27,3491),(45,5648),(61,4826)]	20.631374
520	[(13,4452),(16,1777),(25,5843),(28,539),(30,3060),(55,4078),(64,5161),(71,1197)]	20.652993
521	[(13,1583),(66,578),(82,5130),(84,5335),(87,4038)]	20.819194
522	[(18,2815),(19,61),(20,4680),(21,2486),(23,1691),(33,5849),(36,5466),(38,3353),(43,4189),(46,1661),(50,5328),(53,764),(69,3645),(72,648),(73,5527),(90,4233)]	20.968080
523	[(0,4690),(30,3313),(38,4829),(45,635),(61,228),(67,2606),(89,2288)]	20.842539
524	[(0,5859),(18,5465),(19,330),(27,4737),(29,1287),(35,5542),(53,4194),(55,5352),(63,2337),(67,3315),(80,2597)]	20.544476
525	[(22,1481),(31,2767),(52,2814),(57,4907),(64,3263),(73,3636),(75,3049),(77,2641),(83,505)]	21.170455
526	[(4,4644),(64,3472),(73,790),(78,860),(89,126),(90,926)]	20.792755
527	[(13,2168),(33,1989),(51,87),(64,1906),(67,1673),(69,2448),(80,4351),(88,1527),(90,1983)]	20.756617
528	[(1,2029),(9,2995),(16,1070),(20,162),(21,5548),(31,3313),(46,5310),(56,836),(73,5619),(85,5002),(86,1949),(91,2691)]	20.554171
529	[(6,4296),(11,3504),(28,207),(35,1599),(40,5209),(68,5340),(72,2959),(73,2513)]	21.901117
530	[(1,3256),(2,3581),(9,3524),(10,3791),(18,5622),(23,472),(34,1866),(48,2449),(75,5636),(82,2143)]	20.772224
531	[(1,3680),(28,2879),(30,989),(49,5814),(50,2408),(51,2681),(53,5516),(90,3409)]	30.236026
532	[(21,4921),(34,943),(38,728),(52,5046),(61,2123)]	24.299267
533	[(0,667),(12,5549),(17,4291),(24,2333),(41,5418),(54,2373),(73,4354),(83,5815),(89,975)]	21.713520
534	[(2,3005),(5,4204),(20,4881),(24,1032),(28,1469),(39,1248),(44,1132),(50,365),(61,395),(65,4604),(84,3090)]	20.779126
535	[(30,2973),(39,874),(51,5123),(52,56),(64,4472),(65,5613),(71,501)]	23.122857
536	[(7,1781),(19,2699),(20,2707),(30,4219),(63,771),(65,4793),(71,5431),(72,5421),(81,2850),(84,5923)]	21.377411
537	[(8,4073),(17,5592),(20,3432),(57,876),(62,3536),(69,4237),(75,1079)]	20.678288
538	[(17,4163),(23,2277),(24,3632),(47,5567),(59,1213),(65,2393),(67,1651),(73,4793),(75,517),(80,5155),(84,2941)]	20.822700
539	[(0,1244),(11,1010),(35,4613),(36,3129),(38,5496),(63,2278),(71,1465),(81,2947),(82,3783),(84,257),(86,3853),(87,4188)]	21.244204
540	[(26,3522),(51,3747),(54,4486),(63,5870),(70,4366),(74,3842),(87,5123),(88,56)]	20.795055
541	[(8,1932),(9,5861),(35,2612),(49,759),(53,4529),(62,4145),(64,3183),(76,731)]	21.800795
542	[(13,2444),(15,2348),(16,3040),(22,5411),(34,3596),(52,5504),(58,618),(63,5483),(79,5830)]	21.400348
543	[(0,223),(32,2036),(36,2612),(49,467),(54,3453),(59,1399),(64,3692),(67,2206),(85,3226)]	23.547740
544	[(1,2630),(24,4423),(38,1087),(44,2747),(58,3026),(71,1479),(75,5703),(81,75),(89,2996)]	39.585132
545	[(7,4878),(19,790),(20,3749),(26,3331),(28,5324),(35,4049),(42,423),(57,1673),(60,3699),(64,1786),(67,1169),(72,5296),(75,5771),(83,5655),(88,5461)]	21.259412
546	[(0,3815),(3,1113),(8,1130),(11,3707),(26,3146),(28,3600),(32,4755),(35,3198),(42,271),(43,3423),(46,2574),(52,592),(54,4591),(56,587),(57,1262),(74,2682)]	20.824404
547	[(10,2430),(15,1963),(24,2731),(33,602),(58,3566),(66,5217),(88,1718)]	21.144229
548	[(7,897),(8,4362),(11,5327),(12,4949),(39,464),(44,4854),(50,2039),(56,1739)]	20.983497
549	[(42,3962),(44,3998),(51,3293),(64,5258),(70,5438),(84,3360)]	20.644318
550	[(9,530),(53,1786),(62,2670),(76,1519),(82,1920)]	20.623971
551	[(36,1768),(42,2505),(62,630),(64,123),(65,1361),(73,759)]	21.395381
552	[(6,113),(8,4952),(15,2872),(20,2497),(31,1343),(37,5359),(55,2879),(57,4591),(63,5381),(70,4270),(92,1944)]	21.301423
553	[(9,5265),(37,2109),(43,2296),(45,1335),(56,306),(59,2028),(82,897),(83,4362),(86,3517)]	22.498263
554	[(9,262),(16,938),(20,1177),(22,73),(35,4899),(67,4621),(84,5464),(91,2760)]	20.847733
555	[(12,1474),(14,4256),(18,4573),(38,1461),(67,2608),(71,1448)]	21.847297
556	[(3,4791),(12,761),(16,119),(49,5504),(57,2770),(62,4534),(73,1373),(75,1514)]	22.623650
557	[(0,1951),(17,5128),(27,2544),(31,2823),(34,3108),(39,2631),(50,4919),(68,4065),(69,5294),(74,5289),(77,2401),(84,4620)]	28.111748
558	[(0,3676),(20,5182),(23,5635),(50,5730),(52,598),(64,4480),(76,2855),(81,919)]	22.470009
559	[(10,4298),(37,5783),(39,4984),(64,5230),(85,2324)]	21.277746
560	[(0,5069),(9,2531),(23,5726),(37,3506),(50,4392)]	21.863679
561	[(11,1223),(34,4211),(40,889),(43,720),(56,2762),(65,1923),(81,5756)]	21.476552
562	[(2,5598),(23,1883),(62,436),(69,2617)]	20.988774
563	[(2,1379),(15,2506),(19,1653),(23,3955),(59,659),(73,364),(81,3105),(91,4006)]	21.090005
564	[(26,473),(27,5190),(30,5505),(36,3197),(39,1529),(43,894),(48,4669),(66,4634),(67,3136),(72,2168),(83,3597),(87,4488),(89,1318)]	20.783512
565	[(22,1921),(29,2820),(39,3591),(44,3894),(56,2174),(83,4432),(88,5051),(90,3053),(91,3822)]	21.283982
566	[(3,5086),(14,4564),(44,1387),(68,2334),(76,5411),(83,2688),(90,424),(92,3943)]	22.198269
567	[(22,2669),(24,1028),(46,3641),(60,3844),(67,2277)]	22.108096
568	[(3,273),(8,4475),(30,3921),(33,5515),(38,1159),(41,2394),(43,320),(61,3697),(67,1515),(74,4764),(81,2120)]	21.588964
569	[(2,5729),(3,498),(8,292),(10,812),(15,92),(23,2107),(30,5427),(65,2433),(74,2719),(77,3695),(78,4085),(87,698)]	21.031629
570	[(1,407),(54,1668),(55,5138),(63,748),(72,3630),(91,5055),(92,952)]	21.350542
571	[(3,3210),(4,2937),(5,4569),(8,828),(36,3341),(41,5319),(61,2587),(68,1737),(71,1522),(81,1196),(83,4621),(85,1270),(87,2165),(89,1550)]	20.818378
572	[(10,5279),(11,1085),(20,4328),(21,1905),(58,5830),(63,2674),(69,731),(87,4002)]	21.087360
573	[(3,917),(4,3171),(11,1046),(15,1607),(18,4097),(27,404),(41,4688),(53,1345),(61,1342),(68,3541),(89,1019)]	20.927909
574	[(7,3185),(11,4249),(31,1839),(33,5792),(50,1675),(51,772),(60,4090),(64,2226),(85,329),(87,3654),(88,2909),(91,3609)]	20.859206
575	[(2,2618),(7,2206),(22,3079),(27,3399),(30,3786),(38,5156),(40,608),(46,4268),(58,520),(66,1118),(73,3544)]	21.085764
576	[(9,4472),(27,1427),(31,2487),(32,57),(74,4504)]	21.085425
577	[(2,2321),(60,557),(83,4402),(92,4175)]	21.406975
578	[(4,4599),(9,1426),(28,3030),(54,5083),(64,3872),(65,4972),(91,5134)]	24.491298
579	[(0,2437),(6,1814),(11,2215),(15,2734),(27,572),(28,5770),(34,427),(35,2141),(40,3849),(42,3812),(47,4571),(53,1024),(57,592),(59,1017),(61,2031),(85,3139),(87,5412)]	24.716604
580	[(1,4734),(9,3451),(22,18),(37,5844),(50,3981),(51,4471),(57,1852),(58,5699),(67,2946),(68,1460)]	23.457420
581	[(1,4865),(17,1711),(30,259),(43,4916),(48,1999),(61,1787),(71,5012),(90,2086)]	21.656413
582	[(15,5787),(19,2516),(31,5867),(40,5879),(49,5577),(53,3231),(55,3233),(57,835),(70,4862),(71,4550)]	20.773855
583	[(0,3213),(8,3087),(27,3173),(29,641),(37,3298),(57,3690),(61,3525),(66,3725),(70,3999),(72,3682),(82,1245),(85,498),(87,2605)]	20.541740
584	[(1,4769),(10,1813),(17,5249),(28,3738),(36,1067),(45,3817),(53,2970),(55,337),(56,2241),(63,4309),(66,176),(69,5741),(77,2248),(78,1395),(81,1808),(83,2609)]	20.782645
585	[(21,4767),(33,5690),(35,183),(38,1802),(45,319),(59,2403),(70,4338)]	21.041523
586	[(1,2909),(52,2405),(64,4096),(67,4649),(70,1059)]	20.409310
587	[(1,601),(41,2392),(42,2858),(49,4657),(58,1182),(64,4314),(90,2158)]	22.084518
588	[(0,2505),(22,3988),(32,4209),(36,4316),(50,5014),(59,1623),(78,1450),(84,4530),(89,3145)]	21.958278
589	[(15,5639),(23,175),(33,1776),(40,39),(50,2573),(70,4102),(74,240),(76,5917),(88,2094),(92,1794)]	21.146111
590	[(7,5610),(28,4298),(58,790),(61,3102)]	23.590986
591	[(5,4648),(21,1649),(70,5457),(80,4867),(83,2811)]	41.174877
592	[(0,5207),(22,2149),(27,4873),(29,3379),(58,5049),(91,5091)]	22.925774
593	[(6,120),(21,2969),(48,1965),(56,2146),(66,1619),(73,2716),(74,4133),(77,3020),(78,5872)]	21.395448
594	[(0,3742),(1,3755),(5,5611),(8,921),(12,3534),(48,5139),(59,5167),(75,5363),(92,1273)]	20.885840
595	[(0,5769),(6,3000),(23,5406),(25,2136),(38,629),(61,4868),(65,1445),(68,4077),(71,5161),(78,2813)]	21.022238
596	[(9,3770),(18,4163),(33,5650),(62,3489),(71,4248),(91,5665)]	20.964086
597	[(4,1772),(9,2683),(30,1956),(33,65),(34,4080),(43,4055),(56,3628),(59,4062),(62,5668),(71,5054),(78,4999),(80,2599),(83,4222)]	20.862958
598	[(0,5046),(2,239),(5,3879),(27,3134),(68,2023),(71,407),(86,4999)]	21.877300
599	[(4,4890),(13,1308),(39,5471),(43,5797),(63,1724),(70,393),(71,157),(91,5350)]	20.794245
600	[(1,663),(15,4758),(32,2316),(52,5059),(54,5472),(62,2957),(71,5513),(75,4988),(91,3213)]	21.828609
601	[(4,72),(39,3224),(46,1205),(53,5327),(55,1109),(66,3963),(67,1470),(86,225)]	20.985493
602	[(5,3696),(6,3858),(7,1537),(13,3853),(25,523),(29,3046),(42,317),(59,3003)]	27.658327
603	[(18,4827),(28,5254),(36,1612),(51,168),(58,1202),(60,148),(68,38),(71,657),(72,4443),(77,749)]	22.490870
604	[(10,3902),(28,5385),(46,231),(58,5019),(64,4372),(69,5842)]	20.647515
605	[(10,2634),(35,2271),(72,2962)]	20.801173
606	[(12,3597),(20,4452),(23,2828),(49,294),(63,4505),(65,1311),(71,3476),(72,2195),(82,3311)]	23.159687
607	[(15,3985),(48,2862),(54,2488),(57,472),(60,3232),(68,3730),(69,3089),(78,4715),(88,436)]	21.244795
608	[(1,3865),(26,1212),(28,3804),(34,2),(46,3039),(54,100),(57,4381),(58,1406),(78,5547),(91,3714)]	21.117127
609	[(6,3510),(22,1735),(33,3566),(34,4157),(47,1966),(51,2441),(56,1606),(61,5742),(80,557),(90,4059)]	22.273619
610	[(34,999),(36,3129),(40,4216),(57,4570),(59,2396),(71,2),(77,2283),(78,5049),(81,4127),(87,3889)]	21.750472
611	[(4,999),(41,3614),(42,4154),(57,4652),(80,2832),(90,472)]	24.440131
612	[(40,4536),(43,97),(47,3058),(53,943),(70,2011),(80,334),(83,1548)]	20.736294
613	[(9,5121),(16,1420),(29,824),(34,1751),(77,312),(80,3590),(83,2227),(89,2444)]	20.590736
614	[(12,3850),(46,5085),(47,302),(49,2921),(53,1439),(58,3969),(59,1044),(60,5259),(73,635),(81,5199)]	21.535161
615	[(13,3192),(31,867),(42,989),(74,4131)]	20.718942
616	[(22,3647),(58,3977),(69,1719),(72,396),(85,4407)]	42.526601
617	[(7,1079),(16,2262),(20,1793),(21,506),(51,2478),(53,327)]	45.990769
618	[(5,1890),(17,5152),(27,1323),(30,1782),(46,4830),(49,3561),(88,4631)]	44.511316
619	[(5,3673),(20,5539),(44,5552),(45,4585),(57,3800),(91,5107)]	45.252599
620	[(5,4381),(16,5070),(22,2497),(34,3373),(57,313)]	45.380957
621	[(60,5226),(62,1379),(70,5163),(89,1387)]	39.807250
622	[(4,4469),(52,5851),(58,3778),(69,669),(80,4087)]	41.376102
623	[(6,3338),(12,5258),(22,5733),(24,891),(37,1714),(47,5632),(50,2012),(52,1736)]	40.056994
624	[(6,1803),(41,3171),(47,5204),(61,3314),(72,2519),(74,4878),(76,787),(81,936),(91,1825)]	41.845829
625	[(3,1580),(27,2585),(65,3328),(71,1873),(75,60),(85,5651)]	41.606696
626	[(7,2366),(32,4824),(47,3340),(50,2321),(57,3906),(87,5381),(89,1064)]	42.457338
627	[(1,2831),(11,4693),(24,5),(34,130),(51,442),(53,5927),(54,1928),(62,1097),(80,5654),(86,1663)]	54.934973
628	[(1,1492),(20,5844),(22,5289),(57,597)]	42.420310
629	[(10,3857),(12,3672),(15,404),(33,4589),(37,3529),(41,3587),(52,3508),(60,971),(70,5120),(77,353),(81,3946),(87,1621)]	41.615892
630	[(8,5205),(18,234),(30,3121),(43,376),(57,5436),(64,3808),(67,2516),(69,769),(74,956),(79,2127),(86,1673)]	42.017470
631	[(2,5036),(5,2824),(7,3355),(9,4294),(16,4820),(23,5189),(36,659),(40,4017),(47,318),(69,4597),(79,5454),(87,1028),(89,477)]	43.017184
632	[(3,4869),(12,3882),(28,1897),(37,4175),(42,1901),(55,4884),(91,5651)]	46.492654
633	[(2,5),(30,3099),(31,5060),(37,3171),(38,260),(43,3419),(52,5612),(65,837),(82,5340),(90,1408)]	42.097600
634	[(31,652),(46,277),(49,3980),(52,4525),(62,5211),(65,150),(68,2788),(69,5519),(72,3516),(81,2619),(84,3766)]	41.372607
635	[(13,1875),(28,5043),(35,3477),(38,1335),(46,2697),(57,2518),(69,3085),(80,1782),(88,5036)]	42.181385
636	[(0,3972),(2,159),(3,44),(16,5362),(20,681),(22,2724),(25,280),(31,1377),(43,1979),(65,8),(84,1176)]	43.985839
637	[(15,471),(18,4541),(26,2960),(45,3005),(55,4231),(70,5046),(80,4792),(83,4931),(84,5350)]	40.891361
638	[(3,489),(10,306),(46,1117),(86,5310)]	40.238753
639	[(12,5679),(22,5304),(32,5623),(35,12),(38,5652),(41,2875),(42,2542),(43,766),(49,1591),(57,314),(72,3577),(73,1938),(77,2923)]	42.049293
640	[(0,3739),(4,4863),(8,419),(12,5564),(15,1549),(20,1617),(44,334),(45,3163),(49,2861),(59,4972),(67,2337),(82,191),(89,3031)]	42.766301
641	[(4,4050),(12,695),(13,5769),(19,1796),(23,615),(27,5699),(35,5047),(37,3026),(43,3131),(75,1771),(84,4005)]	40.050691
642	[(17,4474),(35,2746),(54,5514),(66,3427),(74,5881),(76,3503),(81,5291)]	40.022210
643	[(10,4649),(13,3998),(15,3655),(17,2549),(22,3866),(40,2977),(60,1371),(69,2525),(74,1845),(77,2052),(78,641),(81,3404)]	42.649527
644	[(6,1585),(14,4886),(34,5303),(50,3563),(51,3278),(56,3738),(63,5436),(64,3183),(74,1436),(87,2305)]	41.711367
645	[(8,1171),(12,1415),(13,3287),(37,274),(44,4144),(49,21),(58,2332),(70,5338),(85,5633),(87,4305),(88,5542)]	41.683119
646	[(2,4587),(33,544),(36,1461),(42,2712),(57,996),(59,2119),(78,2653),(79,2963)]	45.460249
647	[(2,2657),(15,2908),(19,557),(37,2737),(69,4318),(83,4719),(89,1264),(91,4664)]	51.002382
648	[(13,1443),(21,4773),(22,2689),(31,4759),(44,3889),(62,4634),(67,3451),(79,1300)]	40.680430
649	[(1,2804),(11,5885),(21,2527),(58,4706),(68,360),(75,1344),(92,5399)]	41.711200
650	[(4,3920),(14,4846),(30,4622),(43,5086),(51,3973),(55,1250),(80,4920),(81,3440)]	46.907747
651	[(5,4400),(26,537),(38,5),(48,442),(72,3793),(76,5290)]	49.360313
652	[(27,4633),(39,2429),(68,5067),(78,4025)]	46.674424
653	[(16,4419),(25,4646),(27,2327),(38,107),(42,4642),(58,556),(59,3787),(86,4483)]	44.350682
654	[(17,3592),(18,2184),(52,744),(62,3776),(87,5841),(88,5669)]	43.348366
655	[(33,5443),(51,2118),(65,3252),(86,4960)]	64.924067
656	[(3,3778),(15,3583),(24,699),(33,1150),(74,4345),(92,3198)]	76.645936
657	[(11,1155),(18,4014),(38,3952),(44,938),(83,1098),(89,2725)]	50.773078
658	[(0,5757),(10,1313),(12,1487),(22,301),(25,2230),(51,4546),(55,3180),(64,2523),(65,4097),(68,195),(76,30),(85,4555)]	41.322677
659	[(0,127),(6,4817),(14,4470),(32,5814),(33,2408),(34,2681),(42,1037),(51,4702),(58,5738),(71,1634)]	41.658911
660	[(15,3087),(16,5333),(19,4523),(35,5826),(73,5869)]	41.547979
661	[(8,2453),(11,2829),(34,4560),(46,4683),(49,4075),(61,91),(68,454),(80,3282),(87,3398)]	48.023735
662	[(1,290),(13,2701),(23,411),(29,5833),(55,2815),(56,61),(81,184)]	44.537389
663	[(0,5618),(12,1199),(24,5024),(31,822),(65,2254),(72,232),(83,2229)]	41.409095
664	[(0,4807),(2,3894),(6,5830),(14,829),(22,2840),(25,4469),(37,4666),(56,2034),(59,5807),(64,2761),(87,2546)]	42.614066
665	[(14,1013),(23,1666),(26,4027),(28,3067),(30,834),(32,1965),(36,4921),(50,4505),(56,5781),(73,1585)]	41.917389
666	[(19,4278),(47,2974),(50,1403),(55,515),(61,3043),(67,974)]	41.531202
667	[(6,1153),(12,3797),(13,647),(31,3331),(44,1954),(49,1751),(55,5270),(60,3052),(66,4513),(73,4594),(85,5302),(88,5246)]	41.282849
668	[(6,2195),(13,1197),(18,134),(20,4159),(26,1172),(27,1300),(45,2263),(52,2040),(60,960),(64,4057),(67,4778),(70,5878),(73,4415),(79,2083)]	48.623982
669	[(8,4256),(13,5376),(17,81),(22,5094),(24,2948),(28,5502),(29,3533),(37,635),(46,368),(55,4910),(58,2108),(60,4101)]	43.894759
670	[(4,3909),(25,1068),(26,1758),(32,4138),(56,912),(63,5649),(66,5263)]	73.570565
671	[(9,4380),(14,5472),(19,4871),(20,5210),(24,5064),(29,1341),(45,3174),(48,1809),(72,5),(74,1614)]	69.178154
672	[(5,4759),(15,5226),(40,862),(51,3259),(59,1904),(65,1277),(76,2769)]	68.234297
673	[(20,2139),(24,5542),(51,563),(58,4714),(67,641)]	86.886855
674	[(26,3359),(28,5620),(30,2062),(59,4265),(84,3858),(85,1537)]	86.297921
675	[(1,1843),(24,1852),(29,5844),(30,2711),(45,1116),(56,4530),(58,2002),(72,1177),(78,2490),(84,3908),(86,175)]	44.384331
676	[(16,1200),(23,5719),(37,3628),(47,5387),(54,1182),(58,5779),(75,646),(76,2117),(84,4365)]	40.402489
677	[(5,1937),(7,4850),(13,3415),(30,387),(33,3142),(39,5613),(56,3054),(73,1703),(75,1979),(80,948),(90,5269)]	41.440158
678	[(2,4245),(16,3239),(23,1627),(44,1299),(59,4391),(74,1993),(84,3968)]	40.662947
679	[(19,3300),(37,5035),(38,4427),(43,5914),(61,5570),(83,1813),(86,1086),(89,4315)]	41.993434
680	[(6,3871),(17,4415),(29,99),(35,2800),(50,1921),(58,681),(79,3626)]	40.120372
681	[(2,5024),(5,4846),(13,4634),(14,3136),(30,4959),(34,1341),(48,4099),(69,2882)]	40.239440
682	[(1,2733),(8,1130),(11,5152),(37,1284),(49,3340),(50,2209),(55,3755),(59,382),(78,63),(80,3230)]	40.474877
683	[(17,121),(21,4896),(22,1097),(28,2086),(29,3361),(32,3392),(34,1941),(41,4457),(51,2890),(60,4992),(65,5912),(75,503),(76,4527)]	41.541742
684	[(22,359),(23,1703),(26,1877),(28,1896),(33,3390),(50,2230),(54,5391),(68,3616),(76,2928),(82,1778),(86,5698),(90,238)]	43.156461
685	[(19,5460),(26,3241),(35,1110),(51,794),(56,4368),(59,5139),(61,860),(69,4156),(80,5029),(83,456)]	41.685533
686	[(3,5794),(9,4035),(12,5446),(14,168),(17,2430),(39,535),(43,4055),(44,4657),(46,1810),(47,5326),(84,3127),(89,1056),(92,5048)]	42.521743
687	[(22,5844),(34,2844),(43,930),(63,889)]	43.160424
688	[(18,4048),(23,3647),(28,5408),(39,5688),(65,1549),(68,323),(81,2209),(84,4338),(87,959),(88,3320),(91,4629)]	40.743715
689	[(2,2023),(22,2330),(28,4493),(75,558),(80,240),(86,2167),(91,840)]	45.158718
690	[(24,4164),(36,5774),(40,1661),(51,4634),(86,1572),(88,4832),(89,456)]	44.617243
691	[(16,2487),(28,5574),(92,1831)]	41.530564
692	[(1,3547),(2,3645),(5,630),(15,2915),(24,4569),(30,4273),(43,880),(49,3770),(91,1813)]	40.882039
693	[(1,387),(2,5348),(4,4822),(19,4860),(32,4721),(43,1177),(63,5866),(70,3322),(71,2997),(90,5726)]	40.474214
694	[(12,3630),(22,5288),(24,1586),(72,3397),(74,130),(85,4096)]	40.540426
695	[(11,1235),(12,2851),(14,3656),(20,3606),(58,2492)]	45.859959
696	[(0,3925),(2,952),(12,3465),(24,2626),(28,5711),(30,3904),(47,5496),(54,5207),(57,5417),(75,3172),(82,4396),(85,3592)]	46.983196
697	[(1,5773),(45,52),(70,2900),(73,1930),(78,1876),(84,1317)]	45.401527
698	[(3,2090),(8,5486),(11,5293),(36,2599),(49,3523)]	46.546080
699	[(7,1249),(15,3502),(16,923),(21,46),(22,2951),(50,2308),(55,4552),(76,1763),(78,608),(86,1369)]	52.939829
700	[(2,3798),(8,3346),(21,4603),(31,1581),(47,2069),(66,3731),(68,2145),(69,5832),(78,3438)]	50.078036
701	[(5,1489),(34,1701),(36,3141),(45,2023),(52,4874),(64,3116),(66,2894),(80,1163)]	43.997148
702	[(9,159),(15,1171),(23,4809),(24,5302),(33,3975),(37,4893),(44,1122),(74,1705),(77,1343)]	43.710425
703	[(0,2635),(6,4205),(8,991),(24,1681),(25,5171),(48,5338),(62,4109),(66,4820),(81,4755),(84,121)]	43.464878
704	[(25,5917),(37,897),(41,5868),(47,2328),(54,2263),(57,2714),(66,1536),(73,2107),(75,5424),(78,5449),(80,799),(83,1083)]	44.085347
705	[(2,280),(8,3204),(11,5088),(13,2727),(17,4983),(21,3708),(25,3150),(30,350),(54,227),(60,3932)]	45.925591
706	[(1,668),(21,2554),(34,4403),(47,4095),(54,1060),(70,5679)]	43.985107
707	[(7,1964),(17,4323),(64,2549),(69,4065),(77,2976)]	44.646103
708	[(11,5450),(13,2881),(58,363),(77,1381),(84,2722)]	45.239728
709	[(4,4386),(33,4902),(59,502),(68,5152),(77,1216),(79,2316),(80,58),(81,5223),(83,1381)]	25.724948
710	[(0,5502),(11,4549),(14,2163),(24,2843),(44,688),(46,4798),(59,1841),(78,5627)]	20.630629
711	[(2,3640),(8,2266),(13,478),(26,2325),(37,3403),(45,1440),(47,3460),(73,4374),(89,1987),(90,3299),(92,4519)]	20.832175
712	[(0,744),(3,3792),(14,1680),(21,1720),(23,3671),(26,4788),(52,3484),(61,3017),(75,1540),(81,946),(82,3907)]	21.311654
713	[(5,5921),(19,702),(22,4736),(40,1212),(54,3398),(74,3770)]	20.702208
714	[(44,2536),(48,3819),(58,4849),(76,3745),(83,952),(87,1254)]	23.863642
715	[(4,5110),(10,1080),(16,1641),(19,5873),(25,998),(26,2723),(30,91),(68,4490),(73,515)]	21.042241
716	[(18,2401),(39,80),(43,2690),(46,4703),(51,845),(71,4746),(86,2930)]	20.865330
717	[(17,2474),(38,2400),(44,707),(47,966),(58,4133),(64,5777),(67,23),(68,2662),(74,5631),(82,5429),(91,4119)]	20.802226
718	[(10,306),(38,4040),(62,1175),(74,27)]	20.776298
719	[(6,2112),(8,655),(15,1051),(25,5191),(39,1859),(41,3829),(56,928),(65,854)]	20.801294
720	[(12,3011),(19,5244),(22,1243),(39,39),(43,2017),(50,132),(82,1806)]	20.827088
721	[(2,3068),(55,5905),(62,891),(66,1020),(79,1125)]	20.759959
722	[(2,3174),(24,1999),(35,4940),(38,1949),(45,2879),(49,1645),(52,2462),(73,863)]	20.834167
723	[(0,308),(15,526),(18,3611),(23,499),(33,3005),(37,3477),(46,2926),(61,2472),(70,5200),(79,3342)]	20.653432
724	[(3,3674),(18,975),(30,556),(53,2565),(78,5690),(85,3951)]	21.205267
725	[(0,3851),(9,2729),(11,5797),(12,1270),(32,2376),(36,684),(44,2884),(65,1500),(67,2788),(72,3475)]	22.428058
726	[(7,3888),(17,604),(26,380),(27,1122),(43,1189),(90,997)]	21.477323
727	[(4,3266),(8,4606),(11,3603),(32,5813),(56,2303),(66,2729),(68,3792)]	21.093480
728	[(3,2505),(8,393),(9,157),(13,4173),(24,5163),(29,2687),(30,174),(32,3741),(38,2876),(51,5137),(54,1138)]	22.736672
729	[(41,2293),(42,5007),(49,5377),(71,1943),(88,5743)]	28.096914
730	[(10,4515),(11,5551),(13,869),(15,2727),(22,552),(30,1457),(31,233),(37,3848),(61,5164)]	21.222640
731	[(1,1520),(30,5305),(53,5728),(59,4233),(63,3302),(64,4566),(68,238),(82,3715),(92,4584)]	21.040758
732	[(19,1071),(45,3163),(51,4788),(62,4848),(64,5518),(65,4306),(73,213),(80,5084)]	21.783229
733	[(11,4225),(14,5231),(16,1566),(18,3029),(23,4527),(26,889),(28,3083),(37,5456),(40,2513),(43,4457),(56,5322),(59,561)]	21.516162
734	[(4,1207),(23,1786),(32,4930),(35,4749),(55,1476),(59,1833),(68,469),(78,2831),(88,3516),(91,218)]	20.720437
735	[(11,4405),(15,2404),(51,1986),(57,2737),(70,2131)]	20.646481
736	[(27,3620),(48,957),(57,3313),(63,2904),(75,1187),(89,3855)]	20.815228
737	[(5,2241),(14,4831),(19,4884),(42,97)]	29.202390
738	[(16,2373),(28,4230),(49,5384),(51,4543),(65,1948),(66,3094),(69,1567),(76,324),(79,3318),(85,1633)]	33.281976
739	[(3,1671),(18,1312),(25,5638),(31,4989),(51,94),(53,3147),(60,275),(84,4060),(86,3775)]	20.703371
740	[(7,3024),(9,4443),(14,4757),(45,3860),(47,2365),(52,2557),(89,1376)]	21.595766
741	[(14,2147),(18,5099),(21,1718),(48,2033),(68,196),(74,2915),(78,2045),(82,2169)]	21.112720
742	[(21,4927),(36,1589),(39,3493),(54,888),(69,4938),(75,1388),(82,1826),(84,5801)]	20.831509
743	[(33,3387),(38,2272),(48,5232),(90,5404)]	21.184885
744	[(26,5161),(30,809),(39,4158),(51,2634),(54,2500),(58,2388),(63,989),(68,5220),(78,1558)]	20.847345
745	[(20,3049),(22,2641),(29,357),(36,1461),(39,4325),(46,1732),(63,1032)]	20.889820
746	[(7,490),(10,581),(16,3156),(28,3874),(34,4780),(41,2101),(42,1544),(58,2925),(60,1515),(81,4526),(92,4489)]	20.943532
747	[(9,4089),(20,123),(35,415),(38,3169),(60,553),(68,5593)]	20.847850
748	[(0,4372),(3,4231),(17,1454),(22,4113),(39,3810),(45,363),(58,5863),(81,2751),(82,4134),(88,1982)]	21.010230
749	[(2,3197),(12,3339),(15,2263),(21,5666),(28,3719),(39,2996),(52,5425),(65,3089),(67,4586),(74,5484),(83,2548)]	20.671332
750	[(8,4217),(14,843),(29,3927),(30,677),(35,3321),(44,4244),(79,1566),(92,5912)]	20.750684
751	[(35,3179),(41,259),(43,291),(62,2767),(81,4142)]	20.869858
752	[(7,1018),(11,4525),(15,1210),(20,433),(25,4744),(37,2963),(53,5322),(59,4134),(62,1195),(67,2682),(74,1781),(81,558),(84,210)]	23.996417
753	[(6,1243),(12,3380),(21,5398),(33,2906),(34,4115),(37,2376),(42,3404),(48,3838),(66,35),(83,825),(85,5808)]	23.038224
754	[(18,3561),(40,1664),(61,2646)]	21.557735
755	[(1,2896),(25,2538),(26,4689),(45,1555),(50,2240),(61,758),(71,531),(74,899),(83,3172),(89,5630),(91,2575)]	20.769856
756	[(0,3932),(4,3775),(12,962),(41,2006),(50,3715),(60,4537),(61,2522),(81,696)]	20.533250
757	[(24,1317),(38,5340),(81,438)]	20.773453
758	[(25,544),(28,1386),(39,3272),(41,1487),(46,3494),(51,1869),(54,5633),(57,915),(70,2239),(80,4838),(92,5476)]	21.028785
759	[(3,3111),(12,4580),(14,1608),(17,3702),(21,1320),(40,4000),(55,615),(61,5722),(85,5580),(87,5918)]	21.892646
760	[(17,5585),(19,1672),(25,4628),(43,4343),(63,3566),(64,4157),(69,5751),(74,5651),(80,5014),(83,5558),(84,4715)]	23.540239
761	[(19,1403),(21,1077),(24,3139),(27,5573),(56,5397),(91,4679)]	21.238010
762	[(0,3474),(1,4005),(10,3773),(11,108),(14,4272),(26,5721),(29,630),(31,123),(40,4940),(44,3207),(47,5327),(48,4949),(54,3072),(57,2170),(84,4298)]	21.634621
763	[(0,3533),(2,5281),(13,2544),(24,2253),(29,4646),(51,910),(64,5176),(73,3500),(84,3075)]	21.883860
764	[(20,4376),(56,5700),(64,128),(71,5920)]	21.450075
765	[(33,5238),(34,4184),(36,3417),(37,83),(67,1763),(77,2494),(81,1114),(89,2897)]	21.095651
766	[(23,2403),(33,5835),(34,2300),(37,3265),(47,3440),(55,4553),(59,838),(80,5892),(90,5610)]	21.537019
767	[(5,804),(6,216),(17,2871),(20,200),(23,4477),(32,1845),(38,4192),(51,3310),(67,1254),(69,3869),(72,1413),(78,4729)]	21.210490
768	[(6,4686),(13,1686),(50,487),(59,2357),(64,4595),(87,2195)]	21.724353
769	[(7,3264),(35,3504),(36,3109),(53,4614),(87,2581),(90,4146)]	21.032531
770	[(0,2515),(13,2654),(15,3763),(29,4090),(32,4236),(38,5731),(39,5864),(50,1074),(51,3008),(56,4317),(62,4134),(66,2631),(73,1840),(85,2119),(88,2776),(89,1325)]	22.580783
771	[(3,4789),(11,1953),(46,1670),(58,2273),(79,945),(87,1960),(92,4457)]	20.962350
772	[(0,9),(19,1780),(21,113),(46,5209),(47,3138),(69,3900),(80,2225),(83,3879),(89,844)]	20.676858
773	[(3,281),(29,3069),(30,4171),(34,153),(39,4420),(42,2270),(43,1954),(45,4810),(46,396),(63,135),(69,2849),(75,3119),(85,588),(89,3344)]	21.532118
774	[(21,256),(38,2638),(42,3579),(53,5688),(60,5881),(78,2925),(84,5853)]	26.978464
775	[(5,6),(7,2587),(26,5449),(34,4543),(41,5667),(47,5179),(51,4465),(53,2967),(63,243),(66,5410),(86,3942)]	23.817310
776	[(0,3166),(4,4056),(10,1612),(16,1993),(20,3885),(24,4954),(36,5058),(39,4274),(42,3967),(43,5270),(49,1879),(80,1387),(90,1731)]	21.617697
777	[(2,4111),(17,4224),(18,2616),(26,828),(33,3584),(34,2081),(44,4873),(49,3396),(54,3323),(57,3758),(86,1692),(89,5796)]	23.420134
778	[(2,1751),(4,4898),(56,4684),(58,5482)]	21.914417
779	[(14,4910),(20,1224),(61,4564),(65,4033),(71,11),(89,2518),(91,2182)]	21.369383
780	[(7,2407),(13,3253),(15,5616),(34,5752),(56,43),(59,2497),(66,515),(68,2608),(78,1540),(81,4613),(82,881),(86,2332)]	20.843473
781	[(1,4909),(3,5017),(5,4824),(9,839),(18,4434),(26,2849),(45,872),(58,2819),(62,2215),(77,2229)]	21.392208
782	[(2,2642),(22,5728),(26,5039),(32,678),(34,2708),(42,4880),(44,2523),(45,4097),(51,1521),(56,1557),(61,706),(77,5724),(79,713)]	22.149693
783	[(2,574),(40,2015),(52,3165),(65,3491),(66,4312)]	21.131957
784	[(2,3192),(8,3088),(18,2776),(33,2106),(40,161),(42,5059),(44,5741),(52,2023),(64,5547),(68,4071),(71,5537),(85,591),(87,679),(89,5211)]	26.337050
785	[(8,5268),(19,4082),(24,2129),(37,2866),(42,1572),(43,4351),(53,2225),(63,1811),(71,2852),(77,4601),(82,5012)]	35.599500
786	[(2,37),(3,2361),(16,3395),(23,5320),(41,4803),(48,4431),(60,5849),(65,1458),(67,2336),(82,3816),(84,3738)]	21.648843
787	[(7,2820),(33,4176),(34,708),(42,3508),(52,3827),(58,3927),(65,2304),(67,5543),(76,377),(90,3834)]	20.711025
788	[(0,3526),(3,1764),(9,2055),(15,4720),(20,2931),(37,4316),(55,249),(64,5782)]	21.208725
789	[(7,3023),(8,2892),(9,3526),(18,1650),(44,691),(47,4837),(49,3118),(51,197),(64,3767),(87,2240),(92,2484)]	21.150512
790	[(0,2362),(7,3269),(27,4927),(45,3079),(49,1876),(60,5867),(63,3923),(73,5092),(88,3355)]	20.789047
791	[(8,3727),(38,5453),(42,3041),(46,3448),(57,5880),(59,3380),(69,1879),(80,1033),(84,4512),(88,1612)]	21.485891
792	[(9,4192),(21,5406),(23,2136),(61,1579),(66,1482),(76,2077),(84,572),(89,2841)]	21.197983
793	[(2,5104),(11,3518),(25,3012),(27,59),(68,3929),(76,4025)]	21.071415
794	[(0,852),(1,2603),(8,4845),(9,3718),(10,4890),(15,5376),(23,1196),(38,3767),(56,2631),(60,3750),(65,3336),(66,263),(77,5427)]	20.656431
795	[(0,5899),(15,735),(19,3071),(28,2229),(39,1516),(40,4500),(42,4739),(46,5425),(59,3754),(89,5272),(91,1993)]	20.938818
796	[(3,3546),(14,3304),(24,4706),(29,3698),(32,4745),(33,1528),(46,796),(47,670),(57,5198),(62,3233),(69,4097),(71,4957),(78,5771)]	21.275541
797	[(20,4546),(22,1436),(34,2891),(62,4245),(71,1833),(81,2547),(85,3445),(91,3483)]	24.739926
798	[(0,3288),(40,781),(41,5919),(43,3599),(68,1496),(72,1882)]	23.203049
799	[(2,1642),(5,1484),(36,4475),(44,5759),(48,4390),(56,4305),(61,3203),(62,598),(64,1744),(74,5352),(81,1839),(84,2968)]	20.828148
800	[(31,1537),(35,1802),(42,1131),(52,4503),(57,5303),(69,563),(76,3770),(83,1111)]	21.428587
801	[(2,5250),(15,5636),(29,5856),(37,2944),(47,4862),(92,1527)]	20.698736
802	[(15,2229),(22,3027),(44,5005),(46,2188),(53,4535),(89,4462)]	21.415244
803	[(6,4804),(20,3611),(43,3157),(46,434),(48,2463),(57,3945),(85,309)]	21.335792
804	[(4,3047),(17,2837),(42,4408),(52,4150),(72,4332),(86,20)]	20.966161
805	[(0,935),(32,5059),(38,4791),(79,1629),(89,1380)]	20.832243
806	[(10,4919),(24,5253),(30,738),(39,1034),(41,2227),(47,2338),(54,2751),(70,1943),(73,5102),(77,3329),(83,1686)]	20.484570
807	[(23,3481),(27,104),(31,501),(43,2821),(57,2439),(63,2324),(65,982),(66,661),(74,5350),(76,4953)]	21.106331
808	[(6,1527),(7,2387),(41,1437),(51,4447),(56,2422),(60,866),(68,5619),(82,3823),(87,207),(91,1383)]	21.757679
809	[(4,3356),(26,1377),(44,3850),(78,1884)]	21.448889
810	[(5,4136),(17,880),(21,2043),(23,2237),(63,3044),(72,3763),(73,4585),(80,4282),(88,1727)]	22.856807
811	[(2,4474),(6,5052),(18,3164),(41,1501),(43,493),(67,4828),(76,5234)]	27.875778
812	[(21,2826),(28,5707),(35,3366),(46,1124),(52,5246),(68,4162),(84,311)]	22.910919
813	[(7,3710),(26,161),(36,4602),(40,2141),(50,5213),(72,5183),(89,1818)]	33.517439
814	[(21,1781),(54,367),(64,2798),(71,3609),(85,5299)]	35.981244
815	[(6,803),(20,5144),(21,1902),(28,1016),(45,638),(49,5135),(51,3286),(55,4355),(63,5888),(84,1464)]	22.253320
816	[(18,2786),(31,29),(32,368),(45,971),(90,1241)]	21.506671
817	[(8,4930),(34,2722),(43,1839),(46,2286),(50,1020),(57,2827),(69,4012),(71,1586),(74,1531),(78,4172),(86,254)]	24.784044
818	[(26,3082),(27,660),(53,2723),(78,5645),(85,1008),(86,3199)]	28.708003
819	[(32,4152),(60,3017),(63,2770),(72,1444),(82,2600),(89,3015)]	21.618436
820	[(6,864),(15,370),(32,2054),(48,2712),(49,2945),(57,5589),(69,3812),(77,3679),(83,3042)]	21.032725
821	[(4,3768),(9,3945),(13,36),(19,3579),(28,3176),(31,1719),(73,3279),(80,472)]	21.461723
822	[(9,5680),(13,4396),(27,752),(28,1487),(31,5278),(46,3258),(51,1036),(56,1377),(68,948),(92,4004)]	21.654393
823	[(15,3852),(20,4906),(26,3412),(61,3374),(64,3600),(90,2968)]	20.840832
824	[(0,1826),(1,3984),(5,1102),(7,1253),(19,1472),(24,2086),(25,3361),(34,839),(38,642),(67,5397),(80,5132),(92,4317)]	22.431611
825	[(0,145),(7,4618),(22,3973),(45,3869),(59,3312),(72,385),(81,1127),(84,4238)]	21.638795
826	[(12,2846),(18,2887),(19,596),(20,552),(30,124),(39,3394),(41,5185),(46,1175),(60,5517),(62,946),(63,3907),(65,5324),(68,5323),(80,4362)]	21.749526
827	[(10,2924),(11,5840),(23,2978),(32,4516)]	20.921554
828	[(10,5319),(32,307),(47,663),(62,4366),(71,3634)]	20.868176
829	[(13,4076),(31,1304),(33,4309),(35,4497),(51,3765),(58,5741),(72,3902),(80,2949),(82,4070)]	21.977068
830	[(1,3558),(6,4363),(9,5350),(15,5095),(19,633),(24,1970),(70,4423),(74,5684),(75,4820),(80,4029)]	41.375222
831	[(13,5587),(17,3849),(52,1164),(69,238),(77,5922),(84,1163),(88,956)]	21.692321
832	[(27,3000),(35,3999),(44,2283),(49,1331),(68,3720),(76,3726)]	21.487056
833	[(6,3034),(23,557),(58,2808),(64,5598),(67,3861),(74,202),(82,3613),(89,5843),(90,1046)]	20.989857
834	[(29,2844),(34,1485),(39,1029),(65,5238),(66,4184),(78,128),(81,5192)]	21.426633
835	[(1,5434),(24,1969),(26,4601),(42,4664),(53,1547),(54,981),(57,4006),(61,4034),(72,359),(73,3499)]	21.047981
836	[(8,4298),(15,1371),(17,5859),(26,5450),(32,3007),(35,837),(54,3772),(56,335),(86,3566),(90,2377),(91,1001)]	21.000189
837	[(17,4313),(26,607),(57,2357),(59,3824),(66,862),(68,2855),(89,3624)]	20.885100
838	[(12,2290),(18,3710),(35,621),(40,2723),(61,2373),(75,3396),(86,4138),(91,2389)]	20.639934
839	[(14,4396),(18,3072),(33,5092),(44,2686),(66,4821),(69,1563),(74,5651)]	21.529919
840	[(12,2072),(14,3083),(17,1353),(20,1565),(27,4773),(28,2689),(32,2958),(36,1823),(46,731),(55,2279),(60,2558),(66,3975),(75,926)]	21.429816
841	[(5,4242),(10,1313),(29,2120),(32,5404),(42,3083),(51,71),(52,1118),(54,2414)]	24.174644
842	[(5,5785),(22,1201),(30,254),(38,1018),(50,1818),(51,5479),(57,1215),(65,4612),(87,4127)]	23.655894
843	[(11,1740),(20,1102),(35,2744),(62,3518),(66,1050),(68,3177),(80,2417),(84,2068)]	21.800830
844	[(2,2157),(15,569),(62,4023),(74,3764),(76,3949)]	20.768154
845	[(30,2952),(38,538),(73,2163)]	20.648716
846	[(12,1019),(14,4534),(24,1759),(38,3435),(39,431),(42,5696),(53,985),(63,873),(71,5230),(78,3433),(90,3588)]	21.469002
847	[(9,1309),(18,1609),(19,2367),(33,1631),(34,4167),(51,608),(72,3888),(84,861)]	21.851186
848	[(0,4575),(9,2013),(13,4680),(15,5384),(16,2011),(33,2312),(42,1766),(46,107),(56,1354),(59,5235),(68,5562),(69,1502),(70,2799),(83,3659),(85,261)]	21.059315
849	[(28,175),(41,2297),(59,3967),(61,2863),(66,4721),(74,5602),(79,334)]	20.806418
850	[(37,386),(46,3799),(49,3818),(60,5497),(67,1027),(83,5417)]	21.101510
851	[(40,2063),(46,4624),(73,1781),(84,3213)]	20.938517
852	[(4,1514),(30,1512),(35,1145),(45,4670),(49,5518),(50,4306),(75,1227),(77,1549),(80,2982),(83,3736)]	21.156435
853	[(0,2415),(62,1281),(69,1690),(86,1785)]	20.529818
854	[(3,529),(14,2399),(23,5409),(37,113),(44,399),(79,2128)]	20.897819
855	[(8,953),(11,1724),(35,4822),(37,4815),(49,2961),(65,938),(68,5459),(69,5257),(82,3039),(90,5070),(91,5671)]	21.113880
856	[(2,173),(8,4418),(15,5466),(36,4524),(63,772),(76,2158),(78,4870),(85,3685)]	20.680588
857	[(2,5585),(4,1672),(8,4073),(17,2612),(32,3946),(33,4558),(42,388),(52,1408),(58,2746),(74,3630),(79,14),(91,2528)]	20.828284
858	[(7,4932),(30,5136),(32,169),(41,3673),(79,3176)]	22.399155
859	[(4,3000),(46,3150),(73,5575),(82,2336),(87,1109)]	22.348679
860	[(1,426),(52,1060),(60,4711),(63,5611),(70,4183),(74,979),(87,3053)]	22.410132
861	[(34,3420),(42,201),(55,2590),(72,2737),(80,1318)]	22.126472
862	[(5,5087),(7,4136),(8,742),(13,841),(17,1983),(35,3907),(47,1208),(60,2813)]	21.106990
863	[(1,4605),(2,4278),(7,1977),(16,1979),(29,4982),(73,5195),(80,2726),(82,3150),(90,4649)]	29.847219
864	[(2,4540),(3,3800),(20,5746),(25,5554),(28,4403),(31,2520),(36,4761),(45,3764),(46,1035),(63,1077),(69,2040),(80,4480),(85,3762)]	24.910362
865	[(7,4343),(25,3691),(38,4883),(54,5920),(58,2059),(69,1582),(88,4108)]	20.998052
866	[(9,3796),(49,2180),(51,3673),(72,3397)]	20.605932
867	[(27,4430),(45,735),(47,336),(49,4916),(50,3983),(68,5537)]	22.007798
868	[(13,5859),(19,401),(20,2867),(46,2223),(56,5471),(88,2127)]	21.091625
869	[(11,5598),(14,76),(15,2789),(24,128),(28,4094),(32,1596),(33,2849),(37,4543),(39,1462),(42,1425),(50,5033),(74,3264)]	20.624386
870	[(44,3892),(45,639),(46,5327),(55,3038),(71,1451),(84,2411)]	21.008993
871	[(1,5918),(14,3297),(19,3141),(21,4589),(27,1190),(36,3735),(57,849),(61,863),(62,2906),(70,5710),(71,4734),(77,3320)]	21.433835
872	[(5,4870),(18,5408),(21,4435),(35,142),(55,3007),(60,4386),(68,2590),(69,3889),(78,2704),(82,2214),(85,2898)]	22.730088
873	[(0,873),(1,1710),(3,2707),(16,5017),(20,97),(24,170),(33,1435),(34,3989),(39,342),(49,813),(50,5243)]	21.016951
874	[(5,31),(21,3253),(47,213),(49,5667),(53,5381),(59,5906),(63,5673),(66,853),(67,780),(73,3630),(91,4389)]	20.790561
875	[(8,3524),(11,2596),(27,3674),(72,3535),(77,5705),(85,1722)]	20.798057
876	[(3,5679),(8,3592),(32,3112),(51,1723),(77,5897),(81,5553),(86,3059)]	21.034556
877	[(18,2125),(54,5848),(57,1251),(62,4293),(66,1740),(78,1568),(81,4740),(91,1108)]	39.362774
878	[(16,4663),(30,209),(41,68),(50,5),(52,3807),(55,2322),(67,5570)]	23.310008
879	[(0,4969),(8,4529),(15,1563),(59,127)]	21.311027
880	[(18,4762),(20,747),(24,4461),(27,2992),(40,1555),(41,2524),(43,3334),(52,1564),(60,64)]	21.299617
881	[(1,2708),(44,4359),(51,4368),(78,2842)]	21.233905
882	[(18,395),(40,5661),(76,4808),(78,1686),(81,5819),(85,3379)]	21.315694
883	[(6,5421),(10,4266),(15,3833),(29,1364),(31,4205),(49,1428),(57,5598),(60,2966),(69,2562)]	20.862433
884	[(9,3778),(13,65),(14,4080),(21,947),(37,3617),(38,1345),(51,3897),(69,2614),(78,2562),(80,4128)]	21.672792
885	[(18,744),(24,114),(25,5664),(29,3778),(46,3846),(47,1685),(52,5265),(55,147)]	21.221521
886	[(15,2782),(39,4438),(44,3281),(59,121),(82,2015),(84,617),(85,1165)]	26.555549
887	[(2,4101),(14,1118),(35,4726),(41,533),(42,2577),(50,420),(53,4733),(79,1151),(88,3308)]	23.643486
888	[(13,1874),(20,1426),(23,2154),(28,3073),(39,103),(52,1562),(64,1737),(78,3480),(79,32)]	20.943823
889	[(0,5331),(26,1963),(27,1780),(41,1809),(50,4381),(56,2774),(65,1852),(74,3090),(83,836)]	20.756310
890	[(3,3414),(4,1993),(23,540),(41,735),(59,5085),(73,1963),(74,1780),(80,5277),(87,1930),(91,2505)]	21.197490
891	[(14,2114),(17,2669),(18,3317),(37,145),(55,1056),(69,2813),(70,180),(78,3471)]	21.059794
892	[(28,852),(30,3396),(59,933),(83,4205)]	21.188881
893	[(6,949),(10,4029),(11,1469),(17,3521),(23,1533),(44,4523),(49,1215),(69,3238),(71,3066),(73,5912)]	20.768493
894	[(6,590),(21,590),(25,2896),(36,5637),(37,1073),(45,2535),(46,5104),(89,3204),(91,3155)]	20.679115
895	[(10,1881),(17,3232),(28,165),(45,1826),(46,3984),(57,3488),(72,3049),(74,2641),(82,135),(92,258)]	20.750998
896	[(23,3268),(35,2941),(46,1355),(51,5177),(53,4697)]	20.985350
897	[(13,3999),(39,2964),(41,3764),(44,2933),(61,5074),(88,2065)]	20.797378
898	[(4,1411),(6,2067),(9,2342),(14,3388),(20,5381),(26,5376),(41,1866),(42,650),(51,255),(53,537),(55,2233),(74,990),(83,5536),(90,3716)]	20.509600
899	[(10,535),(11,2638),(29,4321),(48,597),(51,1494),(64,5757),(67,5765),(68,5887),(76,3408)]	20.885150
900	[(1,2489),(20,214),(27,2583),(37,1267),(41,2418),(44,817),(45,819),(49,5596),(52,778),(54,4314),(56,1867),(59,3034),(73,3287)]	21.297112
901	[(9,2051),(10,2103),(18,560),(20,4687),(23,5012),(36,219),(59,5541),(70,5233),(78,4015),(83,292),(85,812)]	20.558129
902	[(14,2311),(28,1782),(34,2597),(37,4300),(51,782),(53,2806),(62,5145),(65,1306),(69,1862),(91,5422),(92,3619)]	21.723703
903	[(6,5482),(23,4082),(45,3254),(49,2227),(56,105),(68,466),(73,1687),(89,4230)]	20.599725
904	[(3,4783),(25,4143),(38,399),(68,2170),(91,3956)]	20.989117
905	[(12,1568),(15,2975),(16,4922),(23,5319),(33,3805),(36,2423),(38,5474),(48,4034),(61,763),(70,3700),(73,649),(90,4066),(91,4641)]	21.395890
906	[(7,4633),(12,820),(29,5822),(49,3703),(52,1978),(56,2224),(71,1661),(79,78)]	21.240402
907	[(14,821),(37,4308),(43,1856),(44,98),(53,4289),(61,2813),(80,402),(88,2347)]	21.279432
908	[(7,1434),(13,4792),(28,3534),(33,5336),(44,1298),(55,242),(67,3264),(73,4246),(89,4519),(90,88)]	26.165382
909	[(11,5595),(29,5077),(45,5778),(50,2469),(64,4569),(67,828),(81,5660),(89,2263)]	30.146899
910	[(0,458),(13,4511),(29,4610),(31,273),(39,2446),(46,472),(49,215),(55,1473),(56,3423),(63,309),(68,2297),(74,1058),(85,2589),(92,2118)]	27.389059
911	[(2,1984),(4,4932),(10,5867),(40,1781),(46,2926),(47,5155),(53,5617),(78,1421),(84,5535),(91,1661)]	24.186814
912	[(0,2017),(1,1286),(4,5324),(30,2300),(32,79),(36,923),(52,2978),(64,686),(65,2131),(68,904),(70,4605),(76,3657),(82,5888),(89,3879)]	22.471384
913	[(6,3341),(11,756),(26,2361),(38,5724),(41,5667),(46,3194),(55,5085),(56,302),(58,5426),(61,4841),(76,732)]	20.807436
914	[(4,236),(7,4019),(14,3435),(15,431),(25,2382),(32,1620),(52,2154),(70,4583),(84,1196)]	23.813164
915	[(5,1174),(8,489),(15,3206),(17,623),(29,2944),(32,5250),(34,508),(38,556),(53,2723),(55,1881),(80,3017)]	23.184539
916	[(6,329),(26,5853),(29,1045),(33,2949),(38,3),(52,4250),(55,4207),(86,116)]	22.141711
917	[(14,5179),(20,5503),(22,3273),(28,5071),(32,2336),(61,5676),(79,3862),(87,4588),(88,1269)]	21.298026
918	[(3,4815),(21,2597),(24,443),(32,5354),(60,1577)]	20.961180
919	[(0,2514),(18,4415),(20,1699),(27,464),(32,3544),(38,4220),(54,1582),(60,2522),(64,2801),(79,936),(85,2861),(91,1150)]	20.996394
920	[(2,1310),(6,4880),(21,5054),(29,5616),(30,2805),(52,4270),(80,199)]	20.918620
921	[(8,4605),(9,4278),(19,733),(20,3891),(24,964),(28,5329),(29,4383),(31,5168),(36,1080),(49,323),(62,414)]	20.960691
922	[(37,3511),(38,169),(41,4631),(61,3769),(84,2633)]	20.503164
923	[(8,901),(13,5342),(15,4232),(19,526),(37,1546),(52,2750),(54,4022),(60,3640),(63,2590),(64,3889),(85,2764),(88,5189)]	28.800770
924	[(3,1682),(7,3102),(12,5234),(25,5427),(59,3020),(65,3050),(75,66),(81,3598),(83,2253)]	33.186623
925	[(9,3391),(30,1896),(45,3147),(55,5419),(58,4831),(64,5006),(65,1192),(68,2235),(78,2898)]	20.624456
926	[(8,5310),(27,3851),(28,1244),(31,1514),(32,3091),(33,1186),(64,1391),(65,5239),(75,5326),(76,1099),(87,5254)]	21.359838
927	[(9,2604),(13,1191),(18,1132),(23,4116),(31,4588),(49,852),(71,1872),(76,472),(88,1474)]	23.529965
928	[(10,3137),(13,1104),(19,375),(22,1676),(27,4799),(34,3100),(51,1924),(60,1372),(92,571)]	20.763460
929	[(11,219),(14,86),(32,4026),(38,4782),(61,1100),(78,3608),(79,936),(83,4955)]	21.568341
930	[(3,4205),(79,5586)]	20.892459
931	[(8,4743),(12,2883),(32,829),(52,4608),(54,4575)]	23.860335
932	[(15,2394),(28,3659),(34,5483),(45,5098),(65,972),(66,5798),(67,805),(75,2462)]	23.394362
933	[(1,3499),(9,2589),(16,4117),(21,3328),(44,3931),(51,5630),(72,2340)]	21.036729
934	[(25,5370),(44,804),(45,216),(48,3534),(51,184),(73,5703),(85,4839),(87,1488)]	21.192823
935	[(10,2449),(21,3378),(35,721),(53,5700),(75,3059),(78,5315),(79,2392),(83,4633),(87,4065),(88,5294)]	21.411394
936	[(28,2291),(36,3830),(52,2645),(58,2054),(90,5426)]	21.880089
937	[(9,1594),(10,459),(20,4750),(23,3750),(30,4230),(38,3060),(80,3448),(81,421)]	21.161457
938	[(3,4879),(4,2186),(11,2375),(13,3205),(30,2402),(37,5495),(54,1453),(56,1322),(63,5316),(67,280),(71,2401),(76,4764),(83,2729),(90,5184)]	22.968685
939	[(1,4170),(22,135),(27,4022),(28,2358),(30,4772),(61,1798),(87,3386)]	22.936812
940	[(0,3303),(3,950),(33,3018),(44,5307),(53,4611),(55,1303),(79,471),(87,216)]	21.247950
941	[(0,3961),(4,2396),(5,3450),(14,2823),(30,646),(51,1873),(60,3815),(72,2745),(74,2843),(90,5249)]	20.942747
942	[(15,2837),(34,4550),(38,4037),(55,4377),(67,4512),(69,5034),(72,1444),(81,2862),(84,3654)]	20.922435
943	[(3,3899),(28,1717),(31,3208),(35,5014),(39,4153),(44,2429),(48,1833),(66,2891),(86,356),(87,3515)]	20.701831
944	[(1,3910),(5,3092),(22,1098),(32,5250),(53,1285),(59,209),(65,310),(68,1973),(70,1734)]	20.991072
945	[(7,1423),(40,5510),(75,3121)]	20.857988
946	[(26,2175),(28,2034)]	21.021227
947	[(2,5926),(3,4221),(8,4745),(13,3027),(32,2517),(45,1039),(48,4850),(53,3326),(78,5205),(84,5374),(90,2131),(92,1896)]	20.705288
948	[(0,1115),(14,405),(19,4104),(22,386),(23,945),(25,4251),(46,5185),(51,1015)]	20.933346
949	[(7,3164),(14,4500),(22,4878),(35,1023),(69,682),(85,4561),(91,479)]	21.695340
950	[(1,3055),(5,1565),(12,3435),(30,1995),(44,689),(64,4716),(85,2249),(86,1728)]	20.755958
951	[(24,5802),(27,4321),(31,183),(35,870),(44,3823),(50,4320),(54,4283),(63,4352),(73,3743),(75,5164),(79,1958),(82,5774)]	20.658465
952	[(1,2886),(3,1903),(8,4707),(11,2438),(18,1082),(36,1770),(48,4919),(51,2724)]	20.839710
953	[(1,4849),(4,3294),(19,5481),(23,2790),(26,1031),(51,2503),(53,4489),(60,2758)]	28.581793
954	[(7,5744),(16,3234),(18,5354),(33,5131),(42,5785),(43,5410),(51,1725),(57,5351)]	21.704263
955	[(10,5925),(40,3152),(52,4618),(58,4857),(69,5869),(74,2602)]	21.365760
956	[(2,5310),(17,1077),(21,4722),(61,3364),(74,96),(76,5422),(77,3619)]	21.338219
957	[(6,790),(14,4507),(18,4730),(47,2940),(62,2410),(75,2559),(79,575),(87,4694)]	22.566465
958	[(6,3664),(12,2125),(40,5180),(69,1413),(75,1065),(84,5453)]	20.944931
959	[(20,3438),(24,2258),(30,991),(38,5362),(79,3490),(82,5228),(88,3674)]	20.573998
960	[(0,3966),(17,3881),(29,1027),(57,3710),(68,3212),(73,2401),(75,81),(81,4196),(87,2227)]	20.878114
961	[(0,4423),(8,3249),(31,2404),(48,355),(50,2149),(53,5905),(55,1815),(61,5044),(76,1641),(78,630),(86,894)]	20.960285
962	[(14,5067),(17,4934),(21,5624),(28,634),(33,3074),(55,4686),(68,4939)]	20.936415
963	[(1,122),(15,1108),(21,294),(52,5677),(64,4501),(81,4308),(85,5739),(86,4454)]	21.530619
964	[(37,5336),(39,1544),(65,2339),(70,204),(75,1584),(79,3573)]	20.954466
965	[(28,1687),(50,5224),(54,3147),(63,4035),(67,3060),(79,1702),(82,2590),(83,3889),(85,3421),(92,1845)]	21.892677
966	[(4,529),(16,5377),(34,2217),(44,5080),(46,5358),(48,4504),(72,668),(77,4388),(79,5635)]	20.756818
967	[(7,5681),(12,4121),(45,2004),(80,1478),(82,2912)]	20.792233
968	[(20,5906),(35,4301),(46,4225),(58,2358)]	21.033699
969	[(1,1424),(6,964),(21,3934),(28,3401),(58,3809),(71,279),(73,1565),(79,1377),(82,3074),(92,5056)]	21.313882
970	[(2,1105),(3,1876),(12,1214),(22,2506),(27,1849),(29,1583),(32,1692),(39,740),(53,3455),(63,4600),(68,2162),(78,4924),(92,247)]	22.856046
971	[(5,3697),(6,3053),(12,1419),(22,5726),(24,731),(35,4720),(38,1836),(55,4140),(64,1245),(65,5761),(71,4921),(76,1976),(77,3093),(81,5302)]	38.837232
972	[(10,5304),(15,5814),(16,2408),(17,2681),(45,186),(52,721),(56,1183),(82,4091),(84,566)]	22.586412
973	[(3,3702),(8,2457),(13,1126),(32,5705),(35,2986),(47,2143),(52,1285),(64,1133),(70,4426),(71,2320),(80,580),(91,2884)]	20.753427
974	[(9,881),(14,1415),(29,2993),(30,5553),(36,1209),(46,1495),(59,1384),(61,5480),(86,4644),(91,1965)]	20.878909
975	[(12,5498),(16,1627),(39,1866),(40,650),(41,3888),(46,1425),(76,884),(91,2574)]	20.820697
976	[(0,3939),(21,2015),(23,617),(67,4887),(71,1036),(76,4119),(88,2959)]	20.675111
977	[(12,1290),(21,1453),(38,2154),(49,3962),(70,4637)]	24.841112
978	[(18,4039),(20,3603),(21,884),(26,172),(39,4399),(49,2959),(55,1575),(56,2616),(62,4767),(66,734),(86,5216)]	22.633833
979	[(0,5154),(10,4704),(18,3261),(31,2968),(37,5285),(38,2044),(59,4728),(69,3069),(70,4171),(73,3897),(74,2657),(80,387)]	21.586649
980	[(5,3840),(9,1201),(11,1214),(19,1852),(34,42),(38,5339),(45,2779),(72,4759),(74,2272),(76,3866)]	20.937738
981	[(12,1824),(15,3239),(41,5441),(43,5475),(45,2384),(60,4103),(72,5924),(73,5330)]	20.829555
982	[(17,875),(63,3027),(82,5025),(86,3912)]	21.242297
983	[(23,5034),(40,401),(41,2867),(59,2014),(66,295),(69,3012),(71,59)]	21.342134
984	[(39,5146),(48,713),(52,4846),(59,4668),(63,1584),(67,3573),(69,2250),(88,1323)]	20.880873
985	[(19,1336),(42,3855),(49,5279),(50,1085),(60,4740),(80,3433)]	21.175576
986	[(2,4330),(12,3066),(19,4711),(27,2396),(28,3450),(32,5684),(36,3431),(62,635),(67,3281)]	21.373562
987	[(3,5630),(6,4218),(17,2712),(41,3359),(47,3833),(62,3404),(69,5744),(72,4141),(74,2466)]	21.302408
988	[(5,2438),(10,3490),(13,3079),(17,3979),(20,5509),(73,1181),(77,5390),(88,5493)]	21.785697
989	[(0,192),(17,1994),(18,1386),(21,1977),(25,1428),(42,2332),(45,3478),(46,186),(67,2511),(73,337),(74,3197),(77,1529)]	21.105371
990	[(25,3056),(40,2973),(55,2863),(80,341),(92,15)]	21.864706
991	[(28,3136),(49,5729),(52,2570),(57,995),(58,3991),(59,211),(66,2598),(74,3397),(80,4685),(83,2530)]	20.892216
992	[(0,2251),(2,2828),(8,2731),(22,2351),(29,5808),(49,2792),(64,5063),(70,2025),(92,4470)]	21.609079
993	[(8,4951),(19,5166),(66,1437),(69,3498),(72,2104),(76,2749),(86,81),(87,4324)]	20.882009
994	[(3,3829),(8,1209),(27,4458),(38,889),(40,4800),(44,1720),(58,1366),(66,1308),(73,3629),(82,5703),(84,1255)]	20.763560
995	[(9,2479),(27,1288),(44,1726),(51,797),(53,2220),(79,4849)]	22.167682
996	[(20,2768),(21,2156),(58,4312),(61,5626),(62,1847),(63,987),(72,5149),(73,840),(81,2586),(88,4402)]	20.835621
997	[(3,2307),(19,4829),(25,4857),(28,3669),(30,976),(38,3996),(47,4060),(48,5459),(49,5257),(64,2885),(73,4494),(75,5015),(79,4901),(82,3323)]	20.754346
998	[(26,2890),(34,2207),(46,959),(47,3320),(49,1147),(52,2923),(69,1450),(83,5656)]	22.261293
999	[(4,1799),(5,2997),(9,1302),(15,5344),(18,5839),(42,958),(53,5678),(59,460)]	28.292604
