ruleset_index	matches	time_ms
0	[(0,3450),(11,1060),(12,4773),(18,1083),(29,4431),(55,2566),(67,5513),(82,117)]	20.574900
1	[(0,1847),(1,1371),(6,5388),(23,1921),(24,3932),(29,3292),(57,674),(62,962),(72,4947)]	19.827733
2	[(1,2063),(20,2425),(21,2824),(29,1030),(36,4064),(37,2099),(38,3450),(52,614),(67,3075),(74,1963),(81,2097),(85,1316)]	20.161945
3	[(26,1512),(31,3492),(32,4751),(70,5397),(73,2023),(80,4451),(92,2375)]	19.862759
4	[(17,1319),(37,771),(44,1739),(72,2513)]	24.720663
5	[(10,2804),(11,2148),(24,998),(26,1608),(44,1528),(46,2279),(75,1540),(80,3367),(85,1178),(88,5109),(90,1860),(91,2857)]	22.928918
6	[(6,1909),(15,4088),(27,5112),(32,2532),(36,2922),(44,772),(45,4865),(51,5510),(52,5413),(61,3858),(71,3867),(72,3217),(86,4684),(92,5367)]	20.131529
7	[(2,2794),(3,5475),(8,3003),(13,1221),(14,2397),(22,1299),(25,68),(38,99),(58,1747)]	20.220138
8	[(30,4456),(40,3478),(42,1679),(44,2914),(77,4788),(86,3412)]	20.914556
9	[(3,4523),(27,1854),(56,252),(62,661),(68,2178),(84,4859),(90,4410)]	21.387427
10	[(8,572),(11,602),(23,4735),(49,1002),(50,3377),(59,4486),(83,3980),(90,1742)]	20.575677
11	[(2,1176),(11,3600),(14,5305),(40,3447),(41,1561),(43,4065),(46,1756),(54,5434),(67,2036),(75,2147),(92,1828)]	22.059644
12	[(11,1930),(25,623),(29,2723),(36,730),(53,5369),(55,4947),(57,2346),(66,3526)]	20.833025
13	[(15,1675),(17,3081),(24,2707),(33,2931),(37,1399),(43,178),(55,857),(74,3442),(82,3691)]	22.193096
14	[(15,3768),(45,2809),(52,2377),(80,979)]	20.370145
15	[(21,3770),(35,5353),(38,3118),(39,5011),(41,1117),(47,5385),(55,4162),(65,2739),(76,3744),(81,98),(82,5378),(86,4317)]	21.244936
16	[(31,4972),(34,2601),(54,3639),(62,7),(71,4828),(75,5206),(76,1392),(77,4668),(92,1599)]	19.911275
17	[(1,1379),(48,2230),(75,22),(87,552),(88,5250)]	19.874785
18	[(31,3862),(33,2375),(37,5442),(38,4406),(47,3212),(53,687),(65,268),(67,1487),(78,821),(82,4327)]	22.524109
19	[(14,3521),(33,600),(38,1402),(65,5287),(66,1923),(89,2803)]	26.592021
20	[(3,3485),(16,2872),(26,4885),(37,4927),(68,4794),(69,185),(70,236),(79,505),(89,4725),(91,5285)]	21.595456
21	[(1,1569),(2,3252),(20,1056),(22,4149),(25,3636),(30,38),(31,2133),(32,2889),(40,3043),(44,1416),(63,3670),(66,1757),(73,46),(82,1169),(92,5136)]	20.391006
22	[(6,5173),(14,2934),(32,4142),(45,4298),(49,2898),(61,5383),(82,265),(84,3350),(87,415),(91,2036)]	21.656565
23	[(5,4407),(15,3531),(53,2623),(62,169)]	20.320220
24	[(4,4443),(28,3290),(29,2157),(33,4217),(38,2715),(42,5158),(60,2560),(72,514),(74,830),(83,389),(86,2743)]	20.176409
25	[(36,5128),(40,4161),(56,2409),(66,4339),(82,2788),(91,1633)]	21.182184
26	[(27,5257),(32,2596)]	21.036173
27	[(4,4772),(13,3192),(17,116),(24,1907),(28,1013),(34,3789),(43,4361),(47,4860),(54,3068),(71,4677),(75,3166),(77,2201),(86,1723)]	20.288363
28	[(20,4708),(25,122),(42,751),(47,1403),(48,4043),(50,2475),(54,1040),(56,4178),(66,664),(68,4242),(80,2136),(87,425)]	20.176996
29	[(5,799),(8,2955),(20,593),(23,1422),(24,2365),(33,4953),(48,2102),(51,1837),(52,1922),(63,3391),(68,3452)]	21.219508
30	[(1,4701),(11,125),(40,4574),(53,591),(73,3252),(76,1218),(85,2456)]	19.897075
31	[(21,438),(26,5121),(35,2337),(37,5056),(45,2729),(48,339),(55,464),(81,2779)]	20.624470
32	[(8,4713),(19,440),(26,1793),(40,3655),(45,5157),(72,2196),(74,3098),(81,4122),(87,736),(90,1767)]	19.864234
33	[(9,2265),(18,3598),(33,1690),(46,4451),(56,5197),(58,2503),(62,695),(72,5124)]	20.117863
34	[(38,2231),(54,3547),(71,2286)]	19.820786
35	[(0,4068),(6,5109),(9,3284),(32,1954),(55,4383),(68,630),(70,5071),(89,1868)]	20.209665
36	[(4,2306),(54,4034),(72,2660),(85,2339),(89,3163),(90,3024)]	19.733264
37	[(3,661),(15,3691),(43,1494),(58,1732),(66,4655),(73,5221),(75,2775),(87,3007)]	19.643731
38	[(9,820),(12,3735),(17,4633),(30,5180),(49,3690),(73,2802)]	34.055130
39	[(10,4667),(16,3941),(27,3897),(30,3606),(31,4884),(38,570),(44,4541),(58,2288),(62,4411),(66,1),(85,2212),(87,4939)]	28.055470
40	[(6,1962),(10,1918),(34,2498),(35,1813),(39,5230),(43,2953),(45,3157),(53,1624),(61,4100),(70,4406),(73,4329)]	20.518443
41	[(18,1345),(28,1144),(32,3716),(36,1908),(44,3731),(50,1582),(62,5478),(68,2542),(78,4846),(90,1078)]	21.954953
42	[(6,5408),(7,1651),(14,4352),(21,4221),(24,1143),(27,2231),(30,5232),(35,3268),(37,1279),(44,665),(57,797),(69,5023),(80,655)]	21.253428
43	[(3,2389),(38,111),(48,137),(49,1882),(54,552),(55,5250),(81,3197)]	20.581810
44	[(25,4117),(38,307),(90,2431)]	20.138071
45	[(7,2630),(11,3503),(20,2587),(22,3947),(33,4976),(44,1282),(45,2394),(49,2108),(56,5047),(58,3279)]	19.885568
46	[(3,2398),(4,3213),(15,805),(31,349),(33,1450),(37,3466),(38,377),(49,2931),(51,4788),(54,3497),(55,4483),(58,3466)]	19.943386
47	[(8,4646),(38,882),(39,4006),(43,394),(47,95),(53,3844),(79,161),(89,4916)]	20.137734
48	[(7,5385),(8,3802),(17,1648),(29,508),(40,892),(72,4635),(81,4880)]	21.591199
49	[(11,1633),(15,1453),(27,1268),(28,4726),(41,347),(51,1495),(66,2215),(72,3038)]	21.012015
50	[(17,4843),(37,5045),(40,2029),(58,1863),(59,5480),(63,1676),(92,4750)]	20.394354
51	[(1,3677),(7,3415),(10,3635),(16,4993),(54,2536),(64,2124),(68,2365),(91,3562)]	20.020704
52	[(44,1741),(61,2867),(63,818),(66,94),(69,4050),(73,5063),(75,4334),(82,2488)]	19.954177
53	[(25,3683),(28,1234),(30,4838),(31,1484),(32,950),(35,4686),(47,2850),(58,2702),(60,1325),(73,1590),(85,859)]	20.102081
54	[(3,990),(4,5364),(6,390),(12,1122),(18,2901),(36,4373),(43,4480),(52,4038),(61,5428),(66,3402),(84,1151),(92,3089)]	21.394532
55	[(11,4095),(35,2797),(40,1100),(41,1237),(43,873),(45,1014),(67,3995),(71,5355),(72,1820),(81,1494)]	20.307950
56	[(5,2906),(17,1770),(28,852),(30,4137),(37,2784),(56,4949),(66,4044)]	20.104175
57	[(1,3545),(59,4907),(78,1993),(82,4105)]	22.322939
58	[(39,529),(43,623),(45,3152),(48,1144),(75,2823),(83,3268)]	21.587807
59	[(19,2891),(29,2679),(37,711),(39,730),(44,4235),(50,2160),(75,983),(88,4875)]	20.403561
60	[(20,2792),(42,3833),(47,1156),(53,238),(85,2222),(86,2733),(87,2195)]	22.057361
61	[(19,1435),(27,2746),(39,2517),(53,3342),(56,2080),(69,3534),(75,2420),(90,4913)]	20.799757
62	[(16,2804),(47,5264),(56,3949),(77,5152),(81,1036),(92,206)]	20.425313
63	[(3,5114),(17,4406),(23,4170),(44,2482),(63,2251),(79,4544)]	20.047561
64	[(13,433),(14,5075),(55,3390),(66,36),(74,3459),(76,3533),(82,4715),(88,5163)]	20.811248
65	[(9,1650),(16,5162),(62,3042),(63,669),(72,2095),(92,3999)]	22.416663
66	[(8,817),(9,2933),(35,4687),(37,1715),(48,2809),(53,3914),(55,1546),(67,4392)]	25.400679
67	[(4,4756),(19,5212),(33,2706),(34,628),(39,1096),(41,3117),(53,2168),(65,87),(66,3494),(84,3411)]	19.635717
68	[(23,3634),(31,5069),(44,5283),(52,4339)]	19.671415
69	[(30,2662),(34,2592),(72,2037),(90,432)]	20.850044
70	[(4,3938),(9,5126),(18,3381),(25,5266),(27,351),(57,4134),(75,4371)]	20.179824
71	[(0,2067),(9,5440),(14,4331),(24,1878),(26,5192),(62,5029),(74,4071)]	20.202838
72	[(15,2490),(18,4422),(28,731),(64,5354),(66,4651),(71,3540),(72,2770)]	19.752843
73	[(4,3871),(16,2640),(23,3040),(25,4650),(31,2386),(36,871),(39,4979),(53,5028),(55,2213),(60,2297),(61,5162),(77,4815)]	19.615521
74	[(1,5316),(14,5469),(28,4604),(29,27),(54,2311),(88,3831)]	19.558027
75	[(29,1885),(41,5077),(42,1078),(48,3691),(54,635),(56,1794),(77,2514),(90,3120)]	20.616856
76	[(2,372),(59,1765),(67,5494),(68,2534),(81,1684)]	20.757477
77	[(0,2537),(13,4335),(29,2951),(51,1463)]	20.120480
78	[(8,742),(23,5185),(54,5071),(63,3827),(81,4394),(83,3852)]	19.867741
79	[(36,2540),(44,1875),(59,73),(64,1202),(74,2961),(83,4211),(85,875)]	20.307338
80	[(2,4720),(3,2970),(20,1643),(23,5250),(28,91),(36,2965),(45,689),(46,1137),(63,2611),(71,3284),(74,3610),(80,802),(84,3089)]	20.469691
81	[(19,5400),(24,2527),(25,3815),(29,5523),(46,3045),(47,1448),(52,1627),(64,2909),(65,3200),(79,4157),(83,3071),(84,2537),(90,4626)]	20.828278
82	[(33,5501),(36,2543),(38,4185),(56,1540),(57,5167),(62,4445)]	19.727379
83	[(9,216),(18,1756),(26,5347),(41,4142),(44,4472),(52,3183),(53,2185),(63,5323),(81,4161)]	19.445813
84	[(2,4),(30,4141),(31,918),(33,1336),(36,606),(47,5251),(72,1349)]	19.520105
85	[(10,2867),(12,3970),(17,297),(20,719),(24,5028),(27,189),(57,307),(83,1188),(86,3819),(88,3831)]	19.782330
86	[(1,5370),(27,5353),(56,4282),(64,1433),(69,2785),(92,4277)]	22.245666
87	[(9,2638),(30,1358),(57,2821),(61,2512),(74,2725),(79,795)]	24.092196
88	[(7,2434),(8,3),(13,4576),(41,2819),(86,364)]	35.418338
89	[(10,5362),(28,1910),(43,4354),(52,3767),(58,409)]	20.033941
90	[(22,1103),(30,44),(39,4915),(47,1393),(49,3641),(57,3583),(61,303),(75,614),(81,1376),(87,4650)]	19.791057
91	[(3,2170),(18,5037),(29,1159),(31,5117),(32,1055),(65,4093)]	20.103860
92	[(1,1014),(6,1285),(27,1581),(33,2526),(40,1193),(90,4092)]	19.989922
93	[(1,2063),(12,4813),(15,180),(18,2132),(24,4778),(56,5486),(71,1622),(81,3347)]	19.604908
94	[(6,42),(22,2553),(47,1290),(62,130)]	19.561978
95	[(3,3745),(42,3832),(50,1867),(68,1771)]	20.040323
96	[(2,4116),(6,401),(15,5284),(22,131),(28,567),(44,203),(48,1964)]	20.460859
97	[(5,2248),(21,299),(28,3761),(30,4939),(36,5520),(58,1045)]	20.425996
98	[(21,2554),(27,3063),(32,2040),(35,1816),(61,1624),(64,976),(79,3329)]	19.721594
99	[(5,4387),(15,2280),(26,1528),(40,2451),(62,3135),(70,4413)]	19.633613
100	[(1,2118),(11,1846),(12,5345),(14,4060),(15,1009),(23,5167),(37,1042),(51,3024),(57,2227),(60,1505),(61,3403),(67,4701),(68,1966),(82,4504)]	20.583947
101	[(6,4672),(12,1358),(38,1870),(42,1809),(48,5039),(67,1749),(68,774),(73,1620),(87,1561),(88,112)]	19.847632
102	[(11,269),(12,3118),(17,3684),(25,1740),(29,4925),(42,1443),(70,2347),(77,1817),(80,1108),(89,4357)]	19.951690
103	[(0,1142),(16,5482),(24,1134),(30,710),(63,4426),(75,1970)]	19.546101
104	[(14,779),(20,2909),(21,4938),(32,1735),(33,4240),(36,1849),(51,1615),(58,1820),(59,1618),(61,4459),(67,2267),(71,1703),(73,3026),(82,3112),(85,3888),(90,4062)]	19.765727
105	[(1,5359),(11,3182),(43,1938),(51,3377),(62,1033),(69,1098),(71,5325),(77,5387),(84,2828)]	20.291630
106	[(19,4979),(24,4003),(39,4844),(40,116),(58,3181),(62,2262),(71,4296),(88,718)]	19.520398
107	[(18,2637),(46,1339),(49,2644),(62,3255),(70,756),(80,4540),(83,3009),(88,3221)]	20.150870
108	[(5,3568),(9,4340),(16,4871),(29,644),(50,4732),(54,4313),(56,2275),(85,2062)]	21.806388
109	[(29,4511),(31,1124),(50,806),(60,2160),(63,3132),(85,2581)]	21.019954
110	[(7,5162),(15,4392),(20,3624),(23,4061),(44,1974),(53,3918),(58,1324),(88,2658)]	21.195747
111	[(7,1560),(19,4109),(31,5112),(34,2720),(51,2375),(86,3413)]	20.412991
112	[(51,1809),(56,2147),(73,5165),(84,239),(85,3200)]	22.960581
113	[(21,3871),(36,3872),(41,2738),(49,2577),(61,2344),(62,1376),(69,3732),(80,3555)]	21.841888
114	[(1,4935),(5,59),(9,3177),(25,2542),(27,26),(39,4223),(56,3815),(61,1381),(68,881)]	26.368948
115	[(13,2612),(24,2529),(25,166),(26,4910),(56,2057),(80,2030),(89,5192)]	20.682193
116	[(2,3515),(15,2216),(26,795),(29,2485),(48,1672),(50,3739),(51,1701),(57,5521),(77,271),(81,1353),(89,1985)]	21.557533
117	[(0,1657),(7,5417),(24,425),(28,3474),(52,1618),(70,5214),(85,1471)]	21.269431
118	[(4,3308),(11,4311),(22,4916),(28,1231),(30,2614),(45,5436),(50,3167),(51,2059),(56,2950),(59,915)]	21.038716
119	[(15,965),(26,546),(39,4686),(44,1567),(51,1606),(69,28)]	19.699336
120	[(40,426),(46,56),(64,3983),(70,5388)]	19.854186
121	[(15,5353),(51,5102),(65,446),(68,4215),(74,2646),(75,843),(79,1312),(80,1483),(87,4911),(90,4948)]	19.903996
122	[(36,3965),(42,3373),(45,632),(46,4883),(66,3722),(72,113),(78,4346),(79,4728),(81,5252)]	20.329089
123	[(8,3346),(12,932),(13,1582),(19,3937),(41,2290),(53,2085),(59,5016),(72,3676),(89,483)]	20.215892
124	[(8,1766),(25,4782),(29,2661),(37,136),(41,5168),(65,2240),(69,3595),(72,4991)]	19.929942
125	[(37,3004),(40,1730),(43,1189),(45,4778),(65,924),(78,348),(79,4754),(89,1925)]	20.038251
126	[(10,3778),(33,3239),(37,4185),(41,2427),(53,1495),(57,3803),(80,902),(81,4255),(88,139)]	20.179926
127	[(19,3454),(54,1530),(62,1357),(65,5151)]	20.199942
128	[(21,4030),(34,4011),(37,1557),(49,3126),(64,2790),(71,3174),(76,69)]	20.064029
129	[(0,2109),(1,214),(8,1093),(22,2829),(32,1518),(34,1241),(40,35),(41,2774),(67,5198),(73,4696),(77,3018)]	21.188854
130	[(13,3669),(23,4277),(34,2183),(50,678),(71,2855),(73,3108)]	19.771824
131	[(1,958),(9,4144),(15,4128),(52,1084),(53,2607),(63,56),(64,2754),(76,2657)]	19.563861
132	[(39,2833),(65,2931),(74,66)]	19.773598
133	[(2,3741),(8,1951),(20,3446),(30,3053),(32,615),(44,1432),(60,3819),(81,4792)]	19.775870
134	[(1,924),(21,3148),(28,675),(29,1650),(48,2816),(74,231),(78,458)]	23.284692
135	[(4,5381),(18,156),(44,4686),(47,4833),(69,4149),(73,4639),(78,4190),(79,5496),(91,2902)]	21.714366
136	[(13,4984),(14,1629),(25,3873),(45,1677),(57,3247),(60,4178),(65,5410),(88,1875)]	37.220672
137	[(7,3666),(57,4857),(63,2407),(75,2520),(78,522)]	40.727742
138	[(8,5327),(24,3511),(32,342),(52,2878),(60,3294),(63,604),(70,1793)]	31.123545
139	[(19,1738),(24,2887),(67,2305),(82,5106),(84,2216)]	20.597940
140	[(2,4928),(18,3951),(21,5107),(32,1463),(35,5072),(62,2386),(75,2877)]	20.048968
141	[(12,5313),(27,3440),(62,3162),(70,5221),(76,3669),(81,1832),(83,908),(88,3916)]	19.923838
142	[(15,5448),(31,773),(37,5066),(53,5085),(90,3152)]	19.552528
143	[(9,4913),(25,987),(36,4255),(37,1460),(57,2427)]	19.968638
144	[(7,2982),(21,1795),(22,3907),(38,2109),(39,214),(42,2992)]	19.827969
145	[(13,5100),(17,975),(21,915),(38,5139),(39,4198),(43,1327),(58,3646),(62,557),(78,2428),(86,1418)]	20.969043
146	[(0,2008),(5,5137),(12,1453),(14,770),(17,1063),(26,3734),(29,5209),(41,5352),(46,4310),(55,1975),(61,1196),(64,3311),(66,4890)]	20.403677
147	[(8,4432),(65,561),(85,2078)]	19.879265
148	[(6,4409),(42,2052),(46,4921),(62,5052),(66,3856),(85,1746),(89,359),(91,3039)]	19.953343
149	[(17,1069),(44,314),(50,3819),(60,3544),(74,162),(80,784),(91,3166)]	19.818371
150	[(3,293),(15,4315),(16,2986),(20,504),(33,1734),(35,5071),(51,1490),(60,3122),(65,3980),(71,1108),(76,2934),(88,2447),(92,1202)]	20.132599
151	[(7,5418),(9,5279),(16,2994),(20,4621),(34,3977),(45,196),(60,324),(82,3518)]	20.720059
152	[(15,296),(21,2695),(22,407),(23,5515),(32,2612),(39,3586),(53,5420),(90,5071)]	21.808322
153	[(7,5224),(8,1847),(13,4551),(40,2632),(42,990),(45,5276),(46,182),(48,915),(51,945),(57,4064),(64,3567),(68,244),(73,1010),(75,4255),(86,3453)]	20.852681
154	[(3,4793),(5,3030),(21,1789),(49,1402),(54,1903)]	21.515944
155	[(7,4871),(15,1520),(19,2502),(28,2335),(32,1843),(42,2296),(49,3597),(62,2575),(63,1675),(64,4454),(72,4552),(81,2492),(82,1881),(87,857)]	20.753494
156	[(2,2355),(19,4561),(31,5207),(36,4824),(44,4321),(65,2534),(74,2085),(80,4207),(84,519)]	20.530412
157	[(11,3864),(32,2811),(34,3595),(54,1468),(64,2466),(81,4042)]	24.086018
158	[(12,4138),(17,2131),(44,313),(51,5133),(70,2483),(77,4830),(80,1645)]	20.326004
159	[(21,2440),(26,4088),(45,2344),(60,3891),(67,4340),(70,4060),(86,5194)]	20.907810
160	[(12,1058),(29,2207),(32,3979),(41,2667),(45,1208),(73,3560),(74,2913)]	26.690889
161	[(5,1743),(34,3644),(49,3236),(50,1602),(53,1821),(62,5359),(76,4410),(81,4006),(90,934)]	20.333120
162	[(20,410),(35,4123),(59,1569),(74,2438),(77,1690)]	19.997906
163	[(20,368),(38,2153),(40,759),(47,5320),(55,3337),(59,2503),(63,2700),(66,4546),(70,1618),(76,3048),(78,2911),(88,2750),(92,3887)]	20.487475
164	[(3,2844),(12,3086),(15,3511),(18,201),(27,5375),(46,2083),(53,4186),(64,4224),(67,5105),(68,1484),(69,950),(73,1283),(76,2043),(77,3393),(78,549),(81,254),(82,4201)]	24.336318
165	[(3,5483),(16,5298),(32,3587),(40,2258),(56,3700),(63,1346),(81,2546)]	20.817436
166	[(6,1517),(14,1798),(23,1516),(46,2238),(60,3375),(70,4102),(86,3845)]	19.965267
167	[(18,1558),(35,5454),(48,4813),(50,4119),(52,3936),(57,226),(78,4207),(85,2416),(88,2830)]	20.197824
168	[(16,1617),(27,5506),(42,2676),(44,4238),(51,1436),(69,4603)]	20.271882
169	[(24,1671),(31,317),(51,4697),(61,700),(63,2794),(67,1787),(68,3011),(75,373),(89,5497)]	20.412578
170	[(19,863),(24,3620),(27,580),(51,3932),(55,2035),(60,3344),(61,4458),(64,1222),(77,1441),(82,3190),(85,1260),(88,2472),(89,4695)]	19.905597
171	[(1,5151),(17,2431),(27,5092),(32,3533),(55,4097),(66,5233),(87,1686)]	20.277569
172	[(2,4467),(22,4068),(39,1037),(50,2364),(51,3834),(54,1834),(56,4583),(57,2257),(79,3919)]	20.096793
173	[(4,2461),(10,3268),(15,2562),(24,4952),(37,5195),(47,886),(60,439),(64,1111),(81,921),(87,5154),(90,2756),(91,641)]	20.407267
174	[(0,1114),(1,4825),(17,4498),(20,3603),(33,932),(34,1582),(41,3937),(44,4859),(47,275),(61,3555),(77,3915),(86,5235),(92,2663)]	20.371300
175	[(12,4642),(13,3682),(21,498),(26,1810),(51,4211),(58,3120),(60,670),(64,2657),(69,5159),(78,4555),(87,2028),(90,4122)]	20.115485
176	[(32,1461),(36,3596),(41,1206),(81,14),(83,3459)]	19.734916
177	[(0,1511),(6,2183),(27,4574),(33,4732),(39,130),(51,3079),(52,2731),(57,5200),(65,286),(68,4917),(79,3312),(84,2893)]	19.906259
178	[(0,1364),(13,4158),(14,658),(21,1900),(41,3947),(64,4022),(71,1668)]	20.302357
179	[(5,4793),(12,442),(19,5161),(38,993),(47,1790),(58,2235),(64,2322),(78,511)]	19.763557
180	[(22,1302),(26,1004),(29,66),(32,3604),(47,3411)]	19.759555
181	[(28,1647),(44,5134),(47,2495),(59,555),(87,5055),(91,5407)]	23.059783
182	[(12,3146),(20,616),(27,1073),(35,1847),(41,3161),(43,3530),(45,3535),(46,647),(63,4004),(80,3530)]	20.100870
183	[(21,3735),(24,769),(36,864),(37,5477),(72,3292)]	20.680872
184	[(1,2212),(11,5520),(57,4612),(60,5079)]	23.493335
185	[(14,1410),(17,5271),(53,1277),(60,5108),(62,2589),(64,3493),(66,104),(78,3763),(88,3353)]	23.366725
186	[(3,5100),(17,2851),(26,797),(37,3662),(48,3995),(57,63),(76,4016),(77,1999),(82,205),(83,5502)]	29.187958
187	[(0,609),(2,3429),(3,1264),(17,3742),(33,3374),(36,1476),(37,5087),(62,2466),(64,3078),(67,4197),(70,3228),(72,4954),(86,1291),(88,2953)]	31.420353
188	[(8,3754),(13,3662),(33,4269),(41,3028),(44,1291),(60,1893),(82,28)]	21.791229
189	[(23,4004),(53,175),(65,4212),(69,5182)]	21.149702
190	[(4,3702),(8,5388),(35,5315),(41,5382),(45,1295),(52,156),(59,30),(60,896),(71,3345)]	22.138659
191	[(16,1176),(31,50),(36,837),(51,2829),(65,5149),(75,3393),(80,5119),(88,807)]	19.717639
192	[(1,353),(8,4163),(14,328),(36,889),(41,3258),(44,3223),(50,4093),(55,5403),(88,4595),(91,1067)]	20.961959
193	[(7,4508),(16,1494),(27,893),(46,4738),(52,1812),(53,3032),(70,4686)]	20.545037
194	[(7,2381),(27,2466),(54,1254),(77,5077),(78,1078),(83,451),(85,2097)]	19.752951
195	[(3,2797),(6,339),(16,650),(57,3422),(58,2093),(63,4537),(69,2224),(76,2910),(81,5064)]	19.619535
196	[(10,1086),(14,2899),(34,3904),(43,1934),(47,4646),(63,1871),(66,3688),(85,2122)]	20.112170
197	[(4,3913),(6,180),(14,3394),(15,166),(25,314),(28,3515),(37,4132),(40,4733),(71,1224),(75,649),(79,4386),(81,3143)]	19.890619
198	[(26,4375),(39,266),(49,2896),(62,1056),(64,4149),(85,3112),(87,1376)]	19.608692
199	[(21,4831),(43,1384),(50,1792),(82,3598)]	19.837705
200	[(19,2221),(28,2505),(66,717),(75,4882),(79,2776),(82,3875),(84,3314)]	20.418302
201	[(9,3940),(19,3612),(21,5062),(24,2806),(30,5313),(33,46),(45,4436),(51,3164),(58,4126),(77,3383)]	20.216143
202	[(7,807),(11,4253),(22,401),(26,1197),(31,3962),(43,527),(47,77),(51,2844),(55,749),(57,3869),(70,5384),(75,3870),(84,2750)]	22.487452
203	[(8,4951),(14,1661),(27,1668),(43,5017),(49,789),(52,2308),(72,2272),(76,196),(80,4424),(86,2896)]	20.372993
204	[(2,3849),(6,705),(9,4853),(15,706),(26,4350),(81,4320)]	19.644541
205	[(13,9),(23,1850),(25,435),(32,4753),(33,494),(37,5020),(51,1121),(57,1664),(81,2600),(92,4404)]	19.583334
206	[(26,657),(40,224),(64,1049),(74,2370),(79,5419),(87,2717),(88,2120)]	20.459906
207	[(3,3817),(19,2783),(29,2418),(30,1437),(34,2207),(38,5267),(47,2901),(66,1022),(69,1733)]	37.876642
208	[(9,966),(19,1550),(30,4802),(35,3311),(42,1946),(44,3841),(70,2368),(77,5185),(86,3242)]	48.772279
209	[(4,5319),(9,892),(29,4251),(33,5185),(55,1781),(58,521),(59,4014),(68,3678),(85,3198),(88,705)]	43.360270
210	[(16,4701),(18,1551),(45,4967)]	40.284075
211	[(41,3744),(70,2766),(75,3894)]	39.575269
212	[(8,4005),(13,5427),(29,2040),(38,436),(51,4261),(54,5102),(56,622),(65,3352),(71,718),(76,1299),(79,3270)]	41.075854
213	[(1,3837),(4,3063),(7,521),(14,4216),(17,4867),(35,2881),(53,2052),(73,5274),(80,3878),(91,107)]	39.001973
214	[(15,4421),(27,1253),(37,3019)]	39.244114
215	[(9,4510),(15,3177),(19,2352),(27,260),(46,3239),(55,4136),(66,770),(71,4666)]	38.560075
216	[(19,1893),(46,4395),(51,5510),(60,1441),(78,5021),(82,4835),(91,470)]	39.917044
217	[(3,705),(22,5399),(32,3647),(43,3949),(61,4791),(80,3979),(87,5330)]	40.229025
218	[(15,3811),(35,3047),(42,502),(59,2303),(86,1158)]	42.675011
219	[(5,3246),(39,1898),(41,541),(44,3109),(47,3374),(62,3509),(77,1615),(85,2775)]	39.629272
220	[(4,5064),(6,4242),(8,4989),(35,1080),(48,5043),(51,1179),(62,5273),(72,2455),(74,4514)]	39.278435
221	[(5,2102),(7,87),(14,3209),(30,3741),(34,4980),(37,1133),(56,3184),(59,2356),(76,414),(78,2652),(79,1508)]	43.583640
222	[(8,4459),(21,1485),(33,2784),(50,4121),(55,2460),(56,83),(71,1308),(82,2259),(87,225)]	48.114401
223	[(9,3184),(19,2054),(30,2862),(49,1161),(51,3907),(52,2488),(63,2092),(72,2399),(80,2373)]	40.893706
224	[(9,2542),(30,1532),(88,2617)]	41.453578
225	[(10,335),(12,1217),(32,1996),(35,3685),(36,4783),(37,4102),(51,5288),(58,4132),(59,5380),(74,4106)]	46.211144
226	[(6,850),(29,536),(41,2702),(43,5483),(51,1547),(52,3646),(69,3777),(74,1736)]	39.360342
227	[(12,5084),(15,4436),(23,5296),(24,2078),(38,4435),(49,777),(58,117),(84,2775)]	39.556513
228	[(6,4862),(10,1614),(42,1093),(59,2667),(61,4894),(81,1063),(87,5436)]	40.403520
229	[(3,2989),(6,291),(40,3411),(47,1489),(53,22)]	50.761896
230	[(1,34),(12,2972),(26,3952),(37,3160),(42,4508),(52,299),(57,5266),(71,1981),(77,401),(79,5199)]	37.171808
231	[(6,1163),(26,806),(29,4558),(31,1922),(37,5433),(46,641),(48,4909),(55,3154),(75,3554),(83,13),(90,870)]	40.013458
232	[(11,1918),(15,2722),(22,140),(26,4363),(29,786),(36,3681),(48,5238),(85,5203)]	38.949517
233	[(3,1791),(16,5501),(23,2384),(25,1027),(29,2764),(33,1055),(45,5232),(69,5198),(71,3436),(73,4877),(74,3718),(78,4165),(87,5217),(91,4946)]	58.528970
234	[(0,1072),(4,395),(8,1391),(31,1256),(33,4283),(39,3837),(41,4076),(54,1869),(79,2068),(81,2944),(90,2404)]	75.769197
235	[(16,2551),(17,5007),(29,863),(38,1497),(45,5010),(48,4405),(68,414),(76,3883),(80,3587)]	60.233379
236	[(12,3455),(25,638),(31,1861),(33,2847),(67,3375)]	38.564033
237	[(3,1145),(16,5446),(40,919),(49,2270),(52,2800),(56,2783),(67,4613),(72,5507),(80,4267),(82,801),(83,4107),(85,4840)]	39.779761
238	[(5,3403),(21,54),(33,5151),(57,4640),(66,2081)]	38.388395
239	[(8,5438),(30,3967),(36,4537),(47,3943),(52,2727),(62,1158),(65,4012),(72,4654)]	37.513686
240	[(8,4043),(19,688),(27,368),(31,5364),(45,3964),(58,868),(61,1548),(81,4715),(88,5486),(92,238)]	48.307560
241	[(6,4564),(15,4383)]	44.822956
242	[(10,886),(53,2743),(72,367),(77,5430)]	43.315444
243	[(7,2729),(22,4856),(43,3686),(48,1995),(70,1528)]	46.240284
244	[(34,4),(37,2522),(67,512),(88,857)]	37.202712
245	[(9,3394),(12,343),(13,3634),(18,2124),(43,1127),(44,213),(55,3392),(62,1442),(63,2687),(69,2119)]	46.022569
246	[(4,868),(16,2161),(30,4869),(31,5361),(53,4944),(60,1964),(78,4732)]	59.745443
247	[(7,1022),(9,4486),(13,3267),(22,2640),(46,5315),(86,3426)]	69.217835
248	[(8,1073),(12,1971),(30,1332),(33,1788),(82,4418)]	55.045997
249	[(7,1773),(33,124),(36,33),(41,4627),(44,3897),(54,2221),(57,5438),(61,1369),(67,2875),(74,3974),(86,1300)]	43.114458
250	[(9,4015),(17,2006),(30,5392),(34,4931),(38,5332),(45,3131),(68,1442),(74,2775),(76,4210),(77,3490),(91,3618)]	66.059162
251	[(1,3855),(6,2009),(10,2320),(18,2345),(25,3046),(36,1240),(39,5341),(48,2660),(53,2243),(65,2727),(85,2138)]	86.762150
252	[(20,976),(35,171),(37,1005),(60,1581),(66,1208),(72,31),(81,1144),(86,5120),(90,5297)]	41.858916
253	[(3,1383),(4,1132),(7,3160),(16,4268),(31,871),(36,3975),(54,5472),(65,4594),(80,3366),(86,3683)]	39.596286
254	[(3,2722),(36,2010),(57,2801),(78,59)]	40.852946
255	[(23,1823),(24,270),(39,3788),(79,210)]	40.145441
256	[(11,3963),(22,4197),(28,4471),(33,1382),(42,834),(45,5203),(66,1094),(69,1442),(80,5204),(86,1416)]	39.506179
257	[(11,1929),(12,3398),(29,3832),(33,4925),(48,1131),(52,377),(64,2764),(72,391),(78,3143),(79,4457),(84,2506)]	39.483651
258	[(56,5404),(71,1505),(89,1529)]	40.140545
259	[(3,4077),(5,3379),(6,1492),(35,4687),(41,5417),(50,2257),(60,1365),(77,813),(90,91),(92,2458)]	40.336980
260	[(20,103),(27,1345),(28,4330),(33,5475),(76,300),(77,1523),(79,558),(80,645),(90,2070)]	39.859002
261	[(9,4816),(31,640),(34,3013),(46,4334),(54,3281),(83,4828)]	41.367890
262	[(8,645),(23,2634),(32,3801),(40,4459),(46,1165),(67,4759),(86,4366)]	45.916129
263	[(10,4690),(13,4057),(25,250),(37,1226),(42,1934),(51,1835),(77,3081)]	40.461751
264	[(27,2012),(30,492),(34,2226),(52,4167),(58,2001),(60,122),(65,4009),(78,3159),(80,4289)]	39.890639
265	[(19,4015),(25,4871),(45,462),(52,4493),(57,988),(65,2026),(74,5252),(90,1430)]	40.301628
266	[(10,1339),(38,1066),(39,4433),(92,3222)]	48.413786
267	[(8,1848),(28,2869),(31,4058),(44,811),(45,1307),(78,3690),(86,671)]	39.758326
268	[(20,4904),(22,450),(25,4638),(28,4769),(36,3342),(38,2382),(41,445),(47,1868),(64,5454),(73,2243),(75,2074),(77,478)]	40.003542
269	[(16,986),(22,2176),(24,5085),(35,119),(57,4265),(63,1388),(68,2962),(77,1655),(86,4945),(88,1165)]	49.702242
270	[(12,2548),(13,538),(33,5057),(67,3205)]	43.583729
271	[(9,536),(17,5493),(33,632),(36,504),(42,1853),(46,940),(62,109),(76,1148),(78,1178),(83,5100),(89,1106),(90,4152)]	46.072897
272	[(3,4450),(5,2633),(26,1272),(27,2771),(34,2199),(35,2010),(49,4566),(54,3250),(63,3959)]	39.920466
273	[(1,4342),(4,5176),(6,5095),(9,3385),(10,4608),(28,4327),(40,5044),(41,1553),(68,3874)]	38.383103
274	[(0,2829),(11,3769),(45,2227),(52,1514),(55,2505),(56,2905),(61,2131),(64,2713),(72,163),(82,553)]	44.508197
275	[(14,5080),(26,4951),(32,3392),(55,5116),(60,1036),(76,3193),(79,2757),(84,3291)]	40.071455
276	[(21,2436),(23,1731),(34,936),(39,181),(44,4056),(49,5458),(70,2945),(71,3838),(73,2430),(90,1747)]	38.954102
277	[(15,2639),(19,4501),(39,2064),(56,5161),(85,2228),(88,1110),(90,2516)]	37.817359
278	[(7,5280),(46,1650),(57,4949),(71,4920)]	37.944323
279	[(31,4275),(40,4343),(45,833),(62,1360),(63,1538),(73,5317),(83,3972),(84,2664)]	38.744257
280	[(1,892),(14,1226),(20,1714),(43,4758),(46,4360),(50,3199),(55,5394),(56,3510)]	37.583082
281	[(4,1631),(7,1248),(11,4828),(18,1382),(30,4317),(33,5053),(57,1497)]	40.691625
282	[(4,414),(6,2652),(17,876),(22,146),(30,850),(33,3655),(36,3167),(48,5084),(52,1573),(63,1838),(72,1214),(80,5452),(89,2465)]	41.308814
283	[(40,2382),(46,4390),(63,4592),(86,1437)]	39.724842
284	[(12,3830),(16,1783),(24,2540),(28,4575),(60,2503),(62,942),(65,3222),(74,4443)]	40.698779
285	[(12,2821),(24,2956),(34,4870),(35,1830),(55,5429),(71,4448),(78,3938),(80,2964),(84,4086),(85,5087)]	42.606800
286	[(12,640),(30,1920),(41,2713),(50,4633),(54,959),(65,3266),(83,3998)]	41.858868
287	[(2,2945),(3,3838),(15,3156),(20,1029),(22,1131),(55,1473),(62,846),(70,2695),(71,1842),(74,181)]	41.270720
288	[(29,2085),(38,5267),(56,1749),(60,3096),(66,5496),(69,5037),(70,691),(76,2647),(83,4612),(86,1085)]	40.263441
289	[(24,1166),(42,1200),(56,2041),(66,1256),(68,462)]	40.005792
290	[(6,323),(8,5144),(25,752),(56,3906),(74,2928),(86,3668)]	39.975988
291	[(7,2501),(53,1899),(59,295),(74,4259)]	43.556277
292	[(2,2255),(13,4483),(15,1744),(17,3410),(30,786),(37,4638),(57,271),(58,480),(80,1167),(82,5496),(90,795)]	46.083459
293	[(1,4927),(5,4963),(30,3453),(36,1841),(37,1270),(56,3250),(78,3498),(84,1990),(89,4800)]	41.981246
294	[(11,4820),(17,3969),(42,2123),(51,5199),(53,1547),(60,5144),(63,3239),(77,1050),(80,4756)]	38.242772
295	[(3,4351),(23,4307),(31,1132),(44,759),(70,4650),(87,1966),(91,1868)]	40.140402
296	[(1,149),(12,4301),(47,2964),(49,2008),(64,2224),(80,2646)]	49.635346
297	[(11,2892),(15,5059),(20,360),(31,3589),(45,2101),(85,4325),(92,3419)]	43.088810
298	[(7,535),(21,3823),(23,1022),(77,3561)]	43.401399
299	[(15,2095),(28,517),(45,5072),(50,1534),(67,2957),(69,3486),(86,1429),(88,3031),(91,462)]	45.544829
300	[(10,2839),(33,1289),(34,3887),(61,1162),(70,365),(74,383),(86,3237)]	42.078002
301	[(4,1822),(20,1769),(49,732),(58,5117),(61,1845),(74,4081)]	41.625887
302	[(17,3495),(46,3000),(59,4858),(68,583),(81,4651),(86,551)]	40.897072
303	[(22,764),(47,3710),(77,5261)]	41.975411
304	[(28,2930),(60,368),(76,3221)]	41.332886
305	[(5,4347),(29,4332),(38,4617),(51,1969),(60,4378),(63,4109),(64,5395),(68,5067),(72,5456),(74,5453),(75,1811),(88,1068)]	40.246806
306	[(60,3936),(64,182),(72,2627),(78,3623),(79,1327),(82,2404)]	20.682805
307	[(7,2748),(22,2050),(24,401),(39,2908),(51,1191),(62,4791),(63,4562),(80,3343)]	19.995888
308	[(39,3539),(80,288)]	21.858277
309	[(14,3191),(17,909),(19,567),(23,1534),(26,403),(51,901),(69,4294),(72,3874),(78,5233),(86,2449),(92,1192)]	20.009878
310	[(2,57),(23,3577),(33,2293),(43,588),(47,603),(59,2353),(61,2085),(76,5062),(86,4265),(92,3932)]	19.676299
311	[(9,5454),(12,1644),(27,1055),(29,3505),(43,4755),(51,1468),(63,1621)]	19.678367
312	[(1,4384),(14,3683),(33,538),(34,1271),(37,1928),(45,2481),(48,866),(51,4670),(54,52),(73,2756),(86,4377),(87,393)]	20.010299
313	[(17,4915),(24,4029),(29,2759),(45,1473),(47,681),(63,4467),(84,3279)]	21.694831
314	[(13,92),(24,2571),(26,3063),(30,4879),(39,3682),(48,2389),(80,5452)]	20.021334
315	[(7,401),(12,4727),(14,4552),(20,2409),(21,648),(51,5413),(63,2200)]	23.102402
316	[(0,636),(52,4532)]	20.288482
317	[(17,2271),(34,640),(39,5393),(67,4477),(69,4183),(81,1728),(91,4583)]	19.925511
318	[(0,1889),(3,2560),(16,1088),(25,1911),(29,1775),(40,2166),(48,4968),(56,3059),(60,2687),(68,858),(77,4851),(88,114)]	20.000468
319	[(1,50),(14,1720),(21,2814),(25,3310),(27,461),(33,3804),(37,3125),(42,4799),(45,3286),(60,3544),(87,5243),(91,2257)]	20.139232
320	[(23,946),(37,4885),(40,1138),(41,1920),(44,2279),(56,3855),(57,1109),(66,4036),(82,2836),(86,214)]	21.049447
321	[(3,1624),(9,3427),(41,2116),(48,2909),(62,1900),(67,3987),(75,298),(77,4136)]	21.420904
322	[(1,3535),(2,4952),(27,1815),(42,5349),(46,2387),(57,2778),(68,2356)]	19.786879
323	[(4,3724),(20,3621),(26,4729),(39,1078),(49,2809),(57,2757),(58,2569),(85,956),(89,5415)]	20.479550
324	[(3,3646),(10,539),(17,334),(32,2211),(34,1165),(39,22),(50,4384),(65,843),(73,2111),(82,2356),(90,2905)]	22.833335
325	[(74,1556)]	20.883404
326	[(0,4819),(40,5065),(53,1551),(55,3995),(61,4256),(67,3972),(68,714),(79,1941)]	19.767549
327	[(8,5515),(46,2997),(66,3380),(68,1259),(69,3759),(71,3648),(78,2378)]	20.170978
328	[(6,5265),(9,1622),(14,1778),(62,4664),(63,1225),(85,3427),(92,5166)]	19.871260
329	[(3,193),(5,4082),(8,1786),(12,2700),(19,2709),(21,1244),(29,3440),(40,594),(60,4775),(61,4475),(74,1283),(77,2043),(78,3393),(87,3615)]	19.585156
330	[(20,932),(22,194),(23,775),(45,3007),(48,3067),(52,2902),(53,4814),(59,1207),(60,3107),(62,2528),(66,4305),(69,4336),(71,3383),(73,4770),(83,86)]	20.565459
331	[(1,5418),(17,2432),(57,4891),(70,4747),(86,3114)]	20.583582
332	[(5,2425),(9,167),(23,1741),(27,1865),(55,2477),(73,4525),(78,2956),(84,2233),(86,4812),(89,1926)]	20.224157
333	[(32,802),(36,4873),(47,2209),(68,4898),(78,26)]	20.480158
334	[(25,4195),(26,4928),(33,462),(41,3250),(52,2253),(58,3648),(60,3183),(84,462),(89,660)]	19.892241
335	[(17,89),(29,3756),(37,4561),(39,992),(51,4350),(62,4654),(76,5161),(83,1221),(84,907)]	20.562608
336	[(5,1090),(18,4233),(29,619),(32,3260),(44,5512),(52,627),(54,5197),(58,1117),(60,2649),(65,538),(67,5194)]	22.000996
337	[(10,1929),(28,4384),(38,1322),(41,4236),(50,3815),(62,3553),(75,1540),(80,3442),(90,4732)]	33.211066
338	[(7,4540),(13,2860),(14,131),(25,5003),(29,3743),(34,1204),(44,2439),(49,3523),(50,15),(58,536),(65,5152),(81,3568),(91,373)]	29.743264
339	[(3,585),(21,4876),(24,2710),(63,204),(78,447),(80,2555),(86,4610)]	25.786957
340	[(6,5326),(11,2083),(14,1493),(18,2467),(35,2489),(42,210),(52,4731),(54,610),(80,5422),(84,1846)]	19.699394
341	[(3,1422),(5,461),(23,2536),(59,4204),(75,877),(77,78),(80,5107),(87,3451),(92,3266)]	19.635287
342	[(10,4653),(19,3382),(24,1223),(34,3339),(41,1292),(53,1236),(54,2247),(60,244),(62,1288),(63,547),(82,4575),(85,3826),(88,4603)]	20.678187
343	[(0,251),(2,5121),(23,3550),(27,1234),(36,4758),(46,2259),(59,2618),(65,61),(74,4681),(79,4654)]	19.743706
344	[(1,4746),(11,965),(36,5291),(39,4471),(55,2914),(84,4369)]	19.342482
345	[(24,4335),(34,1162),(35,4437),(60,1709),(67,3633),(72,4652),(88,2180)]	20.488906
346	[(6,1056),(8,4149),(14,2494),(29,5254),(42,1167),(61,2080),(70,965),(92,521)]	20.299538
347	[(31,4034),(45,3489),(46,555),(73,5262),(75,1574),(79,2444),(90,142),(91,4678)]	20.664239
348	[(10,838),(53,1283),(64,2599),(80,334)]	20.978531
349	[(8,2541),(9,155),(22,1708),(40,4974),(58,2846),(61,4281),(65,4314),(77,2445),(90,1690)]	21.304415
350	[(6,3347),(12,4102),(16,581),(33,621),(48,136),(62,1611)]	20.657058
351	[(24,856),(44,1932)]	20.619567
352	[(2,4277),(47,1338),(50,2495),(58,3400),(71,2194),(84,2414),(88,5204),(91,866)]	21.238906
353	[(5,3763),(73,5220),(79,78),(80,4362),(82,4802)]	20.849153
354	[(6,3873),(20,4707),(67,5320),(91,4163)]	21.027485
355	[(7,442),(18,4590),(22,835),(30,1264),(36,943),(47,4174),(52,4893),(54,890),(67,4831),(69,4416),(76,3367),(89,2360)]	19.444464
356	[(22,3878),(31,801),(34,1351),(76,1915)]	20.246178
357	[(0,2953),(23,3198),(52,1432),(72,3956)]	19.648266
358	[(14,2688),(19,3208),(20,929),(25,2711),(29,3876),(43,1627),(45,925),(48,4579),(67,3043),(85,5356)]	20.690452
359	[(4,2034),(13,2330),(14,5384),(41,5490),(48,5003),(78,3413)]	20.673693
360	[(18,910),(20,3415),(29,1013),(47,4935),(64,673),(72,1877),(77,5365)]	20.018811
361	[(3,603),(13,4835),(34,1037),(37,5320),(49,3733),(55,2152),(67,1511),(69,1916),(71,4499),(89,638),(92,1994)]	19.574147
362	[(6,1033),(68,3836),(72,3501),(92,1482)]	20.490584
363	[(0,3054)]	22.647054
364	[(30,3845),(37,296),(59,2615),(76,138)]	19.780815
365	[(0,1301),(2,3920),(3,2045),(7,3741),(11,3027),(22,2518),(28,3118),(49,258),(57,869),(65,458),(87,2532),(89,1433),(92,2601)]	19.722682
366	[(0,2525),(2,3341),(12,2757)]	19.688088
367	[(2,2477),(21,1159),(23,5117),(29,3102),(46,3530)]	19.610216
368	[(1,2494),(4,38),(5,3795),(36,1850),(64,4017),(81,3381),(84,1605)]	21.241090
369	[(11,1196),(22,4710),(35,3577),(62,5106)]	20.715109
370	[(8,2829),(15,622),(26,354),(34,361),(50,1021),(51,4052),(67,1156),(75,4100),(89,4468)]	21.290173
371	[(9,3015),(18,2737),(57,4188),(70,2583),(72,278),(77,4807),(83,2756),(84,641)]	20.797192
372	[(7,1451),(9,4922),(15,833),(50,3799),(57,2383),(64,1487)]	20.431466
373	[(8,657),(11,116),(34,1265),(39,397),(53,1931),(66,2324),(76,1894),(85,4320)]	20.345830
374	[(1,1390),(26,4190),(34,1757),(41,4675),(65,3523),(66,2055),(71,1813),(73,43),(79,3862),(85,3737),(86,4808)]	19.782477
375	[(4,4672),(28,919),(42,1133),(44,1815),(73,2224),(75,1411),(77,5404),(81,1493),(83,4821),(89,397)]	19.971255
376	[(19,2812),(24,4476),(26,4088),(55,1172),(85,1159),(87,2805)]	19.763933
377	[(0,431),(3,1187),(14,5496),(23,2596),(28,5286),(48,339),(53,57),(69,2596),(76,4532),(80,2433),(86,3318),(89,2278)]	19.937343
378	[(0,1278),(9,2867),(28,2005),(32,578),(45,918),(47,4561),(51,1213),(54,2224),(63,3919),(73,143),(78,4036),(89,2912)]	20.670332
379	[(4,5103),(11,5116),(28,609),(30,3429),(31,1884),(34,2072),(36,2136),(62,882),(87,933),(91,2330),(92,5384)]	19.815800
380	[(18,4595),(22,1574),(34,322),(39,3665),(53,4415),(61,3636),(68,2179),(85,2604)]	20.051427
381	[(0,2476),(4,584),(17,68),(32,4798),(44,5155),(83,5455),(88,3974)]	20.149828
382	[(9,1702),(18,5520),(30,934),(37,4855),(52,1898),(62,1965),(70,2821),(78,3596)]	19.668799
383	[(5,3495),(6,4866),(33,5065),(42,3540),(56,1902),(63,1139),(85,3586)]	21.854685
384	[(35,4105),(92,1402)]	20.228182
385	[(1,3278),(36,5427),(45,280),(46,4960),(49,769),(51,1353),(54,2579),(60,5063),(64,4404),(83,4921),(85,1117),(89,63)]	19.623090
386	[(22,5508),(31,3389),(43,232),(46,873),(49,5414),(50,5208),(55,4257),(58,1836),(62,3645),(66,2095)]	19.955833
387	[(56,5107),(57,354),(73,5197),(78,4677),(90,1366)]	40.605997
388	[(7,15),(19,925),(22,214),(30,2279),(39,3787),(50,2328),(57,1552),(68,39),(79,1813),(80,1632),(81,2254),(91,4319)]	23.505736
389	[(64,4374),(70,3890),(72,3137),(76,3853),(82,993),(90,5174),(91,1341)]	19.877937
390	[(7,3820),(22,4025),(26,4157),(32,1967),(41,607),(49,2688),(55,1828),(78,2842),(83,3715),(87,4978),(92,638)]	22.332994
391	[(11,3142),(15,1103),(17,3070),(18,5283),(22,5101),(45,2146),(57,1051),(64,841),(82,4612),(85,4955),(89,2115),(92,2605)]	19.761453
392	[(8,1844),(18,561),(25,5138),(33,4752),(43,3228),(66,4266),(67,4014),(80,3292)]	19.715456
393	[(3,5007),(13,611),(21,1245),(22,2082),(34,54),(74,135)]	19.505946
394	[(2,1140),(14,5276),(25,4633),(54,1505),(63,5079),(68,1958),(76,2754),(80,776),(81,5074),(83,3884),(84,697),(86,139)]	21.850356
395	[(16,3425),(17,5290),(35,1833),(55,5199),(58,5449),(76,4632),(79,2637),(80,4205),(92,2332)]	20.233514
396	[(14,5262),(20,1313),(25,570),(32,813),(39,5372),(46,4961),(49,4017),(84,393),(91,3259)]	20.034879
397	[(3,3064),(8,4549),(27,5013),(28,5025),(30,735),(41,1415),(67,4661),(74,3007),(90,5043),(92,4306)]	20.187352
398	[(20,3914),(35,1409),(50,4602),(56,1987),(64,675),(65,1650),(84,403),(86,1621)]	21.160725
399	[(9,1034),(10,1894),(13,3042),(25,3373),(50,481),(61,2742),(72,4861)]	20.116855
400	[(3,3231),(7,4077),(8,5347),(24,1495),(30,639),(36,3136),(45,3114),(56,148),(67,730)]	21.263090
401	[(13,1568),(25,3655),(32,2249),(39,1691),(40,383),(48,4348),(50,520),(81,2014),(85,3330),(87,3362),(88,77)]	19.983451
402	[(16,3640),(30,4967),(38,133),(53,2596),(56,5156),(58,4836),(62,1400),(83,2624)]	20.987879
403	[(3,2962),(12,4543),(14,1467),(18,1076),(26,1405),(29,4781),(31,871),(53,5205),(58,5043),(62,2922),(64,5010),(73,3957)]	19.918115
404	[(18,4222),(27,4564),(45,3767),(49,5357),(57,1160),(65,570),(66,3776)]	19.841907
405	[(0,1166),(6,1643),(13,3147),(29,2520),(39,389),(40,3576),(53,3141),(66,1777),(89,483)]	19.821244
406	[(12,660),(27,1661),(30,5276),(41,4729),(64,4713),(72,3523)]	20.147975
407	[(5,4583),(6,2257),(23,5483),(29,489),(39,4351),(64,3842),(75,2204)]	19.657251
408	[(28,3514),(32,1782),(58,3768),(59,5430),(71,3288)]	19.944663
409	[(16,381),(25,467),(37,765),(50,2823),(68,2830)]	21.621695
410	[(12,667),(15,5141),(22,3600),(25,5305),(27,3731),(40,2804),(43,4336),(48,5416),(55,1892),(58,3144),(63,2710),(73,1003),(74,2094),(84,5124),(85,1861),(87,2847)]	21.623043
411	[(1,3831),(14,2311),(22,35),(26,4085),(57,1146),(71,3868),(75,1831),(82,3865)]	25.421163
412	[(11,5514),(31,5370),(38,4155),(42,3048),(48,4324),(51,1363),(74,3557),(91,2679)]	20.694733
413	[(5,4088),(14,751),(32,4495),(38,4333),(42,2552),(45,1934),(48,417),(54,5349),(56,225),(71,4127),(84,245),(87,583),(89,1109),(90,4914)]	20.161325
414	[(36,878),(46,3458),(54,3481),(57,201)]	19.709968
415	[(13,637),(25,82),(27,3589),(28,66),(31,4289),(36,1154),(39,1050),(41,1618),(66,886)]	19.741330
416	[(0,2248),(9,4683),(24,5186),(30,658),(39,5157),(62,2024),(74,2521),(78,1323),(83,103),(91,2283)]	19.807649
417	[(11,1339),(15,3438),(19,1986),(26,2616),(44,624),(69,5214),(86,4552)]	19.841160
418	[(0,1201),(5,3996),(16,1171),(24,5102),(26,622),(38,1603),(41,3008),(64,556),(72,4792),(78,1938),(83,664),(88,5210)]	20.567903
419	[(1,2958),(6,2616),(11,2340),(24,2170),(28,3123),(29,2883),(36,4894),(51,256),(66,3898)]	20.628932
420	[(19,1524),(31,4795),(37,728),(52,3402),(81,3277)]	19.807522
421	[(14,459),(21,656),(22,5299),(50,112),(52,3026),(70,3562),(73,5411),(77,941),(79,2512)]	21.107137
422	[(1,959),(6,934),(21,5025),(26,3478),(35,2071),(46,3728),(59,3038),(69,558),(71,4666),(83,5467)]	20.160871
423	[(6,2951),(16,746),(22,1694),(25,3717),(67,1623),(76,4767),(92,3766)]	19.784431
424	[(5,296),(22,2086),(45,36),(54,4390),(55,2167),(60,4806),(66,5264),(78,4068),(82,5524)]	19.645211
425	[(0,3069),(2,3627),(22,761),(35,2918)]	19.966027
426	[(0,2683),(1,4032),(5,3401),(7,1252),(16,3418),(17,2191),(22,713),(33,2170),(39,444),(52,1424),(87,2712),(89,914)]	20.012429
427	[(2,3229),(17,2883),(20,1655),(24,2355),(27,863),(46,2042),(52,3792),(55,542),(57,2074)]	20.389090
428	[(7,3413),(16,872),(24,4906),(28,2019),(34,5359),(46,327),(52,2626)]	20.388694
429	[(7,1916),(10,5169),(72,4011),(87,3468)]	19.905198
430	[(4,2632),(80,2847),(83,2112),(87,3414),(88,1074),(91,2452)]	20.002180
431	[(1,4245),(4,2024),(5,2189),(23,731),(32,3058),(42,3053),(44,615),(51,4772),(59,5187),(62,2523),(63,434),(66,2431),(68,2580),(83,1693),(91,2454)]	22.671041
432	[(9,3976),(20,111),(23,4375),(31,1350),(59,2510),(64,1036),(91,3177)]	22.636891
433	[(3,4009),(18,364),(35,5308),(50,301),(71,4408),(86,3524)]	20.346171
434	[(11,4894),(21,1294),(34,122),(58,3400),(59,1593),(67,3691),(72,4733),(78,1141),(86,3284)]	21.165420
435	[(8,4548),(15,3699),(17,3184),(70,5504),(88,340)]	27.962508
436	[(11,1914),(18,5003),(31,427),(71,2727),(72,2794),(73,5475),(78,2545),(79,2998),(92,1438)]	34.887582
437	[(2,1026),(29,3328),(33,1980),(53,1913),(56,1699),(66,1748),(68,988),(89,771)]	26.572079
438	[(23,25),(24,4885),(44,891),(52,2536),(70,4555),(71,1000),(75,538),(86,4261)]	20.115629
439	[(4,510),(7,2275),(11,4852),(38,2507),(50,2942),(51,1741),(53,217),(55,1870),(71,2465)]	21.008948
440	[(5,3670),(9,3333),(14,326),(29,1146),(79,1029),(90,2068)]	21.355428
441	[(7,2528),(26,44),(42,3759),(57,2513),(79,3661),(81,1707)]	21.181287
442	[(4,5328),(58,824),(62,4798),(67,3137),(92,161)]	21.082819
443	[(16,3193),(20,1422),(42,4172),(53,508),(55,3495),(56,4866),(59,4447),(81,609)]	20.274931
444	[(11,2220),(20,2616),(27,4013),(29,5131),(38,3764),(40,5021),(43,3366),(61,2796)]	22.786996
445	[(0,3912),(20,2456),(28,1058),(33,4251),(51,2809),(72,4763),(80,4337)]	20.623153
446	[(18,2193),(21,857),(25,5057),(30,1569),(31,3252),(40,3284),(45,2262),(52,5181),(81,4591),(84,4136),(91,5111)]	19.922684
447	[(4,2814),(20,1574),(32,3114),(38,158),(40,2804),(41,2148),(53,4128),(57,4366),(63,2915),(65,4710),(72,4051),(80,3775)]	20.321981
448	[(6,5282),(20,2592),(29,1768),(40,4056),(54,130),(68,3943),(69,340),(71,3480),(89,1219)]	19.691415
449	[(8,388),(46,4598),(48,2670),(69,3676),(84,5389),(85,2016)]	22.265969
450	[(18,2876),(32,4004),(57,1216),(64,245),(66,5269),(92,3925)]	19.742371
451	[(38,5323),(46,1054),(48,5519),(57,2848)]	20.565305
452	[(9,1551),(12,3526),(21,1),(29,4427),(58,5396),(76,740),(81,67),(86,1398),(89,14)]	20.828424
453	[(36,4447),(47,3036),(48,679),(67,1596),(69,1016),(71,1079),(79,2684),(83,2637),(86,2434),(90,4081)]	20.038939
454	[(6,3592),(26,4953),(37,2595)]	19.666494
455	[(2,3562),(6,465),(22,2609),(41,1029),(50,3583),(71,1510),(82,2891)]	19.807984
456	[(4,4059),(6,2808),(18,188),(46,3030),(78,96),(84,3111),(89,5183)]	19.530637
457	[(14,3025),(34,4359),(40,1695),(60,3038),(66,2343),(88,4962),(92,3217)]	20.055552
458	[(29,552),(55,1100),(56,1237),(60,4393),(73,3106),(90,4645)]	22.779379
459	[(12,568),(22,4922),(51,4777),(58,3535)]	19.850490
460	[(22,5344),(33,471),(44,4098),(81,3270)]	19.601306
461	[(63,1289),(64,3887),(76,2053),(90,1829),(91,4501)]	19.996009
462	[(16,3966),(47,391),(69,934)]	19.748295
463	[(10,3334),(33,3753),(40,2471),(63,1706),(70,4930),(71,4577),(79,4642),(80,564),(91,3230)]	20.210101
464	[(18,3755),(22,976),(71,749),(73,4757),(78,3304),(84,725)]	19.955302
465	[(10,2802),(20,625),(28,3211),(32,3652),(46,3166),(58,1965),(65,667),(68,2580),(90,3955)]	20.327619
466	[(10,766),(16,5460),(28,1788),(34,2993),(44,459),(58,4384)]	20.833756
467	[(30,222),(48,1215),(72,2780),(90,3941)]	20.624503
468	[(0,3287),(42,3050),(63,2238),(81,3380)]	19.965764
469	[(15,3128),(31,1034),(57,4623)]	19.759367
470	[(38,1276),(43,4606),(44,3248),(76,3166)]	20.119842
471	[(5,5377),(13,4957),(32,4055),(49,5523),(77,2481)]	19.650625
472	[(13,1278),(18,114),(32,3184),(45,3822),(73,5350),(77,925),(80,4579),(81,2160),(88,4647)]	19.627547
473	[(11,5175),(42,721),(69,1136)]	19.992652
474	[(23,213),(32,2030),(42,690),(55,4652),(58,1803),(60,2015),(66,3852),(73,895),(88,4860)]	19.651746
475	[(4,1493),(14,2097),(21,2843),(43,1549),(51,1824),(68,1204)]	20.172928
476	[(0,1267),(1,2309),(8,2683),(9,4032),(26,303),(37,1118),(46,3933),(53,952),(58,2491),(71,3245),(75,2771),(86,1865)]	21.091889
477	[(17,2670),(18,952),(19,2591),(21,1034),(23,660),(43,1103),(48,4841),(56,4365),(72,764),(74,2183),(82,2725)]	20.058361
478	[(12,1126),(31,4181),(34,2218),(44,2587),(49,2319),(63,5457),(68,1720),(69,189),(72,4029),(90,2711)]	20.340192
479	[(8,2909),(34,2499),(77,2231)]	22.520435
480	[(49,1615),(87,478)]	21.064711
481	[(5,5293),(6,4483),(20,3589),(21,66),(24,603),(25,624),(37,2542),(39,1750),(66,4801),(69,4095),(71,1481),(82,2115),(90,1900),(91,2539)]	19.872077
482	[(3,3558),(4,2303),(18,4291),(21,350),(27,1096),(30,2189),(37,1763),(38,4091),(42,4231),(43,4936),(66,5073),(80,1939)]	24.629970
483	[(25,3274),(36,1977),(37,123),(47,965),(49,640),(51,4038),(66,3062),(78,3326),(85,3766),(88,4169),(89,3708),(90,2824)]	25.085930
484	[(5,2368),(7,1597),(19,289),(25,5304),(46,4905),(67,3444),(80,3198),(88,2946)]	20.540183
485	[(13,3977),(23,1758),(44,376),(46,172),(47,3926),(61,2790),(75,2334),(77,5219),(78,3150),(80,1719),(90,2204)]	28.404862
486	[(4,1822),(21,3644),(47,2105),(62,5427),(84,3553),(90,51)]	32.254665
487	[(7,682),(26,1893),(30,2742),(36,3910),(40,1659),(45,4030),(51,533),(67,385),(70,2910),(76,2588),(84,1526),(86,713)]	21.275237
488	[(37,2509),(38,2718),(46,2642),(59,2228),(61,2366),(64,4498)]	20.559444
489	[(5,1437),(78,716)]	20.986997
490	[(4,3957),(21,762),(36,5188),(45,1923),(78,2141),(80,1372)]	24.151308
491	[(15,3978),(26,1649),(39,1384),(82,3787)]	21.830191
492	[(13,4377),(21,4589),(52,3604),(64,3003),(75,1024)]	19.532197
493	[(6,5500),(20,4512),(33,261),(35,4644),(53,186),(77,3773),(78,3549)]	20.230502
494	[(8,2494),(12,4222),(13,3784),(19,5514),(21,5000),(35,4158),(36,658),(40,3390),(87,3181)]	20.258304
495	[(8,5444),(9,537),(31,2206),(46,177),(51,3784),(65,2538),(86,3150)]	20.147912
496	[(1,1091),(11,3510),(20,4167),(22,5451),(37,4838),(44,5397),(57,2237),(85,245),(91,225)]	20.697879
497	[(2,2042),(39,3915),(47,2753),(48,4044),(53,2141),(79,5094),(80,2480)]	19.951092
498	[(3,1224),(8,3469),(40,2702),(51,337),(74,2719),(82,1566)]	20.563700
499	[(11,2491),(21,3191),(23,431),(34,510),(42,1732),(49,1183),(60,5261),(65,1449),(74,1497)]	20.755114
500	[(15,4607),(25,5444),(53,2308),(71,2001),(75,2677),(85,2359)]	21.983351
501	[(10,1315),(18,490),(19,1555),(20,4490),(28,3390),(32,4409),(36,4792),(46,4445),(65,1681),(74,1050),(81,2544)]	20.003665
502	[(13,3396),(31,2292),(33,2287),(37,437),(78,4844)]	19.682570
503	[(3,2892),(9,14),(17,870),(22,656),(23,5299),(30,913),(36,1889),(48,1198),(71,5423),(75,122),(83,2233),(85,4812)]	20.129452
504	[(0,4901),(2,4994),(7,3619),(10,1273),(12,5434),(22,1293),(27,2843),(34,340),(36,4827),(40,3771),(53,995),(72,1363),(74,1347),(75,790)]	20.053535
505	[(12,3310),(15,3586),(22,2542),(24,26),(34,592),(52,2418),(65,4578),(68,1874),(74,1094),(79,1374),(83,5135)]	19.957677
506	[(6,3900),(13,1421),(20,2501),(54,2893),(84,1513),(86,2323),(91,2549)]	24.518185
507	[(10,1454),(23,15),(27,5441),(37,2801),(39,18),(47,2152),(55,1968),(58,3337),(66,3688),(88,3245)]	20.884689
508	[(30,3897),(32,2367),(44,1),(47,4908),(72,4243),(73,748),(78,1191),(86,2269)]	19.992636
509	[(27,3570),(30,3278),(31,4035),(33,4673),(39,3472),(41,3416),(49,4748),(50,2686),(52,4022),(61,280)]	21.017416
510	[(6,1839),(19,3470),(30,3877),(46,649),(54,2287)]	21.930837
511	[(0,4750),(3,3309),(30,3807),(41,2234),(42,4046),(64,709),(65,919),(78,2952),(79,2787)]	21.271043
512	[(14,4654),(32,4792),(46,646),(53,1056),(62,205),(76,4652),(79,355),(81,4740),(89,3634)]	23.228384
513	[(18,3892),(42,4218),(50,744),(66,3357),(82,796),(84,106),(91,4940)]	20.016806
514	[(0,539),(1,4318),(12,2278),(28,305),(64,5307),(71,2282),(77,2769)]	19.517374
515	[(4,2708),(7,2614),(18,5143),(38,3178),(40,410),(54,4731),(57,2951),(58,4631),(80,4604),(81,27),(84,831),(85,225)]	19.916502
516	[(34,5238),(45,2183),(68,4542),(71,4214),(73,4447),(92,3629)]	19.617100
517	[(21,3646),(37,163),(48,374),(55,4601),(56,174),(61,3279)]	19.937006
518	[(9,822),(29,5046),(31,1260),(45,4801),(50,3270)]	20.278379
519	[(9,2214),(21,811),(45,1520),(46,4730)]	19.728971
520	[(14,1699),(29,1821),(34,4273),(39,3410),(45,471),(55,2880),(65,3520),(67,5412),(70,2121)]	21.311392
521	[(7,4618),(9,214),(16,2435),(23,59),(55,2863)]	21.189308
522	[(7,2393),(26,4529),(36,1460),(40,20),(90,315)]	20.111908
523	[(10,3350),(22,1824),(30,3698),(35,4535),(60,4678),(63,4576),(69,1932),(79,1502),(80,4846)]	20.757062
524	[(5,1424),(22,3089),(25,2785),(30,3432),(39,3793),(40,994),(44,592),(52,4377),(53,393),(75,1713),(76,3679),(79,907),(90,1760)]	19.647317
525	[(9,3408),(10,4791),(11,4562),(27,5223),(28,72),(29,4102),(36,3585),(70,4558),(79,3838)]	19.961175
526	[(32,2141),(51,4628),(74,2799),(89,1167)]	23.697506
527	[(3,3952),(16,4877),(38,3407),(39,5435),(45,3696),(55,317),(65,3659),(66,4747),(71,563)]	19.902030
528	[(7,1147),(29,1104),(31,3698),(35,2844),(37,819),(41,3769),(44,465),(67,893),(91,5192)]	19.843012
529	[(14,184),(16,2076),(25,5511),(42,4890),(51,2765),(55,1080),(78,2398)]	26.154052
530	[(7,1964),(54,1869),(57,3034),(68,4369),(76,5200),(81,3715),(84,658)]	23.432254
531	[(3,2214),(8,4336),(10,3383),(12,3733),(13,4689),(16,3854),(21,1545),(22,2302),(26,1106),(31,2369),(33,5471),(34,4739),(39,4543),(41,1467),(50,3810),(53,4471),(60,3410),(63,5261),(70,4683),(72,4732),(81,407),(83,3871)]	22.222933
532	[(2,4683),(14,2293),(16,4332),(21,4533),(29,1335),(34,4356),(77,474)]	21.656029
533	[(6,1494),(8,1756),(24,3514),(27,2996),(58,3302),(62,926)]	19.939593
534	[(7,3818),(11,2661),(37,956),(39,2649),(46,1519),(51,3978),(56,1940),(57,53),(65,5181)]	36.155751
535	[(20,5012),(27,10),(42,859),(51,1065),(65,3227),(78,2223),(87,4484)]	23.471512
536	[(11,2036),(15,3986),(25,4412),(32,5198),(39,522),(78,5207),(80,1572),(82,2415),(86,3261),(87,5063),(89,4334)]	19.620357
537	[(9,4085),(12,1415),(19,279),(51,774),(53,1027),(73,4938)]	20.416324
538	[(32,270),(45,5402),(48,3419),(59,3083),(69,5450),(81,1402),(85,4422)]	20.256836
539	[(39,4958),(60,1195)]	20.732597
540	[(14,3580),(33,2517),(61,2869),(64,3217),(84,2937),(87,1065)]	19.823962
541	[(10,3999),(11,180),(20,5169),(22,1153),(38,784),(67,5063),(85,4676),(92,3210)]	20.699139
542	[(10,342),(14,4097),(25,2435),(31,1942),(58,3021),(66,1028),(70,5319),(88,3486),(90,3212)]	20.960553
543	[(24,1765),(43,4898),(80,3273),(88,3219)]	20.515080
544	[(0,4360),(7,4759),(28,1952),(32,2340),(33,4526),(35,4933),(63,1948),(69,2169),(70,2651),(82,4419)]	21.110412
545	[(8,2701),(13,1579),(25,2759),(26,2088),(55,1432),(76,30),(82,4722),(88,2644)]	20.608877
546	[(4,1873),(8,194),(36,1310),(51,117)]	19.965893
547	[(1,1597),(11,803),(16,2735),(25,1312),(40,4581),(52,4804),(54,2875),(59,5310),(66,3462),(90,3977)]	19.846777
548	[(3,5126),(20,1050),(22,2819),(30,3421),(37,2411),(42,1491),(54,3507),(60,5418),(64,614),(71,4275),(80,2989),(89,4515)]	19.530357
549	[(1,1910),(13,4113),(29,4370),(40,2753),(53,1273),(55,5244),(62,3562),(86,4965)]	19.860424
550	[(5,5191),(14,3388),(25,3244),(26,1855),(29,4918),(59,1057),(74,3711),(78,658),(80,3497),(88,1073),(90,820)]	20.294551
551	[(2,625),(9,3891),(24,149),(40,3612),(75,4046),(79,3425),(80,5290)]	20.230745
552	[(1,3570),(2,4464),(7,1704),(21,517),(23,1555),(44,2099),(45,3450),(48,3342),(69,1634),(70,703),(80,355),(85,3983)]	22.212254
553	[(16,5135),(22,4124),(25,3902),(33,2560),(43,3258),(88,2723)]	24.314234
554	[(6,2621),(19,1763),(46,3117),(58,4458),(67,5245),(69,1803),(78,399)]	19.834243
555	[(1,2385),(4,3169),(20,2614),(40,892),(41,2570),(43,3001),(63,1791),(70,5427),(78,2574),(84,4216),(90,4094)]	23.290657
556	[(4,4508),(17,4179),(18,3126),(22,2051),(31,3569),(34,2154),(44,1693),(53,2100),(65,2279),(78,4277),(90,1801),(91,5096)]	19.844029
557	[(8,4601),(41,999),(48,1268),(59,126),(65,2813),(68,3472),(77,2688),(81,3254)]	20.387103
558	[(2,4279),(23,972),(58,4226),(63,4180),(74,4613)]	20.166613
559	[(7,112),(13,2974),(22,4445),(31,1826),(39,2030),(44,4686),(60,3938),(61,4594),(81,3700),(84,563),(85,368),(87,5282)]	20.098090
560	[(24,5027),(38,1618),(46,3201),(64,1490),(76,4335),(89,2707)]	19.825996
561	[(3,5522),(4,1851),(16,2057),(34,91),(45,2728),(74,411),(82,222),(87,2460),(89,1803)]	19.809786
562	[(13,2467),(19,1636),(22,3754),(26,5362),(33,2067),(34,2247),(38,428),(41,3340),(42,1105),(63,1676),(69,1191),(71,108),(74,2702),(76,1325)]	20.457915
563	[(5,2335),(14,3729),(32,298),(64,117),(68,1294),(78,4960),(86,4607),(91,193)]	19.766219
564	[(6,3251),(11,3151),(13,243),(26,4092),(38,2721),(41,2367),(49,3857),(57,3906),(60,490),(61,3930),(64,3358),(70,3372),(74,3270)]	22.187987
565	[(5,3440),(26,2270),(30,3393),(41,648),(55,1733),(56,5315),(65,1736),(89,832)]	20.562413
566	[(19,342),(27,518),(30,4885),(32,685),(52,2636),(62,4617),(73,473),(90,1588)]	20.013348
567	[(2,3980),(7,3282),(34,3455),(51,1553),(52,3013),(64,2304),(66,2192),(68,2326),(77,1310),(79,4664),(81,610)]	20.303153
568	[(5,2065),(7,2626),(31,2975),(38,4907),(43,2519),(77,4084),(78,3368),(80,5214),(82,4155),(84,4173),(87,2418)]	21.470648
569	[(18,3563),(52,2025),(74,5144),(83,2932)]	20.442123
570	[(0,4146),(9,2537),(38,4652),(45,3355),(51,3089),(83,5266)]	20.334553
571	[(16,5117),(26,621),(37,1664),(55,939),(68,1981),(71,430),(78,4990),(81,5314),(83,5245)]	19.630079
572	[(11,1265),(16,5084),(31,1143),(33,1445),(60,1011),(84,342)]	20.493563
573	[(0,5190),(6,2579),(9,1670),(10,4738),(13,2058),(17,574),(39,1806),(57,4673),(70,1204),(80,4053),(87,1740),(88,3407)]	22.752143
574	[(3,2435),(10,5234),(29,3623),(30,1327),(35,10),(38,5258),(45,1318),(69,2386),(75,2513),(83,4208),(88,4620)]	20.266731
575	[(6,1253),(8,3496),(18,4326),(37,5270),(41,3030),(56,81),(58,5128),(66,4512),(87,563),(90,2932)]	19.877190
576	[(15,4785),(26,5470),(40,4402),(49,3051),(63,613),(67,5159),(91,4117),(92,4073)]	23.217203
577	[(3,314),(6,2893),(31,1318),(32,2468),(33,3777),(71,1582),(78,4228)]	24.909275
578	[(7,5334),(12,4415),(16,4201),(36,813),(50,1329),(59,5508),(80,1474),(82,4036)]	20.044692
579	[(10,652),(20,2516),(21,4670),(22,2677),(25,4596),(28,4913),(29,862),(30,690),(56,4115),(75,3230),(77,48),(86,5285)]	20.893855
580	[(32,5073),(43,320),(52,4239),(64,3871),(77,4924),(88,2952),(89,2922)]	21.372754
581	[(20,177),(35,3648),(45,1839),(51,4243),(61,2841),(73,3537),(87,4609)]	20.432667
582	[(7,2343),(13,624),(20,1438),(38,3696),(54,1088),(84,2252),(88,3712)]	20.346787
583	[(15,2427),(36,1542),(37,3139),(43,3826),(46,2999),(60,4484),(77,2261),(86,508)]	33.716691
584	[(5,4851),(11,3816),(19,1123),(26,1890),(35,3715),(57,3778),(58,4048),(70,2567),(73,5211),(76,5405),(80,1923),(86,2783)]	27.001688
585	[(3,2486),(15,2114),(34,2144),(56,4221),(74,880)]	19.834965
586	[(1,4620),(13,3067),(18,5237),(24,3034),(30,3713),(48,1873),(49,2333),(62,1301),(76,565),(86,5175)]	19.517823
587	[(3,2940),(35,1056),(36,3242),(49,866),(62,4576),(68,2142),(81,5322),(90,369)]	19.753298
588	[(12,5234),(19,3130),(23,1938),(27,2328),(37,4879),(40,1857),(46,3247),(57,4837),(58,1296),(64,742),(66,1985),(87,1670),(89,2358)]	20.430050
589	[(3,2530),(5,2878),(9,2230),(14,4029),(22,1717),(30,2470),(39,1204),(70,1349),(79,1003),(82,2114),(85,1580),(87,4035)]	20.136208
590	[(2,5112),(12,4981),(15,5049),(20,1930),(25,112),(33,2782),(53,5484),(59,2799),(63,3687),(92,459)]	19.680990
591	[(2,2627),(12,4548),(36,2314),(58,457),(84,3495)]	21.706356
592	[(10,173),(15,2390),(22,2376),(27,3633),(40,1720),(46,1642),(48,2226),(69,5083)]	20.680127
593	[(11,1579),(13,1555),(14,4490),(22,2970),(31,1323),(39,3268),(50,4790),(53,2230),(55,5055),(62,5002),(64,4528),(79,4587),(85,909),(87,939)]	20.031787
594	[(6,1139),(23,3149),(31,3468),(35,3232),(46,2222),(89,1860)]	20.011270
595	[(14,4674),(36,1063),(46,3367),(65,2185),(73,870),(74,1015),(86,5470)]	20.643121
596	[(3,3381),(13,4312),(22,666),(42,2329),(75,5048),(85,3853)]	19.997011
597	[(18,1923),(23,1956),(26,288),(32,1183),(44,371),(64,1395),(77,2778),(81,323)]	19.581266
598	[(5,2673),(6,4810),(8,839),(10,4210),(11,3490),(21,1404),(39,3479),(70,1971),(81,4588)]	19.970323
599	[(22,4016),(33,4282),(44,1803),(50,3792),(67,897),(81,3167),(85,3971),(86,2355)]	20.221342
600	[(0,4820),(21,3135),(31,2676),(36,3657),(47,4587),(50,3879),(64,4852),(68,4789),(89,5360)]	20.579862
601	[(2,5127),(5,5067),(7,1955),(13,1007),(20,4617),(23,2018),(58,940),(65,2242),(66,4468)]	22.884289
602	[(0,4761),(21,2152),(23,2313),(34,5278),(42,4706),(49,1196),(75,2531)]	19.917763
603	[(4,5426),(35,2379),(39,4221),(49,3685)]	19.498166
604	[(24,4545),(35,2159),(50,3457),(56,2375),(81,3920),(87,664)]	20.161940
605	[(20,1295),(23,3044),(62,1018),(72,4753),(73,494),(75,2528)]	20.649542
606	[(14,617),(23,5472),(35,562),(37,2605),(49,5509),(51,4456),(63,4599),(67,5288),(81,3606),(91,5114)]	20.080535
607	[(24,4019),(26,5130),(34,5396),(38,2270),(46,2997),(55,1443),(62,1821),(75,587),(83,2827),(89,2869),(91,4981)]	19.973857
608	[(8,2897),(38,2835),(42,2721),(77,4534),(86,3232)]	20.759243
609	[(12,2449),(14,2062),(20,3438),(32,5112),(34,1306),(41,43),(50,5485),(65,862),(66,690),(72,592),(82,1201),(86,2136)]	19.894707
610	[(2,4494),(14,1604),(19,4307),(28,1816),(45,1848),(57,3225),(65,1214),(84,2660),(88,1986)]	21.476933
611	[(7,2334),(21,3031),(22,3822),(35,4960),(44,3119),(54,4630),(55,1490),(60,2035),(72,4731),(74,4966),(75,3802),(82,2982),(84,4565)]	20.968879
612	[(15,1626),(28,1007),(39,130),(41,1087),(42,4756),(53,4356),(65,3643),(82,2838),(85,2149),(87,1544),(89,283),(90,344)]	25.233323
613	[(4,3119),(28,5076),(41,1952)]	19.644879
614	[(31,1057),(37,3175),(42,38),(43,2133),(49,403),(64,1562)]	19.940250
615	[(31,4532),(50,2508),(79,244),(84,4969),(92,2054)]	19.919407
616	[(20,3826),(32,2727),(72,2833)]	21.126862
617	[(14,3873),(39,1318),(60,3213),(82,4652)]	20.817709
618	[(1,256),(17,1609),(20,2918),(33,1679),(46,1215)]	20.707966
619	[(1,1400),(4,958),(8,3991),(26,4216),(41,5326),(69,5212),(73,1439),(74,5147),(81,1800)]	19.860790
620	[(2,1445),(3,2094),(6,3877),(12,767),(23,517),(43,2718),(47,857),(52,3101),(58,5345),(81,4758)]	19.812617
621	[(1,4845),(10,214),(42,4554),(60,3797),(82,5118),(84,3851),(90,3662)]	33.421720
622	[(18,4514),(33,2533),(35,3545),(41,1018),(47,386),(54,2466),(55,955),(62,4644),(71,4063)]	20.115268
623	[(7,3232),(31,4960),(44,3480),(47,1482),(69,372),(75,2791),(77,271),(81,3381),(88,3812),(90,3201)]	24.474129
624	[(11,4536),(12,1784),(13,3093),(15,1001),(16,1406),(45,3211),(57,3243),(63,4168),(80,2555),(88,5465)]	24.454454
625	[(3,3548),(19,1116),(21,610),(29,1027),(51,4864),(61,4619),(88,2286)]	20.784667
626	[(8,2511),(17,1968),(21,3363),(30,1473),(40,2926),(41,5258),(58,1382),(66,5357)]	21.698231
627	[(1,3404),(30,949),(31,2472),(35,1702),(36,4772),(53,4888),(56,4595),(74,4455),(87,5428),(89,401)]	21.886739
628	[(16,1057),(34,579),(39,2932),(78,2351),(91,1015)]	19.796201
629	[(27,3327),(33,4975),(67,1116),(71,4616)]	28.775834
630	[(22,23),(26,5241),(42,2079),(57,4329),(58,19),(69,2474),(89,1900)]	20.243559
631	[(58,917),(66,2047)]	28.757669
632	[(16,241),(21,651),(24,2903),(30,4647),(42,2572),(74,3763),(92,3610)]	31.331920
633	[(8,325),(20,3008),(23,990),(40,855),(47,3094),(59,1974),(77,151),(80,5141),(87,157),(92,241)]	20.367519
634	[(3,2888),(24,4643),(36,1738),(52,1703),(56,816),(65,1130),(73,1831),(74,328),(86,2214)]	20.225357
635	[(1,1116),(6,2786),(19,812),(55,4294),(59,5339),(64,3342),(78,177)]	24.020171
636	[(60,680),(70,3754),(73,5122)]	44.133552
637	[(23,2078),(27,3590),(42,405),(57,2455)]	28.037645
638	[(0,1168),(14,2271),(23,1679),(30,4732),(34,1957),(38,2982),(44,3943),(45,340),(64,248),(92,1572)]	22.408327
639	[(25,4240),(29,1153),(33,1016),(35,1079),(36,2463),(51,5233),(56,5142),(60,4588),(67,2145),(72,2123),(80,2594),(86,2360),(90,1286)]	22.926172
640	[(8,3194),(18,808),(36,3222),(39,5036),(42,3905),(55,2377)]	21.135514
641	[(14,3576),(22,515),(25,4449),(41,5104),(69,4980),(72,1342),(82,3521),(83,4040),(86,4351),(89,2527)]	23.095836
642	[(7,1600),(12,1063),(31,5406),(39,3027),(47,2197),(51,2801),(54,3160),(69,4440),(84,3545),(92,1203)]	19.982835
643	[(1,4176),(18,2728),(22,3615),(28,1089),(31,240),(61,4509),(82,617),(89,4536)]	20.713377
644	[(17,1213),(30,146),(41,1488),(59,3667),(63,4329),(83,4858)]	20.391590
645	[(9,2133),(10,2735),(24,4100),(33,5086),(51,5376),(76,754),(78,2204),(81,2390)]	23.010729
646	[(7,3685),(43,1886),(49,1178),(51,189),(59,4801),(68,93),(72,4791),(79,2473),(82,1276),(84,3500),(90,1917)]	20.017830
647	[(11,3905),(25,1067),(52,2810),(56,2854),(92,2659)]	20.373311
648	[(33,3820),(38,2124),(54,2400),(78,2860)]	19.854067
649	[(5,5362),(10,3585),(18,2469),(30,3121),(46,4314),(57,1906),(60,2120),(74,2862),(77,4285),(88,5088)]	20.123548
650	[(5,146),(14,1571),(15,3363),(16,756),(22,196),(53,5425),(65,1118),(81,280),(82,4960),(87,4104),(91,2976)]	29.302113
651	[(2,4185),(12,4880),(49,5054),(51,647),(60,1271),(63,1091)]	20.177534
652	[(4,1744),(11,1774),(29,1009),(37,2933),(38,5195),(44,255),(73,630),(75,5071)]	20.196287
653	[(12,1998),(29,1253),(35,869),(47,5375),(77,2636),(81,3534)]	19.847562
654	[(6,4295),(7,734),(10,4424),(32,823),(48,3562),(51,2743),(61,2535),(80,1788),(91,5133)]	19.639140
655	[(7,5076),(28,51),(43,2461)]	20.377146
656	[(13,4169),(22,3342),(37,267),(58,3167),(61,5265),(70,1106),(87,2212),(91,1356)]	20.088090
657	[(12,296),(35,2476),(49,2646),(65,3601)]	24.869471
658	[(29,3730),(43,2290),(48,3685),(60,2903),(67,2383),(73,3163),(83,856),(89,2320)]	42.818556
659	[(12,1576),(20,2543),(33,3810),(43,392),(51,807),(56,2027),(61,549),(65,3449)]	43.116642
660	[(3,4284),(10,5487),(12,3216),(23,241),(27,4943),(39,3823),(41,1022),(47,2051),(67,2276)]	43.752850
661	[(59,199),(77,4997)]	46.230531
662	[(4,4383),(22,4691),(24,3465),(29,4301),(30,1108),(38,324),(41,2708),(59,412),(60,5324),(66,1001),(79,3693)]	43.525536
663	[(4,4211),(7,3420),(27,5500),(46,4899),(53,3081),(59,5226),(67,4419),(68,1069)]	27.222813
664	[(29,3853),(43,3253),(45,474),(50,4010),(61,5299),(65,1794),(92,3280)]	20.353441
665	[(2,4562),(11,1841),(12,1270),(16,1707),(22,24),(26,4252),(34,4790),(36,4533),(40,2287),(45,984),(48,2814),(50,4599),(52,5175),(62,1487),(77,2134)]	21.543985
666	[(1,4312),(21,5512),(22,1057),(56,1360),(68,1291),(77,643),(85,4018)]	20.918445
667	[(4,2239),(15,562),(31,2088),(39,799),(66,3931),(84,5108),(86,1912)]	20.660298
668	[(2,2100),(12,2121),(17,2416),(30,3847),(33,5410),(67,4838)]	20.367555
669	[(5,5132),(34,2042),(41,746),(44,224),(75,295),(80,1103),(87,1048)]	20.000776
670	[(12,2549),(40,5029),(58,4615),(89,3936)]	20.803414
671	[(20,615),(37,4962),(70,4674),(86,1344),(90,1015)]	20.010902
672	[(11,4614),(15,3797),(40,526),(43,2984),(48,1652),(65,1675),(76,2170),(86,2899)]	30.415306
673	[(0,2149),(57,2952),(63,4993),(83,3220),(90,5373)]	31.368783
674	[(6,5101),(34,1984),(39,964),(43,5205),(65,1777),(69,3024)]	21.143640
675	[(11,5252),(20,310),(26,1501),(34,2249),(35,1750),(37,2869),(43,3235),(47,5091),(49,1524),(52,1567),(53,30),(57,831),(58,225),(83,5415),(84,3806),(85,1717)]	21.511891
676	[(5,3393),(16,3525),(19,380),(20,3471),(38,4039),(40,3096),(48,3989),(63,3598),(69,1118),(75,2178)]	21.514727
677	[(1,158),(7,2363),(18,475),(25,2113),(39,3227),(53,2604),(59,2950)]	19.688196
678	[(18,5514),(22,1694),(44,1274),(45,513),(55,342),(60,3202),(71,3354),(80,2119),(85,3948),(92,1935)]	20.203085
679	[(8,452),(12,1890),(19,5250),(31,1951),(39,161),(63,1210),(69,3056),(73,3767),(81,1560),(91,3565)]	20.452214
680	[(5,4734),(29,2686),(42,5317),(46,5366),(48,1985),(52,828),(62,4898),(67,2272),(81,853),(89,4065)]	20.389020
681	[(5,1571),(6,3363),(19,5203),(20,2084),(27,408),(33,5070),(40,3045),(67,4313),(91,4124)]	20.113227
682	[(8,194),(11,1609),(18,4644),(35,2734),(40,1993),(56,4525),(63,5034),(79,1412),(89,4456)]	22.394690
683	[(20,3740),(25,5120),(33,2504),(41,3915),(57,5500),(79,1149),(80,5498)]	19.640692
684	[(2,2618),(3,2082),(10,2903),(20,2963),(30,5218),(40,1793),(48,2104),(53,136),(64,3165),(79,389),(80,1751),(87,1238),(90,695)]	20.237750
685	[(1,2233),(25,4950),(46,1590),(48,3151),(60,1961),(68,2950),(74,4016),(84,3997)]	21.186428
686	[(0,4222),(2,1650),(27,5527),(29,2444),(44,866),(55,618),(66,5248)]	23.308654
687	[(7,3963),(9,3329),(19,2061),(38,1788),(53,138),(54,4527),(59,3117),(84,5029),(92,2146)]	20.355667
688	[(2,574),(18,3498),(19,1592),(58,1281),(68,3433),(74,4702),(88,1245)]	19.833559
689	[(4,2457),(8,5484),(47,1864),(58,3060),(59,2505),(92,4297)]	19.847914
690	[(41,2155),(54,3960),(85,3270)]	20.235901
691	[(0,4882),(2,3224),(3,4987),(5,2161),(7,4636),(9,777),(35,1260),(43,61),(71,3776),(75,4286),(84,4886)]	19.932606
692	[(12,1184),(31,1721),(57,3534),(81,3115),(86,1362),(92,3816)]	19.899347
693	[(33,5322),(45,2566),(47,2719),(50,4150),(53,4919),(81,2152),(91,5027)]	20.046878
694	[(37,2389),(84,1205),(87,666)]	19.641067
695	[(12,1193),(28,539),(35,486),(53,619),(55,1688),(62,3818),(65,621),(76,4427),(87,4338),(89,5417)]	19.639332
696	[(4,1489),(15,3560),(16,2913),(38,3376),(48,4958),(58,2007),(67,1442),(77,4873)]	19.785069
697	[(1,3276),(12,1403),(13,4043),(19,4425),(28,4043),(62,689),(69,2004),(87,1286)]	19.895449
698	[(21,1894),(26,762),(37,323),(41,534),(52,1574),(73,1101),(75,468),(90,1247),(91,413)]	19.627058
699	[(2,784),(17,469),(41,1800),(51,1754),(68,2834),(69,2351),(79,3680),(80,1002),(85,5203)]	19.862942
700	[(4,5113),(6,15),(14,1708),(41,3740),(50,4160),(56,5088),(67,3596),(74,2419),(86,643),(88,222)]	21.886135
701	[(4,1013),(41,2525),(48,1233),(54,3977),(61,2805),(85,5177)]	20.276196
702	[(10,990),(16,2133),(27,3798),(47,2255),(59,1814),(64,102),(86,1654)]	21.036386
703	[(14,1257),(15,1838),(28,1863),(37,1003),(52,5137),(62,5273)]	21.010732
704	[(13,1423),(18,4087),(21,4752),(59,5392),(87,150)]	20.437186
705	[(1,189),(17,5150),(25,2583),(30,1408),(31,426),(33,381),(48,2585),(73,2051),(87,4541)]	20.368824
706	[(4,3108),(15,1720),(29,4857),(32,1469),(46,2601),(82,3378),(85,1238),(88,637)]	23.557367
707	[(2,1611),(3,4760),(7,2703),(19,680),(32,5217),(35,3468),(44,3448),(46,2480),(52,2489),(53,5384),(69,3472),(70,500),(92,1603)]	21.780118
708	[(12,928),(76,252),(91,3521)]	20.284922
709	[(7,2255),(9,2798),(10,879),(11,3014),(13,610),(41,2861),(56,4588),(68,1609),(71,1426),(74,4438),(75,825),(82,252)]	27.923323
710	[(24,4410),(30,5020),(44,2817),(52,1066),(55,5344),(62,535),(74,3390),(82,1219)]	23.558286
711	[(8,3174),(27,956),(40,771),(50,2141),(60,2214),(63,4432),(75,5141)]	23.922310
712	[(3,5468),(9,2666),(48,2449),(71,4069),(88,1222),(90,4950)]	21.508400
713	[(17,2351),(21,1212),(30,3349),(48,3285),(52,345),(71,4802),(80,2225)]	20.124964
714	[(5,1035),(19,5451),(25,4991),(36,177),(43,4473),(46,4144),(55,5525),(76,4701),(79,1670),(86,2188),(92,4700)]	20.195806
715	[(58,5212),(63,5384),(78,2985),(86,1309),(90,1660)]	21.483087
716	[(13,2077),(18,2688),(25,191),(48,1146),(60,3898),(62,2588),(65,1577),(71,4872),(72,3721),(90,4791)]	19.952451
717	[(31,5381),(35,1836),(63,1284),(67,3072),(72,2301)]	20.040517
718	[(1,2466),(2,955),(4,326),(33,1217),(68,1514),(69,3060),(74,1461),(77,311)]	19.976696
719	[(13,4019),(30,776),(35,2114),(47,5175),(65,4902),(68,1861),(72,4880),(73,240),(76,3823),(81,304),(83,3022),(86,2767)]	19.867601
720	[(9,4368),(23,4341),(25,1201),(51,2722),(72,5400),(81,416)]	20.315075
721	[(1,2332),(4,1883),(30,3739),(41,3877),(52,1921),(55,915),(74,1389),(75,103),(80,2603),(92,5211)]	32.382743
722	[(7,1776),(9,3544),(17,4027),(28,4094),(67,3182),(76,64),(89,3309)]	27.849257
723	[(4,4851),(5,3186),(11,1042),(45,3940),(48,1775),(56,4225),(70,899),(71,2772),(73,4960),(85,3972),(86,714),(91,2627)]	20.993498
724	[(7,2832),(8,3128),(11,1303),(27,819),(59,3423),(67,2206),(79,2144)]	21.477330
725	[(0,2558),(4,5408),(30,4292),(56,2047),(84,4238)]	20.061069
726	[(0,5289),(20,546),(31,2984),(32,4923),(37,2881),(55,4952),(65,4154)]	19.714519
727	[(2,257),(5,717),(6,1525),(19,2341),(46,2308),(49,1258),(56,2907),(68,5468),(75,381)]	19.894077
728	[(0,635),(5,897),(10,1238),(12,1314),(21,4724),(41,2477),(50,2828),(56,1127),(72,4644),(83,623),(85,1714),(90,2815)]	20.005729
729	[(49,4153),(56,4397),(83,4496)]	22.696380
730	[(0,1086),(16,5512),(17,1057),(50,282),(51,4096),(55,527),(58,3863),(69,1593),(90,2987)]	20.187879
731	[(5,5201),(14,5282),(25,4800),(26,3400),(33,59),(40,2767),(41,4460),(53,809),(59,315),(68,695),(85,3110)]	20.160385
732	[(12,4190),(22,3409),(38,13),(71,2754),(74,1683)]	20.136076
733	[(1,4274),(2,3266),(14,2024),(34,4850),(39,2014),(43,3915),(47,1217),(52,1693),(54,203),(56,4209),(77,2317),(84,3313),(86,795)]	21.684229
734	[(0,5063),(13,2779),(19,1473),(20,4146),(32,2593),(35,2181),(39,2450),(52,4441),(58,5270),(66,764),(71,4140),(78,3404),(82,1389)]	22.468691
735	[(4,4285),(5,442),(6,2613),(14,3292),(26,87),(35,1288),(36,547),(52,5481),(59,3239),(66,3878),(71,2292),(72,3439),(78,4113)]	19.667021
736	[(31,5289),(53,1318),(57,3698),(70,4373),(85,1836),(88,2095)]	20.292881
737	[(12,124),(25,3414),(49,5514),(61,12),(62,3374),(64,736),(69,1023)]	21.654713
738	[(9,2726),(10,3217),(25,4748),(38,1401),(39,175),(45,4970),(55,1641),(63,2641),(72,5261),(77,2061),(81,4957),(84,3457)]	21.063718
739	[(10,290),(26,3045),(36,5246),(42,3369),(45,1077),(53,4681),(63,1754),(68,1533),(71,1640)]	20.266707
740	[(31,3025),(33,3543),(35,2362),(40,1328),(58,4825),(63,5374),(78,2825),(82,980)]	20.094834
741	[(4,3914),(45,716),(47,1269),(63,3983),(72,2779)]	20.325631
742	[(5,632),(17,745),(23,5000),(25,4873),(33,93),(54,4411),(58,529),(60,3738),(63,2314),(70,2560),(74,5137),(81,4072),(85,5096)]	21.225425
743	[(5,3100),(12,4285),(27,2336),(58,224),(64,5101),(73,3135),(76,1924),(78,2478),(81,2576),(89,2804)]	20.553272
744	[(1,235),(8,5392),(27,3520),(44,3488),(45,4603),(46,3985),(47,1628),(60,2805),(64,2369)]	20.391991
745	[(12,1043),(53,5389),(66,3155),(83,202)]	20.130025
746	[(22,5381),(40,4121),(66,4061),(71,1149),(72,5498),(76,2861),(82,3892)]	19.868312
747	[(2,4757),(5,405),(9,4941),(41,288),(51,1150),(52,4219),(77,5416),(89,1291)]	20.329285
748	[(9,3171),(21,4906),(49,4033),(61,3355),(62,346)]	19.948818
749	[(11,3978),(30,4675),(61,3),(63,607),(87,2186),(91,2608)]	20.869001
750	[(5,2100),(8,3561),(9,3342),(65,4181),(68,2218),(76,106),(88,4813)]	20.877314
751	[(3,4945),(4,3975),(10,1012),(45,4708),(55,5227),(77,5243)]	20.451949
752	[(11,1703),(20,3772),(30,3614),(32,5222),(37,2473),(47,2249),(50,620),(53,4209),(54,964),(56,3989),(57,2108),(61,1874)]	20.162046
753	[(15,3024),(16,5391),(20,2804),(27,946),(28,3093),(35,4292),(68,5373),(70,2524),(78,4374),(86,3645),(90,161)]	19.750129
754	[(5,3123),(21,5321),(65,1784),(79,5513),(82,1056),(83,3242)]	22.112652
755	[(4,487),(11,4384),(33,2074),(36,676),(46,551),(55,595),(65,2458),(76,4164),(85,4954)]	20.180028
756	[(13,3333),(15,793),(52,49),(54,356),(61,3406),(75,3355),(82,2090),(91,1385)]	27.037667
757	[(15,3642),(16,2439),(22,880),(25,5423),(34,3461),(59,3282),(62,4071),(65,5069),(70,801)]	24.417817
758	[(6,375),(17,1407),(21,4271),(23,2076),(24,1684),(45,1411),(47,4290),(51,1536),(56,1648),(67,1834),(70,3412)]	20.836775
759	[(3,3937),(12,2129),(37,5303),(54,515),(72,3087),(81,766),(88,5372),(92,1779)]	20.241598
760	[(5,3892),(11,1998),(20,608),(43,5186),(64,1306)]	21.255042
761	[(9,62),(11,2201),(23,4725),(25,5285),(30,1816),(34,212),(36,5426),(44,3236),(84,4448),(90,1942)]	22.331054
762	[(3,508),(10,1982),(17,5112),(21,1579),(55,5132),(75,582),(80,959)]	20.855451
763	[(23,4544),(26,1420),(59,5494),(60,2534),(62,2658),(63,4742),(68,3377),(79,3826),(81,1180)]	20.188070
764	[(2,2535),(8,5389),(14,3173),(22,2886),(27,2988),(40,642),(53,2814),(57,5209),(62,1757),(63,1444),(88,1522)]	19.720054
765	[(7,1037),(9,4579),(14,432),(20,4676),(23,2984),(26,108),(32,4160),(36,2842),(56,582),(73,748),(77,4711),(80,3190),(88,725),(89,4045),(92,1598)]	20.048458
766	[(2,3600),(4,492),(11,5447),(22,5074),(31,3632),(36,5274),(47,280),(48,3899),(58,3159),(60,4289),(79,2693),(88,3939),(91,1626)]	21.378799
767	[(61,2136),(66,2188),(69,3924),(72,4367),(77,1632)]	20.549958
768	[(5,2860),(23,624),(35,1535),(43,876),(47,221),(49,4953),(62,4310),(67,2925),(91,5053)]	19.991649
769	[(31,1030),(43,0),(46,2611),(60,61),(75,4655),(76,4760),(82,2111)]	20.249963
770	[(32,2365),(49,5309),(54,1941),(85,4801)]	38.165331
771	[(0,4649),(8,2723),(16,49),(21,1534),(25,4189),(28,5099),(31,4189),(49,1439),(51,2116),(57,3165),(73,814),(92,3915)]	46.692322
772	[(11,4656),(19,2889),(34,1357),(40,1567),(70,220),(83,2673),(91,497)]	42.456673
773	[(7,1559),(14,1611),(18,5158),(29,259),(30,2943),(40,948),(46,2833),(71,2594),(78,4121),(90,4589)]	42.453691
774	[(24,3954),(33,2058),(37,4225),(48,3171),(61,2138),(68,1412),(72,4190),(87,2266)]	41.857496
775	[(8,1808),(33,5327),(51,5346),(57,595),(61,1022),(63,5188),(78,1305)]	42.198383
776	[(6,498),(21,4656),(54,3686),(74,4070),(88,593),(91,3401)]	41.075978
777	[(1,1013),(5,1159),(11,5033),(21,2405),(24,1143),(30,2654),(44,3633),(55,309),(59,564),(90,127),(92,3377)]	39.777453
778	[(10,1347),(15,820),(30,2168),(32,1299),(60,518),(89,1315),(92,2270)]	40.721069
779	[(35,4215),(51,3381),(54,1605),(73,747),(88,2096)]	39.095324
780	[(3,906),(5,4197),(14,2777),(21,663),(28,3968),(37,5157),(46,1859),(56,4058),(77,2445),(85,986)]	39.610465
781	[(2,4006),(4,2083),(17,2202),(18,1892),(21,4651),(33,463),(42,5174),(58,1504),(61,395)]	39.310295
782	[(6,4495),(9,1851),(11,4227),(17,2142),(22,809),(34,4917),(37,3363),(49,1115)]	39.445286
783	[(3,2861),(6,2168),(8,2743),(11,1760),(14,983),(18,2023),(21,2150),(25,3146),(63,4461),(73,5197),(81,4671),(85,4906),(88,4430)]	40.218418
784	[(4,2715),(12,4204),(14,610),(22,1094),(28,2290),(33,4380),(45,2567),(46,3858),(48,5259),(61,2533),(75,3716),(85,4055),(91,4152)]	40.534437
785	[(17,32),(30,815),(33,3723),(44,1601),(65,3762)]	40.319335
786	[(4,3186),(44,4640),(45,2978),(49,2450),(59,4602),(68,2337),(86,4439),(88,1186)]	41.540006
787	[(8,3393),(18,4794),(22,2074),(26,1901),(33,410),(73,5411),(76,2037),(84,4842)]	42.479744
788	[(8,1243),(22,2662),(28,291),(29,149),(33,2169),(34,2651),(49,4025),(80,3325)]	41.701390
789	[(5,3445),(18,132),(49,4540),(57,3123),(69,3926),(78,2306)]	40.764597
790	[(41,4641),(52,1877),(57,1540),(58,5167),(70,2854)]	40.335151
791	[(0,19),(4,2945),(10,3265),(15,747),(61,4350)]	40.510371
792	[(37,942),(57,324),(71,1622),(73,2577),(75,5142)]	39.956307
793	[(29,2854),(36,4793),(42,4837),(51,3681),(59,1366),(64,3735),(71,3169),(91,5129)]	37.947106
794	[(22,5195),(23,5314),(66,2462),(68,1527),(72,747),(75,4460),(84,1018),(92,710)]	37.909195
795	[(3,3333),(38,5415),(39,3306),(40,597),(44,4699),(45,542),(51,210),(54,2084),(58,1317),(60,4978),(68,2013),(69,5159),(73,4609),(82,238),(88,2304)]	39.636514
796	[(13,1926),(41,4783),(42,4102),(49,2561),(51,3794),(59,3293),(67,3987),(68,3141),(85,5522),(86,1851)]	42.778990
797	[(6,534),(9,3446),(10,1779),(23,919),(29,504),(68,4833),(70,5270),(76,2545),(91,3120)]	42.711223
798	[(11,215),(16,1217),(28,4203),(32,47),(83,5421),(86,5415),(88,2099),(89,3450)]	39.764323
799	[(4,2366),(16,951),(20,3319),(35,2626),(42,1987),(80,1327),(83,2090)]	38.670168
800	[(2,1564),(18,1022),(48,2391),(50,1639),(78,794)]	39.755195
801	[(2,3311),(5,3636),(13,2996),(27,2871),(54,2410),(65,4090),(76,3149),(77,2788),(80,1493),(82,4821)]	42.187344
802	[(22,3941),(28,817),(30,3631),(42,3202),(64,4438),(70,2601),(73,3035),(81,4954),(86,848),(89,1410)]	38.244766
803	[(2,5238),(4,2470),(46,1190),(54,5013),(82,5243)]	39.181223
804	[(13,301),(22,4563),(26,386),(30,228),(32,3726),(39,5191),(48,1092),(50,2342),(52,3935),(61,1157),(63,755),(64,4082),(68,495),(69,5400),(85,593),(91,1296)]	38.858981
805	[(5,1674),(10,1600),(15,2584),(22,3460),(30,3879),(45,5154),(92,5083)]	41.958893
806	[(6,1423),(7,3058),(12,2823),(25,1095),(26,5379),(47,5445),(63,3363),(68,382)]	43.042778
807	[(37,1660),(43,1913),(49,1196),(63,368),(76,2),(79,2144)]	37.348294
808	[(13,226),(14,4402),(26,5048),(55,5457),(62,4899),(63,1041),(67,1582),(76,2847),(80,2829)]	41.809970
809	[(13,1888),(24,5235),(36,1039),(47,4739),(54,1107),(60,2225),(91,4071)]	43.324019
810	[(15,583),(27,2488),(35,4546),(59,743),(75,4083),(80,944),(87,5377)]	36.894573
811	[(18,4612),(31,4548),(33,2620),(56,5387),(77,1328),(78,4799),(84,3567),(91,4064)]	42.463996
812	[(21,435),(33,4142),(40,404),(42,1923),(50,1912)]	44.711446
813	[(2,2328),(38,3501),(69,1260),(91,2812)]	40.728156
814	[(7,5300),(12,3694),(13,5429),(17,4710),(19,4577),(26,4920),(32,2587),(76,555),(86,5379)]	43.242486
815	[(20,174),(28,3375),(32,4696),(35,599),(62,3944),(74,4163)]	44.296784
816	[(7,3706),(8,589),(18,2118),(23,949),(30,5434),(37,2713),(47,2605),(54,4524),(55,5277),(60,3173),(68,5435),(87,2239),(91,629)]	37.736464
817	[(8,2593),(9,884),(24,2881),(28,4984),(54,5436),(64,3846)]	39.013864
818	[(42,5474),(88,5173)]	38.595316
819	[(2,1429),(14,1266),(15,1348),(50,4319),(89,331)]	39.535772
820	[(8,5416),(12,4315),(19,3807),(24,3334),(29,2210),(31,1840),(41,4282),(65,5228),(74,3885),(76,5203)]	39.401227
821	[(1,3103),(53,4815),(57,3517),(63,3817),(76,165),(85,2992),(89,3942)]	40.399270
822	[(26,3051),(27,207),(33,2940),(51,258),(60,4622),(85,1164),(91,1621)]	40.289110
823	[(5,1940),(19,3811),(22,4111),(30,1223),(51,2811),(59,2310),(73,774),(74,779),(77,4122),(85,1598),(86,4851),(89,2090)]	49.574903
824	[(4,3470),(20,1462),(31,2032),(37,2994),(39,2565),(56,2554),(65,3007),(68,4186)]	45.344803
825	[(12,1013),(24,5425),(45,3924),(51,626),(54,4499),(76,322),(78,5247)]	43.320748
826	[(10,3086),(22,5135),(38,4385),(43,1147),(49,3381),(52,702),(72,4558),(86,5325)]	41.567698
827	[(19,5056),(25,5519),(29,4344),(77,1173)]	39.846042
828	[(24,4023),(32,1681),(46,4820),(54,5125),(81,2286)]	39.880945
829	[(15,2442),(43,266),(52,2894),(73,3579)]	39.895206
830	[(6,2438),(15,1908),(22,4949),(30,4129),(38,2216),(73,1549),(82,2871)]	39.541272
831	[(8,123),(9,409),(26,5332),(37,503),(39,1343),(44,3047),(58,3053),(64,3218),(69,695),(70,5366),(73,4895)]	40.444868
832	[(1,4435),(19,43),(23,2077),(25,938),(41,773),(63,2007),(66,4622)]	40.476390
833	[(0,3818),(6,3061),(31,78),(32,4362),(44,3381),(46,905),(59,4447),(65,3869),(68,40),(74,1515),(78,112)]	39.431822
834	[(6,1300),(17,3586),(21,3318),(43,4230),(50,3376),(79,3727),(81,3832)]	41.021527
835	[(17,4364),(30,3769),(43,2659),(57,193),(81,5071),(85,3180),(88,4843)]	41.168193
836	[(11,4314),(16,2955),(25,996),(27,928),(45,2872),(52,1635),(67,1421),(89,1267)]	42.274895
837	[(6,904),(7,447),(9,2555),(13,4644),(17,3890),(28,3097),(66,526),(72,2323),(80,1012),(85,2393)]	40.157011
838	[(1,849),(10,3601),(20,3556),(58,3779),(72,992),(87,5039)]	38.560453
839	[(19,5132),(49,1435),(75,3610),(77,762)]	39.362905
840	[(3,3119),(43,2639),(49,3747),(74,3337),(91,329)]	39.150420
841	[(8,2009),(24,5378),(31,2804),(34,4241),(48,166),(52,4512),(60,5109),(62,3903),(65,3635)]	39.073489
842	[(5,533),(47,5168),(52,4098),(61,3241),(64,521),(82,739)]	38.182708
843	[(12,4205),(21,4567),(57,1037),(63,1904),(69,2258)]	39.386840
844	[(7,2231),(13,2009),(23,5248),(24,3228),(54,2127),(58,3844),(62,3880),(77,3831),(85,3191)]	39.234918
845	[(9,446),(15,1514),(18,2505),(19,2905),(34,4267),(35,547),(59,5059),(70,1529),(86,2980)]	38.220379
846	[(4,3557),(45,352),(48,4426),(68,4594),(76,3850)]	39.546492
847	[(0,2497),(10,5393),(25,826),(35,1566),(43,5013),(66,2878),(82,4235),(88,994)]	40.046569
848	[(1,2443),(10,288),(23,4943),(34,241),(47,4494),(51,4836),(52,720),(55,1884)]	41.551109
849	[(6,3067),(8,4927),(27,1717),(32,3371),(43,1246),(46,4637),(72,1542),(77,4685),(83,2794),(86,4084)]	38.550320
850	[(5,5025),(15,5119),(18,3569),(46,273),(64,2534),(67,4586),(71,2671),(77,4875)]	46.396662
851	[(7,3706),(8,589),(10,4113),(26,912),(59,2169),(67,1989),(78,3838),(90,2698)]	62.610542
852	[(20,639),(31,868),(59,2128),(63,511),(73,5448),(75,1437),(78,5421),(81,4175),(86,4023)]	41.683422
853	[(26,2140),(29,2048),(38,1399),(40,1889),(44,3929),(47,484),(50,4566),(52,3987),(77,4317)]	43.334442
854	[(1,513),(5,1222),(20,3620),(22,1010),(32,2277),(34,1664),(53,2531),(73,4101),(79,2300),(81,3302),(86,3703),(89,1688)]	37.053128
855	[(18,1987),(30,4927),(37,1333),(40,2131),(48,5264),(61,2406),(74,2241),(76,376)]	39.413695
856	[(7,158),(15,1460),(16,969),(23,5496),(28,1902),(47,3978),(58,1816),(71,3861),(76,369)]	41.598135
857	[(10,4434),(21,2866),(44,4202),(47,3588),(66,5029),(71,1574),(78,4428),(79,3781)]	44.229930
858	[(1,2377),(2,3592),(11,1294),(15,2272),(22,5043),(34,3829),(60,3297),(69,5363),(71,3137)]	43.287320
859	[(3,4864),(8,494),(11,1970),(19,2851),(24,4645),(29,2065),(46,2583),(56,5268),(62,5175)]	43.317749
860	[(3,3612),(18,4490),(41,746),(57,2018),(84,3429),(86,832),(92,4543)]	41.823105
861	[(15,3239),(18,1693),(36,3552),(42,1643)]	44.556086
862	[(41,4824),(63,2967),(89,1809),(91,4871)]	49.421006
863	[(1,974),(5,4943),(17,3211),(55,4950),(56,2977),(62,4240),(66,562),(68,1055),(75,5216),(82,2583),(84,278),(92,1570)]	41.907426
864	[(1,1772),(5,5513),(24,2768),(33,3607),(34,3399),(39,1929),(52,2640),(58,2297),(66,3019),(67,5308)]	41.052292
865	[(3,3212),(7,5186),(16,547),(53,1907),(56,2431),(62,4222),(65,1957),(70,3644)]	41.827852
866	[(18,275),(28,219),(34,3241),(39,4705),(47,4291),(50,350),(53,2081),(88,1907)]	41.774521
867	[(3,401),(53,3249),(55,5218),(58,2603),(69,3677),(71,5007),(88,3529),(89,4816)]	41.743102
868	[(35,4464),(48,2406),(58,5019),(60,4814),(69,4788),(74,4316),(76,2846),(92,978)]	41.294290
869	[(12,3869),(23,1444),(25,3727),(51,591)]	41.085338
870	[(1,2447),(14,670),(17,1243),(24,4128),(29,1816),(30,1341),(37,2899),(90,5477)]	42.161878
871	[(17,5453),(18,1811),(21,4975),(43,1523),(59,4480),(70,1623),(77,1245)]	28.816209
872	[(24,3680),(29,2861),(58,1756),(70,1986),(83,3133),(87,5300),(88,2448)]	20.596164
873	[(17,2083),(35,3451),(43,2852),(55,2931),(60,1998),(68,1731),(73,3849),(81,1077),(88,1246)]	21.498253
874	[(32,3256),(39,1275),(43,5117),(44,1055),(48,1683),(61,5352),(66,354),(82,4178),(88,3663)]	22.187271
875	[(2,303),(3,1968),(68,2844),(83,3521),(86,1360)]	20.706625
876	[(6,4025),(16,1612),(20,4986),(22,4703),(81,3947)]	20.209121
877	[(1,275),(20,2274),(37,2266),(40,1704),(70,1555),(88,1648),(90,2080),(91,2912)]	22.284456
878	[(22,3874),(36,3248),(42,2190),(43,5421),(56,210),(60,1677),(90,247)]	20.682113
879	[(2,1993),(12,303),(46,4985),(62,1798),(68,5513),(74,5497),(81,1388)]	22.329937
880	[(33,5465),(54,34)]	37.276151
881	[(1,4917),(20,5207),(39,1291),(41,2953),(47,4049),(54,2711),(56,4590),(68,3920),(69,2045),(72,2963),(88,4520),(92,4519)]	20.754173
882	[(0,876),(12,1323),(14,2150),(20,3209),(26,4797),(31,4195),(34,2551),(37,1688),(60,3108),(63,4337)]	19.860892
883	[(10,2243),(37,5354),(46,2940),(59,3286),(60,802),(86,3571)]	19.847701
884	[(12,1183),(31,2979),(45,4462),(54,283),(59,1557),(79,3755),(84,4606),(85,3248)]	20.066217
885	[(4,3297),(10,172),(13,3002),(15,3302),(17,2743),(37,3796),(44,3466),(47,4770),(49,185),(74,4899),(82,2249),(88,2065)]	19.724279
886	[(2,3818),(5,3165),(9,2764),(21,677),(25,2251),(46,4790),(70,1841),(71,1270),(88,2347)]	19.786554
887	[(11,491),(14,4512),(15,4926),(38,4107),(53,4404),(57,913),(78,283),(91,4936)]	20.691668
888	[(18,5334),(39,5152),(52,1631),(56,1974),(58,2614),(64,1981),(69,3651),(85,4210),(86,755),(89,5437),(92,2480)]	24.304057
889	[(1,1512),(11,1219),(16,1620),(23,118),(27,2889),(39,1591),(55,898),(81,2362),(90,4543)]	26.653559
890	[(0,1137),(7,1094),(15,5512),(60,4922),(64,4680),(68,317),(74,2889)]	22.099038
891	[(14,650),(15,3089),(32,5165),(38,2425),(52,3),(83,666),(87,4887),(88,4008),(91,3325)]	21.160212
892	[(15,3859),(46,5045),(67,363),(74,1497),(78,4704),(86,1785),(89,74)]	20.907249
893	[(3,4624),(21,3768),(52,1428),(59,4087),(63,3850),(67,108),(75,4929),(79,1811),(86,4898)]	22.345653
894	[(20,1765),(32,1066),(45,3973),(63,2230),(70,1883),(80,480),(82,3851)]	22.501395
895	[(4,4286),(11,2514),(13,1930),(20,4799),(23,3627),(32,2259),(71,2879),(76,3838)]	25.336720
896	[(5,156),(16,4962),(18,3197),(22,438),(36,4422),(86,4524),(89,1774)]	23.576506
897	[(3,2678),(28,421),(37,5225),(60,72)]	19.741817
898	[(22,2171),(34,5129),(43,4177),(59,5100),(79,4046),(90,3655)]	20.766459
899	[(46,3242),(61,3764),(70,2119),(75,1455),(85,1122)]	21.368794
900	[(19,1779),(26,5103),(34,5521),(35,2010),(37,1581),(41,4553),(53,1332),(59,3061)]	22.184817
901	[(4,279),(9,2194),(14,4920),(15,5429),(27,4253),(33,1851),(55,4775),(56,4475),(64,4925),(71,1723),(79,1384)]	21.868968
902	[(20,4033),(43,3552),(45,613),(55,1308),(61,2514),(74,3891),(79,1235)]	21.079874
903	[(7,4146),(8,4861),(38,1053),(39,3674),(57,4280),(66,1367),(69,1378)]	19.647417
904	[(15,5392),(35,729),(43,800),(53,4693),(56,1047),(60,2742),(65,5212),(80,5223),(84,460)]	21.071520
905	[(3,2105),(30,3386),(31,3640),(45,1901),(75,3807),(77,5248)]	22.647261
906	[(18,5036),(21,3905),(24,4507),(33,1027),(46,1026),(72,2155),(84,1035)]	20.382102
907	[(10,5169),(64,2967),(77,3773)]	19.787436
908	[(48,637),(61,2657),(87,4429),(91,4201)]	20.234344
909	[(3,5486),(22,240),(25,2224),(38,2234),(39,4988),(41,2265),(47,1687),(61,5406),(69,2342),(71,5464),(76,3307),(83,4428)]	22.809841
910	[(19,4016),(41,4362),(43,2747),(65,3408),(66,4791),(70,1246),(84,4655)]	23.264194
911	[(6,1421),(18,3588),(45,1741),(49,930),(50,474),(52,1701)]	21.812381
912	[(7,3927),(13,3800),(17,4465),(20,3764),(21,4684),(37,469),(60,1020),(66,2292),(70,974),(89,2673)]	20.177891
913	[(32,662),(34,862),(50,3570),(51,4464),(53,2821),(71,3292),(78,2536),(89,4189)]	20.329006
914	[(5,4580),(17,3845),(29,370),(36,3519),(75,940),(84,5314),(86,4965)]	20.021809
915	[(17,1764),(32,3311),(45,2269),(51,3967),(85,1092)]	20.378947
916	[(42,2477),(58,3938),(76,753)]	21.532899
917	[(19,2419),(24,2211),(45,4767),(47,3980),(56,3623),(66,5367),(77,4318)]	20.291042
918	[(3,1333),(6,5101),(20,907),(71,1668),(78,1366),(83,608)]	20.315874
919	[(6,5329),(8,2246),(12,2973),(39,5507),(51,5047),(55,3644),(60,3406),(78,2555)]	20.777103
920	[(4,2313),(15,2547),(28,3792),(30,2800),(35,3942),(36,3371),(45,5507),(52,703),(59,4242),(77,1598),(84,3192)]	19.915545
921	[(8,974),(25,3701),(30,5079),(47,4165),(49,3433),(64,620),(72,3746),(76,1377)]	20.084635
922	[(6,2542),(13,2005),(58,4581),(67,2942),(88,4204),(90,3197)]	21.761171
923	[(44,933),(71,2563),(73,1936),(83,4393),(87,1379)]	21.546092
924	[(13,1328),(20,3749),(21,4014),(24,1823),(31,2478),(41,4384),(44,3429),(45,1884),(47,1737),(49,2489),(50,5384),(55,1776),(57,408),(60,28),(66,2008),(69,3718),(72,782),(78,3574)]	23.701963
925	[(4,113),(10,2490),(12,4768),(17,4258),(21,204),(32,5218),(45,4681),(65,3080)]	20.169525
926	[(27,2558),(67,2464)]	21.438521
927	[(0,4484),(21,3012),(41,4910),(43,3018),(67,2990),(80,731)]	27.237689
928	[(18,2071),(22,1156),(27,3364),(73,1091),(77,4108),(88,2554)]	37.006752
929	[(28,796),(76,357)]	22.400736
930	[(9,4728),(62,2122),(64,3079),(70,769),(74,5383),(75,1708),(92,5156)]	21.715981
931	[(3,438),(16,4400),(23,5486),(25,4576),(55,2443),(60,2209),(63,1787),(64,3011),(87,4435),(90,1464),(92,967)]	20.211881
932	[(0,2393),(27,4406),(38,128),(64,3078)]	20.741652
933	[(16,575),(30,1985),(33,3018),(36,3222),(73,4847),(74,750)]	20.031404
934	[(3,628),(7,86),(19,493),(27,4265),(29,2740),(31,4484),(42,2016),(43,1087),(59,580),(64,3447)]	20.227461
935	[(22,5431),(23,4765),(24,4641),(47,3046),(51,2520),(65,2978),(87,3472),(92,3792)]	20.520745
936	[(21,2726),(37,3296),(57,1840),(62,3818),(70,2108)]	20.717611
937	[(4,4135),(24,356),(43,4887),(44,1452),(47,4347)]	20.710715
938	[(32,33),(57,4718),(65,1720),(66,189),(71,2688)]	21.000740
939	[(10,3078),(37,52),(40,4396),(51,1549),(70,1369),(74,4469),(85,1045)]	19.916827
940	[(17,3866),(23,3497),(54,1656),(62,4898),(70,4285)]	20.198613
941	[(25,5383),(26,1708),(30,2178),(31,3394),(34,343),(46,1361),(63,1940),(69,1633),(71,2843),(74,4410),(84,1399),(88,3676)]	26.144408
942	[(7,903),(25,479),(51,4392),(73,279),(89,1112)]	26.396371
943	[(3,3023),(16,83),(30,4758),(43,5195),(59,2263),(75,3691),(83,4828),(88,1121)]	22.375938
944	[(3,2226),(16,4700),(32,3311),(44,5004),(53,3269),(54,1762),(79,5292)]	21.851018
945	[(0,4000),(9,5358),(17,3894),(25,1964),(35,285),(42,1418),(50,4684),(67,2515),(88,2563)]	20.772195
946	[(64,1707),(66,4433),(77,4505),(91,1329)]	19.700030
947	[(13,3941),(30,4033),(37,3298),(48,2363),(51,1544),(55,4390),(58,3079),(63,1958),(82,1808),(84,71)]	20.936214
948	[(0,4502),(8,848),(9,3581),(17,4335),(24,4294),(39,4395),(48,1147),(69,181),(78,304),(90,1135)]	20.314490
949	[(7,4612),(13,2865),(14,597),(32,4270),(49,4744),(58,3267),(61,1073),(75,1809),(77,4871)]	22.126692
950	[(14,5350),(50,1629),(52,2742),(55,3542),(70,1543),(72,3886)]	21.916691
951	[(8,1384),(16,4473),(18,587),(26,4506),(32,3292),(37,795),(50,3913),(87,1307)]	20.062146
952	[(0,572),(5,3452),(6,4758),(16,5115),(28,1418),(30,2989),(45,4088),(50,2823),(52,3730),(72,2458),(79,2349),(80,3670),(86,3689)]	19.840897
953	[(18,2182),(23,4564),(24,1181),(28,3953),(29,506),(72,884),(73,579),(76,1289),(77,3887),(89,2946),(92,3635)]	20.901332
954	[(1,4482),(17,3568),(37,2313),(42,533),(47,5260),(56,3762),(57,1466)]	20.843032
955	[(12,28),(74,718),(80,5047),(90,5200)]	20.586203
956	[(16,3549),(30,5448),(38,4864),(50,3224),(57,706),(59,2767),(80,2755),(86,4418)]	20.896035
957	[(7,2799),(10,4376),(22,584),(31,1612),(36,4799),(38,359),(51,1077),(55,1416),(58,3273),(67,3301),(73,3469),(81,5221),(88,578),(90,54)]	20.510121
958	[(11,2013),(27,161),(63,3231),(69,4367),(88,2839)]	20.959489
959	[(1,2295),(37,2674),(47,3734),(49,4482),(53,2384),(74,4697),(86,3287)]	19.856646
960	[(4,3177),(12,5399),(29,4586),(65,1593),(69,4909),(73,2688),(80,2873),(82,271)]	29.394353
961	[(40,2695),(50,2376),(53,915),(55,1297),(61,752),(92,1374)]	21.767754
962	[(1,2620),(6,3320),(18,678),(36,3909),(42,1239),(62,3512),(68,971),(80,1521),(83,4374),(92,2944)]	20.916800
963	[(11,367),(15,2912),(21,5509),(23,4456),(33,2622),(61,2582),(68,3245),(82,3166)]	20.524698
964	[(8,5217),(12,1374),(17,3479),(19,2338),(24,943),(46,3383),(75,2160)]	22.061026
965	[(35,618),(37,3241),(40,5485),(45,593),(53,2367),(54,4681)]	20.068061
966	[(16,4153),(45,1746),(60,4548),(77,36),(79,972),(91,873)]	19.580192
967	[(3,1439),(21,989),(40,2869),(47,4234),(49,1900),(56,5172),(68,274)]	19.982745
968	[(9,3035),(18,484),(26,4114),(60,2483)]	20.525364
969	[(11,1508),(15,4992),(22,3281),(45,4500),(49,977),(57,3000),(58,790),(65,3275),(71,5257)]	20.047907
970	[(41,941),(51,5012),(58,187),(59,1298),(70,4598),(80,303),(84,5484)]	23.138249
971	[(3,4339),(9,1836),(16,3483),(17,3035),(32,4275),(40,4536),(44,3321),(49,4667),(71,4533),(79,2888),(80,3508),(82,1912)]	20.739678
972	[(16,3810),(38,2196),(43,1774)]	20.352622
973	[(4,380),(10,11),(11,3558),(12,2303),(15,4106),(37,2265),(40,357),(52,3269)]	20.491397
974	[(2,3523),(11,4226),(30,3947),(53,2642),(70,5506),(84,492)]	20.607459
975	[(5,2322),(15,1694),(18,4551),(22,1373),(47,4113),(52,4576),(54,1480),(75,2692),(77,1848),(80,4062),(81,89)]	25.980564
976	[(2,1650),(14,2922),(33,3338),(36,5455),(41,3974),(50,2579),(65,1197),(71,258)]	34.284321
977	[(4,598),(8,2467),(43,1253),(48,358),(58,5374)]	20.702767
978	[(9,4048),(16,1748),(22,1848),(34,1311),(35,474),(38,3547),(47,422),(59,4073),(64,5493),(92,763)]	20.539899
979	[(11,68),(17,3312),(42,681),(53,2412),(69,259),(70,2943),(78,1390),(79,3341),(87,3315)]	20.467401
980	[(1,2381),(37,2882),(42,4665),(50,3025),(52,3543),(76,3615),(78,4521),(79,1081),(80,3161),(86,285),(91,791)]	20.467750
981	[(0,2151),(8,3039),(12,2200),(17,423),(29,4851),(35,2874),(50,4343),(56,2735),(59,4717),(61,3848),(69,2410),(84,3507),(85,2659),(91,2700)]	19.928312
982	[(6,2254),(29,2831),(33,2457),(34,1595),(63,3941),(73,937),(88,3070)]	20.581332
983	[(13,2595),(16,5133),(24,2815),(39,829),(44,4008),(54,670),(82,2461)]	20.512606
984	[(0,5208),(5,52),(7,4018),(12,4451),(13,3014),(14,1225),(27,4796),(33,507),(41,591),(52,1571),(62,4579),(63,2160),(71,4278),(74,4194),(80,5513)]	20.675483
985	[(3,2947),(4,1102),(16,3992),(22,2072),(32,5109),(50,1265),(53,4560),(56,2326),(58,2528),(65,512),(84,1159),(90,1475)]	19.943483
986	[(7,770),(41,5190),(60,2486),(66,191),(71,4257),(87,4886),(89,4924)]	19.950221
987	[(18,1886),(26,1822),(49,2983),(59,4297),(63,617),(71,3191),(88,2964)]	22.585613
988	[(0,3738),(48,41),(63,4523),(77,991),(80,1397)]	28.527745
989	[(36,4384),(56,667),(63,2953),(76,2721),(79,5272),(86,1053)]	21.826196
990	[(30,4089),(38,3996),(58,1728),(60,4013),(62,1344),(67,182),(88,2897),(91,503)]	20.959703
991	[(1,2664),(7,828),(8,4565),(19,3373),(53,1718),(65,2598),(80,2757)]	21.705423
992	[(2,5472),(49,715),(52,690),(59,2231)]	20.076973
993	[(47,4375),(61,319),(69,1616),(73,4563),(75,2437)]	19.546820
994	[(9,1807),(12,987),(20,4019),(40,3291),(48,2819),(52,4792)]	23.036219
995	[(12,4656),(16,5201),(48,3587),(88,3397)]	28.298261
996	[(10,108),(12,171),(32,3363),(33,756),(52,2201),(66,1890),(71,2425),(80,591)]	20.179980
997	[(8,254),(37,3234),(57,5311),(65,1580),(66,105),(88,1801),(89,5096)]	20.272192
998	[(47,1245),(48,154),(54,3992),(68,931)]	19.954375
999	[(10,1907),(20,313),(28,1109),(43,5424),(49,1403),(54,4647),(57,4477),(61,3112),(71,1308),(84,2329)]	20.503258
