ruleset_index	matches	time_ms
0	[(25,2114),(28,3444),(45,4181),(56,1978),(63,1441),(74,2237),(81,3327),(90,1335)]	19.680002
1	[(3,4678),(4,4279),(5,555),(8,4174),(14,3524),(15,2314),(31,2753),(32,977),(51,4675),(91,306)]	19.325594
2	[(6,37),(27,4310),(42,738),(44,59),(66,3327),(71,697),(85,3066)]	21.206506
3	[(21,2513),(41,3428),(62,3731),(72,4815),(82,2366),(87,4437)]	20.009647
4	[(4,3607),(15,819),(21,3959),(23,4304),(31,4359),(58,2519),(71,47),(75,2177)]	22.235977
5	[(21,4192),(24,3884),(41,2947),(58,4625),(59,3183),(62,650),(81,520),(92,4477)]	19.621105
6	[(10,1039),(13,3739),(22,3740),(42,962),(56,1266),(57,2208),(67,2517)]	19.290650
7	[(8,1177),(46,368),(47,3747),(63,1876),(72,4328),(75,1521),(76,24),(85,1374)]	18.740968
8	[(15,1529),(24,3278),(29,2458),(39,2450),(41,2011),(45,440),(53,1314),(62,4066),(66,805),(82,217),(88,1865),(90,3253)]	19.162157
9	[(7,1017),(26,4486),(29,1067),(50,2438),(54,4124),(59,3041),(67,4925),(87,541)]	18.656943
10	[(9,716),(21,869),(31,4726),(43,4292),(48,1754),(50,3831),(67,4075),(89,3950)]	18.961721
11	[(0,4858),(2,2273),(8,1648),(13,3032),(21,2710),(39,1161),(53,2487),(59,4512)]	18.888629
12	[(38,1374),(61,1301),(65,482),(82,4477)]	19.185982
13	[(13,3854),(17,4016),(33,3672),(38,3650),(45,1469),(55,1320),(77,4128)]	19.301011
14	[(5,1063),(30,3845),(44,2758),(48,3187),(77,1082),(91,1678),(92,4791)]	19.466736
15	[(6,866),(27,543),(49,1330),(57,512),(71,995),(72,901),(89,1549)]	21.187290
16	[(7,797),(12,4755),(13,2782),(24,2856),(25,2336),(44,44),(79,3948),(84,4076)]	18.881235
17	[(2,4311),(11,3673),(14,4197),(15,2785),(27,1489),(28,4757),(36,2457),(51,4956),(54,1496),(57,262)]	18.881021
18	[(2,1457),(45,2484),(52,52),(65,2772),(70,3928),(76,2299),(88,4809)]	28.385413
19	[(17,2988),(23,4204),(46,535),(47,4484),(49,1037),(59,642),(73,1473)]	29.528646
20	[(0,529),(4,1352),(18,2103),(21,1991),(41,2342),(51,2897),(65,2607),(66,1252),(73,3820),(79,2361),(89,803)]	18.879707
21	[(2,84),(5,724),(14,828),(15,4353),(34,780),(45,908),(58,1971)]	18.706791
22	[(7,136),(10,3410),(12,4174),(30,3758),(32,219),(41,1664),(53,1608),(73,4031),(83,3398)]	19.077920
23	[(26,1793),(40,4966),(56,1861),(69,403),(78,1128)]	18.459386
24	[(0,3158),(21,4256),(24,4472),(32,1352),(33,2142),(34,3786),(37,2135),(68,4432)]	19.016385
25	[(0,2665),(5,2059),(17,1514),(19,4760),(24,3698),(28,1756),(32,474),(62,2644),(71,3827),(72,288),(73,4289),(76,2855),(77,4726),(81,2295)]	18.870732
26	[(12,3503),(28,3621),(29,1002),(61,3107),(73,3272),(87,2576)]	19.022993
27	[(3,4370),(31,3736),(34,2137),(52,1888),(76,4764)]	18.658270
28	[(9,4288),(78,76),(79,4079),(91,3008)]	18.740577
29	[(7,819),(17,3889),(24,1251),(28,924),(33,1032),(45,1094),(56,3325),(84,3718)]	19.503162
30	[(1,338),(8,4395),(19,2431),(20,916),(22,3556),(61,2135),(62,2257),(65,974),(72,125),(73,84),(80,2671)]	18.733635
31	[(10,4038),(34,3403),(42,226),(43,2460),(46,4593),(50,751),(79,1357),(89,2954),(92,764)]	19.149739
32	[(4,2766),(13,2239),(20,2942),(37,1537),(38,1961),(39,2588),(43,3380),(48,2465),(53,3089),(60,3345),(84,1861),(89,4190)]	18.662014
33	[(11,3539),(14,1454),(31,4940),(49,2576),(54,2185),(59,40),(61,928),(68,4476),(76,4110),(86,2499)]	20.414358
34	[(1,4278),(12,877),(13,1187),(34,3385),(36,3994),(61,2139),(74,3668),(78,4761)]	19.004521
35	[(16,4898),(51,3563),(68,2401),(69,2408),(75,3020),(88,1813)]	18.410419
36	[(13,4494),(17,1415),(32,3963),(36,2424),(58,4875),(84,1842)]	18.582787
37	[(35,3292),(38,4670),(63,2439),(66,882),(72,1571),(82,303)]	18.258240
38	[(2,4397),(17,1879),(28,981),(51,268),(53,3186),(77,1924)]	19.319482
39	[(7,3090),(18,1047),(27,2325),(76,3627),(91,1826)]	19.215616
40	[(1,3492),(21,2334),(27,1366),(48,2440),(71,801)]	19.773789
41	[(10,4056),(33,4844),(41,3052),(47,2222),(57,2680),(58,329),(59,2557),(72,4178),(91,4369)]	18.532154
42	[(15,2777),(23,256),(39,876),(44,2016),(57,1828),(72,1335),(89,4162)]	18.727307
43	[(23,4494),(41,1517)]	21.985066
44	[(14,1903),(28,1072),(34,3658),(35,3745),(37,3701),(43,2870),(69,4492),(71,1562),(76,1708),(89,241)]	23.529537
45	[(24,4961),(27,506),(42,1997),(44,3054),(52,4734),(59,699),(61,1363),(62,4804)]	18.712208
46	[(7,4460),(24,2627),(25,4507),(29,2100),(30,237),(41,2998),(49,3672),(55,392),(64,3236),(67,3534),(68,1373),(72,4131),(78,3268),(83,4277),(89,4550),(90,1451)]	19.542716
47	[(12,2209),(25,1417),(51,3615),(53,201),(79,1561)]	18.938115
48	[(52,241),(72,1337),(82,3962)]	18.781585
49	[(9,2618),(16,3079),(23,1027),(32,1786),(60,3760),(63,3910),(73,2183),(91,3184)]	18.853567
50	[(1,2925),(25,1067),(31,3954),(41,682),(45,190),(52,1043),(76,4802),(77,3173),(80,1071),(84,2980),(90,1191)]	18.581414
51	[(3,2033),(6,4602),(16,1559),(19,27),(28,4829),(31,1716),(39,563),(42,4578),(61,1042),(64,457),(68,1251),(75,804),(81,4374),(84,779)]	18.914327
52	[(12,1938),(19,680),(79,3269)]	18.723226
53	[(2,612),(30,2823),(49,3460),(54,283),(56,4048),(57,3235),(63,4896),(67,714),(82,572)]	20.787922
54	[(16,4537),(20,4343),(29,3944),(37,4363),(40,117),(47,2417),(76,4924),(84,1953)]	18.980544
55	[(4,1079),(38,1490),(66,1359),(83,4673),(90,1417)]	19.313433
56	[(11,2953),(24,3708),(31,3893),(43,3325),(72,2561)]	21.256043
57	[(0,1746),(7,724),(9,822),(19,3085),(34,4001),(49,4926),(50,4541),(54,3276),(56,2873),(72,4259),(81,2739),(92,489)]	18.777548
58	[(7,4567),(70,266),(78,3265),(88,2673)]	18.362093
59	[(13,3150),(31,1402),(54,3821),(59,358),(87,3397)]	19.809333
60	[(4,1227),(28,2860),(50,1944),(52,4031)]	18.733386
61	[(6,3012),(16,716),(28,3004),(48,2323),(49,3324),(51,4359),(63,3573),(66,4890),(85,645),(87,3141)]	18.653610
62	[(6,3428),(37,4433),(43,2905),(45,555)]	18.779354
63	[(0,2150),(8,580),(10,3731),(14,2364),(23,2849),(40,3980),(45,4850),(61,3019),(67,3306),(79,933)]	20.128651
64	[(20,2725),(49,1015),(53,1494),(63,945),(71,3118),(75,4685),(79,3894),(86,1924)]	19.229222
65	[(25,1974),(43,2741),(45,3160),(49,1071),(57,685),(64,4063),(86,4471),(87,1086),(88,2453)]	18.565975
66	[(3,2175),(4,2766),(14,4493),(35,765),(36,2015),(38,2585),(74,1371),(76,1333)]	18.880305
67	[(3,4263),(4,1622),(24,825),(74,3669),(85,1297)]	18.985108
68	[(45,1857),(49,4325),(56,3834),(78,2315),(89,2095)]	18.410610
69	[(23,1935),(33,1997),(39,2886),(44,1539),(45,656),(77,2473),(79,1),(84,4915)]	18.857842
70	[(10,1883),(35,4141),(47,2317),(62,234),(66,1871),(79,1112),(86,68)]	20.318109
71	[(52,718),(59,2082),(63,1569),(68,464),(80,1977)]	32.680744
72	[(30,1329),(84,4459),(87,4354)]	28.551609
73	[(8,3823),(18,385),(36,4306),(77,2363),(83,4040)]	19.591273
74	[(25,3221),(26,3877),(27,1894),(34,494),(37,627),(48,3994),(67,4135),(76,1269),(92,4282)]	18.823804
75	[(1,4415),(3,3356),(30,4948),(33,1646),(60,2027),(73,4581),(77,1787)]	20.320340
76	[(13,4905),(22,3553),(36,523)]	19.551984
77	[(4,4148),(20,1125),(29,4797),(51,930),(74,1012)]	20.444014
78	[(6,2597),(7,4835),(10,4547),(15,1890),(29,21),(34,1342),(68,2178),(84,56)]	18.982201
79	[(16,26),(21,1620),(22,4157),(27,4167),(47,1917),(61,1368),(68,1421),(71,614)]	18.565842
80	[(4,2059),(26,4576),(41,4600),(62,1683),(65,3966),(67,1695),(91,1046)]	19.206889
81	[(26,1123),(27,3891),(29,155),(52,839),(68,4642),(74,189),(90,938)]	18.623583
82	[(3,4617),(9,3120),(33,4258),(37,878),(41,3636),(46,171),(59,2457),(65,2765),(73,96),(82,4404)]	18.747151
83	[(4,3585),(5,1854),(7,1657),(8,393),(30,1039),(39,3907),(41,219),(57,736),(59,2521),(60,3706),(69,3093)]	19.712672
84	[(6,1800),(10,2963),(19,2656),(20,3484),(24,1670),(41,3539),(44,1454),(73,2593),(83,3722),(85,1057)]	19.231859
85	[(0,2947),(1,4871),(14,4876),(26,2704),(28,1060),(51,4718),(61,1432),(90,4105)]	19.020897
86	[(1,4215),(13,1678),(46,3408),(75,4577)]	18.464209
87	[(26,576),(31,2489),(47,3175),(67,308),(71,686),(88,3199),(91,2681)]	18.667380
88	[(45,3028),(61,890),(63,4576),(68,3019),(88,4301)]	18.982310
89	[(4,3049),(17,604),(34,3959),(68,3466),(74,2278),(92,1321)]	18.900584
90	[(0,4901),(5,3060),(12,3425),(14,3579),(21,477),(42,4505),(54,3069),(56,2306),(68,3316),(79,1413)]	18.527560
91	[(12,1924),(14,2922)]	19.197410
92	[(22,4288),(49,2140),(56,994),(60,608),(67,3582),(83,316),(87,2145)]	19.314832
93	[(7,1664),(36,1606),(37,3281),(41,1881),(53,1303),(87,704),(88,1636)]	19.658787
94	[(21,4803),(23,1179),(26,4228),(30,3342),(38,2433),(46,3613),(51,4482),(54,3810),(77,3920)]	24.726054
95	[(7,2897),(25,2828),(35,4558),(44,3901),(46,1638),(62,4897),(69,1709),(85,832)]	21.136453
96	[(10,4760),(13,4581),(19,1808),(40,4212),(54,3078),(61,1022),(63,4119),(72,3157),(75,1829),(79,4190),(82,3815),(89,1044)]	18.520834
97	[(29,2562),(65,1224),(87,1892)]	19.052038
98	[(6,120),(8,4672),(28,3927),(50,1934),(54,1721),(55,1467),(70,1715),(79,4938)]	18.601466
99	[(2,3654),(18,1258),(23,4192),(39,4405),(46,1784),(47,1044),(52,1857),(56,3464),(59,595),(84,1347),(85,4696),(90,3306)]	20.509858
100	[(5,2497),(13,1906),(34,4485),(46,1555),(62,3622),(63,4608),(67,338)]	20.142318
101	[(3,911),(26,2614),(29,3686),(38,3560),(50,491),(70,2369),(79,4721),(82,73),(92,3747)]	18.752137
102	[(1,4611),(16,4662),(20,2472),(38,1184),(61,4592),(79,2421),(84,494),(87,4508)]	18.956913
103	[(2,3076),(9,3051),(26,1319),(32,4554),(38,4808),(75,1284),(79,374)]	20.691039
104	[(0,2046),(4,1723),(12,1188),(26,4538),(32,4271),(35,1212),(44,2504),(50,3393),(87,3043)]	19.818725
105	[(4,3045),(7,4696),(11,1823),(20,1409),(41,309),(51,3831),(73,717),(88,3906),(92,3353)]	19.070530
106	[(16,724),(48,4716),(52,3754),(54,1819),(63,291)]	21.384427
107	[(6,1522),(15,2695),(41,3372),(67,1071),(71,1127),(78,1851),(91,3627)]	18.886983
108	[(6,2126),(7,3757),(12,1480),(62,1816),(75,1281),(88,1624),(91,342)]	19.552407
109	[(12,3210),(20,777),(21,1103),(23,2316),(27,293),(39,549),(40,340),(63,3818),(79,3608),(81,696),(85,495)]	19.160201
110	[(4,1729),(11,3067),(22,3093),(25,1430),(27,3726),(38,2121),(78,3587),(90,2488)]	19.641027
111	[(8,3520),(10,1898),(22,141),(26,553),(28,3336),(54,3151),(69,2194),(74,3650),(83,93)]	20.666099
112	[(8,4504),(28,613),(52,1297),(69,3813)]	21.672919
113	[(36,29),(38,1748),(52,991),(56,2668),(86,4268)]	19.834575
114	[(3,576),(7,141),(9,2070),(26,3200),(46,2028),(55,1205),(68,4013),(70,1076),(75,2532),(80,726),(82,929),(85,2777),(87,677)]	18.835466
115	[(16,2166),(40,1010),(76,1025)]	18.665391
116	[(18,542),(28,1934)]	18.830622
117	[(3,443),(8,4632),(35,2075),(36,3435),(58,2156),(80,909),(84,4103),(91,3047)]	18.830721
118	[(2,168),(26,4278),(45,1309),(50,899),(55,3904),(80,4761),(82,2808)]	18.513206
119	[(21,1706),(27,2149),(46,4038),(53,4501),(82,1260),(83,2293),(92,3089)]	19.061897
120	[(14,1170),(26,3547),(32,3335),(68,956),(73,2118),(80,4783)]	20.370062
121	[(5,2792),(44,2579)]	20.106559
122	[(11,1308),(33,4255),(44,2660),(57,1893),(58,982),(61,4423),(68,1739)]	19.081897
123	[(8,3488),(11,408),(24,1165),(38,1350),(39,2138),(47,3021),(71,4075),(76,364),(85,4617),(87,1162)]	25.773334
124	[(8,1534),(15,1030),(20,1340),(23,1204),(30,3291),(45,3049),(52,1590),(61,4176),(89,1708),(90,1425)]	34.916221
125	[(5,897),(14,183),(18,3911),(53,2371),(56,3933),(63,4469),(85,3894)]	19.686793
126	[(4,4921),(8,2567),(10,2687),(16,74),(35,4129),(36,878),(63,2847)]	18.750502
127	[(18,4000),(53,2176),(77,1870)]	18.727907
128	[(9,4911),(12,1904),(24,2212),(36,3949),(60,135),(70,3042),(71,362)]	21.060375
129	[(17,675),(18,2310),(19,3607),(23,116),(35,2146),(92,100)]	18.618681
130	[(5,2057),(28,864),(47,2399),(64,3642),(67,1336),(82,4499),(84,357),(85,3506),(86,88)]	18.308764
131	[(11,3906),(26,4061),(43,1020),(64,1845),(65,4098),(83,3844),(84,3158)]	18.735731
132	[(9,578),(15,317),(16,516),(20,3809),(39,1957),(41,2067),(42,4958),(56,987),(65,3672),(75,3595)]	18.672590
133	[(28,2715),(55,955),(70,3133),(76,1021)]	18.910415
134	[(2,3523),(7,4744),(59,1884),(61,2390)]	19.300718
135	[(10,2313),(28,3189),(31,4556),(57,1125)]	18.569286
136	[(22,1341),(26,1380),(77,924),(80,1991),(85,2609)]	18.652179
137	[(1,4366),(14,1812),(15,4939),(21,4284),(36,1026),(40,102),(47,48),(53,1164),(54,1247),(82,1923),(90,1550)]	19.152949
138	[(18,1581),(81,4595),(83,2040)]	18.835490
139	[(18,4937),(19,1311),(24,3474),(28,4098),(30,925),(33,4889),(45,728),(64,397),(73,2147)]	20.247605
140	[(6,3692),(31,1196),(32,930),(40,2792),(43,4415),(59,3467)]	18.768596
141	[(40,4107),(59,2160),(69,1571),(72,323),(77,2900),(84,1437)]	18.723706
142	[(12,781),(21,3712),(26,2960),(53,2005)]	19.292204
143	[(7,2505),(18,230),(30,214),(47,2366),(73,2394)]	19.694849
144	[(8,1127),(20,2007),(23,2919),(25,3202),(50,4678),(55,1386),(85,1239)]	24.234427
145	[(2,252),(52,4025),(76,1470),(87,1443)]	21.465719
146	[(21,2060),(34,307),(43,4444),(79,2455),(90,3027),(91,1616)]	18.821468
147	[(41,2663),(46,4853),(50,4046),(59,4756),(60,150),(85,4153)]	20.122476
148	[(25,2606),(39,1183),(59,4209),(63,2357),(90,4381)]	18.918978
149	[(0,4015),(10,3088),(11,573),(34,3182),(69,2478),(77,1716),(79,1691),(92,4764)]	19.070142
150	[(0,1122),(14,1971),(15,567),(52,1003),(63,3742),(70,2421)]	19.209756
151	[(6,712),(10,2730),(14,4315),(34,1035),(36,3833),(51,1148),(63,1204),(78,4918),(90,4107),(91,2446)]	19.033620
152	[(2,3321),(31,34),(41,737),(45,2483),(47,3320),(50,1556),(57,4186),(70,4721),(86,2954)]	19.720667
153	[(19,2595),(24,1931),(29,4377),(33,2682),(47,3597),(55,4518),(68,3691),(69,358),(76,3274),(78,3979)]	19.647165
154	[(12,4399),(22,1111),(31,4915),(46,1642),(75,2594),(76,4475),(83,3606),(86,4951)]	20.960277
155	[(1,2656),(2,1972),(43,1689),(47,2962),(59,2444),(62,4886),(83,813),(87,1320)]	19.259802
156	[(22,2698),(36,1287),(70,3636),(91,534)]	19.539944
157	[(9,1814),(27,3129),(38,722),(52,4813),(81,2518),(92,926)]	20.959495
158	[(1,813),(61,1724),(65,2910),(72,269)]	19.377576
159	[(2,3548),(29,1546),(34,1474),(37,3910),(41,3997),(49,581),(60,849),(83,1341),(84,4025)]	19.078125
160	[(1,3321),(6,1579),(23,280),(31,1763),(41,2641),(48,3051),(80,3156),(84,4183)]	21.642482
161	[(32,3292),(40,741),(43,1068),(75,3760)]	20.969276
162	[(14,120),(18,3686),(38,142),(44,2793),(47,2792),(55,1248),(89,611),(91,2945)]	21.888849
163	[(6,763),(12,4526),(15,2618),(21,4805),(27,4428),(57,3426)]	21.544554
164	[(2,4811),(5,2605),(10,1897),(20,4238),(41,3994),(64,3555)]	21.873742
165	[(3,145),(4,4458),(10,3965),(35,4624),(41,403),(69,293),(74,4896),(77,3347),(91,3647)]	22.226620
166	[(39,4004),(40,1984),(50,3994),(58,855)]	21.508139
167	[(2,4919),(14,995),(22,73),(42,1258),(52,4841),(62,1933),(70,1719),(84,3003)]	21.353586
168	[(1,967),(24,4750),(31,3439),(35,369),(37,1308),(57,4655),(67,1520),(75,625),(81,1843),(82,1204)]	21.361253
169	[(7,2953),(16,633),(20,2590),(38,2964),(42,1399),(43,4621)]	20.854143
170	[(16,4027),(26,1174),(29,4254),(50,4024),(59,1642),(62,2390),(63,2427),(78,1652),(87,4916)]	20.990891
171	[(6,4493),(15,983),(34,1740),(36,1139),(59,3734),(65,3581),(82,2861)]	21.734112
172	[(14,3838),(55,2131),(63,4232),(65,486),(66,2762),(77,971),(81,2333),(82,141),(87,3411)]	20.848197
173	[(6,4471),(23,2901),(62,4382),(63,773),(66,2500)]	22.334487
174	[(9,3135),(17,4753),(36,4238),(40,1520),(47,4295),(91,3849)]	31.316709
175	[(7,977),(18,251),(38,633),(39,4047),(85,796),(87,2201)]	33.816391
176	[(36,4281),(53,1971),(85,1201),(89,3120),(92,994)]	21.568121
177	[(45,1030),(54,4749),(72,2526),(88,4051)]	21.427559
178	[(1,3908),(4,58),(13,3536),(28,3198),(43,1685),(67,1868),(71,4231)]	20.897128
179	[(1,281),(7,2874),(14,1529),(31,3767),(57,3635),(70,4577)]	21.229877
180	[(26,4626),(48,1297),(49,1000),(50,1285),(57,1220),(67,3547)]	21.324390
181	[(22,4414),(66,4861)]	21.075543
182	[(14,1663),(17,3798),(21,3995),(38,1604),(42,4953),(46,1950),(50,3774),(67,4386),(88,2851)]	22.514390
183	[(4,3376),(5,2652),(6,1222),(20,3982),(59,2080),(78,2737),(85,96)]	21.135647
184	[(35,4330),(44,1385),(71,399),(77,3721)]	21.712561
185	[(35,2595),(43,974),(44,3005),(48,1625),(58,805),(76,731),(77,2150)]	20.954063
186	[(13,1553),(25,4795),(26,1828),(43,2174),(72,2266),(75,2112)]	21.231092
187	[(8,2260),(10,136),(17,2829),(60,3548),(65,1942),(78,2556)]	21.354915
188	[(3,2175),(39,4325),(43,4375),(63,2323),(64,3324),(74,4733),(80,3400),(87,3844),(88,448)]	19.824502
189	[(42,3085)]	18.517399
190	[(27,1521),(30,2060),(44,799),(64,146),(65,3549),(71,4587),(81,347)]	18.443238
191	[(3,452),(10,2161),(12,2878),(16,2273),(25,1541),(26,1848),(44,4183),(53,3036),(61,3255),(71,3944),(73,4182),(86,2249)]	25.409149
192	[(16,3695),(46,3815),(48,2836),(52,913),(75,3597),(88,3703),(89,2927)]	20.888469
193	[(7,1817),(13,1271),(34,3816),(46,4019),(82,3855),(92,710)]	18.642255
194	[(1,2261),(5,2617),(14,3561),(22,3338),(25,3143),(32,1699),(33,1774),(51,1624),(54,4287)]	19.802392
195	[(13,3010),(16,4635),(65,4175)]	19.059997
196	[(10,4814),(12,198),(25,378),(27,1486),(34,976),(40,270),(50,1312),(69,1161),(74,2352),(75,2706),(89,3487)]	19.461326
197	[(3,3015),(19,1223),(41,1922),(43,4786),(59,3769),(70,589),(87,4688)]	20.291251
198	[(1,294),(9,789),(12,1571),(13,1000),(17,1930),(22,2038),(38,2557),(55,1029),(58,4840),(66,1827),(81,344)]	18.596229
199	[(2,4862),(33,2700),(70,4513),(72,1822),(85,3486),(91,2906)]	18.779480
200	[(1,2564),(10,956),(17,4219),(28,3616),(33,675),(42,3354),(72,2136),(77,2060),(87,3935)]	19.467805
201	[(14,2756),(24,2790),(29,1504),(37,2809),(57,1573),(65,2655),(87,4120)]	21.188740
202	[(1,4463),(17,2767),(29,4030),(35,3626),(58,452)]	19.222539
203	[(15,4364),(17,3159),(24,1467),(25,3350),(27,4231),(30,4817),(38,1803),(53,4047),(71,506),(72,3660)]	19.310415
204	[(0,167),(14,499),(17,1969),(28,3783),(36,432),(44,2417),(61,4080),(80,3718),(89,4094)]	22.306950
205	[(21,4761),(33,3226),(46,398),(62,1104),(67,2424),(77,4263),(88,1146),(90,1482),(92,4674)]	18.885700
206	[(2,3025),(8,2269),(21,2168),(22,4386),(23,1367),(32,1389),(41,3574),(48,4378),(49,4371),(68,1289),(70,3411),(79,3832),(92,2335)]	19.133308
207	[(19,566),(63,1686),(77,3408),(80,3395),(88,4801),(90,3466)]	18.778019
208	[(4,2461),(10,4949),(12,2721),(15,1604),(24,77),(26,741),(29,2299),(43,1358)]	19.245187
209	[(11,390),(16,4186),(20,2026),(28,2737),(35,4326),(64,2266),(73,2547),(90,396)]	18.856840
210	[(16,338),(18,22),(48,173),(61,1501),(62,2),(63,4466),(87,3147)]	19.194459
211	[(1,3197),(14,4198),(26,3091),(31,2804),(37,4864),(43,3477),(45,3574),(52,1739),(55,3145),(56,1379),(59,3743),(65,732),(74,3309)]	19.892959
212	[(3,2717),(5,232),(8,3241),(23,571),(25,3320),(42,2102),(47,731),(51,3867),(63,1946),(77,2643),(78,3267)]	22.460400
213	[(20,60),(28,284),(32,3481),(34,1143),(43,4802),(72,1751)]	19.661027
214	[(37,783),(77,1692)]	19.912317
215	[(15,2070),(30,1631),(31,1775),(35,2992),(37,173),(38,4142),(39,3011),(57,4113),(91,3938)]	18.573546
216	[(1,2576),(4,4162),(39,1607),(45,3266),(61,1652)]	19.263764
217	[(36,4962),(42,4034),(48,2133),(61,3900)]	19.115852
218	[(3,1652),(52,3585),(53,2449),(66,917)]	18.730655
219	[(25,693),(37,2415),(55,2176),(72,4592),(80,2193),(86,4408),(90,3314)]	19.020637
220	[(11,1744),(28,4666),(72,1051),(78,713),(84,3746),(87,182)]	19.137832
221	[(11,305),(21,1475),(46,4130),(85,2778),(87,4627)]	19.445316
222	[(7,4895),(45,1329),(47,2374),(55,4123),(62,4217),(64,2684)]	18.647401
223	[(7,2305),(29,751),(35,568),(38,4586),(46,2631),(73,3368),(82,1252)]	18.804967
224	[(4,1399),(7,982),(10,3200),(47,230),(63,4221),(87,114)]	18.704718
225	[(10,2834),(11,3140),(20,1821),(34,1384),(46,1016),(50,3552),(77,1491),(86,1384),(92,1145)]	31.935451
226	[(9,1779),(15,3614),(29,3242),(43,145),(49,3110),(60,2352)]	26.216738
227	[(10,1457),(24,4153),(32,4544),(56,3069),(63,2264)]	18.371166
228	[(25,3957),(40,148),(51,291),(53,2543),(57,2396),(59,2641),(65,3975),(87,1309)]	18.871443
229	[(10,1506),(22,4828),(33,4435),(44,3077),(52,2630),(55,1402),(72,653),(78,2627),(82,1078)]	18.608804
230	[(16,4746),(17,1138),(22,3893),(40,4141),(42,1817),(76,894)]	18.548161
231	[(22,3386),(36,1919),(43,1921),(49,428),(69,2521)]	21.244458
232	[(13,2116),(14,4566),(33,1613),(49,4265),(51,1945),(55,1653),(62,3629),(63,4599),(78,2610),(83,480),(84,2883)]	18.800988
233	[(7,1307),(16,4258),(32,1676),(35,3617),(37,3420),(58,1183),(61,961),(73,1907),(79,2381)]	19.143961
234	[(24,2942),(42,1632),(44,1573),(57,3659),(70,4625),(74,2122),(75,2263),(91,4826)]	18.401613
235	[(10,1703),(26,4027),(35,5),(49,2172),(78,324)]	18.308162
236	[(18,1866),(27,408),(33,1834),(43,3864),(48,2031),(64,3408),(71,1042)]	18.702022
237	[(25,460),(32,3769),(49,3303),(56,566),(66,323),(82,2416),(87,3186),(92,18)]	18.579388
238	[(2,4801),(4,3466),(10,3906),(18,599),(25,856),(29,2592),(36,609),(40,1556),(70,1818),(79,2782)]	18.488291
239	[(12,2105),(19,2538),(21,3921),(25,819),(50,1216),(64,1728),(72,790),(77,1088),(81,813),(91,1554),(92,679)]	18.573201
240	[(5,1615),(15,3542),(29,1057),(56,2170),(61,4071),(66,4651),(79,4652),(91,4031)]	18.657332
241	[(3,4056),(6,4706),(13,3844),(54,1225)]	19.680746
242	[(29,1667),(34,2441),(38,4464),(48,2321),(59,203),(60,3730),(78,4367),(80,1101)]	24.806915
243	[(10,2166),(15,3281),(16,1376),(33,2355),(39,2737),(43,2822),(46,3798),(71,1806),(82,4857),(90,4586)]	18.846580
244	[(15,4504),(20,2057),(77,2332),(84,726),(88,1320)]	18.720817
245	[(3,611),(5,4559),(10,4196),(18,457),(21,1078),(64,3521),(77,1886),(86,1782)]	18.570724
246	[(5,1191),(13,3176),(14,2450),(28,2835),(29,3165),(35,1548),(49,3299),(50,3239),(62,227),(66,786),(69,3113),(84,1788)]	19.692672
247	[(0,4244),(25,2560),(26,4078),(37,3035),(42,512),(44,1395),(58,1623),(84,3217),(88,4673)]	19.819986
248	[(1,277),(23,1070),(50,2310),(63,2844)]	18.666114
249	[(2,2924),(5,447),(8,2572),(44,2325),(48,119),(50,3983),(58,4073),(81,4308),(85,3470)]	18.522593
250	[(26,2745),(33,3452),(40,4318),(51,24)]	18.927195
251	[(2,2511),(11,4636),(15,1173),(17,1852),(20,918),(25,1092),(33,2085),(35,280),(53,921),(67,1331),(68,2069),(77,3039),(81,2285),(90,4711)]	19.525372
252	[(3,2649),(6,3785),(62,673),(74,2485)]	21.556661
253	[(28,4649),(31,4306),(33,100),(50,3469),(56,4409),(65,3250),(78,2764),(80,1427)]	19.643007
254	[(1,961),(32,290),(41,1651),(42,3477),(47,1067),(82,371),(88,3410)]	18.694994
255	[(23,2731),(41,3644),(44,2576),(56,1930)]	30.873544
256	[(0,1461),(11,3782),(15,165),(20,4373),(26,3318),(42,3992),(72,3605),(77,210),(87,908)]	18.964175
257	[(10,661),(13,4747),(24,4303),(31,820),(54,2781),(62,4677),(87,3204)]	18.581280
258	[(9,2392),(15,646),(62,3418),(64,1279),(75,4285)]	18.923548
259	[(5,3830),(8,1598),(10,1033),(12,4321),(27,3701),(35,765),(42,4632),(88,4576)]	18.624136
260	[(8,3165),(30,3411),(38,2702),(48,4962),(59,3694),(61,1316),(83,2988),(86,4335)]	19.005346
261	[(6,3704),(32,3590),(37,3306),(70,1884),(72,2390),(73,2427)]	18.383044
262	[(13,2082),(52,2230),(61,313)]	18.516490
263	[(13,1093),(15,76),(23,4460),(32,1930),(40,805),(41,1513),(71,319),(77,4016),(88,3298)]	26.424223
264	[(4,799),(17,3716),(33,4513),(36,3310),(66,312),(73,4967),(88,846),(91,1202)]	19.190919
265	[(0,3819),(8,3162),(11,1553),(21,1385),(32,2900),(35,1132),(46,2329),(67,1456),(68,1985),(72,1180),(76,521),(82,758),(89,557)]	18.705199
266	[(0,2345),(29,3359),(42,2722),(43,4823),(62,3996),(67,4966),(83,3500),(88,475)]	18.529872
267	[(3,2040),(16,4551),(41,3664),(44,2445),(50,4769),(54,3736),(62,844)]	18.647899
268	[(7,3819),(23,4605),(24,300),(32,1063),(34,925),(37,514),(46,4610),(73,921)]	18.421092
269	[(0,4494),(24,2005),(41,4652),(46,435),(50,530),(56,3510),(66,2692),(70,1565),(73,1016),(81,2835),(82,3165)]	19.245121
270	[(3,4457),(12,1210),(19,1862),(28,788),(54,3404),(62,2931),(72,1041),(89,4268)]	19.570527
271	[(9,3242),(12,2858),(32,2660),(37,203),(54,3026),(79,2704),(89,3817)]	32.027183
272	[(4,1962),(21,2835),(26,2268),(60,3648),(66,1499),(78,4609),(90,2878)]	40.783248
273	[(2,1634),(20,707),(41,4269),(46,3722),(48,588),(80,678),(83,2115),(91,4321)]	22.839608
274	[(7,2126),(21,676),(32,4636),(36,1173),(38,1852),(52,2972),(55,3616),(65,3928),(73,3729)]	18.710519
275	[(3,3518),(8,3773),(36,1347),(54,2678),(72,429),(85,4918)]	29.309996
276	[(54,3067)]	30.537655
277	[(7,4396),(23,3883),(66,435)]	18.733023
278	[(45,3979),(48,3038),(52,2221),(63,110),(74,2411),(80,4221)]	18.649847
279	[(23,929),(44,3433),(53,3345),(64,630)]	19.404864
280	[(17,648),(26,4126),(33,3841),(34,1328),(37,2826),(40,4256),(68,3722),(88,1267),(91,4199)]	20.228477
281	[(13,2259),(20,1105),(38,591),(56,896),(60,3500)]	32.254917
282	[(18,4347),(36,899),(60,1094),(64,3283),(65,4352),(84,2900),(92,2284)]	19.427199
283	[(6,2098),(10,1855),(15,1200),(24,1478),(37,4431),(43,4569),(45,894),(47,1951),(66,1475),(75,1637),(77,2718)]	19.544876
284	[(15,2677),(22,2489),(37,2684),(45,3857),(48,1246),(56,2833),(82,3974),(88,3623),(92,1054)]	19.359807
285	[(1,3945),(4,4194),(25,2463),(35,2151),(45,1598),(47,2925),(53,1830),(68,341),(74,2656),(75,1972),(80,4530)]	19.588704
286	[(13,3590),(50,1879),(58,4683),(63,947),(83,3319)]	19.068436
287	[(11,251),(23,3097),(24,1429),(30,4360),(67,3083)]	18.736626
288	[(11,2854),(53,2284),(59,3587),(63,2139),(86,2467),(91,2595)]	19.916833
289	[(44,4848),(47,1405),(56,1235),(73,3853),(78,1893),(79,982)]	33.262363
290	[(15,1924),(27,2496),(43,4027),(68,3845),(75,379),(89,1357)]	40.814571
291	[(17,900),(27,3415),(52,1671),(63,1449),(67,4187),(69,546),(75,1754)]	41.076778
292	[(9,4632),(12,3804),(13,392),(16,1609),(32,501),(60,3808),(73,4224),(81,2890),(92,4564)]	41.004452
293	[(12,4127),(13,4756),(48,377),(50,802),(72,30)]	42.027101
294	[(34,2801),(42,4812),(49,4088),(55,4243),(79,4263),(80,1622),(81,2432),(84,406)]	25.711147
295	[(3,3326),(8,4898),(9,1704),(18,523),(33,677),(43,4508),(51,4234),(61,188),(90,1813)]	18.974331
296	[(7,461),(23,3780),(47,4530),(55,3293),(70,4612)]	18.745567
297	[(22,4537),(46,1240),(71,2990),(73,2367),(80,1895),(84,3922)]	22.132297
298	[(22,423),(63,4322),(87,2717)]	19.418343
299	[(24,3143),(49,3985),(72,1205),(78,4871),(79,2679),(80,3464)]	19.907268
300	[(22,1164),(31,2929),(41,250),(50,1248),(63,211),(87,3910)]	19.505009
301	[(12,1368),(29,3311),(34,4694),(46,1221),(71,2208),(80,639)]	18.597270
302	[(4,2319),(13,2800),(52,1081),(61,501)]	19.086523
303	[(3,4883),(4,3450),(10,4493),(28,4701),(32,4802),(33,3173),(64,2095),(76,119),(83,1149),(88,99)]	18.645825
304	[(17,4210),(34,3744),(79,3627)]	19.631833
305	[(19,1401),(55,2008),(58,1491),(66,3654),(67,1218),(76,1692)]	19.756595
306	[(20,1869),(35,431),(52,2927),(60,4841),(72,4357),(78,3190),(80,4277),(87,3760),(90,276)]	19.330197
307	[(4,4655),(14,1686),(18,3061),(34,2997),(35,2250),(36,1249),(39,3472),(43,687),(57,3145),(59,1436),(61,2894),(62,3900)]	18.874495
308	[(8,3648),(16,2367),(52,4331),(64,1869),(72,4264),(87,2613)]	18.737551
309	[(32,514),(36,4918),(38,166),(74,3301),(87,4916)]	23.697445
310	[(3,3144),(9,1800),(34,3846),(44,1867),(45,3595),(47,4531),(52,1360),(84,3952),(85,3510),(87,1371)]	20.334871
311	[(0,2699),(1,351),(15,1520),(18,3028),(20,3490),(31,4262),(33,2444),(38,1221),(58,3636),(76,1956),(81,2734),(92,1969)]	23.529596
312	[(32,3356),(38,2593),(41,633),(53,3846),(68,735),(77,4506),(79,3187)]	19.989411
313	[(14,4581),(20,4836),(27,4817),(28,2979),(33,2050),(39,4950),(47,3215),(66,391),(67,1888),(85,1502),(86,4339)]	19.329661
314	[(3,3207),(6,4606),(34,3131),(57,2235),(58,2297),(78,2365),(79,4337)]	21.708275
315	[(6,894),(28,4609),(33,63),(47,254),(55,711),(59,4485),(70,2530),(76,3078)]	19.383707
316	[(43,3109),(52,4225),(64,433),(66,3628),(70,1481),(79,1672),(84,2702),(87,478),(91,1354)]	19.568113
317	[(8,1026),(10,969),(26,3079),(35,3590),(52,3917),(63,4184),(70,3468),(72,4936),(82,2524),(85,3766)]	18.732730
318	[(2,2530),(19,1593),(40,434),(73,853),(85,3071),(86,2148)]	19.105847
319	[(40,4039),(47,4185),(58,3604),(84,3491),(87,1049),(92,2276)]	19.196728
320	[(15,3510),(17,999),(33,2108),(35,4864),(39,4328),(53,261),(54,2643),(71,2163),(76,165),(77,1816)]	18.825797
321	[(10,1769),(14,1411),(21,4147),(31,2549),(64,3410),(66,4174),(81,354)]	31.892533
322	[(3,4326),(15,4510),(30,2922),(45,3175),(78,734),(89,2695)]	24.593598
323	[(48,2758),(72,240),(74,1884)]	19.833156
324	[(17,212),(25,2584),(41,1402),(52,3288),(74,378),(84,2451),(91,3212)]	19.391096
325	[(5,529),(30,1722),(48,3901),(73,4831),(79,1891),(90,3453)]	19.684338
326	[(7,4309),(36,3145),(53,22),(77,2726),(86,3332),(91,2860)]	18.485891
327	[(1,654),(68,420),(87,4772)]	19.552294
328	[(13,690),(28,3994),(38,4572),(41,1996),(64,702),(69,2998)]	18.728030
329	[(4,3643),(28,870),(40,2508),(73,2885)]	18.630263
330	[(11,481),(13,2135),(42,1901),(69,1300),(82,4899)]	19.316491
331	[(0,712),(13,4015),(24,1435),(36,4020),(37,3643),(40,2884),(54,2783),(70,1840),(74,1388),(76,266),(92,2418)]	19.784511
332	[(19,599),(64,4659),(80,416),(87,2392),(90,2720)]	18.871978
333	[(10,3856),(39,3113),(49,3176),(67,4229),(68,4290),(73,4397)]	22.319760
334	[(25,2372),(53,1965),(71,4450),(81,1653),(87,2324)]	25.743548
335	[(12,2689),(53,3783),(62,790),(65,1902),(73,4435),(85,99)]	20.063988
336	[(1,1848),(23,4156),(44,1714),(64,3356),(89,3312)]	19.503806
337	[(11,2867),(16,3923),(46,2697),(67,475),(76,1990),(92,1628)]	20.221396
338	[(12,2225),(22,3872),(28,1260),(30,1288),(39,3713),(58,3242),(61,462),(69,3401),(82,2126)]	19.498695
339	[(9,1668),(11,2860),(13,3841),(56,1430),(84,1702)]	19.405971
340	[(0,3821),(14,532),(24,2428),(33,4398),(34,841),(38,2350),(52,1602),(67,378),(70,151),(79,4092)]	19.573527
341	[(9,4761),(12,3612),(25,1668),(34,3095),(69,2025)]	18.831073
342	[(6,3321),(27,3673),(32,2127),(51,4749),(60,3691),(83,1970)]	18.724244
343	[(25,2439),(59,2820),(60,4478),(79,790),(90,4803)]	21.944182
344	[(9,190),(49,425),(56,440),(68,1279),(78,3329),(82,1598)]	20.483885
345	[(6,1071),(10,4867),(21,3556),(26,3292),(49,2742),(50,4749)]	19.105928
346	[(4,3967),(24,2100),(31,2433),(35,4507),(53,2226),(54,3813),(65,923),(66,3033),(79,1807)]	20.904517
347	[(23,920),(53,1830),(61,475),(91,248)]	20.477768
348	[(8,3712),(14,2192),(18,1291),(24,3614),(51,1068),(80,212),(88,3603)]	19.783312
349	[(11,1361),(31,39),(33,1014),(48,2852),(51,1452),(54,3570),(64,3799),(87,628)]	18.774475
350	[(0,1523),(81,4646),(86,637)]	19.543993
351	[(54,2527),(71,3117),(83,3619),(85,2466)]	18.788877
352	[(21,3726),(26,2305),(67,3224),(73,3249)]	18.770616
353	[(0,3565),(11,1354),(14,3955),(37,1121),(69,3264),(87,2975)]	18.823128
354	[(9,4132),(17,4874),(32,1238),(40,3251),(50,229),(56,3805),(65,18),(80,3088),(89,4442)]	18.915486
355	[(11,2703),(35,918),(39,448),(45,1112),(47,2476),(65,8),(69,2805),(70,3846),(77,520),(81,4920),(90,3391)]	19.107703
356	[(5,57),(31,2416),(64,2864),(71,189),(84,3161),(86,1163)]	19.538930
357	[(2,3651),(6,1556),(15,2628),(16,433),(30,406),(37,3198),(42,2651),(55,2858),(86,786)]	18.765418
358	[(9,1558),(12,826),(21,1635),(25,170),(30,4093),(43,839),(58,3523),(61,4922)]	18.629061
359	[(28,4051),(57,3564),(82,3810),(88,867)]	20.509735
360	[(15,4054),(31,4657),(48,3465),(50,2125),(71,642),(79,3838),(87,4760)]	19.341263
361	[(3,4531),(21,2493),(49,721),(75,1819),(80,2624),(85,2289)]	19.091056
362	[(7,2279),(18,712),(48,4137),(57,4602),(63,3712),(67,3498),(69,3994),(86,3291)]	18.626040
363	[(0,2974),(3,1672),(9,41),(10,402),(20,1518),(28,3104),(40,2902),(41,1711),(42,1967),(47,776),(57,4843),(84,1854)]	18.706350
364	[(13,4432),(32,120),(34,4672),(46,1014),(65,431)]	19.366656
365	[(24,4960),(31,80),(60,3799)]	19.083163
366	[(7,2828),(14,2536),(40,444),(46,3797),(60,3721),(65,2076),(66,2898),(73,4880)]	18.575456
367	[(6,2182),(34,1499),(45,4953),(59,91),(70,1730)]	18.758146
368	[(48,3280),(55,1664),(68,3585),(69,2449),(80,4545),(83,4731),(89,3049),(90,669)]	18.603056
369	[(24,896),(31,1182),(48,2541),(68,4209),(90,2101),(91,4438)]	18.645581
370	[(39,1519),(45,3686)]	18.600927
371	[(23,2425),(29,2674),(35,56),(44,3903),(50,171),(53,142),(58,1937),(88,408)]	18.906347
372	[(12,226),(13,2460),(14,3433),(25,4217),(41,4232),(46,1756),(68,3517),(74,714),(76,1106),(82,2080)]	18.759228
373	[(22,646),(37,4730),(42,1958),(50,3101),(52,1638),(92,557)]	26.261752
374	[(1,2107),(42,3140),(46,954),(50,1727),(55,2040),(57,3548),(68,2189),(86,1698)]	31.215128
375	[(3,781),(11,1067),(26,1212),(30,1870),(34,4449),(39,4249),(49,148),(60,4323),(81,532)]	19.190207
376	[(7,2497),(11,3485),(12,15),(17,2779),(18,727),(19,4029),(82,4318)]	18.898256
377	[(2,539),(4,3094),(34,4216),(76,4225),(81,2816),(91,2420)]	18.993299
378	[(5,4847),(55,321),(91,4620)]	30.987528
379	[(10,4667),(18,3903),(37,1885),(46,3171),(54,4144),(55,4653),(68,2369),(72,4893),(85,806),(86,539),(87,2270)]	39.095695
380	[(18,3703),(19,2927),(27,3971),(39,2349),(75,4553),(78,3469),(82,2869),(84,4677)]	40.237412
381	[(1,36),(15,3099),(23,4882),(40,2419),(74,1040)]	49.037970
382	[(36,3225),(37,4261),(46,2488),(51,156),(74,1804),(78,4281)]	40.410469
383	[(17,2496),(73,3043)]	41.251994
384	[(18,3960),(36,4621),(66,593),(73,4792)]	36.404154
385	[(41,223),(64,4674),(87,3710)]	37.736730
386	[(5,1684),(14,942),(52,1321),(57,2292)]	38.417714
387	[(16,1225),(21,2791),(29,1837),(31,3632),(71,3556),(72,2583)]	40.079581
388	[(67,193),(69,2723),(72,2241),(78,3670),(82,284)]	40.778733
389	[(3,3936),(44,3453),(50,2103),(74,1750),(87,203),(88,3730)]	38.388635
390	[(12,3739),(22,1323),(37,4724),(43,3286)]	38.511655
391	[(9,3743),(45,1476),(55,3801),(59,4318),(76,398)]	39.029595
392	[(12,3031),(66,2586),(83,278),(88,953)]	38.066681
393	[(12,350),(15,2364),(16,3552),(20,3955),(28,4314),(58,2495),(78,1762),(80,2315),(86,1196)]	38.756065
394	[(4,577),(13,2968),(25,1879),(50,1353),(68,3874),(70,2406),(73,3491),(76,1845),(81,1087),(92,4491)]	39.297168
395	[(29,2024),(48,648),(52,4760),(70,1836),(73,3006),(80,3768),(87,3240)]	37.747866
396	[(28,4244),(76,2455)]	37.574873
397	[(11,3593),(16,4689),(28,2967),(31,825),(49,3835),(80,1343),(84,4126),(88,2324)]	37.497746
398	[(5,1611),(12,996),(60,1044),(92,2769)]	37.819859
399	[(21,4588),(38,2495),(40,3548),(52,1360),(84,3339),(85,3088),(86,573)]	38.202164
400	[(19,1199),(21,3147),(29,3588),(49,3727),(52,1319),(74,2882)]	38.258193
401	[(1,582),(8,1829),(21,4432),(30,4819),(33,3502),(36,4769),(58,3278),(67,1733),(83,4523)]	36.517970
402	[(7,1186),(35,4043),(39,3950),(40,4313),(52,1776),(58,993),(66,4847),(73,4720)]	42.025323
403	[(5,435),(29,4516),(31,4306),(56,1694),(63,4111),(69,1464),(73,558),(86,2899)]	38.436218
404	[(11,4201),(26,1270),(27,4706),(36,4760),(64,2121),(79,228)]	38.786725
405	[(16,1992),(42,4421),(43,126),(46,3775),(74,1846)]	41.707141
406	[(0,2266),(10,1694),(28,225),(29,2968),(43,3765),(60,749),(81,3603)]	43.761668
407	[(9,4723),(23,145),(28,3192),(32,4056),(39,3326),(54,3049),(60,2614),(75,1766),(80,1365)]	38.678915
408	[(8,75),(16,863),(17,4941),(25,2697),(27,3275),(31,689),(34,1222),(36,2549),(39,4565),(49,326),(52,3700),(85,686)]	37.923727
409	[(4,1779),(7,913),(18,4444),(20,2885),(36,814),(60,1436),(63,1949),(73,2185),(80,63),(82,3756),(86,4553)]	42.373490
410	[(24,3032),(36,901),(43,1300),(48,1396),(56,2536),(60,67),(64,4045),(87,1834)]	35.930345
411	[(7,4235),(19,3729),(25,3600),(35,3996),(47,3399),(57,1109),(75,2255)]	36.705739
412	[(6,1011),(10,283),(21,1676),(31,4215),(41,3985),(44,4726),(56,100)]	39.279890
413	[(10,297),(24,1584),(28,2900),(42,2936),(43,805),(44,1513),(58,3961),(59,1655),(61,4042),(62,1775),(63,2380),(74,4178),(81,809),(82,3068)]	36.802081
414	[(22,3981),(34,1520),(42,3440),(54,4563),(55,460),(64,257),(66,4294),(73,2575),(88,830)]	40.024034
415	[(19,7),(45,3111),(87,2999),(89,4944)]	37.828732
416	[(17,2029),(36,422),(51,713),(64,18),(69,2294)]	42.116754
417	[(1,1096),(23,38),(63,2534),(64,2854),(78,4085)]	39.797759
418	[(7,3179),(17,1130),(19,2718),(31,2043),(46,3487),(61,2358),(70,2436),(75,3822),(77,43)]	37.046613
419	[(11,3014),(41,2689),(54,1054),(55,3604),(63,1663),(76,3197)]	42.528204
420	[(44,3779),(73,1315),(83,471)]	41.682350
421	[(2,1010),(12,629),(16,4480),(27,3133),(76,169),(88,3990),(92,691)]	45.025991
422	[(21,2967),(23,1111),(34,1388),(43,2553),(47,1011),(78,576),(91,1593)]	40.649680
423	[(2,2168),(3,4386),(4,1367),(6,4797),(23,4248),(25,2353),(39,1140),(40,3662),(65,4312),(72,1207),(75,4555),(82,1779)]	42.206086
424	[(25,3809),(41,4688),(42,3218),(44,1493),(71,739),(74,3780),(79,4119),(86,4855)]	36.973449
425	[(9,2447),(16,925),(19,442),(30,2748),(47,3903),(74,2627)]	36.107696
426	[(29,4763),(50,2233),(65,1764),(78,3659)]	39.718898
427	[(10,1661),(22,120),(44,743),(52,1034),(55,632),(59,633),(82,3920)]	38.860611
428	[(0,4423),(10,4561),(11,3021),(29,4585),(42,874),(64,4337),(79,2801),(87,4813),(92,323)]	38.106059
429	[(14,1188),(16,4724),(18,599),(24,3651),(29,900),(52,2662),(62,1140),(63,3662),(81,1102)]	43.182206
430	[(6,1575),(39,1524),(40,4760),(46,1231),(52,4696),(80,1834)]	46.312361
431	[(11,2173),(28,3521),(33,305),(56,4159),(58,4468),(60,3809),(70,2216),(76,3853),(79,3156),(84,4109),(86,2914)]	41.096340
432	[(3,1338),(9,3583),(21,1688),(26,888),(38,1991),(48,1726),(70,4853),(87,3279),(91,2070)]	40.667394
433	[(4,312),(23,1478),(36,946),(38,4149),(40,4049),(71,2376),(78,3388),(92,3675)]	38.732689
434	[(19,4961),(21,2831),(23,4514),(50,4249),(62,4390),(76,1510)]	37.223976
435	[(10,224),(26,249),(70,1433)]	37.826886
436	[(1,3545),(8,1183),(11,456),(12,510),(22,1402),(31,3976),(54,2908),(58,2140),(79,762),(80,1329)]	39.582112
437	[(7,1911),(33,4741),(36,2495),(45,2931)]	40.245870
438	[(14,3138),(26,2238),(38,3366),(39,2690),(53,245),(69,4421),(71,2602),(79,2618),(86,3867)]	37.074067
439	[(41,3468),(43,472),(55,3560),(58,710),(88,4210)]	40.368979
440	[(23,1259),(29,1109),(41,2506),(92,2642)]	37.481319
441	[(28,3872),(48,4075),(75,317),(79,3697),(91,4067)]	38.338529
442	[(4,2632),(10,4036),(18,3940),(60,3232),(92,1561)]	40.408464
443	[(2,760),(3,1157),(14,430),(23,3975),(27,3692),(62,4926),(63,4541),(84,949),(87,3019),(89,2410)]	34.849965
444	[(14,515),(43,1427),(52,3393),(75,4493),(81,442),(91,4740)]	38.228250
445	[(11,4769),(16,4186),(22,1927),(31,2660),(58,684),(61,3285),(79,3543),(83,1874),(85,4278)]	36.661992
446	[(21,1320),(28,3698),(31,84),(46,291),(76,3366),(91,1190)]	36.555954
447	[(7,313),(14,2141),(22,1706),(33,164),(39,3538),(47,106),(55,3354),(60,2130),(78,4818)]	37.923472
448	[(25,50),(36,1135),(41,3854),(48,3617),(49,143),(52,112),(55,861),(87,1389)]	37.032524
449	[(23,1832),(56,4273),(64,1864),(66,2448),(70,3602),(81,2707)]	39.203443
450	[(6,1777),(10,2087),(21,2230),(45,4429),(85,373)]	36.463027
451	[(0,3997),(34,1615),(62,2355),(74,3859),(86,2114)]	35.780326
452	[(9,22),(52,208),(85,2808)]	36.119709
453	[(9,4273),(14,4484),(28,2618),(52,2697),(54,3275),(64,561),(67,2773),(75,512),(77,989)]	38.013451
454	[(16,3754),(26,1032),(33,1611),(53,3079),(69,1522),(82,2830)]	37.962081
455	[(36,350),(71,187),(74,587),(91,781)]	38.478828
456	[(0,2817),(10,1001),(13,605),(41,4480),(66,1033),(71,4555),(78,1217),(87,2590),(88,4564)]	37.345869
457	[(9,1652),(25,1155),(34,1408),(41,2493),(54,1975),(57,4234)]	38.181219
458	[(1,85),(7,4700),(26,4856),(31,2337),(42,1906),(53,1490),(67,830),(77,79),(90,2200),(91,4668)]	51.832604
459	[(25,530),(34,4087),(35,4340),(44,3644),(79,2463)]	45.201473
460	[(6,2027),(17,3298),(31,286),(40,2570),(47,716),(54,313),(66,2229),(80,3267)]	42.073738
461	[(4,1956),(6,3602),(27,2208),(32,1999),(48,82),(74,2872),(81,1496),(92,1428)]	38.787169
462	[(5,2847),(15,3182),(16,1255),(23,224),(26,2491),(59,3124),(60,3943),(64,3863),(79,603)]	40.438447
463	[(21,3494),(32,4299),(43,4678),(54,4151),(60,820),(64,1605),(72,808)]	39.203501
464	[(2,1989),(35,1074),(44,1846),(58,3983),(72,994),(89,4625),(91,541)]	38.847134
465	[(5,2532),(7,2059),(31,723),(33,3309),(47,4764),(50,1575),(56,2569),(63,1659),(76,4840),(82,601)]	40.172850
466	[(16,1839),(18,465),(53,3225),(60,3288),(73,1179)]	36.402556
467	[(1,1518),(3,3337),(19,856),(26,4229)]	42.491044
468	[(18,2510),(40,2876),(45,954),(91,1876)]	42.190978
469	[(12,1672),(13,1859),(19,2283),(34,3179),(61,770),(71,1512),(90,4859)]	40.593793
470	[(14,3259),(20,1636),(29,1540),(56,2296),(60,2261)]	37.901683
471	[(0,387),(13,3684),(41,3380),(49,155),(74,4020),(90,3761)]	37.432323
472	[(12,1506),(14,3091),(26,1984),(46,2299),(87,2846),(92,107)]	39.028681
473	[(39,2088),(54,4230),(58,2807),(73,3186),(85,2183),(88,206)]	42.043725
474	[(49,1064),(51,2565),(69,3932),(85,3659)]	40.565836
475	[(4,532),(20,4364),(35,3370),(36,202),(37,4274),(38,493)]	39.393268
476	[(37,35),(39,1281),(46,3680),(74,3070),(84,2700)]	39.047728
477	[(37,4963),(57,3349),(60,4910),(90,3811)]	39.221031
478	[(11,228),(12,671),(32,2582),(43,4463),(59,3769),(78,639),(80,898),(87,785),(90,170)]	38.648172
479	[(57,4266),(61,612),(69,1516)]	38.699957
480	[(7,1169),(35,4028),(39,4187),(48,3393),(57,3084),(89,1031),(92,4829)]	38.969097
481	[(4,1361),(6,392),(22,3595),(24,4531)]	39.181824
482	[(6,1292),(8,3798),(36,2955),(47,4699),(59,484),(65,528),(81,2301)]	40.750521
483	[(5,3899),(22,718),(57,3451),(68,4310)]	25.899424
484	[(9,1861),(11,615),(16,925),(19,1487),(25,3916),(36,4191),(60,1770),(72,3810)]	18.500961
485	[(6,3018),(13,1035),(50,1068),(76,2739),(90,1766)]	19.955363
486	[(36,290),(83,1341),(87,216),(92,3542)]	18.841936
487	[(15,2744),(25,1796),(36,159),(40,4116),(41,2040),(48,2212)]	25.974744
488	[(3,3184),(18,1159),(19,1484),(37,3879),(60,4738),(64,4753),(78,2946)]	37.828585
489	[(33,4692),(48,3939),(58,3557),(60,127),(67,4811),(69,2746),(70,2878)]	19.339584
490	[(4,558),(32,2412),(34,3320),(54,2826),(62,1585),(73,409)]	18.984764
491	[(10,90),(14,2865),(24,1364),(36,4460),(47,1123),(81,480),(87,4218),(88,2594)]	19.560217
492	[(8,2701),(12,3912),(23,1700),(39,965),(54,1498),(64,1177),(70,4113),(78,2398),(81,1987)]	21.585998
493	[(1,4024),(4,1299),(9,120),(12,1660),(15,229),(19,308),(37,368),(51,1550),(62,975),(63,2132),(67,3191),(70,3107),(83,4522),(86,3594)]	19.271058
494	[(2,3251),(28,1008),(35,3536),(59,2567),(62,3335),(71,4456),(77,346),(81,1123),(83,3218),(86,2384)]	18.667570
495	[(6,2935),(9,2106),(18,603),(29,4764),(34,2158),(37,1226),(75,830),(82,2393),(84,3624)]	18.706507
496	[(9,341),(34,1238),(37,2823),(39,3590),(46,4597),(70,3747),(83,4458),(88,3503)]	18.668459
497	[(38,1082),(55,4325),(58,13),(86,4163),(91,834)]	21.533809
498	[(2,589),(20,2575),(27,4549),(29,1378),(38,4048),(39,3235),(47,122),(48,401),(58,2246)]	19.166649
499	[(39,1470),(59,119),(62,3756),(65,4528)]	18.382998
500	[(8,4450),(13,1044),(37,3547),(60,2747),(67,3220)]	19.799830
501	[(20,2577),(59,3566),(61,1744),(62,4932),(75,4034)]	19.570370
502	[(49,2677),(53,3281),(59,1612),(84,870),(87,2407),(92,3970)]	18.826641
503	[(25,3541),(35,4782),(39,1554),(41,4284),(46,4249),(52,1939),(81,953),(86,2392),(91,4006)]	19.241783
504	[(33,3233),(35,2218),(36,1471),(40,1345),(53,3497),(56,4101),(79,4690),(89,4267)]	19.375766
505	[(23,3200),(27,2704),(58,4708),(75,3386)]	18.795062
506	[(7,3606),(8,3008),(15,3041),(52,1278),(92,2113)]	19.700787
507	[(0,2746),(17,2266),(25,4884),(28,33),(59,2483),(70,4285),(87,2510)]	20.339206
508	[(11,2079),(19,3957),(21,4560),(30,2325),(40,1404),(42,4834),(63,4894),(64,2311),(88,2896)]	19.036430
509	[(1,4863),(9,573),(76,3733),(84,3135)]	18.884063
510	[(4,1582),(58,2920)]	19.505133
511	[(3,1532),(14,1339),(48,1701),(59,1829),(67,1096)]	20.655340
512	[(1,2258),(4,1275),(12,1578),(14,790),(22,2765),(28,2760),(45,107)]	22.285355
513	[(2,3944),(8,2696),(18,4535),(34,1931),(37,162),(81,4865),(82,4400)]	19.350628
514	[(2,4218),(14,2420),(15,3537),(21,2228),(54,669),(63,3427),(73,3959)]	19.240820
515	[(32,3787),(39,2684),(43,173),(44,4142),(45,3011),(54,1602),(57,4797),(60,398),(66,2023),(67,527),(79,1894),(89,4275)]	18.479196
516	[(18,2841),(19,1264),(43,4256),(90,2788)]	18.778712
517	[(11,4092),(28,1078),(38,3729),(46,195),(54,1453),(62,1502),(87,12)]	18.851166
518	[(17,131),(40,2546),(60,1206),(68,4076),(69,4420),(70,4250),(74,2541),(76,3114),(83,789)]	18.328852
519	[(5,4136),(7,3542),(21,2445),(22,3945),(50,3845),(74,825),(76,3622)]	18.887395
520	[(21,818),(26,4873),(32,2869)]	18.517203
521	[(0,644),(4,1162),(34,4912),(36,3589),(48,2242)]	18.534318
522	[(0,4159),(1,715),(24,2308),(32,3892),(33,4464),(35,3771),(47,971),(53,33),(73,2103),(75,3822),(79,3404)]	19.430433
523	[(9,3398),(16,564),(36,3510),(39,2170),(52,2143),(60,248),(87,2394),(88,1535)]	18.883681
524	[(42,276),(66,252),(78,2449),(80,99),(82,4115),(88,3779)]	18.731146
525	[(3,4304),(10,3900),(23,2894),(53,4848),(64,4419),(66,4333),(91,534),(92,1349)]	19.070303
526	[(26,3716),(34,4325),(38,3843),(57,543),(66,110),(78,1181),(91,3973)]	18.606352
527	[(1,1295),(16,1907),(26,60),(37,887),(62,2735),(63,4422),(64,3772),(66,1840),(81,264)]	19.078357
528	[(2,4657),(3,4062),(17,4789),(26,1156),(45,3937),(47,786),(49,3618),(50,677),(51,604),(77,4240),(83,823)]	19.196822
529	[(1,1473),(19,3824),(26,2710),(61,3477),(76,3569),(79,3610)]	21.119535
530	[(0,96),(22,1606),(23,3281),(32,393),(45,440),(48,648),(61,2208),(64,2296),(70,3974),(78,1869),(82,4503),(90,984)]	19.019659
531	[(8,1300),(12,721),(19,698),(24,2446),(26,3817),(37,2190),(50,837),(59,1609),(84,2985),(90,2896)]	18.643157
532	[(8,4710),(9,4440),(20,1954),(26,583),(32,2098),(59,3820),(77,1666)]	24.305941
533	[(2,2088),(23,3275),(31,4236),(50,462),(73,3985),(82,2398),(83,3293),(85,989),(87,3156)]	23.070109
534	[(12,4297),(26,2339),(29,4067),(58,3972),(89,2640),(91,2290)]	18.805053
535	[(28,1758),(82,2188)]	19.017474
536	[(30,4834),(48,4940),(70,2409),(74,2852),(85,1313)]	19.169017
537	[(2,4633),(17,2697),(40,4120),(46,4697),(48,2802),(61,3294)]	18.981856
538	[(9,947),(41,627),(75,398),(80,559),(87,1919)]	19.041175
539	[(31,603),(47,2266),(78,4738),(87,2930)]	18.756281
540	[(1,4788),(16,3849),(18,2017),(46,4801),(76,3866)]	38.841796
541	[(69,2254),(70,230),(71,3950),(72,4313)]	19.690806
542	[(37,3081),(64,1971),(69,944),(71,52),(78,2702),(85,3525)]	19.162367
543	[(22,339),(35,1562),(43,4290),(58,503),(63,4241),(71,242),(81,2770)]	21.506311
544	[(10,3168),(14,1064),(17,1644),(30,1188),(32,3014),(35,3205),(66,878),(87,464),(91,1690)]	19.067302
545	[(63,4895),(67,3681),(86,2054)]	19.568593
546	[(10,3544),(40,599),(47,1445),(66,3788),(76,3506)]	23.118524
547	[(6,3894),(8,2095),(22,782),(42,4436),(51,231),(53,1466),(75,884),(90,1035)]	22.743682
548	[(0,3234),(6,4168),(21,4034),(23,492),(26,2113),(84,188),(90,2008)]	20.004370
549	[(24,1920),(28,2727),(37,650),(68,341),(72,3075),(73,1872)]	19.275507
550	[(8,1816),(37,560),(59,4100),(83,4808)]	18.638113
551	[(6,3701),(9,849),(30,470),(52,2158),(55,4143),(59,1684),(63,3519),(74,3373)]	18.676779
552	[(15,1903),(16,4058),(33,1412),(49,514),(63,3401),(68,3042),(82,59),(87,3870)]	20.456117
553	[(3,4335),(20,1607),(36,1707),(37,527),(50,3184),(65,1397),(68,1663),(81,4168)]	19.422584
554	[(22,3688),(34,2685),(67,4022),(70,3143),(77,4129)]	19.052335
555	[(6,651),(35,2296),(45,3001),(75,3542)]	19.395233
556	[(4,1817),(10,3651),(24,4575),(70,3769),(88,3331)]	22.801405
557	[(0,909),(4,4217),(5,3159),(14,358),(47,1420),(61,4475),(74,1653),(82,1581),(91,1552)]	24.011615
558	[(4,208),(27,1875),(33,4075),(35,1843),(36,1204),(44,2925),(55,525),(73,323),(78,3405),(92,3128)]	19.213694
559	[(61,3250),(86,4805),(90,3565)]	18.527487
560	[(8,3828),(15,34),(19,3876),(29,957),(30,1736),(35,4115),(47,4521),(55,4748)]	19.371539
561	[(7,2672),(15,101),(23,3181),(44,1772),(53,44),(71,1554),(72,679),(74,4351),(87,4123)]	19.753330
562	[(15,3384),(49,3394),(53,2642),(62,213),(73,3235),(77,1521),(87,3310)]	19.142406
563	[(23,2957),(26,4948),(58,4761),(68,2831),(84,1044),(92,3643)]	18.629872
564	[(14,2428),(17,606),(25,2725),(43,612),(48,792),(49,247),(69,4226),(70,4825),(86,1518)]	19.103893
565	[(26,3303),(34,3507),(54,350),(61,1378),(72,3491),(78,655)]	19.060546
566	[(4,1618),(52,2676),(58,4403),(68,2357),(86,2023)]	18.642549
567	[(4,1601),(12,2105),(35,3932),(47,3225),(50,3031),(51,4269),(57,1892),(70,4794),(86,653)]	18.836088
568	[(0,4939),(28,61),(48,1180),(62,2693),(89,1628)]	18.684873
569	[(0,2964),(4,2321),(35,1328),(36,335),(76,2566),(89,1990)]	19.059950
570	[(16,4312),(23,3122),(30,581),(33,1377),(41,2184),(46,3505),(49,3019),(80,1785),(81,4490),(86,4653),(87,3888)]	18.867839
571	[(46,693),(66,1085),(72,2686),(73,2609),(75,1152),(83,4022),(89,4682),(90,4728),(91,2759)]	19.054611
572	[(2,4489),(32,387),(34,2129),(61,2768)]	19.844100
573	[(10,4019),(16,4955),(23,3603),(29,611),(73,4309),(80,665)]	18.942080
574	[(13,4299),(29,3190),(33,4101),(51,3000),(66,4220),(74,47),(78,4860)]	19.128526
575	[(20,4459),(25,1755),(34,1724),(54,4521),(65,308),(76,2261),(82,518)]	19.136990
576	[(5,778),(23,3735),(32,1853),(41,2302),(44,4591),(48,4395),(70,639),(72,898)]	19.738987
577	[(0,1211),(42,1821),(50,714),(65,2328),(70,1734),(73,4238),(90,1627)]	19.390585
578	[(3,344),(6,2019),(15,2522),(19,574),(38,2389),(45,3701),(48,4054),(62,2160),(63,3682),(84,345)]	20.703106
579	[(7,2613),(10,4158),(18,3827),(23,614),(32,3607),(44,4699),(70,2405),(76,4437)]	22.282365
580	[(6,356),(31,2241),(35,3436),(41,4234),(75,4659)]	18.668303
581	[(1,455),(6,2913),(30,866),(43,2541),(59,576),(72,486),(74,579),(75,3566),(83,2429)]	22.436961
582	[(0,378),(1,4758),(2,271),(6,4052),(41,610),(50,412),(73,3658),(81,189),(90,961)]	25.573486
583	[(14,3777),(21,4864),(38,111),(42,4070),(67,3018),(79,4958)]	19.364992
584	[(1,853),(24,4435),(33,697),(43,3863),(55,2567),(57,2687),(60,2626),(86,566),(88,3821)]	19.981017
585	[(3,20),(34,3127),(65,2521),(81,38),(83,75),(92,1962)]	20.127410
586	[(25,2289),(89,537)]	19.163106
587	[(31,3440),(65,4826),(68,4095),(77,1911),(78,816),(80,2069),(87,2405)]	21.714628
588	[(3,4403),(8,1262)]	20.547242
589	[(1,1700),(4,717),(20,2181),(36,285),(42,3631),(45,3049),(68,3079),(74,1655)]	19.178444
590	[(45,1887),(89,136)]	20.022451
591	[(2,4357),(10,3364),(29,3736),(53,4833),(91,965)]	38.125541
592	[(14,4595),(18,3769),(29,2454),(31,1847),(37,4891),(45,4515),(47,4513),(53,605),(79,2784),(84,1442),(88,3268)]	21.844274
593	[(3,3163),(14,2577),(16,1518),(18,3337),(23,2059),(27,4768),(33,728)]	18.709513
594	[(23,3155),(34,303),(41,3757),(49,3594),(52,2828),(59,723),(65,1821),(70,605),(91,2569)]	18.649328
595	[(39,151),(55,2147),(91,965)]	18.685106
596	[(13,161),(29,3416),(41,1656),(75,2525)]	18.771386
597	[(13,744),(22,2198),(31,1435),(42,4361),(76,2872),(82,3996),(88,2331)]	21.913484
598	[(9,3453),(17,1737),(57,2654),(87,4411),(90,3355)]	18.897967
599	[(4,389),(25,3794),(50,1034),(52,2928),(54,1764),(56,1929),(59,203),(60,3730),(66,1122),(79,4790),(80,1782),(81,899),(91,3178)]	18.651678
600	[(24,4541),(28,1811),(32,4203),(44,4823),(50,2529),(59,4348),(65,821),(67,3315),(73,693),(79,4677),(86,763),(89,1889)]	19.437437
601	[(18,3654),(28,3404),(34,3498),(68,2523),(78,2330)]	19.672245
602	[(7,4619),(65,4926),(66,4541),(84,2191)]	20.527753
603	[(16,2195),(22,1236),(48,2419),(52,1353)]	19.416770
604	[(34,3590),(44,1733),(53,1802),(61,1404),(74,3601),(77,1859),(85,4605)]	18.720671
605	[(33,2460),(50,115),(54,911),(73,3226),(92,2295)]	19.023039
606	[(32,4481),(36,2857),(49,4448),(50,2458),(56,1370),(64,139),(66,3552),(72,1948)]	19.839480
607	[(2,1411),(16,530),(38,3303),(57,3281),(88,213)]	19.098544
608	[(1,3855),(2,4304),(16,3531),(19,3102),(23,4451),(59,2902),(60,1454),(68,1696),(83,1665),(85,303)]	19.558467
609	[(13,4916),(49,4951),(55,4733),(68,3993),(70,555),(84,76),(85,4079)]	18.506207
610	[(21,3365),(26,3065),(67,1321),(74,1200)]	19.279412
611	[(8,2739),(34,4342),(69,188),(72,1602),(76,3065),(90,3281),(91,1376)]	20.088342
612	[(5,2110),(10,130),(11,943),(21,2560),(33,1836),(42,1622),(52,2807),(64,4476)]	20.314607
613	[(5,3108),(26,2133),(27,220),(46,3438),(64,2515),(83,992)]	22.240939
614	[(11,2308),(20,4609),(31,4100),(45,3954)]	19.031661
615	[(12,2013),(13,4890),(23,2711),(31,4225),(68,3773),(77,4904),(79,3691),(81,2457)]	18.932325
616	[(3,2104),(19,4070),(28,2277),(60,143),(65,4908),(72,1957),(74,2067),(85,128)]	18.864235
617	[(2,2062),(4,3417),(8,3623),(27,932),(43,3342),(57,4030),(74,4418)]	18.759722
618	[(13,637),(18,3257),(22,1874),(28,3790),(29,543),(35,465),(38,4276),(41,524),(70,4044),(73,1404),(90,1599),(91,2744)]	18.876404
619	[(11,108),(35,4961),(37,1648),(38,274),(60,2837),(72,2932),(85,2400),(89,2507)]	19.070582
620	[(12,3495),(15,4705),(17,3453),(21,2590),(26,3566),(27,2347),(32,4733),(47,1320),(52,2881),(60,223),(62,4786)]	18.845755
621	[(29,4242),(44,955),(63,1522),(75,3936)]	18.728873
622	[(24,327),(39,114),(49,209),(53,3762)]	18.768361
623	[(20,3669),(21,1928),(30,4342),(40,351),(58,726),(89,1681)]	18.645596
624	[(27,309),(34,4373),(40,1112),(42,1771),(46,2018),(51,3328),(62,2213),(65,2799),(78,3280),(83,2984),(85,2157),(91,3485)]	19.030087
625	[(8,1526),(72,4410),(79,928)]	18.909746
626	[(12,208),(20,253),(55,1564),(57,3377),(60,1105),(65,488),(87,3401)]	18.367269
627	[(0,3252),(21,1161),(41,3125),(44,1334),(46,3915),(48,1601),(56,3703),(57,2340),(59,3899),(61,1629),(83,294),(85,4881),(88,894)]	19.902566
628	[(6,4228),(9,3821),(11,2872),(16,4100),(22,1653),(31,4289),(49,4387),(50,4954),(60,4143),(78,4934)]	20.716092
629	[(1,3251),(21,4202),(35,511),(49,1044),(60,1192),(73,3273)]	20.658387
630	[(21,3937),(28,4220),(32,3254),(42,3689),(47,2345),(82,1430),(91,4346),(92,2514)]	18.818595
631	[(2,255),(12,2493),(38,4333),(71,818),(78,3515)]	21.284458
632	[(13,3742),(16,1815),(19,1485),(24,4150),(34,3167),(45,3055),(53,1024),(73,351)]	23.969530
633	[(70,1139),(79,2666),(92,1815)]	18.744442
634	[(21,4439),(36,1311),(45,4499),(54,177),(66,3649),(73,2255),(81,2622),(88,1077)]	18.853344
635	[(40,269),(43,4432),(45,3637),(57,1322),(85,778),(88,255)]	19.057463
636	[(0,4624),(13,3067),(15,1262),(26,2085),(36,2890),(71,2398),(78,1001)]	18.898144
637	[(6,1312),(8,1310),(19,2003),(23,4153),(25,528),(28,3461),(33,3329),(34,1202),(54,4935),(56,2442),(57,1051),(76,2101),(82,631),(83,3600),(84,3178)]	19.003826
638	[(17,69),(22,2885),(25,465),(67,1528),(91,3070)]	18.807946
639	[(26,2800),(46,391),(64,1078),(67,1649),(72,4812),(83,1163)]	19.259990
640	[(19,542),(81,385),(82,3678),(84,4444)]	18.814984
641	[(10,2266),(33,4147),(46,4472),(49,2931),(62,4480),(86,3326)]	19.184380
642	[(14,1486),(27,2075),(48,2536),(58,1516),(67,2944),(81,3396)]	22.181655
643	[(79,625)]	37.107872
644	[(4,4610),(60,850),(61,38)]	22.430959
645	[(36,3889),(50,1073),(54,1333),(57,2207),(59,1169),(74,782),(76,4779),(78,1766),(89,2412)]	19.737752
646	[(6,1384),(23,2026),(30,2645),(41,3516),(50,2704),(52,1060),(54,4761),(62,1821),(68,3237),(72,3900)]	18.711632
647	[(7,1530),(8,3430),(12,1851),(49,4707),(63,2188),(91,1996),(92,3829)]	21.373387
648	[(38,457),(41,4304),(47,4385),(48,4346),(49,2514),(53,4770),(77,2225),(84,305)]	19.097760
649	[(19,437),(21,3644),(45,3799),(64,1319),(81,4880)]	18.554891
650	[(17,1127),(21,1204),(42,4718),(44,1618),(65,35),(77,1960),(89,625)]	18.919355
651	[(0,379),(13,3962),(21,3143),(29,1752),(32,1194),(50,2901),(51,1950)]	19.098828
652	[(2,3082),(21,2213),(22,402),(30,206),(35,3847),(52,2280),(59,2509),(73,2401),(74,2408)]	26.861346
653	[(3,2130),(5,2973),(8,2466),(10,482),(18,2170),(55,692),(59,3489),(69,3611),(73,2460),(77,2676),(83,2282)]	22.597619
654	[(5,4368),(9,2125),(19,4782),(53,1283)]	19.024535
655	[(4,3098),(6,220),(17,2008),(20,3795),(33,2244),(37,447),(41,4685),(62,2927),(85,4551)]	19.652121
656	[(5,2672),(58,899),(59,4568),(70,3817),(89,811),(90,1085)]	18.799696
657	[(24,4103),(40,1898),(46,422),(58,3120),(74,2120)]	19.171525
658	[(5,2262),(30,3103),(36,2199),(47,2419),(56,15),(57,296),(58,171),(60,4150),(63,1818),(74,4236),(76,3518)]	19.752509
659	[(14,4037),(21,878),(33,837),(64,828),(87,3477)]	18.360630
660	[(13,3308),(17,198),(23,1815),(24,65),(31,2160),(40,423),(45,4947),(60,2073),(75,599)]	26.912063
661	[(7,2973),(17,133),(22,3964),(32,3171),(46,4213),(57,2700),(62,2099),(71,4893),(77,4497)]	18.846782
662	[(26,3001),(34,3088),(35,573),(43,2143),(63,3649),(77,3559),(91,2081)]	18.566036
663	[(7,2713),(12,4291),(17,59),(35,3131),(37,1940),(38,2952),(53,4016),(58,2136),(60,3601),(63,2069),(70,3786),(72,4144),(77,223),(85,326)]	19.451075
664	[(15,1619),(32,2285),(39,4472),(45,1666),(48,1029),(57,3990),(71,4962),(77,177),(85,4693)]	18.541524
665	[(58,3961),(76,4223)]	21.549023
666	[(1,161),(4,1768),(14,4139),(21,1714),(22,4100),(33,4773),(38,2193),(39,4455),(59,4350),(67,4375),(74,3556),(92,1068)]	19.746448
667	[(4,4332),(16,2857),(34,115),(81,2775),(83,301),(88,2384)]	18.619975
668	[(1,3129),(6,1948),(16,3003),(26,287),(32,4828),(36,2540),(51,1068),(54,3300),(64,494),(67,2823),(69,3590),(78,2888),(81,1215),(87,2835)]	38.050705
669	[(6,4255),(26,2639),(51,1405),(61,320)]	28.837985
670	[(42,1857),(46,4198),(58,1720),(64,4810),(89,4841)]	19.103419
671	[(33,513),(42,3042),(44,636),(52,3180)]	18.447610
672	[(11,3441),(29,48),(63,3854),(75,4253),(83,4932)]	18.610706
673	[(23,410),(25,2412),(63,1559),(65,3835),(86,4569)]	18.732451
674	[(0,1597),(21,3391),(50,3915),(57,686),(70,1789),(83,1212),(85,4619)]	19.350278
675	[(1,98),(6,451),(13,521),(64,1607),(71,244)]	20.200826
676	[(2,834),(39,3599),(44,3274),(46,2797),(66,2119),(69,35)]	18.965478
677	[(3,2760),(5,2647),(36,3413),(41,3038),(51,4504),(67,2011),(87,2666)]	27.999207
678	[(3,2066),(17,283),(42,4821),(44,4762),(69,3490),(83,1128)]	18.507696
679	[(22,4576),(39,1561),(43,4166),(53,124),(64,2222),(66,1141),(75,2643)]	24.633658
680	[(28,178),(31,3),(62,4290),(67,3660),(80,2789)]	21.576679
681	[(17,480),(18,2883),(28,3669),(76,826),(82,4208),(85,6)]	18.499827
682	[(3,3608),(5,3117),(19,1611),(21,1943),(22,4517),(62,4614),(77,4573),(83,4742)]	19.135217
683	[(5,2177),(34,3345),(46,1384),(50,1250),(78,3486)]	18.358809
684	[(2,2820),(7,4268),(10,4150),(25,1207),(29,1499),(36,988),(43,584),(72,2767)]	19.613338
685	[(8,4713),(24,1364),(25,880),(51,280),(61,1181),(71,1299),(78,4597),(87,1554)]	23.620272
686	[(24,1392),(28,4469),(42,4361)]	40.941731
687	[(7,3782),(9,4938),(15,1608),(29,3550),(31,1380),(39,4723),(66,1404),(83,3431),(92,1476)]	41.104482
688	[(1,1523),(45,2502),(49,3038),(67,2381),(91,11)]	44.883023
689	[(7,1072),(12,3055),(35,996),(41,1426),(45,3864),(59,3616),(70,1606),(74,1689),(79,3961),(80,1655),(82,4042)]	62.277065
690	[(4,958),(10,4114),(20,1101),(22,4870),(42,412),(52,4650),(57,2505),(65,1967),(77,3071),(79,252),(90,1909)]	34.216808
691	[(79,4323),(82,3296)]	18.839059
692	[(11,4257),(13,127),(15,4421),(31,4003),(44,4676),(80,1963)]	19.311308
693	[(7,3376),(8,2145),(16,805),(17,1513),(42,244),(54,1910),(56,620),(58,4447),(68,3)]	18.872194
694	[(10,1296),(40,4160),(47,1702),(53,871),(65,2540),(71,892)]	19.013181
695	[(39,884),(46,3234),(51,3610),(60,378),(61,4758),(63,4788),(68,4051)]	21.270948
696	[(6,163),(34,1637),(51,1713),(72,3499),(80,597),(82,3265)]	20.186500
697	[(3,754),(46,1261),(92,1406)]	18.926681
698	[(3,4302),(4,640),(20,2324),(38,3996),(79,3332),(82,2703)]	18.810290
699	[(11,617),(15,292),(32,3799),(36,3686),(45,3086),(65,1419),(69,4934),(71,4684)]	20.182864
700	[(1,2212),(28,3562),(29,3227),(35,515),(50,688),(67,4281),(72,2986),(73,1572),(76,4856),(83,3261)]	20.377707
701	[(3,3310),(7,4765),(12,48),(17,605),(38,2862),(54,1035),(63,1409),(66,4121)]	19.150467
702	[(13,4200),(31,451)]	18.619281
703	[(3,3576),(30,892),(39,1535),(46,373),(51,2191),(69,3911),(77,4398)]	18.841974
704	[(1,2783),(2,4057),(20,2914),(60,4067),(80,4780),(89,1894)]	18.872859
705	[(3,2085),(8,3584),(63,2733),(70,2730),(71,2447),(84,1935)]	19.699253
706	[(7,2498),(91,1386)]	18.752332
707	[(22,2154),(50,3332),(65,1605)]	19.229991
708	[(2,1249),(62,2506),(67,647),(86,1553)]	18.998077
709	[(9,4771),(10,2563),(44,3028),(46,3490),(48,181),(60,3456),(66,4694),(77,3857),(79,4203)]	18.774169
710	[(20,2029),(26,1616),(34,1656),(42,1987),(44,3986),(48,4745),(71,1524),(72,1494),(87,1340)]	18.805413
711	[(2,4334),(3,3743),(4,1705),(6,2067),(8,362),(16,1256),(31,2505),(48,2980),(66,1866),(72,3609),(83,2852)]	20.029013
712	[(3,4009),(20,166),(51,44),(66,1671),(81,4319),(89,1364),(90,880),(91,4966)]	21.367359
713	[(9,1304),(12,3725),(17,4934),(26,4724),(29,10),(45,2905),(80,1968),(90,1199)]	19.289367
714	[(34,2574),(49,1726),(53,824),(71,2264),(76,338),(86,4759)]	18.911916
715	[(45,2178),(51,3980),(65,1548)]	18.833675
716	[(3,272),(4,1264),(5,4776),(48,1109),(50,626),(59,3670),(77,2105),(90,3900)]	18.497478
717	[(23,4541),(57,25),(60,3268),(67,683),(85,3089),(90,4099)]	18.834415
718	[(20,4373),(44,3186),(65,649),(68,2972),(89,3661)]	18.942034
719	[(26,3708),(29,3351),(33,2394),(37,2261),(62,3350),(77,423)]	18.625313
720	[(44,1836),(46,961),(49,2116),(50,4566),(81,1809),(91,4575)]	18.645014
721	[(2,1393),(6,2417),(15,3167),(54,3597),(90,3362)]	19.418036
722	[(3,1030),(16,4856),(22,4135),(51,4774),(67,1823),(89,1532)]	18.719016
723	[(7,1821),(21,1836),(26,249),(29,1786),(72,4342),(91,4357)]	19.133861
724	[(16,3156),(35,3338),(37,2240),(42,1365),(79,3127),(87,3167),(90,3305)]	25.911631
725	[(1,3759),(47,1843),(54,2710),(71,3663),(88,1521),(89,24)]	19.682902
726	[(4,3654),(19,1121),(21,2149),(22,4238),(25,546),(32,4247),(39,1417),(66,2455),(72,2669)]	19.066876
727	[(33,1965),(51,4102),(54,1929),(57,1005),(61,4120),(68,4009)]	19.718086
728	[(30,2448),(37,268),(40,1693),(44,397),(65,2706),(73,1611),(80,4198),(87,3261)]	19.033313
729	[(5,4567),(6,4715),(16,3381),(19,3841),(30,2209),(31,2060),(50,2681),(57,1262),(64,4754),(67,237),(70,2183)]	20.095167
730	[(0,4814),(16,1714),(17,4100),(23,1900),(37,4524),(53,4623),(57,3981),(63,3953),(66,3325),(67,3430),(86,4051),(88,662)]	19.202293
731	[(1,1260),(13,725),(15,1870),(20,2741),(37,3144),(53,1926),(67,928),(75,3364),(83,937),(86,1224)]	18.946321
732	[(10,1484),(18,1292),(20,2799),(33,692),(42,468),(71,1845)]	18.937347
733	[(42,1082),(69,3047),(74,1917),(75,4363),(79,2229),(90,1931)]	20.181193
734	[(2,2254),(22,4895),(24,118),(47,1143),(61,4363),(85,214),(91,804)]	20.067670
735	[(7,4546),(19,227),(42,510),(43,1949),(44,1220)]	19.760406
736	[(13,3164),(17,4134),(38,1789),(41,3089),(66,3367)]	20.894105
737	[(3,3875),(16,3554),(18,1108),(20,3934),(24,4340),(35,1746),(43,55)]	18.951549
738	[(7,3747),(22,1389),(30,3309),(37,607),(38,663),(40,1607),(45,426),(56,3214),(81,3684)]	18.753758
739	[(18,1434),(22,691),(38,744),(48,4956),(67,1801),(71,2877),(73,2588),(79,2031),(82,4469),(85,3968)]	30.072415
740	[(11,3575),(12,771),(33,872),(41,4384),(43,2522),(81,513)]	32.800575
741	[(11,753),(43,3965),(59,935),(74,4421)]	28.225835
742	[(0,3023),(4,2660),(21,1441),(33,3237),(69,2530),(80,2696),(89,862)]	19.296970
743	[(6,893),(16,1891),(31,462),(35,4638),(47,1771),(54,3954),(55,2431),(74,3246),(78,2635),(83,3851),(88,3538)]	18.720919
744	[(6,3156),(9,4604),(10,278),(37,94),(43,1372),(55,2287),(62,2116),(69,1882),(71,1202)]	18.581148
745	[(23,2251),(31,1793),(39,2197),(49,4742),(54,3389),(70,2186),(76,4559),(80,4609),(82,4951),(83,709),(86,4044)]	18.535801
746	[(2,19),(32,163),(36,4194),(44,3594),(52,2564),(58,3454),(70,3486),(75,93),(82,4535),(86,1436)]	19.044097
747	[(0,3738),(11,3393),(21,1873),(43,1573),(50,4710),(69,2095),(77,1396)]	19.098264
748	[(39,2084),(46,3230),(56,2368),(59,0),(64,3095),(74,3667),(76,2906),(87,1147)]	19.070444
749	[(0,3875),(5,1331),(31,533),(40,2075),(75,1252),(79,4783),(83,3105),(88,890)]	18.691108
750	[(4,3129),(33,4943),(37,2983),(48,2354),(66,2582)]	18.657891
751	[(22,4879),(35,950),(38,1146),(41,866),(47,1432),(77,1049)]	18.802386
752	[(22,436),(38,242),(86,2250)]	18.427302
753	[(23,3195),(45,133),(90,1561)]	18.627561
754	[(4,1897),(6,3033),(11,1741),(30,1596),(40,4716),(48,2288),(60,2162),(72,3170),(78,1767),(88,4893)]	18.937090
755	[(0,1515),(8,694),(24,4781),(51,191),(54,4710),(62,3072),(63,2682),(70,2073),(79,3280)]	18.738412
756	[(3,3968),(8,1061),(25,4506),(27,1983),(30,4610),(34,2579),(37,3224),(51,937),(66,1368),(73,659),(76,3505),(92,1780)]	18.786179
757	[(0,1784),(44,3081),(55,3413),(70,2416),(71,4467),(84,306),(85,2709)]	18.819371
758	[(40,4155),(68,2131),(79,3994),(83,2075),(90,1270)]	18.713795
759	[(6,2780),(12,2903),(15,4080),(31,3409),(32,715),(41,3159),(44,4645),(57,3350),(90,2226)]	18.532204
760	[(5,4535),(23,743),(31,4656),(41,3264),(69,4282),(81,3147)]	18.501075
761	[(5,4343),(23,803),(38,668),(42,1352),(70,1788),(80,2971),(81,3416)]	18.861789
762	[(8,4896),(23,2776),(26,2953),(30,3519),(32,1873),(70,1028)]	18.532808
763	[(23,933),(31,2666),(38,87),(48,2766),(68,3831),(71,290),(85,2429)]	18.394708
764	[(4,4874),(17,2654),(85,4134)]	18.758604
765	[(32,688),(46,1548),(48,653),(50,79),(51,4860),(55,243),(58,2955),(74,511),(76,4640),(77,2620)]	19.278658
766	[(7,4361),(22,1087),(25,4730),(26,846),(61,1438),(63,3284),(84,3837)]	18.767036
767	[(0,2239),(2,2655),(24,4644),(34,2068),(42,576),(45,207),(47,3651),(53,1939),(66,4759),(88,1063),(89,413)]	19.207501
768	[(2,2938),(13,3524),(25,874),(41,3895),(44,4347),(49,1032),(59,4824),(71,2628),(73,1099),(87,1948)]	19.065897
769	[(14,4149),(48,2840),(62,1139),(69,3421),(75,882),(83,378),(84,4758),(85,271),(89,1530),(92,468)]	18.833048
770	[(32,1251),(46,3702),(47,3087),(49,3017),(73,2267)]	19.332935
771	[(12,2146),(54,2870),(63,4927)]	18.591001
772	[(25,770),(32,3478),(42,1855),(62,1756),(77,1083),(78,3568)]	19.143944
773	[(3,3091),(6,252),(23,3447),(36,496),(46,1957),(53,4542),(68,1171)]	18.563723
774	[(3,3284),(13,3764),(22,140),(24,3146),(35,4960),(78,3454)]	24.084468
775	[(15,529),(31,881),(38,806),(39,539),(56,92),(68,207),(73,3079),(88,2471)]	22.461443
776	[(31,1111),(38,1579),(54,2822),(60,3059),(65,3944),(70,4255),(73,3983),(75,4792)]	18.617520
777	[(0,3310),(15,3694),(18,2452),(21,1460),(23,4546),(25,387),(32,4947),(42,564),(49,4110),(74,2449),(92,3831)]	18.638198
778	[(13,2354),(20,4017),(44,611),(62,4915),(68,1364),(92,3303)]	19.350047
779	[(45,913),(53,4731),(69,725),(73,3429),(74,1387),(78,4425),(81,1525),(89,1322)]	19.220866
780	[(0,2367),(19,4241),(42,3149),(57,4430),(73,4838),(92,1553)]	19.523931
781	[(6,598),(10,1318),(12,2086),(17,3106),(19,2536),(25,1171),(35,1231)]	19.423636
782	[(8,2904),(17,4095),(22,1926),(43,1818),(49,4296),(55,295),(59,537),(68,4592),(72,2251),(75,4090),(83,3448)]	18.794330
783	[(30,3216),(39,3544),(53,4148),(69,1161),(83,3745)]	18.708786
784	[(2,4890),(13,2437),(23,3386),(35,2631),(39,2895),(56,1852),(71,1227),(76,4844),(81,1125)]	18.760126
785	[(0,329),(18,3895),(39,3961),(49,1648),(71,4533),(87,919)]	19.260558
786	[(2,4571),(30,4010),(31,1317),(48,2076),(60,4464),(67,3403),(69,3991),(79,3668)]	20.256802
787	[(1,852),(10,4047),(21,3781),(24,633),(26,1263),(32,2684),(56,2288),(62,3433),(67,4701),(68,4951),(72,3539)]	20.690027
788	[(12,3342),(15,2180),(49,1323),(55,664),(67,2266),(74,2314)]	18.598279
789	[(5,2204),(7,2762),(56,1897),(65,3112),(81,4837),(88,191)]	18.780217
790	[(4,186),(13,4510),(25,577),(27,1441),(43,576),(78,2891),(82,4235),(87,1416),(89,1201)]	19.169890
791	[(14,1667),(15,3429),(17,1977),(21,3424),(36,4470),(38,3372),(54,2963),(64,2952),(75,2695),(77,3825),(81,1774)]	20.409508
792	[(39,4850),(56,4172),(86,1617)]	21.919021
793	[(45,2074),(50,4035),(55,1140),(56,3662),(62,1801),(63,3982)]	41.722370
794	[(10,389),(30,190),(46,4862),(66,1277),(72,3429)]	25.320703
795	[(32,3813),(45,632),(58,3462),(81,4031),(87,2104)]	18.865710
796	[(14,2720),(29,119),(45,1099),(50,50),(61,965),(80,2243)]	19.514833
797	[(11,1238),(34,987),(63,2066),(88,530)]	18.529775
798	[(3,3720),(15,3140),(19,4726),(62,687),(82,4653)]	19.694978
799	[(0,3225),(5,4128),(27,51),(31,2615),(33,3096),(49,200),(50,282),(64,901),(85,610)]	18.735380
800	[(0,4098),(31,4619),(43,1660),(46,3755),(64,1658),(90,2526)]	19.258491
801	[(14,2845),(21,2653),(44,2392),(46,4432),(65,458),(76,3155),(80,532)]	18.838854
802	[(4,2899),(17,4394),(20,645),(36,1518),(65,4462),(66,376),(91,286)]	18.420650
803	[(14,4257),(24,2962),(30,268),(31,796),(32,345),(45,1254),(56,4027),(61,1887),(65,1454),(70,172),(82,1049),(86,3924),(88,1949),(89,1220)]	19.078176
804	[(17,722),(42,2724),(46,1166),(56,2074),(67,4126),(72,777),(73,1103),(74,4237)]	19.362068
805	[(1,951),(12,674),(30,2529),(35,1528),(37,4141),(50,807),(87,4482)]	18.848064
806	[(4,3232),(17,2662),(41,992),(50,3836),(62,253),(67,182),(83,3524)]	19.173839
807	[(40,1981),(50,2637),(65,1057),(74,3178),(79,3127),(80,1605)]	18.682729
808	[(10,1017),(15,2302),(26,2525),(42,2887),(51,2750),(52,86),(76,1834),(81,116),(92,1986)]	18.630086
809	[(43,2308),(50,2190),(53,4204),(60,1968),(71,1229),(77,3844),(78,448),(88,4929)]	20.782182
810	[(18,4676),(30,3836),(34,1849),(51,454),(68,225),(76,2082),(77,1040),(78,2386)]	18.793149
811	[(14,2392),(32,1443),(39,2089)]	20.593407
812	[(9,4207),(24,4284),(33,219),(52,2384),(65,985),(82,1847),(91,2905)]	22.139102
813	[(57,454),(88,3642),(90,727),(91,4029)]	18.963458
814	[(9,4462),(11,484),(24,1130),(29,4254),(34,137),(46,1630),(50,459),(62,2024),(83,2367),(91,2121)]	20.069533
815	[(17,1283),(40,3421),(75,756),(85,2048)]	23.017383
816	[(19,822),(24,748),(29,2487),(45,1192),(46,2857),(61,1129),(77,2656),(81,3826),(87,4332),(90,2796)]	21.168391
817	[(1,1570),(41,3794),(46,122),(54,1309),(77,985),(88,4642),(90,4223)]	19.372915
818	[(22,497),(45,2324),(50,3095)]	18.971933
819	[(8,2453),(28,4574),(37,516),(46,3431),(53,2662),(64,3501),(66,581),(77,2248),(91,969)]	18.812316
820	[(1,2294),(8,1396),(12,567),(15,4371),(17,4140),(26,3630),(32,2786),(43,2265),(53,3025),(55,578),(58,1118),(60,1440),(65,1023),(70,2230),(75,2883),(78,998),(89,2756)]	18.567385
821	[(5,4358),(18,427),(35,3195),(45,1929),(52,4924),(53,2363),(65,2191),(80,3281)]	18.752277
822	[(6,4039),(13,3265),(20,4017),(31,3084),(39,3564),(45,4430),(79,1079),(90,4052)]	18.611730
823	[(38,734),(49,1807),(91,610)]	18.841285
824	[(18,105),(74,2485),(77,3566)]	26.278489
825	[(3,861),(10,2179),(27,3342),(33,3550),(36,4864),(56,1412),(92,4187)]	20.042176
826	[(7,2482),(18,2465),(24,1860),(30,340),(48,4545),(62,4319),(90,4808)]	19.533191
827	[(2,1179),(21,2332),(37,2441),(40,2840),(46,1502),(51,577),(59,4609)]	18.955199
828	[(3,1771),(16,4321),(23,3958),(34,898),(44,2954),(64,1148),(71,2468),(84,3668),(85,96)]	20.087108
829	[(15,4822),(47,3747),(49,3371),(51,2236),(61,3160)]	21.185022
830	[(9,3178),(24,103),(30,17),(32,3807),(33,3484),(42,1492),(88,3973)]	18.725114
831	[(15,2665),(22,3302),(28,4318),(42,4072),(80,3386)]	18.581580
832	[(6,3747),(21,768),(25,328),(26,2248),(36,12),(38,4004),(39,1984),(58,3229),(74,156)]	19.038195
833	[(1,4788),(26,64),(43,4545),(45,1080),(63,3826),(66,452),(71,3357)]	19.382313
834	[(11,1654),(23,1667),(33,251),(34,4547),(56,3182),(68,3651),(70,2835)]	18.666984
835	[(33,431),(42,1996),(43,3829),(45,4588),(48,1798),(55,4039),(63,3885),(68,922),(71,2281),(80,2408),(84,4565),(85,1995),(90,2143)]	19.768689
836	[(22,1657),(23,393),(36,4684),(68,3620),(87,4623),(91,1086)]	20.554108
837	[(6,4669),(26,4248),(37,2709),(53,2736),(57,4824),(90,360)]	18.921141
838	[(30,104),(31,3567),(34,2213),(36,3670),(75,4110),(91,3109)]	18.815727
839	[(13,4229),(14,3265),(30,3181),(37,1562),(71,1642),(79,2368),(88,1585)]	19.109581
840	[(7,100),(20,2503),(32,3218),(34,1493),(53,1884),(55,2390),(56,2427),(61,2929),(65,3260),(76,3426)]	20.772849
841	[(19,2397),(26,2824),(33,4058),(61,756),(74,3886),(82,3748)]	20.727736
842	[(0,4931),(12,926),(13,2365),(17,121),(24,3882),(32,4642),(36,1631),(43,3749),(46,2570),(79,3719)]	22.607293
843	[(9,4510),(12,3768),(23,3291)]	18.855335
844	[(9,2511),(16,4151),(20,1969),(27,3601),(39,2958),(58,201)]	18.785733
845	[(4,1091),(15,2972),(18,3616),(50,1863),(67,4368),(85,266)]	36.947726
846	[(16,3852),(29,3157),(38,4300),(68,3250),(87,2233)]	21.718633
847	[(25,3231),(27,4925),(30,2399),(45,3849),(59,2140),(83,1867),(84,3595),(89,89)]	18.637333
848	[(34,1815),(43,3255),(51,993),(52,970),(59,4512),(63,1706),(67,806),(81,2653)]	19.318479
849	[(4,492),(5,4193),(12,2807),(92,2013)]	19.270365
850	[(5,2967),(11,3747),(25,2150),(28,3969),(29,1749),(31,4331),(39,4954),(43,3587),(87,639),(92,3641)]	18.551487
851	[(4,966),(5,4050),(15,2704),(21,4541),(89,3088)]	20.010374
852	[(17,3369),(32,1191),(39,2279),(40,2335),(52,4952),(64,1401),(65,2943),(80,82)]	19.701599
853	[(6,4760),(13,395),(34,2122),(39,3650),(67,4544),(92,1018)]	20.203720
854	[(4,2427),(47,3075),(49,1061),(55,406),(73,827),(83,4456),(84,1495),(87,4388)]	19.443988
855	[(20,3123),(22,3015),(36,1550),(42,2196),(44,4678),(45,4279),(46,555),(53,1349),(91,3414)]	19.244644
856	[(3,3123),(5,4409),(10,1546),(43,1462),(63,3000),(72,1058),(74,232),(80,48),(85,1848),(88,3585),(89,2449),(92,3949)]	18.701048
857	[(13,2909),(16,1562),(44,1403),(65,3431)]	18.374766
858	[(11,2831),(14,506),(15,3660),(20,1694),(30,973),(35,3591),(42,1283),(57,3596),(74,2029)]	18.768862
859	[(8,3226),(10,1539),(11,1284),(24,2200),(67,2068),(68,4474),(82,3403)]	18.647844
860	[(10,3692),(18,2577),(23,4142),(27,4831),(45,4240),(85,4195)]	18.534494
861	[(4,2313),(12,3799),(21,3131),(82,2987),(89,4053)]	18.581292
862	[(41,1287),(57,2478),(65,1599)]	20.738099
863	[(9,4174),(14,3942),(49,4483),(55,880),(63,2800),(87,4329)]	21.143291
864	[(37,4012),(40,2867),(66,783),(92,4032)]	21.138331
865	[(18,1973),(23,423),(34,441),(82,3149),(84,984),(89,4921)]	19.755132
866	[(8,3074),(11,4041),(12,1052),(15,2439),(18,4295),(23,3202),(31,3305),(39,418),(61,2628),(62,1634),(71,4318)]	18.833124
867	[(36,1319),(49,2541),(68,1227),(81,90),(85,4122)]	18.890629
868	[(28,3001),(31,1257),(50,4156),(52,2870),(70,4676)]	18.852215
869	[(7,4352),(26,192),(45,2507),(65,2203),(70,2597),(76,1208),(78,336),(89,4216),(92,4389)]	18.876313
870	[(7,1022),(35,198),(50,2352),(61,800),(75,2258),(82,4646)]	20.015393
871	[(3,3295),(9,265),(10,1583),(32,4816),(37,4927),(49,4705)]	21.122457
872	[(0,3172),(22,1133),(32,3490),(78,3290)]	20.784632
873	[(19,2716),(55,3672),(74,43)]	23.330328
874	[(4,4717),(17,573),(39,1344),(53,3401),(80,3149),(88,4270),(89,3154)]	27.434474
875	[(15,4038),(19,750),(25,133),(32,4192),(34,4869),(54,289),(57,265),(58,1583),(67,4811),(72,2999)]	21.141600
876	[(6,1323),(19,1206),(40,3015),(83,1685),(90,1554)]	21.292278
877	[(1,4295),(10,2711),(20,185),(21,461),(49,3100),(79,4301)]	21.209729
878	[(1,2226),(6,4920),(10,1778),(11,3909),(64,4965),(65,4843),(70,2398),(84,1073)]	21.180082
879	[(5,1739),(32,4283),(35,629),(43,1859),(55,1795)]	21.824614
880	[(4,3311),(8,3804),(14,3675),(23,1339),(67,307),(74,330),(80,3716)]	18.860090
881	[(4,3104),(15,1536),(43,3279),(54,170),(77,446),(88,959)]	18.688929
882	[(31,2372),(62,3543),(66,4380),(70,180),(78,3524),(79,2314),(85,2454),(86,3092),(89,1313)]	19.892971
883	[(7,2377),(10,921),(66,965)]	19.475090
884	[(4,277),(10,4285),(24,1242),(51,2804),(58,3949),(71,757),(73,3872),(76,3406)]	19.252969
885	[(0,3621),(3,4894),(34,2744),(37,2359),(39,4515),(56,3108),(66,1394),(86,235)]	19.139382
886	[(8,4060),(12,2501),(13,4505),(16,354),(40,2875),(74,1610)]	20.827523
887	[(9,4083),(13,308),(15,221),(23,3821),(40,1864),(52,835),(53,4674),(82,912),(84,3031)]	18.521591
888	[(3,3419),(22,1312),(30,2665),(44,2735),(45,4422),(54,4288),(83,1453)]	18.597776
889	[(36,3002)]	19.788158
890	[(15,1714),(31,123),(58,3954),(83,1473),(84,4054),(90,461)]	18.974832
891	[(14,4635),(18,3249),(26,1225),(29,666),(46,2768),(50,3502),(60,4199)]	24.973533
892	[(4,769),(13,2609),(16,3193),(19,1334),(24,3911),(27,4224),(30,4110),(32,581),(45,1639),(73,896)]	22.052942
893	[(42,198),(74,1205),(85,4229),(86,4290)]	20.930785
894	[(59,1067),(69,2307),(89,3584)]	20.924650
895	[(10,2892),(11,1787),(41,4202),(47,2513),(50,3400),(56,4586)]	25.574839
896	[(29,2932),(40,3579),(49,1716),(70,4045)]	38.045933
897	[(2,2552),(25,3481),(85,2549)]	21.064243
898	[(17,1406),(20,3401),(30,2464),(35,1831),(44,4219),(49,3121),(55,4074),(60,3115),(62,468),(64,2),(65,4466),(72,3055),(82,1797),(85,4437),(88,1961),(89,2588)]	18.681425
899	[(17,4549),(21,3046),(38,3814),(40,3051),(57,4132),(62,1625),(88,31),(91,1843)]	19.471171
900	[(15,1410),(17,2226),(44,2920),(51,847),(52,4832),(63,2143),(83,4760),(90,395)]	19.696529
901	[(0,2778),(2,4627),(11,325),(24,4573),(32,2904),(37,2043),(40,1794),(74,2566),(78,3272)]	18.565478
902	[(21,4769),(34,99),(61,1787),(64,630),(74,849),(79,761)]	19.412970
903	[(20,445),(33,3599),(49,992),(56,808),(58,3612),(64,317),(70,3509),(74,1932)]	18.805365
904	[(28,1465),(31,73),(34,1145),(46,2405),(47,3577),(49,3563),(64,1131)]	18.435446
905	[(1,4065),(2,2939),(13,4301),(32,4054),(37,3833),(43,633),(45,1263),(58,4577),(85,3737)]	18.706431
906	[(28,3186),(52,4784)]	18.458419
907	[(4,2400),(14,4836),(27,1405),(38,2654),(56,4598),(66,1343)]	18.499660
908	[(16,2848),(59,4327),(88,2661),(90,3378),(92,240)]	18.604851
909	[(10,2652),(37,4740),(39,596),(45,4857),(91,4864)]	18.613789
910	[(30,3122),(46,3281),(61,647),(66,3900),(84,882),(88,4887),(91,2410)]	18.805074
911	[(22,4329),(32,4888),(33,3878),(47,559),(50,1666)]	19.713261
912	[(24,796),(35,2247),(40,3191),(44,397),(48,2792),(53,3056),(61,417),(83,1858)]	19.817927
913	[(8,2307),(64,4122),(85,1686)]	21.998583
914	[(4,2306),(14,4300),(16,1751),(19,2154),(27,1335),(54,3917),(60,305),(62,611),(66,3455),(70,3728),(92,3545)]	19.266111
915	[(33,4237),(34,1827),(55,2892),(63,3479),(74,3092),(76,4181),(84,719),(90,1719),(92,2162)]	18.779446
916	[(10,2088),(12,4314),(23,2414),(29,956),(44,944),(47,4381),(61,2122),(81,1246),(88,4800)]	18.416823
917	[(8,377),(18,4966),(32,3403),(49,1157),(56,3190),(59,3757)]	20.220065
918	[(10,1472),(12,4787),(21,99),(71,4231),(84,1094),(88,3668)]	19.074385
919	[(11,1811),(16,1531),(19,4894),(20,2311),(23,4845),(24,3113),(28,2979),(29,4756),(30,150),(43,3075),(65,300),(84,1115)]	18.608575
920	[(28,1034),(38,1580),(48,1955),(51,1980)]	18.597857
921	[(11,1212),(14,193),(22,3393),(48,2381),(55,0),(66,321),(70,3022),(79,1680),(80,3060)]	18.789874
922	[(43,1343),(57,4752),(63,1082),(66,1669)]	20.582935
923	[(15,3463),(40,575),(43,539),(44,2270),(60,4334),(67,3790),(73,2000),(74,2395)]	24.705176
924	[(20,1563),(24,2731),(26,3842),(27,1178),(31,2635),(48,841),(87,813)]	18.593687
925	[(2,2439),(6,2042),(27,678),(29,1382),(31,1499),(35,3981),(38,4529)]	18.899630
926	[(7,339),(10,2063),(55,2521),(60,2623),(62,3117),(66,2391),(69,2871),(71,1740),(80,87),(83,3498)]	18.941255
927	[(2,2562),(22,3002),(33,44),(42,4663),(48,4224),(54,1528),(56,4141),(76,3281),(77,1376)]	19.267191
928	[(37,943),(40,617),(47,1183),(52,3340)]	19.358426
929	[(4,4840),(12,2043),(16,3912),(28,4400),(45,1741),(47,2871),(68,3668)]	19.413230
930	[(0,2049),(18,129),(21,1854),(26,4489),(36,2836),(42,1418),(54,4377),(57,1920),(83,1346)]	18.489721
931	[(46,2263),(73,74),(77,3949)]	18.893332
932	[(3,2399),(35,1971),(51,1064),(70,926),(73,1494),(90,1386)]	19.270324
933	[(0,1162),(2,2674),(18,4294),(53,1381),(54,4617),(59,4250),(78,4863)]	18.703217
934	[(6,4899),(9,936),(13,3222),(25,3952),(26,3510),(28,1371),(38,3384),(58,1174)]	19.798676
935	[(10,648),(15,1366),(26,4548),(41,2733),(47,1092),(92,1034)]	18.506862
936	[(10,1656),(39,826),(47,279),(58,2786),(63,4788),(68,2389)]	21.104334
937	[(1,322),(8,2269),(10,685),(46,4754),(61,3933),(63,1966),(68,684),(76,4036),(78,3324)]	19.360415
938	[(6,1767),(10,4217),(17,1688),(21,534),(22,1349),(31,3223),(59,3163),(60,1951),(74,521),(86,3253),(89,1570)]	19.606521
939	[(6,1980),(11,1942),(46,3763),(55,2347),(69,4732),(77,2927),(92,4102)]	20.484035
940	[(53,2169),(55,2033),(61,4229),(62,4290)]	20.332565
941	[(10,3035),(24,2414),(32,4196),(52,3092),(67,2603),(81,2216),(86,403)]	21.310027
942	[(15,722),(19,3751),(24,2354),(44,4390),(77,3060)]	19.508677
943	[(14,2907),(41,3134),(66,987),(85,2259),(87,2205)]	18.703019
944	[(11,1677),(25,1842),(34,2316),(57,4888),(73,4329),(88,3348)]	18.822613
945	[(18,2182),(27,227),(73,4220),(89,3448)]	19.123889
946	[(19,3727),(29,3990),(30,2257),(31,3445),(33,3375),(45,2328),(52,1404),(54,3357),(60,1153),(74,44),(82,3455),(88,1473),(89,4054)]	19.029886
947	[(9,3713),(15,1047),(16,3622),(17,4608),(21,2774),(26,143),(31,4769),(34,4657),(46,139),(63,3874),(68,2954),(86,4444)]	18.641909
948	[(15,4294),(36,3594),(57,3983),(65,1073),(88,3380)]	33.751095
949	[(35,2757),(37,2303),(40,2175),(45,1497)]	24.621456
950	[(1,4360),(4,3655),(5,2503),(12,4300),(16,198),(27,1401),(38,4120),(43,4854),(44,4498),(48,1377),(58,372),(70,3653),(78,2614)]	19.123049
951	[(3,3163),(30,1772),(34,2753),(35,977),(43,116)]	18.585898
952	[(1,716),(9,4076),(13,2371),(53,3103),(69,3314)]	19.067124
953	[(13,4553),(19,4877),(23,4706),(28,3508),(31,4005),(36,4452),(42,4451),(55,3432),(57,822),(61,4486)]	18.680544
954	[(0,4008),(6,3288),(14,3196),(24,4723),(52,4525),(91,2087)]	18.687309
955	[(3,4702),(15,3786),(19,2663),(25,1119),(28,1584),(49,4252),(50,4330),(55,2409),(56,2842)]	18.952793
956	[(1,339),(22,335),(28,3160),(48,3774),(71,3911),(78,855),(79,3848),(82,3748),(85,572),(87,2670)]	18.806864
957	[(1,4783),(2,3915),(3,4704),(40,1783),(67,4583),(79,889)]	18.646440
958	[(27,1561),(35,2672),(44,2694),(68,1747),(84,3372),(90,4629)]	18.903620
959	[(3,4104),(10,2705),(15,734),(23,4059),(26,474),(67,422),(81,2425),(84,3163),(85,1951)]	19.592563
960	[(4,2070),(10,4536),(13,647),(18,4641),(46,3710),(49,2099),(61,825),(63,4264),(87,992),(91,146),(92,3549)]	18.611324
961	[(19,3965),(33,278),(54,2982),(63,2496),(79,3519),(86,612),(89,3512)]	18.580836
962	[(39,617),(53,2298),(58,4510),(72,2520),(78,4690)]	19.027430
963	[(7,2780),(17,1081),(21,4448),(22,2458),(64,3522)]	19.453430
964	[(1,2275),(21,608),(22,4815),(51,2642),(72,4967),(83,2101),(84,4438),(86,1237)]	18.551475
965	[(4,21),(27,3456),(30,1341),(59,3641),(69,1020)]	18.592103
966	[(0,4433),(3,3050),(8,3425),(10,3579),(22,2499),(23,3374),(28,1648),(29,274),(53,4863),(76,1493),(84,3181),(85,1661),(88,3347)]	19.429793
967	[(2,2932),(4,4365),(14,957),(28,500),(29,1188),(37,4076),(89,3276)]	18.488971
968	[(5,512),(7,1395),(43,504),(65,3019),(84,4189),(88,414)]	20.707954
969	[(38,2700),(41,852),(50,4036),(69,3868),(72,3621),(73,2503)]	18.951568
970	[(5,2514),(15,2331),(28,354),(39,365),(57,3737),(59,1062),(62,4895),(75,2776),(90,217)]	18.521230
971	[(8,2292),(11,2110),(35,2180),(61,4958),(69,582),(80,1213),(87,4698),(88,1194)]	18.606547
972	[(1,1199),(6,2051),(16,837),(23,2514),(35,1028),(90,4517)]	18.663085
973	[(9,3538),(18,3795),(45,2283),(47,4503),(54,1913),(55,4305),(58,878),(90,355)]	22.783172
974	[(21,2733),(32,4536),(38,512),(62,4273),(77,1683)]	37.628135
975	[(26,4649),(30,2298),(55,2539),(61,3683)]	43.061253
976	[(4,3038),(20,3544),(32,3375),(53,2274),(85,4084)]	39.240685
977	[(4,2915),(17,4696),(24,2662),(67,2691),(74,1708),(87,1044)]	38.888278
978	[(14,536),(19,3024),(30,2812),(33,1239),(35,1666),(56,2452),(58,472),(61,2673),(66,107),(67,3514),(73,3324),(83,4912)]	38.634269
979	[(9,2826),(24,3569),(32,610),(35,4919),(42,3215),(73,2804),(78,2107)]	37.640737
980	[(16,2924),(52,872),(53,2959),(56,4106),(63,336),(81,2241),(87,3793)]	34.914531
981	[(3,591),(7,4381),(16,117),(85,3829),(88,2449)]	36.700475
982	[(41,2233),(60,1324),(65,1047)]	38.915440
983	[(11,769),(17,466),(18,1139),(49,1018),(55,370),(74,1033)]	39.584017
984	[(1,4377),(22,2986),(40,4623),(73,3222)]	38.656404
985	[(13,1835),(18,3530),(40,1206),(46,2809),(73,3734)]	37.184229
986	[(31,687),(45,986),(47,3776),(51,782),(60,20),(80,3917),(92,4069)]	37.651075
987	[(8,2442),(10,4347),(16,3516),(22,1503),(33,510),(34,1949),(36,3446),(38,4059),(60,625),(86,465),(88,4530)]	41.957547
988	[(36,4208),(43,2),(44,4466),(51,799),(54,2909),(56,1305),(62,368),(67,2146),(76,3720),(80,3136),(87,4830)]	39.649305
989	[(24,1112),(59,575),(73,2567)]	39.786300
990	[(14,1172),(34,1648),(35,274),(50,322)]	37.576347
991	[(29,1830),(30,3582),(46,4021)]	37.234826
992	[(25,1079),(35,753),(66,4254),(92,4037)]	38.162949
993	[(13,3841),(24,2631),(28,4139),(33,173),(34,4142),(51,3965),(61,4942),(67,2887),(75,366),(79,3716),(88,980)]	38.807459
994	[(6,1623),(22,1933),(27,1717),(41,4918),(43,166),(47,4034),(70,912),(73,2152),(74,2599),(84,2351),(88,16)]	37.929560
995	[(0,1140),(22,1026),(28,1272),(41,1165),(77,1112)]	37.525183
996	[(5,294),(14,192),(16,4130),(21,2488),(37,2740),(60,2534),(69,3029),(76,2027),(79,4623),(82,3725)]	37.238800
997	[(2,4754),(9,4336),(11,4475),(17,266),(20,2170),(37,1038),(45,1786),(55,625),(86,4609)]	38.056136
998	[(4,1549),(24,3891),(25,4527),(62,4139),(66,2333),(67,1242),(68,1576),(76,3608)]	36.838362
999	[(7,4690),(34,1821),(50,4803),(53,2846),(58,1770),(69,2447),(81,3064),(82,4155)]	38.364639
