ruleset_index	matches	time_ms
0	[(33,2341),(40,2297)]	13.943952
1	[(34,1461),(64,2423)]	14.505986
2	[(24,2045),(78,1055)]	14.112121
3	[(22,919),(28,1073),(40,2095),(66,28)]	15.890755
4	[(12,2179),(35,548),(57,104),(80,1550)]	14.324516
5	[(4,877),(31,737),(58,246)]	13.844230
6	[(9,2542)]	13.438706
7	[(17,712),(44,1653),(75,1355),(87,2351)]	13.800181
8	[(23,615),(50,357)]	13.540557
9	[(29,43)]	13.973541
10	[(56,1737),(64,2061),(67,1031)]	14.624930
11	[(16,1570),(27,220),(33,1167),(64,540)]	13.459645
12	[(75,749),(78,2124),(84,1443)]	14.177407
13	[(33,2220),(52,1753),(66,1704),(81,2087),(86,226)]	27.856748
14	[(22,494),(26,2180),(45,466),(46,653),(59,305),(86,173)]	21.880414
15	[(2,485),(15,1120),(37,2369),(54,1301),(70,1078)]	15.859620
16	[(6,2353),(11,1823),(14,2337),(36,1233),(41,1867),(42,1837),(51,107),(89,683),(92,193)]	13.793518
17	[(19,2008),(36,1549),(55,1693),(62,2084),(84,2548)]	13.672549
18	[(32,328),(81,2123)]	14.981307
19	[(55,675)]	13.453115
20	[(29,2396),(62,1222),(76,1581)]	13.900885
21	[(31,1616),(67,1377),(86,1323)]	14.250533
22	[(29,464),(33,1495),(38,712),(61,1264),(68,67),(71,562),(82,839)]	16.537669
23	[(0,205),(20,343),(57,1624)]	13.790617
24	[(65,1348)]	17.063588
25	[(43,2061),(68,2045),(69,1601)]	13.901647
26	[(26,861),(48,2180)]	14.056507
27	[(16,2156),(27,801),(32,1672),(47,478)]	13.776023
28	[(5,160),(15,1665),(37,1709),(72,2219)]	13.882682
29	[(58,339),(80,568),(85,1746)]	13.559899
30	[(10,564),(51,424)]	15.983077
31	[(15,846),(33,1834),(54,2132),(56,353),(58,1474),(70,2363)]	13.886129
32	[(4,240),(16,1988),(43,2235),(78,1877),(80,1555),(85,1624)]	13.752095
33	[(30,1088),(38,735),(77,1010),(78,939),(82,2051),(88,2245)]	14.355985
34	[(44,1349),(68,1161)]	23.179865
35	[(25,1788),(57,646),(60,2331),(62,503),(70,2496),(80,299)]	17.466427
36	[(0,2064),(46,795),(50,322),(59,2415),(63,2389),(88,1199)]	16.342831
37	[(14,2087),(80,1289),(91,299),(92,1239)]	13.747851
38	[(11,2333),(28,397),(37,888),(55,515)]	13.641267
39	[(11,2565),(26,263),(59,2190),(88,2051)]	14.346022
40	[(14,1055),(59,2226),(90,414)]	13.753528
41	[(16,930),(66,112)]	18.673876
42	[(13,1533),(14,381),(63,1293),(85,888),(86,1099),(92,1702)]	13.623419
43	[(5,440),(20,212),(70,1245),(74,1272),(81,805),(83,2209),(86,1738),(87,2149)]	14.152063
44	[(28,1647),(44,1174),(72,2369)]	13.539604
45	[(23,2242),(83,1168)]	13.853803
46	[(49,2220),(57,2450),(69,2266),(84,2068)]	13.541974
47	[(32,186),(34,731),(55,1737),(72,1262),(78,1077)]	13.712055
48	[(16,511),(17,1439),(21,1844),(28,243),(39,2116),(59,1104),(63,528)]	14.235316
49	[(21,1901),(47,1515),(55,1909),(86,226)]	14.285810
50	[(0,2223),(25,43),(66,1657),(85,527),(87,620)]	14.053634
51	[(40,2474),(90,2005)]	17.561424
52	[(9,1375),(19,881),(51,2512),(60,225),(64,1537),(83,2424),(85,2133),(86,2374),(92,2257)]	13.833587
53	[(28,1950),(32,788),(72,1817),(83,1775),(87,1835)]	14.034954
54	[(1,749),(17,1424),(24,1735),(29,151)]	15.528220
55	[(45,2036)]	14.751636
56	[(1,2546),(31,1206),(49,1342),(57,1819),(65,1705),(66,327)]	13.619411
57	[(9,1941),(10,1756),(42,479),(64,1758),(84,174),(91,194)]	13.794130
58	[(12,2442),(30,274),(37,1769),(52,45),(59,1768),(61,2001),(74,1758)]	14.818088
59	[(22,1214)]	13.656505
60	[(6,1788),(27,544),(33,2044),(43,2024),(73,353),(75,1474)]	13.829274
61	[(7,1472),(33,710),(75,2107)]	13.633748
62	[(7,918),(31,323),(67,1164)]	13.597170
63	[(21,503),(49,2255),(90,2432)]	14.114707
64	[(42,499),(55,780)]	13.618965
65	[(12,2513),(39,698),(42,292),(79,2059)]	13.844696
66	[(4,240),(48,466),(49,653),(59,1891),(69,1437),(90,563)]	13.531868
67	[(28,2216),(32,71)]	13.600270
68	[(8,552),(24,411),(67,651)]	13.926300
69	[(87,1395),(90,141)]	14.205700
70	[(1,35),(22,772),(56,2163),(71,2061),(73,184)]	13.471735
71	[(43,1299),(85,37),(92,1769)]	13.951866
72	[(88,1324),(89,2521)]	13.675549
73	[(4,1841),(17,522),(43,494),(50,785)]	14.028124
74	[(39,2459)]	14.485203
75	[(5,1017),(20,2079),(21,556),(23,1095),(25,1959),(47,2087),(53,1675)]	13.680010
76	[(44,337),(56,2028),(68,291),(89,1592)]	13.847781
77	[(37,922),(38,1081),(71,1660)]	14.587278
78	[(1,2273),(2,519),(8,1098),(20,2300),(54,2496),(84,1740)]	15.149523
79	[(19,350),(30,2007),(40,1731),(74,1816)]	14.266827
80	[(2,1241),(73,1159),(81,1552),(82,86),(90,555)]	13.820073
81	[(40,1898),(61,736),(71,1509),(73,844)]	13.998815
82	[(13,2445),(22,875),(23,328),(25,1055),(48,2217),(49,1572),(52,787),(59,1549),(69,551),(72,2451)]	13.906080
83	[(87,1327)]	18.032558
84	[(11,330),(28,1869),(30,1438),(70,2521)]	30.565003
85	[(35,2239),(48,1149),(51,2464),(84,2216)]	19.636739
86	[(1,2041),(19,2513),(59,2391),(70,1965),(83,212)]	15.345416
87	[(45,2484),(50,1236),(70,904)]	15.849124
88	[(26,2243),(47,1411)]	15.526847
89	[(74,1606),(83,1203)]	15.590172
90	[(7,51),(10,485),(15,334),(30,1719),(61,2301),(62,1190)]	15.066345
91	[(75,1425),(87,1592)]	16.329268
92	[(1,2036),(11,652),(12,2218),(85,760)]	15.017388
93	[(4,712),(14,2549),(36,1062),(89,1209)]	28.315074
94	[(10,109),(22,750),(26,1998),(69,1075)]	14.138062
95	[(24,1003),(63,626),(86,1963)]	13.729264
96	[(19,1872),(40,1124),(64,1478),(75,502)]	13.659330
97	[(5,2081),(42,1995),(59,1848),(78,2282)]	13.522565
98	[(33,1626),(89,508),(92,1512)]	21.699649
99	[(33,693),(41,847),(58,2347),(74,1352),(77,499),(80,405)]	29.963511
100	[(10,313),(14,413),(35,1055),(72,1104)]	29.541431
101	[(8,1644),(26,2246),(33,136),(46,2427),(78,817),(85,1017),(88,2189)]	33.550283
102	[(31,149),(56,631),(76,2293)]	32.062617
103	[(52,340),(74,483),(86,1651)]	28.898200
104	[(12,1631),(51,1764),(86,1507)]	28.337531
105	[(39,384),(73,285),(74,1917),(77,2534),(78,2062),(83,931)]	26.999763
106	[]	26.795346
107	[(52,1728)]	29.835642
108	[(40,542),(42,1920),(70,1704)]	38.223323
109	[(20,1300),(59,1279),(68,2401),(73,295)]	44.247492
110	[(23,2332),(48,2329)]	32.297636
111	[(39,318),(59,2018)]	31.576239
112	[(18,1960),(41,944),(92,1333)]	34.449733
113	[(21,1841),(34,2533),(58,932),(81,1345),(85,995)]	27.805553
114	[(32,208)]	27.725760
115	[(2,1678),(6,1011),(11,2430),(21,1134),(35,2386),(37,364),(72,1304)]	27.856911
116	[(39,2508)]	27.758840
117	[(7,2554),(13,666),(19,951),(48,2190),(67,456),(79,2429)]	27.729722
118	[(14,977),(79,553)]	27.111979
119	[(6,2505),(7,1228),(17,461),(18,679),(34,1621),(40,2393),(58,994),(80,2354)]	31.644452
120	[(19,631)]	28.999901
121	[(11,875),(29,557),(42,38),(92,484)]	27.798121
122	[(36,2238),(50,796),(67,2213),(79,83)]	28.518211
123	[(29,188),(38,1205),(49,782),(50,341),(61,1688),(71,1031)]	28.761807
124	[(3,1014),(11,2026),(71,789)]	30.929450
125	[(21,2113),(22,95),(39,1368),(43,1242),(80,57)]	35.083906
126	[(16,355),(59,1433),(67,245),(68,1650),(75,447),(88,1366)]	43.964448
127	[(7,1162),(13,1787),(14,149),(20,821),(41,453),(71,794)]	35.197205
128	[(39,1352),(43,572),(79,825),(90,797)]	28.298518
129	[(10,786),(20,1528),(32,1361),(55,1246),(61,2160),(74,431)]	30.124274
130	[(4,2201),(47,802),(59,2504)]	27.962177
131	[(44,941)]	29.793901
132	[(3,1607),(26,1628),(49,1560),(59,699),(63,107),(65,2220)]	35.047096
133	[(58,2216),(74,2508),(80,2142)]	29.709124
134	[(18,730),(25,2421),(46,408),(90,2146)]	36.027974
135	[(4,1221),(20,1151),(43,1141),(47,1123),(49,289),(67,526),(68,202),(88,1914)]	27.095986
136	[(7,772),(26,778),(37,830),(67,1563),(68,728),(81,1787)]	26.191815
137	[(39,93),(49,2247),(55,1212),(67,1387),(73,2453)]	26.408200
138	[(32,140),(46,2479)]	29.059946
139	[(60,1890),(79,929),(91,409)]	27.086936
140	[(26,446),(44,781),(92,2224)]	26.766063
141	[(34,1340),(37,2293),(56,669),(58,565),(82,777),(88,1698)]	26.211573
142	[(0,1199),(10,667),(17,1091),(18,1428),(61,1795),(88,1229)]	26.532215
143	[(92,2100)]	26.338208
144	[(13,1842),(33,1207),(60,861),(89,2166)]	26.566305
145	[(9,1558),(64,741),(74,947)]	26.105655
146	[(4,2200),(73,1162)]	26.417775
147	[(45,996),(78,2122)]	29.973797
148	[(2,358),(32,1065),(35,1042),(37,490),(62,873),(69,2306)]	26.795444
149	[(11,1547),(44,473),(71,148)]	26.856585
150	[(7,1482),(18,1232),(34,1851),(35,2496),(46,1642),(49,912),(60,2137)]	25.789883
151	[(39,538),(56,1798),(57,638)]	27.269714
152	[(0,2169),(59,1060),(69,1880),(90,2496)]	28.882227
153	[(9,832),(14,1359),(22,1844),(43,528),(52,275),(77,517),(89,669)]	24.940253
154	[(6,2382),(23,1307),(73,1860),(79,50)]	28.480352
155	[(45,831)]	27.840028
156	[(19,2400),(65,291),(86,429)]	27.368848
157	[(11,46)]	26.559415
158	[(30,1392),(47,792),(53,2057),(76,1073),(89,902)]	27.232010
159	[(7,2108),(17,359),(22,107),(30,51),(50,1619),(58,1105),(70,413),(71,145),(86,1177)]	29.514528
160	[(4,2281),(22,1026),(25,1003),(57,2243),(64,2401),(90,2454)]	24.347635
161	[(77,866)]	29.153354
162	[(5,1153),(24,2514),(28,1067),(76,1336),(80,598)]	27.738355
163	[(49,1916),(77,2257)]	31.747122
164	[(17,1527),(69,788),(76,2069),(77,1543),(83,1678)]	40.155078
165	[(2,1756),(65,1483),(92,504)]	30.229936
166	[(7,1690),(46,1538),(53,10)]	29.953494
167	[(37,156),(45,1163)]	32.374814
168	[(0,601),(30,115),(45,1147),(68,438),(81,2392)]	27.769694
169	[(44,1258)]	26.326376
170	[(4,1851)]	27.395696
171	[(9,2294),(28,1607),(38,1435),(53,1510),(65,276)]	27.621316
172	[(35,249),(37,2310),(62,1120)]	28.001920
173	[(11,39),(41,1665)]	27.838737
174	[(65,2441)]	27.218805
175	[(4,2279),(10,2467),(34,2523),(46,10),(63,391),(70,1627),(81,2553)]	27.147178
176	[(59,787),(73,492),(86,1231)]	27.378190
177	[(16,1094),(54,2227),(58,1465)]	28.418975
178	[(1,2531),(25,164),(28,2080),(29,75),(32,1456),(91,1464)]	27.254958
179	[(54,64),(61,1516),(62,1412)]	27.260546
180	[(2,890),(9,1657),(41,655),(50,1661),(63,1993),(79,547),(83,2176)]	26.975488
181	[(64,629),(67,693),(84,1581)]	26.949459
182	[(0,1437),(19,1734)]	26.865805
183	[(29,2231),(74,2287)]	26.884571
184	[(19,1971),(61,1214)]	27.006979
185	[(39,2182)]	26.897960
186	[(7,1482),(67,2101),(77,1050)]	26.811561
187	[(4,1942),(18,2089),(19,1583)]	27.337602
188	[(23,551),(28,1007),(51,142),(83,753)]	27.146915
189	[(16,556),(49,472),(54,2476),(55,705)]	27.180023
190	[(21,1992),(27,1355),(48,183),(54,244)]	27.540565
191	[(41,1431),(58,367),(71,151),(75,1543),(83,1474)]	25.772968
192	[(15,2439),(16,610),(66,787),(73,1207),(86,2512),(87,593)]	26.254023
193	[(14,2020),(18,1353),(19,1359),(35,1421)]	27.347015
194	[(5,534),(7,1248),(79,2134)]	28.935189
195	[(7,171),(15,2174),(22,2244),(30,29),(60,2489),(91,1887)]	26.168319
196	[(6,153),(29,2255),(37,599),(38,2082),(39,1132),(58,1464),(59,2269),(88,1048)]	26.203478
197	[(5,2549),(20,1949),(25,473),(50,563)]	26.655916
198	[(4,2050),(52,1380),(89,801)]	26.400704
199	[(10,310),(13,1855),(25,1706),(45,254),(69,74)]	27.821325
200	[(57,56),(72,856)]	27.149150
201	[(26,1104),(29,2181),(47,1434),(67,1725),(73,1395)]	27.186122
202	[(44,2237),(64,1733)]	29.053452
203	[(1,2028),(12,1294),(31,1330),(44,357),(88,171)]	28.965616
204	[(8,814),(29,446),(33,2191),(54,1445),(89,495)]	29.332644
205	[(1,2103),(14,1915),(20,553)]	26.780604
206	[(6,2515),(7,55),(10,357),(17,544),(34,2239),(47,846),(51,1336),(66,1668)]	29.027946
207	[(0,2452),(12,1411),(46,44),(50,1786),(56,2351),(60,330),(69,597)]	31.724652
208	[(3,1852),(17,919)]	26.300506
209	[(27,529),(39,2145),(74,2540),(81,1293)]	26.194536
210	[(50,1641)]	26.505318
211	[(1,1954),(24,105)]	26.785639
212	[(22,2289),(45,2224),(81,2048),(82,1580)]	27.400416
213	[(16,312),(37,651),(40,892),(81,2126)]	27.515942
214	[(0,171),(6,472),(20,2285),(71,294),(73,1806),(92,2213)]	27.324893
215	[(13,1784),(25,2201),(29,1902),(53,1016),(64,1324),(78,2317),(81,2515),(82,55)]	30.612243
216	[]	26.849043
217	[(20,328),(38,1127),(42,1850),(45,1856),(57,692),(60,734),(77,1295)]	29.530554
218	[(12,2514),(43,875),(68,1508),(76,1372)]	29.470661
219	[(77,1764),(81,114)]	31.002309
220	[(23,607),(28,2038),(34,1602),(50,1570)]	27.663736
221	[(20,1348),(63,2085)]	27.691331
222	[(12,1059),(43,1373),(73,1454),(78,1810)]	25.776094
223	[(19,907),(53,2424),(64,1188)]	26.980187
224	[(12,434)]	26.772879
225	[(7,543),(23,2152),(44,2186),(48,2326),(72,2100)]	26.180383
226	[(14,1522),(23,443),(38,1127)]	28.191959
227	[(17,1434),(40,605),(74,2021)]	28.225919
228	[(2,2077),(11,1446),(23,371),(34,890),(57,1442),(73,2320)]	29.190921
229	[(26,2541)]	27.275672
230	[(22,1206),(26,2490),(76,2471),(81,2404)]	29.149720
231	[(22,1266),(52,2447),(57,1980),(71,1524),(72,1339),(77,2354)]	24.778506
232	[(15,870),(27,411),(45,0),(79,1607)]	27.334965
233	[(50,1201),(52,1220),(64,990),(81,1383)]	28.403851
234	[(46,1129),(50,1191),(70,246),(81,1015)]	27.331950
235	[(0,1088),(25,237),(37,1459),(47,177),(91,2401)]	27.838963
236	[(4,1293),(18,1803)]	29.591789
237	[(11,126),(22,818),(30,766),(79,1751)]	28.228136
238	[(7,598),(59,998),(62,2488),(80,2337)]	27.682010
239	[(31,2182),(72,2460),(89,1230)]	28.888311
240	[(5,252),(12,545),(28,2273),(38,2086),(73,666),(85,938)]	30.039583
241	[(17,646),(20,2331),(22,1372),(46,2142),(82,475)]	27.761798
242	[(30,15),(47,474),(64,1199),(82,31),(85,625),(88,2399)]	27.660683
243	[(38,529),(92,1534)]	31.547308
244	[(14,479),(40,403),(41,215),(58,2152),(80,88)]	29.940347
245	[(4,1238),(27,2121),(29,2265),(33,1351),(64,500),(84,443)]	27.472934
246	[(25,587),(69,278),(75,2479)]	19.682516
247	[(48,703),(50,993),(84,2284)]	19.519825
248	[(4,1899),(35,1450),(43,1682),(77,2247),(78,1462),(84,2566),(85,415),(90,336)]	14.861918
249	[(6,1066),(27,1132),(32,1703),(42,910),(43,263)]	15.085493
250	[(91,1940)]	14.123254
251	[(32,1815),(36,2039),(39,2009)]	13.827299
252	[(46,286),(88,1648)]	13.868865
253	[(5,1043),(18,968),(21,451),(76,2131)]	15.390347
254	[(3,870),(27,2381),(47,43),(66,723)]	14.037095
255	[(58,674),(61,1053),(81,2519)]	13.831346
256	[(27,623),(52,197),(71,2355)]	13.776780
257	[(11,1255),(25,1875),(35,149),(43,999),(73,28),(80,1973)]	13.420132
258	[(0,1378),(51,493)]	13.596785
259	[(41,2554),(67,436),(75,1277),(84,1727)]	13.682604
260	[(11,669),(15,475),(29,242),(74,1023)]	13.648491
261	[(23,897),(26,772),(29,1667),(91,1132)]	14.686579
262	[(17,2262),(36,15),(38,2459),(50,1491),(54,114)]	13.611805
263	[(4,1039),(47,56),(70,2254),(71,899),(88,505)]	13.891624
264	[(6,2184),(45,416),(89,745)]	13.632054
265	[(60,829),(71,2414)]	13.697242
266	[(37,284),(39,1530),(59,358),(65,828),(83,48)]	13.955985
267	[(1,1716),(13,2441),(19,2503),(24,785),(25,1907),(55,1672),(83,513)]	14.014079
268	[(52,1535),(70,662),(91,898)]	13.597189
269	[(76,902),(92,85)]	13.516940
270	[(7,1453),(48,1245),(50,1617),(62,1404),(78,1149),(84,1311)]	14.701520
271	[(0,1493),(12,1939),(29,1824)]	14.233905
272	[(2,515),(64,2066),(70,331),(78,1692)]	14.132399
273	[(18,1651),(27,2123),(48,959),(61,709),(69,723),(78,513)]	13.741410
274	[(42,71),(81,1292)]	14.089003
275	[(48,748),(70,747),(80,2292)]	14.289043
276	[(8,1046),(38,2173),(45,456),(48,20),(85,910),(86,263)]	13.922076
277	[(41,1262),(84,2073)]	13.743532
278	[(12,2278),(58,1819)]	13.860697
279	[(49,2515),(50,55)]	13.958345
280	[(25,1204),(31,414),(33,1441),(55,218),(88,570)]	13.775499
281	[(20,2366),(31,1284),(46,596),(49,633),(60,48),(69,2475),(88,1093)]	14.001664
282	[(7,1551),(89,435)]	13.655627
283	[(7,2133),(10,2037),(32,158),(45,2471),(85,986)]	13.814672
284	[(35,2221),(54,2434)]	15.127105
285	[(28,2559),(55,401),(82,2382),(92,412)]	15.547407
286	[(4,912),(21,1501)]	13.870910
287	[(48,1411),(65,981),(79,956)]	13.492542
288	[(89,524)]	14.370756
289	[(17,87),(30,615),(36,49),(91,1876)]	13.730640
290	[(16,2218),(30,2050),(75,1420)]	13.497299
291	[(4,1736),(9,1068),(70,751)]	13.768167
292	[(56,1638),(69,646)]	13.740855
293	[]	14.368459
294	[(33,432),(44,2054),(59,1107),(68,1176),(92,1980)]	13.608364
295	[(32,1043)]	14.001144
296	[(3,691),(11,978),(21,983),(84,2287)]	15.909830
297	[(23,1310),(41,2053),(74,1536),(86,1396)]	14.718753
298	[(3,25),(85,203)]	14.066122
299	[(6,1905),(28,1673),(34,1495),(58,173),(82,150)]	13.740333
300	[(11,1359),(24,1014),(32,815)]	14.486434
301	[(23,1008),(29,1460),(68,1709),(77,2192)]	13.810218
302	[(19,142),(39,2162),(42,52),(80,59)]	19.081151
303	[(1,2314),(5,1212),(40,985),(50,391),(92,2113)]	20.426496
304	[(0,2358),(63,461),(67,1643),(73,513)]	14.102246
305	[(73,538)]	13.887102
306	[(31,975)]	13.657169
307	[(29,186),(44,1802),(47,1700),(78,2468),(79,1491)]	13.473626
308	[(44,1277),(50,1254),(81,167),(82,2108)]	14.225116
309	[(4,2538),(11,2405),(73,723),(91,2457)]	13.636133
310	[(55,230),(81,105)]	13.638942
311	[(7,1034),(16,438),(68,1450)]	13.865278
312	[(8,1737),(18,1869),(20,1473),(44,2417),(51,169),(75,653),(92,2059)]	13.696394
313	[(16,867),(36,804)]	13.708439
314	[(44,1536),(56,1480),(65,2339)]	27.048951
315	[(6,2471),(28,1692),(41,1653),(44,1888),(68,1697)]	21.659317
316	[(4,1152),(10,2393),(13,2439),(14,1016),(21,781),(23,1072),(25,1986),(65,1883),(68,1493),(70,2309)]	14.032621
317	[(7,436),(18,2451),(31,530),(36,2465),(60,2412)]	13.742062
318	[(14,1480),(83,2250),(91,685)]	13.517861
319	[(18,2160),(45,649)]	13.686990
320	[(19,838),(51,923),(59,181),(84,1846)]	14.016036
321	[(16,635),(29,2158),(49,1280),(82,1536)]	13.763809
322	[(5,1986),(52,97),(73,975),(82,1133),(85,2552)]	14.193949
323	[(44,1855),(49,466),(50,653),(62,2117)]	13.578115
324	[(59,1001),(89,1119)]	13.623201
325	[(16,1021),(42,131)]	13.639526
326	[(24,195),(29,581),(81,1421)]	13.421893
327	[(10,2084),(55,376),(61,2006),(72,2157),(77,1239)]	13.616402
328	[(6,905),(25,2299),(34,2331),(65,1981)]	13.379320
329	[(0,82),(1,1153),(6,738),(9,2381),(32,1999),(70,2481),(77,2069),(78,1543),(89,330),(92,97)]	13.542253
330	[(60,1142),(73,1051)]	13.988506
331	[]	13.365326
332	[(8,85),(26,1273),(38,568),(59,1710)]	13.926535
333	[(39,278)]	13.541710
334	[(15,433),(43,792),(68,1512),(82,419),(92,811)]	13.728995
335	[(13,2173),(26,318),(37,2400),(43,350),(49,499),(54,1146),(62,2460),(74,2140)]	13.424734
336	[(23,660),(53,1023),(67,1177)]	13.708969
337	[(10,1255),(35,1682),(71,1147)]	13.655397
338	[(44,1765),(66,1601),(72,2035)]	13.720971
339	[(13,1441),(51,2119),(58,1292),(65,1273),(75,1510)]	13.812934
340	[(5,1759),(9,93),(44,2519),(70,1139),(90,1568)]	13.559741
341	[(14,1060),(32,1405)]	13.956808
342	[(10,418),(42,1444),(51,2227),(77,1506),(79,2410)]	13.468576
343	[(4,2517),(14,1741),(22,1724),(27,1950),(40,2098),(79,2460)]	13.456602
344	[]	13.692911
345	[(50,2227),(57,2356),(84,1758)]	13.573108
346	[(10,622),(22,2349),(29,673)]	13.472112
347	[(18,38),(56,1090),(59,1641)]	13.794686
348	[(44,1493),(56,1342),(70,1001),(72,1224),(91,630)]	13.413663
349	[(67,2175)]	14.064603
350	[(11,1948),(21,1621),(36,2020),(61,226)]	15.667792
351	[(23,966),(49,1552),(57,686),(83,1790)]	13.669488
352	[(13,1944),(15,2250),(19,1619),(39,1795)]	13.457583
353	[(61,293),(75,197),(92,1557)]	14.090298
354	[(0,530),(33,2547),(48,1202)]	13.635311
355	[(8,748),(25,688),(89,641)]	15.591022
356	[(23,2126),(40,2014)]	15.358597
357	[(17,1883),(37,2080),(47,1966),(51,161),(55,1939),(79,200),(88,960)]	14.350581
358	[(1,791),(8,1603),(17,1634),(19,1830),(29,900),(30,1192),(39,2255)]	15.504600
359	[(2,1084),(5,1453),(7,741),(16,2330),(38,2247),(39,1462),(46,1172),(51,479),(91,2559)]	14.091465
360	[(7,1103)]	13.925376
361	[(19,1899),(42,813),(76,489),(77,443),(91,1128)]	13.482925
362	[(30,2336),(32,1885),(39,206),(52,1109),(65,220),(67,1544),(74,329)]	13.631322
363	[(19,2093),(49,2135)]	13.546476
364	[(28,343),(31,976),(36,1877),(44,798),(62,1295),(70,808),(88,164)]	14.535985
365	[(45,1202),(80,1754)]	13.764403
366	[(16,2274),(45,1041),(49,2302),(53,197)]	16.178004
367	[(32,650),(38,2321),(81,2193)]	15.267818
368	[(6,2524),(10,973),(16,727),(18,2318)]	14.337699
369	[(65,1131),(71,1087)]	14.378571
370	[(31,257),(73,941)]	13.680571
371	[(12,678),(19,1975),(35,1740)]	15.510925
372	[(38,270)]	18.540897
373	[(3,2063),(10,2156),(30,2474)]	14.643572
374	[(6,2),(8,244),(35,55)]	13.539482
375	[(1,667),(11,43),(60,1415),(68,2452),(80,1110)]	13.951363
376	[(42,1926),(66,705)]	13.513318
377	[(9,1884),(10,2391),(25,933),(28,518)]	14.588569
378	[(26,1693),(29,916),(47,2400),(85,1655)]	13.648558
379	[]	13.551417
380	[(7,244),(27,1089),(66,1082),(72,598)]	14.001006
381	[(13,1931),(22,1973),(31,468),(34,554),(59,711),(72,2072)]	13.666641
382	[(42,2281),(73,38)]	13.659815
383	[(6,2438),(19,1383),(62,47),(70,2445),(72,1748)]	13.689570
384	[(21,1463),(89,217)]	13.781208
385	[(76,693),(81,1257)]	13.762456
386	[(50,2210)]	17.088681
387	[(6,530),(32,1624),(47,2078),(62,303),(65,2239)]	26.944069
388	[(21,1641)]	19.433427
389	[(11,772),(28,2355),(51,1546),(78,145)]	14.082205
390	[(39,1269),(67,1849)]	13.961080
391	[(25,1362),(33,1260),(61,2138)]	13.649222
392	[(27,1824),(44,1891),(56,1657)]	14.501511
393	[(13,1569),(27,1166),(43,1064),(46,1456),(48,1637),(51,1288)]	13.715576
394	[(0,572),(20,1611),(27,2012),(42,1778),(86,1366),(90,931)]	15.119012
395	[(14,1297),(22,194),(37,220),(71,166),(92,449)]	14.111997
396	[(2,2371),(54,1871),(74,1901)]	14.324055
397	[(5,40),(29,1143),(43,127),(45,174),(69,1580),(83,1204)]	13.656261
398	[(8,664),(41,631),(52,359),(55,488)]	14.327107
399	[(3,2561),(60,832),(86,1547)]	14.887877
400	[(14,4),(15,1513),(61,2226),(65,1751)]	14.213140
401	[(8,502),(27,1476),(79,1486)]	13.779484
402	[(13,1369),(43,651),(46,1122)]	13.571319
403	[(10,1786),(12,949),(28,1780)]	13.976067
404	[(2,2503),(42,1937),(44,628),(56,836),(57,113),(78,1178),(92,2344)]	13.839814
405	[(44,8),(74,1083),(76,1034),(86,1170)]	13.987916
406	[(18,188),(79,1434),(84,630),(87,955)]	13.870191
407	[(3,1705),(25,555),(47,145),(49,54),(60,2246)]	14.604342
408	[(41,331),(49,378),(51,2384),(56,836)]	13.833868
409	[]	13.558226
410	[(6,2152)]	14.161989
411	[(17,540),(31,197),(59,347),(73,1193)]	14.100975
412	[(1,635),(31,2041),(36,1012),(43,2257)]	13.622205
413	[(2,1901),(27,543),(76,1473)]	14.168857
414	[(18,1164),(19,80),(36,1085),(56,1527),(82,1699)]	14.109948
415	[(15,92),(19,752),(23,2113),(55,487),(61,1827),(90,606)]	15.030728
416	[(0,2081),(9,2106),(11,2351),(27,791),(28,811),(46,1889),(48,1768),(50,2001),(54,1959),(62,2025),(68,1234),(86,1226)]	14.181805
417	[(4,396),(8,2083),(13,1046),(28,547),(30,1782),(35,2248),(41,0),(57,2558)]	16.142685
418	[(6,2377),(12,1600),(37,1091),(38,324),(42,2523),(70,1298),(71,1930),(73,1799)]	14.016651
419	[(72,1288),(76,1954)]	13.448849
420	[(5,1368),(14,349),(28,2134),(62,10)]	13.603316
421	[(10,878),(36,407),(38,2141),(50,2189),(69,2005),(84,279)]	13.675984
422	[(2,1845),(11,1953),(24,2479),(38,1105),(40,2442)]	13.607013
423	[(7,1801),(17,1215),(22,373),(27,2342)]	13.753109
424	[(34,351),(49,1537),(61,1797),(92,2114)]	15.770446
425	[(55,2345),(86,465),(92,1190)]	14.254153
426	[(65,1840)]	13.492988
427	[(38,1099),(75,1352),(88,1308)]	13.994288
428	[(67,1558)]	14.106144
429	[(14,1631),(17,795),(26,524),(52,1181),(55,2528),(57,1451),(78,1403),(82,2073),(90,1478)]	13.475005
430	[(86,1486)]	13.967907
431	[(4,2025),(20,1788),(27,531),(28,500),(41,110),(72,1152)]	14.097635
432	[(21,271),(22,1447),(39,1787),(88,337)]	13.613963
433	[(15,1012),(53,679),(64,884)]	13.647230
434	[(66,2087),(90,1291)]	13.354226
435	[(69,2324),(70,1857),(82,967),(85,2292)]	16.137118
436	[]	16.013765
437	[(9,1898),(15,16),(45,1404),(87,548)]	14.623571
438	[(3,414),(7,616),(65,2535)]	13.706615
439	[(19,143),(47,1829),(71,435),(84,1067),(86,359)]	13.831049
440	[(31,1049)]	15.604587
441	[(23,1683),(26,1719),(43,2196),(48,1031)]	18.984687
442	[(16,2005),(18,636),(50,560),(81,1032),(89,2379),(91,1077)]	14.509303
443	[(13,385),(56,2438)]	14.154676
444	[(22,1548),(33,994),(57,447)]	14.219903
445	[(18,1060),(45,2158),(51,466),(70,1092),(73,1879),(77,1905)]	13.769361
446	[(14,335),(65,2183)]	13.696104
447	[(50,1470),(56,2018),(81,658)]	13.973400
448	[(1,1936),(4,530),(16,1849),(17,898),(36,1838),(73,2232)]	13.764036
449	[(26,1471),(33,200),(88,156)]	14.259741
450	[(0,1888),(40,680),(61,1623)]	14.320142
451	[(21,2295),(32,2548),(34,252),(50,1844),(59,2184)]	14.203839
452	[(22,1399),(25,2317),(37,2399),(46,1339),(55,2472),(68,1727)]	13.575498
453	[(12,515),(32,2125),(46,192)]	13.834435
454	[(3,1068),(9,1917),(15,284)]	13.626098
455	[(1,2005),(11,783)]	13.989237
456	[(91,769)]	13.696943
457	[(27,1684),(39,2314)]	13.701400
458	[(41,464),(58,1650),(69,2229),(70,738),(78,1860),(88,133)]	18.182008
459	[(50,1289),(90,1836)]	27.434384
460	[(2,578),(8,1140),(9,1405),(17,505),(18,1825),(34,251)]	15.026747
461	[(38,620),(40,1862),(54,2212)]	13.594655
462	[(55,868),(61,309),(84,1652)]	13.893568
463	[(39,236),(52,732)]	13.551515
464	[(3,2065),(42,2358),(44,1083),(89,246)]	13.867520
465	[(13,2175),(57,2174),(79,1454)]	13.488965
466	[(8,659),(48,1195),(87,2480)]	13.435540
467	[(4,803),(21,456),(67,199),(86,2452)]	13.612639
468	[(21,2409),(47,1601),(63,1538),(68,1055),(75,1467),(86,1904)]	13.495094
469	[(33,2377)]	13.682622
470	[(22,2335),(38,2507)]	13.469946
471	[(3,684),(7,1590),(41,2235),(59,1539),(69,1876)]	13.433726
472	[(2,2058),(44,312),(49,1209),(56,666),(66,927)]	13.619697
473	[(19,1256),(43,2011),(63,982),(68,578)]	13.716424
474	[(10,2221),(42,2425),(45,1509),(57,1579),(68,1965),(75,304),(88,478)]	13.903106
475	[(44,1802),(62,2538),(76,2112)]	13.851743
476	[(26,2301),(27,1190)]	13.603217
477	[(32,563),(47,1526),(70,1318),(88,2193)]	14.209709
478	[(10,1178),(14,621),(32,2498),(34,1138),(88,1839)]	14.058369
479	[(1,219),(9,1280),(25,1858),(30,121),(40,988)]	14.148268
480	[(6,122),(9,557),(45,1197),(49,1764),(59,1275),(61,2054),(83,2523)]	14.009247
481	[(83,2520)]	13.736836
482	[(81,1979)]	13.980713
483	[(5,1282),(9,2058),(62,2463)]	14.058172
484	[(26,1238),(32,574),(34,810),(50,438),(75,1406)]	13.899952
485	[(57,859),(77,535),(87,2315)]	13.915784
486	[(33,1067),(47,1919),(73,784)]	13.792207
487	[(75,1294),(82,1257)]	14.150902
488	[(0,1405),(10,2351),(13,1525),(85,617),(88,1798)]	14.150954
489	[(4,1166),(19,1896),(24,2367),(26,2340)]	13.543101
490	[(11,1777),(32,862),(47,857),(49,2448),(55,760),(70,2477),(73,1194)]	13.660940
491	[(40,756),(57,2432)]	13.568118
492	[(68,1253),(90,425)]	13.836542
493	[(3,1742),(8,976),(12,1666),(21,635),(26,388),(84,2440)]	13.664158
494	[(22,1891),(27,1135),(40,780),(64,279)]	15.402319
495	[(4,2436),(80,727)]	14.204183
496	[(47,607),(49,2029),(59,1170),(62,991),(67,1906)]	13.411019
497	[(23,969),(48,327),(50,2042),(85,423)]	13.849875
498	[(8,496),(13,2040),(55,1093),(70,757)]	13.626915
499	[(7,429),(31,2486),(79,1376)]	13.435801
500	[(1,680),(9,2053),(39,529),(44,2336)]	14.276314
501	[(27,688),(28,780),(35,2142),(37,1799),(75,1850)]	13.434480
502	[(26,1604),(36,1925),(73,1099)]	14.180162
503	[(55,1842),(59,22),(78,929)]	13.746137
504	[(11,1037)]	13.452049
505	[(75,1266),(86,1067),(88,359),(90,1381)]	13.806763
506	[(1,1599),(35,583)]	16.211709
507	[(10,1249),(57,677),(76,1344),(91,1967)]	14.709595
508	[(4,1820),(23,2394),(61,171)]	13.653085
509	[(9,1547),(22,2209),(74,2351)]	14.422145
510	[(32,1911),(61,135),(88,1323)]	15.864575
511	[(14,1811),(31,1369),(38,1199),(56,112),(59,502),(83,1043)]	18.761684
512	[(5,1280),(12,2241),(14,2460),(90,411)]	14.671390
513	[(2,151),(11,1473),(36,757),(62,538)]	13.473562
514	[(4,676),(67,1727),(81,1180)]	14.865139
515	[(4,182),(19,2329),(28,99),(35,1796),(92,1277)]	14.736605
516	[(41,132),(50,2334),(64,1632),(76,901)]	16.731682
517	[(5,1424),(33,2525),(63,1433)]	13.619226
518	[(18,566),(80,329)]	13.612246
519	[(64,550),(69,2559),(79,493),(83,951),(90,1946)]	13.843353
520	[(11,1121),(40,2316),(46,251),(51,251),(52,1774)]	13.738512
521	[(13,1536),(15,2053),(27,1865),(35,1047),(46,647),(72,2176)]	13.642992
522	[(35,26),(41,2170),(89,302)]	13.599686
523	[(62,562),(65,1084)]	13.580762
524	[(0,616),(1,622),(9,651),(64,645)]	13.913567
525	[(58,590)]	13.586620
526	[(0,2479),(79,567)]	13.666781
527	[(0,732),(3,2490),(17,2076),(21,2140),(34,1976),(48,1588),(63,1945),(75,2559),(81,1401)]	14.081132
528	[]	13.542531
529	[(13,1270),(24,139),(70,72)]	13.779657
530	[(22,1062),(38,2098)]	13.396660
531	[(2,118),(36,430),(39,949),(61,2316),(70,2106),(83,1841)]	22.716379
532	[(2,2106),(15,966),(55,1299),(80,930),(82,2302),(92,690)]	25.261831
533	[(90,343)]	14.721474
534	[(4,1395),(63,51)]	13.999263
535	[(7,521),(22,1253),(23,2155),(27,575),(44,1462),(47,1211),(69,573)]	13.763191
536	[(2,1359),(26,1210),(34,1392),(35,527),(37,609),(41,2455),(52,697),(56,1370)]	13.397281
537	[(10,668),(26,2325),(85,1154)]	14.018620
538	[(24,58),(59,1490)]	13.989712
539	[(17,7),(36,580),(43,2196),(77,1342),(88,2350)]	13.656584
540	[(6,1684),(43,1029)]	15.645382
541	[(52,195),(53,2548),(55,2076)]	13.784420
542	[(10,140),(15,776),(42,1640),(47,125),(60,1126)]	14.943044
543	[(11,547),(34,1451),(80,1413)]	14.211036
544	[(6,1402),(30,1631),(39,898),(44,2323),(75,2358)]	14.060126
545	[(15,912),(43,784),(54,161),(71,1246),(91,1219)]	13.930316
546	[(10,1671),(12,2171),(61,1145),(84,1164),(92,2215)]	13.797127
547	[(41,539),(56,398),(61,2397),(70,1425),(81,344)]	13.769184
548	[(16,1191),(21,1850),(31,1319),(40,1330)]	13.594690
549	[(33,1630),(52,2513),(65,2312),(86,980)]	15.061694
550	[(2,1475),(12,1873),(17,606),(21,1621),(34,562),(47,765),(67,1375)]	14.309088
551	[(16,956),(18,234),(45,1188)]	13.538410
552	[(14,1061),(21,1673),(37,1383),(59,249)]	14.815540
553	[(0,1754),(91,7)]	14.194641
554	[(61,1573),(68,1579),(72,512),(84,846),(87,2436)]	13.709635
555	[(1,1054),(2,304),(5,1633),(12,760),(44,339),(68,2486),(74,2147)]	13.856075
556	[(13,2382),(52,1644)]	13.576113
557	[(31,607),(55,527),(70,1445),(75,419),(88,1524)]	13.998575
558	[(33,1031),(35,2392),(47,260),(77,2097)]	13.918669
559	[(4,886),(7,2189),(18,888),(52,125),(91,1540)]	13.816151
560	[(26,797),(33,1704)]	14.509098
561	[(3,2015),(39,1234),(54,2059),(88,1579)]	14.373053
562	[(16,999),(18,5),(59,2342),(67,445),(77,1355)]	13.604196
563	[(28,826),(50,1373),(55,2231)]	15.265436
564	[(24,2489),(91,1306)]	13.825445
565	[(2,1810),(30,1543),(45,1210),(55,597)]	13.609252
566	[(15,1848),(19,140),(41,761)]	15.922661
567	[(48,1646)]	13.698640
568	[(17,2233),(18,2402),(47,2414),(57,979),(72,214),(90,292)]	13.522814
569	[(3,474),(27,1079),(36,2214),(49,1724),(70,797)]	13.396701
570	[(18,29)]	14.638815
571	[(3,2021),(32,2160),(35,822),(49,152),(58,826),(63,1292),(77,573),(82,2120),(84,1579)]	13.458545
572	[(1,1176),(17,1032),(21,199),(66,647),(84,140)]	13.804418
573	[(67,1695)]	14.051387
574	[(35,575),(79,965),(82,882)]	13.804480
575	[(37,942),(42,2382),(83,519)]	16.282254
576	[(18,1525),(23,2207),(50,67),(58,523),(59,2488),(75,2406)]	17.616306
577	[(3,473),(26,693),(79,1829)]	14.193655
578	[(18,1598),(26,1256),(30,2291),(34,1277)]	13.593885
579	[(12,947),(16,283),(21,169),(24,1799),(30,2425)]	16.229452
580	[(8,1783),(11,1691),(63,1244),(64,1841)]	18.907934
581	[]	14.148446
582	[(41,2529),(43,1591),(50,946),(75,1126),(77,2349)]	14.226059
583	[(31,1198),(85,474),(89,592)]	13.929454
584	[(27,138),(49,669),(50,300)]	13.542690
585	[(59,2551)]	13.544785
586	[(5,2125),(9,2205),(60,1488)]	14.573757
587	[(11,2001),(28,1407),(54,826),(84,871)]	13.620425
588	[(43,1087),(64,1098),(69,1756),(71,1952),(86,1044)]	13.658108
589	[(4,285),(36,1144),(73,2234),(86,507)]	13.473068
590	[(8,725),(9,1590),(25,2189),(43,1517),(63,60),(91,1511)]	13.845809
591	[(5,762),(25,1664),(33,1552),(38,2138),(39,2372),(59,248),(63,288)]	13.389110
592	[(3,1878),(43,1615),(56,1667),(64,1759)]	13.508303
593	[(24,283),(54,168),(59,1989),(88,451)]	14.012542
594	[(13,487),(67,2247),(88,979),(92,2174)]	14.843888
595	[(39,1139),(53,1953),(82,730),(88,592)]	13.622024
596	[(7,772),(12,1466)]	13.531281
597	[(13,1770),(41,365),(61,1349),(65,166),(72,2029)]	13.673123
598	[(6,1687),(24,2347),(62,979),(83,785)]	13.979387
599	[(0,894),(13,1103),(54,1840),(63,1771),(74,693),(92,583)]	13.347389
600	[(57,38),(67,2319)]	14.359072
601	[(34,1544),(37,1055),(83,2560)]	13.333387
602	[(29,1824),(34,1430),(55,1899),(58,2513)]	13.592230
603	[(6,1019),(19,1607),(40,675),(90,953)]	22.883796
604	[(17,2065),(58,2115),(68,1395)]	22.529762
605	[(37,2532),(65,286)]	13.759923
606	[(11,1113),(18,1556),(32,66),(34,1997),(69,1849),(70,898)]	13.472896
607	[]	13.455092
608	[(15,1890),(80,1876)]	13.430842
609	[(37,251),(66,2425),(87,1362),(92,1312)]	13.690272
610	[(13,617),(34,2261),(36,580),(81,2130)]	13.569036
611	[(4,2261),(12,2050),(87,901),(92,2435)]	13.857758
612	[(35,988),(49,1627)]	13.923953
613	[(9,443),(29,2442),(60,126)]	14.099401
614	[(20,1692),(36,1982),(43,1616),(71,1855),(77,2157),(81,281)]	15.032198
615	[(3,1890),(14,1191),(18,47),(55,501),(72,354),(81,1549),(92,907)]	13.972981
616	[(34,2356),(40,1620)]	16.368417
617	[(3,632),(18,775)]	13.533931
618	[(30,2310),(70,763)]	13.494540
619	[(54,441),(60,2368),(61,1557),(65,1457),(92,728)]	14.348754
620	[(0,1352),(1,1059),(23,1673),(29,2349)]	13.814019
621	[(8,1846),(20,2050),(39,1542)]	14.513415
622	[(22,894),(52,1681),(78,1854)]	14.130446
623	[(13,2312),(60,299),(63,695),(65,469)]	13.741270
624	[(75,509)]	13.369529
625	[(34,1358),(62,8),(85,1161)]	13.538301
626	[(1,1339),(60,2366)]	13.684749
627	[(54,1315),(59,1282),(74,2023),(88,2471)]	13.600548
628	[(6,1998)]	14.045665
629	[(0,2411),(17,1705),(26,1424),(41,2567),(62,656),(71,714)]	13.812211
630	[(0,1468),(18,1611),(73,448)]	13.424008
631	[(46,1168),(63,2125)]	14.000517
632	[(1,1385),(15,163),(41,163),(42,948),(65,366),(87,2345),(91,1161)]	13.486334
633	[(9,2102),(21,604)]	15.323560
634	[(89,830),(92,284)]	14.399160
635	[(19,1679),(80,2310)]	13.693774
636	[(3,1760),(25,1815),(66,999),(74,159)]	13.688860
637	[(30,194),(41,2427),(85,583),(88,1526)]	13.388306
638	[(5,2046),(79,1042)]	13.558283
639	[(9,950),(75,115),(86,641),(87,2288)]	13.370874
640	[(16,971),(48,377),(68,645),(88,1096)]	13.569443
641	[(19,634),(44,2077),(49,1404),(67,1684)]	13.492731
642	[(34,1548),(64,78),(69,586)]	13.592238
643	[(48,1253),(59,99),(90,1769)]	13.623182
644	[(16,721),(34,2239),(38,630),(53,859),(66,2219),(72,368),(77,615),(82,1967)]	14.414476
645	[(9,1616),(22,2135),(58,122),(67,457),(89,862)]	17.211482
646	[(11,1074),(28,613),(82,2507),(84,1755)]	14.387679
647	[(49,175),(71,2163)]	13.897915
648	[(14,115),(18,1594),(26,1375)]	13.402345
649	[(15,951),(73,884),(85,2160),(91,1634)]	16.812449
650	[(20,1327),(36,356),(42,2464),(85,705)]	18.696804
651	[(0,1420),(24,2360)]	14.209870
652	[(25,662),(75,2496)]	13.614707
653	[(84,2399),(90,910),(91,263)]	14.469341
654	[(22,1478)]	13.490106
655	[(21,337),(26,1587),(29,2565),(31,1301),(84,2289),(88,2503),(92,2493)]	20.264199
656	[(42,314),(57,389),(61,905),(67,2351),(72,1888),(79,2422)]	16.832442
657	[(11,1877),(23,1118),(70,1982),(90,2208)]	14.699948
658	[(1,2153),(59,2184)]	13.549640
659	[]	13.427762
660	[(22,163),(30,565),(88,78)]	13.681604
661	[(28,304),(60,1743),(64,178),(88,1495)]	13.504935
662	[(3,2151),(35,1547),(41,182),(60,987)]	14.219300
663	[(29,976),(55,715),(56,1589),(57,1761),(58,856),(64,2371),(85,378)]	13.947460
664	[(3,1210),(17,561),(18,521),(26,2429),(83,521)]	13.681472
665	[(6,687),(38,1260),(59,1554)]	13.791449
666	[(12,130),(30,2295),(78,1970)]	21.420330
667	[(23,251),(44,2152)]	14.313648
668	[(29,2417),(83,1449)]	13.783289
669	[(42,1215),(70,1953)]	14.128822
670	[]	13.490058
671	[(8,1032),(17,996),(64,1105),(79,2221)]	13.806271
672	[(24,1145),(50,810),(87,2144),(89,8)]	13.659364
673	[(4,2473),(25,862),(69,1198)]	13.605467
674	[(33,1016),(35,361),(42,1785),(58,1174)]	18.911976
675	[(66,678),(71,925)]	27.263395
676	[(4,526),(5,1543),(9,678),(43,2424),(50,1541),(66,1726),(74,2334)]	29.036232
677	[(50,479),(56,1408),(71,1072),(88,1141)]	29.201652
678	[(22,373),(35,2019),(41,74),(55,140),(68,201),(75,1436)]	14.502733
679	[(13,138),(26,1385),(38,1077),(76,840),(86,2143),(88,1537)]	13.772636
680	[(32,1501),(82,2008)]	13.826869
681	[(61,1337)]	13.502346
682	[(30,1443),(33,700),(43,663),(69,1245)]	13.743294
683	[]	13.595458
684	[(60,1594),(64,2240)]	13.407772
685	[(3,333),(29,1354),(53,1003),(66,1515),(85,1230)]	13.888014
686	[(73,485),(85,549)]	13.390581
687	[(31,778),(48,1022),(62,1234),(71,1601)]	13.696423
688	[(15,1775),(34,781),(45,154),(46,76),(48,488),(52,628),(66,971)]	14.030884
689	[(7,1647),(14,953),(70,1062)]	19.038851
690	[(15,1563),(19,675),(32,657),(42,946),(56,854)]	16.968170
691	[(79,1415)]	13.675242
692	[(22,875),(29,92),(66,1376),(70,409)]	13.455765
693	[(11,2211),(12,507),(42,925)]	15.259687
694	[(78,1640),(91,2233)]	14.634426
695	[(47,1459),(71,1006),(74,2018),(89,2554)]	13.608321
696	[]	13.442108
697	[(15,2282),(29,879),(36,1324),(73,2014),(74,642),(77,930)]	13.881049
698	[]	13.807977
699	[(44,2370),(55,1928),(77,2102),(79,569)]	15.253125
700	[(87,1970)]	24.077136
701	[(14,2247)]	29.372198
702	[(11,528),(16,1616),(22,2417),(35,1087),(57,1301)]	29.099679
703	[(90,1044)]	29.721947
704	[(18,1313),(30,17),(52,1129),(72,910),(75,1250)]	16.210230
705	[(2,1815),(16,746),(23,1674)]	13.407133
706	[(40,974),(49,2473),(56,2317)]	13.603270
707	[(21,2500),(61,1246),(87,2293),(92,324)]	16.203051
708	[(30,2383),(55,1828),(74,231),(90,427)]	14.929853
709	[]	13.670829
710	[(11,1727),(46,716),(74,780)]	14.585314
711	[(13,2280),(24,935),(66,1803),(88,2362)]	18.697594
712	[(9,1972),(31,433),(49,1837),(58,1870),(82,824)]	18.960596
713	[(1,1449),(23,1510),(28,1342),(55,1495)]	13.721946
714	[(7,2509)]	13.991315
715	[(15,2172),(71,1586)]	13.603419
716	[(11,1387),(21,1634),(24,2066),(82,57)]	15.012322
717	[(1,935),(27,68),(31,1221),(82,2518)]	13.879596
718	[(15,1012),(62,1063),(64,2445),(80,929),(89,851)]	14.102374
719	[(6,1968),(57,1213),(81,383)]	14.161054
720	[(27,133),(32,1247),(42,1788),(51,870),(69,35)]	13.745179
721	[(1,449),(88,1899)]	13.618781
722	[(70,1213),(81,1473)]	13.789217
723	[(12,184),(14,304),(16,49)]	13.692401
724	[]	15.916402
725	[(34,494),(47,2392),(55,489),(70,2388),(88,1355)]	14.112349
726	[(26,751),(53,1230),(73,1959),(79,465)]	13.999700
727	[(19,1929),(24,2075),(41,982)]	13.811504
728	[(32,1693),(49,931),(58,588),(75,1888)]	15.022577
729	[(14,365),(19,1441),(22,532),(27,1636)]	13.985542
730	[(62,183),(74,1684),(90,1677)]	13.748202
731	[(6,1921),(19,346),(36,345),(46,345),(79,1821),(81,1172),(91,69)]	13.625129
732	[(81,931)]	13.867917
733	[(14,2025),(25,1428),(48,1323),(78,2116),(91,1675)]	13.886248
734	[(9,559),(32,1320),(58,942),(60,1546),(63,1571),(65,158),(75,710)]	13.530661
735	[(12,2345),(16,2287),(72,211),(79,1211)]	14.192626
736	[(14,2131),(19,25),(27,2466),(30,49),(67,994),(68,1696)]	14.213639
737	[(11,1703),(15,102),(43,2469),(57,1938),(68,1087),(71,1120),(91,1952),(92,19)]	13.634555
738	[(18,2429),(24,2322),(35,686)]	13.778842
739	[(3,2524),(13,1338),(38,1770),(80,774)]	16.507315
740	[(56,1532),(72,2483)]	27.389822
741	[(22,2441),(36,15),(56,288)]	15.836103
742	[]	13.982829
743	[(8,2563),(60,2165),(75,1272)]	14.111562
744	[(21,1691),(44,198),(68,2114),(81,1515)]	13.814592
745	[(30,664),(61,1414),(71,559),(75,1238),(80,1692),(86,763)]	23.586933
746	[(22,1221),(66,2332)]	28.739604
747	[(48,574),(74,2445)]	17.734313
748	[(49,1137),(71,1509)]	14.227475
749	[(13,1129),(50,603)]	13.813786
750	[(66,2498),(68,1138)]	13.552120
751	[(74,1329),(83,1388)]	14.175327
752	[(5,656),(23,2274),(27,927),(50,1314)]	13.761113
753	[(4,152),(53,1725),(57,1001),(83,2313)]	14.521092
754	[]	14.496355
755	[(55,255),(90,1564)]	14.011613
756	[(49,1172),(63,1977),(74,1017)]	13.851029
757	[(16,1765)]	13.824231
758	[(56,1439),(66,911)]	13.755208
759	[(50,1827),(59,1066),(72,1452)]	16.286321
760	[(4,2536),(16,426),(56,1265),(61,398),(70,136),(74,1161)]	13.925767
761	[(22,2215),(45,1101)]	13.687926
762	[(52,674),(74,1345)]	15.217668
763	[(27,1981),(32,1141),(38,2090),(48,240),(60,291)]	14.339122
764	[]	13.942087
765	[(3,410),(14,141),(68,2102)]	13.567438
766	[(23,2551),(39,676),(72,1747),(88,1009)]	13.483860
767	[(17,223),(38,173),(85,592)]	13.868361
768	[(6,1820),(32,421),(50,794)]	13.671436
769	[(1,476),(16,1234),(53,531),(64,1435),(72,840)]	13.425782
770	[(20,1855),(27,2022),(39,1416),(48,546),(56,1421),(72,758),(81,1890)]	13.681842
771	[(5,2285),(45,1116),(47,132),(57,2240),(89,574)]	13.767940
772	[(16,1658),(31,74),(38,2389),(42,2037)]	14.026246
773	[(1,1036),(11,1376),(43,2152),(47,2164),(58,564),(74,2164)]	13.625861
774	[(36,320)]	17.028485
775	[(8,1908),(35,63),(50,2491),(51,1577),(57,255)]	15.324408
776	[(32,1307),(52,1656),(59,1753),(65,151),(89,1165)]	13.833197
777	[(35,704),(66,239),(90,1076)]	13.925271
778	[(3,1896),(21,2550),(38,2271),(76,1472),(80,180)]	17.686465
779	[(67,2056)]	16.690901
780	[(1,272),(28,1086),(40,2375),(69,2486),(75,1049),(80,662),(86,122),(88,572)]	13.913334
781	[(86,1885),(89,2360)]	13.566990
782	[(24,1791),(32,1539),(35,2562),(54,1258),(75,2494),(83,1013)]	13.744399
783	[(39,1671),(49,2062),(59,1126)]	13.885966
784	[(8,1749),(19,1951),(23,1266),(39,1686),(65,2255),(69,830)]	14.003631
785	[(7,1129),(16,1948),(40,1554),(63,1429),(65,1773)]	14.037426
786	[(19,698),(27,1628),(36,2371),(77,142)]	13.624480
787	[(8,1543),(40,1111),(49,1725)]	16.695205
788	[(9,1723),(15,1789)]	14.213401
789	[(19,766),(31,1473),(65,1805),(75,540)]	14.247225
790	[(16,2431),(64,1374),(68,919),(81,1385),(90,1231)]	13.813159
791	[(19,2482),(23,137),(55,1217),(92,61)]	13.564485
792	[(7,872),(9,173),(26,1059),(32,2076),(40,2317),(65,2054),(79,1324)]	13.842739
793	[(16,637),(19,2440),(52,1847),(84,1291),(92,227)]	14.247492
794	[(5,684),(64,1021)]	13.648811
795	[(1,19),(42,2245),(62,568),(92,1436)]	13.895149
796	[(49,352),(85,2015)]	13.655747
797	[(12,2547),(68,1123),(70,942)]	14.072728
798	[(7,1871),(50,1041),(65,2320),(74,387)]	13.563096
799	[(1,1646),(50,2543),(52,548),(85,2529),(91,1806)]	13.875253
800	[(11,274),(28,180),(40,1208),(43,1666),(57,2239)]	14.690939
801	[(20,2208),(27,2027),(30,898),(71,1251)]	13.813441
802	[(16,2307),(35,2093),(38,1337),(46,1900),(57,2117)]	13.920315
803	[(39,372),(49,254),(59,1517)]	13.862232
804	[(10,1052),(65,738),(72,1300),(82,2084),(92,1499)]	13.726380
805	[(89,174)]	13.615071
806	[(17,1181),(31,890)]	13.724583
807	[(28,1682),(41,2502),(64,2273),(75,583)]	13.931194
808	[(66,572),(84,1267)]	13.701134
809	[(32,1537),(49,430),(63,1818),(71,1057),(74,1506),(82,523),(83,2488)]	16.197367
810	[(31,365)]	27.202715
811	[(28,1119),(56,2534),(72,631),(74,1472)]	16.457823
812	[(4,973)]	13.846572
813	[(4,366),(15,232),(74,1831)]	15.414415
814	[(4,146),(13,401),(20,2482),(39,991)]	16.614777
815	[(19,1477),(29,1510),(30,415),(39,1178),(41,2140),(42,1878)]	16.464311
816	[(19,1941),(25,2266),(39,858),(74,214)]	18.531517
817	[(4,237),(8,1320),(36,2555),(80,841)]	15.517607
818	[(15,1976),(33,1256),(74,1778)]	15.486135
819	[(11,594),(39,1522),(53,1181)]	15.771398
820	[(0,1428),(5,718),(14,1769),(32,896),(67,2468),(68,1491)]	15.479979
821	[(5,30),(24,1801),(62,955),(83,34)]	15.883550
822	[(35,1525),(47,1135),(71,961),(77,2274)]	16.005554
823	[(3,1254),(62,884),(67,2187),(91,2529)]	14.470775
824	[(30,2167),(44,974),(72,1955),(92,1421)]	14.266358
825	[(39,444),(43,852),(44,1347),(52,2316),(82,471)]	13.662286
826	[(46,1063),(63,824),(76,2555)]	14.284034
827	[(59,1692),(82,1423),(91,2264)]	14.416703
828	[(1,208),(18,1002)]	14.044298
829	[(74,1898)]	13.835057
830	[(12,149),(46,2450),(54,340),(56,2538),(60,841),(82,2027)]	15.434428
831	[(12,2500),(34,428),(52,2344),(80,1266),(87,448)]	14.360832
832	[(3,1906),(77,2262)]	13.968860
833	[(15,1814),(73,2291),(78,2189),(87,295)]	13.719250
834	[(24,15),(47,594),(75,969)]	13.403948
835	[(2,446),(47,798),(58,1425),(81,2496)]	13.687157
836	[(17,616),(18,622)]	14.235646
837	[(0,1902),(15,93),(29,888)]	13.794821
838	[(15,792),(63,2429),(85,2427)]	13.623402
839	[(23,1263),(58,1025),(74,1161)]	14.553787
840	[(70,2034)]	13.764158
841	[(46,1638),(69,2018),(72,455),(87,1067),(90,2216)]	13.807249
842	[(3,2083),(35,1902),(60,27),(87,2130)]	18.021836
843	[(60,1916)]	15.417654
844	[(52,692),(64,1975),(82,1253)]	13.971498
845	[(30,1635)]	14.258009
846	[(2,1195),(3,2149)]	19.547404
847	[(1,1058),(17,737),(30,802)]	14.814780
848	[(28,264),(31,407),(32,1987),(60,2365),(80,2208),(84,694)]	13.675759
849	[(41,2306),(48,1706),(67,2371)]	13.733907
850	[(57,398),(64,291),(90,551)]	14.154640
851	[(14,2275),(49,998),(56,866),(60,159),(72,2482)]	14.085037
852	[(41,1175)]	13.463117
853	[(16,863),(32,558)]	13.553380
854	[]	13.482946
855	[(6,2001),(11,1771),(16,346),(68,2012)]	14.224509
856	[(11,51),(25,2503),(53,1369),(69,2094)]	13.981253
857	[(53,2415),(57,1548),(76,457),(77,1423),(80,2135)]	13.644961
858	[(45,1697),(57,317),(76,1534)]	13.485702
859	[(7,1965),(13,442),(44,1674),(81,1834)]	13.559915
860	[(25,1503),(92,949)]	13.601168
861	[(2,1134),(32,1457),(83,1619),(90,1380)]	13.676674
862	[(23,2277),(35,824),(66,816)]	13.725110
863	[(4,937),(24,2520),(36,2196)]	13.624617
864	[(10,1932),(39,1255),(41,2007)]	13.611837
865	[(77,192)]	13.694496
866	[(4,1614),(19,409),(33,27),(56,1258),(60,296),(76,1642),(90,2314)]	13.515543
867	[(10,2184),(24,2367)]	13.947582
868	[(3,1029),(13,616),(50,660),(53,1174),(64,1426),(65,129),(90,2126)]	13.603574
869	[(31,1281),(38,63),(43,1274),(83,1558)]	13.526438
870	[(91,545)]	13.569520
871	[(30,436),(39,1400),(44,492)]	13.678896
872	[(6,1290),(21,1713),(24,569),(50,10),(91,491)]	13.668464
873	[(7,2044),(39,273),(51,1428),(55,2220),(71,2293),(91,201)]	13.429045
874	[(7,1907),(12,547),(17,1547),(22,538),(26,2064),(75,457),(76,1423)]	14.189379
875	[(2,2301)]	13.429588
876	[(13,1042),(15,490),(45,724)]	13.530854
877	[(6,1645),(88,1439)]	13.569241
878	[(14,998),(23,723),(31,186),(33,731),(46,1491),(82,47),(85,1159),(88,1682)]	13.467894
879	[(4,2213),(8,2548),(12,2301),(31,2244),(32,458),(33,936),(61,841)]	13.497334
880	[(0,475),(4,1460),(15,75),(23,1811),(55,1680),(70,961)]	15.629854
881	[(15,1582),(70,1560)]	27.419354
882	[(1,1555),(5,2154),(67,915)]	16.397363
883	[(27,769),(59,649),(74,2091),(79,620)]	13.511684
884	[(32,1151),(53,2343),(60,767),(63,2547)]	13.506137
885	[(43,2450),(47,1051)]	13.452661
886	[(5,2240),(17,272),(32,16),(52,2374),(54,550),(83,2211)]	13.763144
887	[(4,1699),(20,774),(31,1358),(60,1245),(62,1617)]	13.477248
888	[(16,1029),(23,825),(45,1945),(48,2127),(68,718)]	13.587010
889	[(2,789),(7,203),(12,532),(47,249),(90,949)]	13.669340
890	[(61,1782),(87,2014)]	13.811564
891	[(7,1512),(27,2359),(30,1390),(39,2386),(56,990),(77,2393)]	13.787379
892	[(10,1725),(15,1766),(35,475),(40,1878),(51,168),(77,2495),(88,2333)]	13.672472
893	[(15,782),(36,1786),(59,1313)]	13.387628
894	[(15,442),(59,43),(73,289),(79,2375),(81,1783),(85,1260)]	13.454978
895	[(35,399),(48,919),(77,786)]	13.691542
896	[(18,805),(41,334)]	13.606996
897	[(17,1265),(22,2528),(30,1502),(48,1526),(50,1878),(66,511)]	13.570437
898	[(31,2449),(54,1510),(55,1169),(75,148)]	13.810824
899	[(20,1136),(30,1508),(65,2153),(91,2392)]	13.545026
900	[(4,1102),(9,1247),(27,1024),(28,1961),(72,725),(78,1457)]	14.157016
901	[(15,401),(42,1859),(47,1017),(54,118),(80,2277)]	15.873071
902	[(8,1006),(10,2035),(20,1137),(23,2296),(24,1862),(28,2310),(66,2477),(78,463)]	14.016499
903	[(31,241),(35,2199),(45,1239),(84,2412)]	14.231889
904	[(11,711),(26,630)]	13.684732
905	[(3,1919),(90,868)]	14.310017
906	[(68,2146),(69,2212),(89,1780)]	14.285619
907	[(15,1807),(36,1584),(41,340),(50,1745),(83,2503)]	13.971279
908	[(29,487),(36,2431)]	14.388667
909	[(30,303),(34,1668),(39,1521),(79,64)]	15.048095
910	[(24,2208),(68,2306),(77,2410)]	13.816455
911	[(0,1065),(8,1620),(19,1069)]	14.078768
912	[(6,164),(69,1162)]	14.397977
913	[(20,1552),(21,86),(28,2068),(62,678),(74,2357)]	16.482778
914	[(23,2308),(52,825),(53,2549),(67,1453),(86,980)]	15.448677
915	[(0,1145),(22,1268),(42,2457),(67,382),(88,2511)]	14.643415
916	[(11,1166),(83,326),(87,440)]	20.724840
917	[(3,1150)]	16.399803
918	[(23,69),(66,417),(76,1233),(86,2509)]	13.868768
919	[(24,278),(73,1004)]	13.944561
920	[(22,2029),(46,667),(49,2434)]	13.684714
921	[(63,1680),(64,1314),(86,1348)]	18.020592
922	[(14,1926),(23,503),(60,2248),(90,805)]	15.013372
923	[(22,625),(39,520),(49,1704),(66,2078)]	14.273909
924	[(1,38),(17,2159),(75,566)]	14.621529
925	[(16,20),(66,854),(69,1500),(86,869),(92,520)]	14.110917
926	[(11,1796),(43,393),(80,2090),(83,1544)]	14.613217
927	[(34,2059),(63,1646),(68,144),(88,760)]	14.268289
928	[(12,1859),(25,25),(33,1901)]	14.000267
929	[(50,101),(53,551)]	16.760831
930	[(9,83),(52,366),(74,1264),(77,111)]	30.461362
931	[(44,938),(56,64),(70,114),(73,355),(83,301)]	28.832365
932	[(3,802),(77,1190)]	27.974278
933	[(43,1969),(68,1182),(81,2559)]	28.323544
934	[(5,2276),(8,1535),(16,100),(21,1664),(67,1648),(69,1822),(73,2358),(90,2255)]	27.816856
935	[(19,451),(22,53),(30,1535),(49,2453),(62,1511),(89,1445)]	29.414754
936	[(6,2030),(31,731),(58,896)]	26.688527
937	[(7,55),(26,966)]	23.865574
938	[(17,271),(67,1815)]	26.970951
939	[(8,1021)]	26.525733
940	[(8,781),(40,706),(43,1520),(48,2559),(68,560),(90,33)]	29.311740
941	[(14,607),(25,1264),(29,2334),(55,1518),(75,866),(91,633)]	29.824597
942	[(19,18),(28,1600),(31,470),(36,1689),(85,1844)]	27.804602
943	[(79,1299),(90,1986)]	32.453961
944	[(37,2007),(46,2195),(60,186),(62,932),(82,2175)]	27.187839
945	[(0,1957),(9,1035),(38,2483),(86,1742),(89,1013)]	26.924409
946	[(4,1558),(66,1530),(75,2059)]	26.823009
947	[(30,1137),(82,1908)]	26.832729
948	[(2,630),(59,1493),(78,383),(81,2444),(88,2235)]	27.853205
949	[(27,1772),(29,1045),(34,212),(52,1297),(72,530)]	26.858875
950	[(33,1259),(36,309),(51,832),(63,4),(74,960),(78,2246)]	27.096219
951	[(14,995),(28,1508),(29,1324),(39,1135),(48,87),(62,690),(68,1202),(70,11)]	27.029848
952	[(58,1240),(70,1516),(89,395)]	26.846406
953	[(22,1905),(57,1941)]	27.028460
954	[(35,772),(40,2083),(50,137),(56,1773),(58,1584),(88,485)]	28.436329
955	[(13,753),(24,1126),(72,1717),(91,1465)]	27.071522
956	[(9,1533),(18,2215),(22,2214),(33,264),(51,1268)]	27.115320
957	[(30,490),(54,2544),(58,1413),(59,1378),(73,496),(89,1634)]	28.760767
958	[(4,2022),(58,637),(70,300),(80,1440),(81,2325),(89,1359),(91,1079)]	28.747953
959	[(48,609),(52,209)]	28.431593
960	[(2,1784),(27,1812),(35,1006),(68,2252),(71,419)]	27.712348
961	[(16,2200),(21,1715),(30,600),(37,1022),(47,1613),(83,700),(88,450),(89,800)]	27.715338
962	[(0,1576),(31,81),(55,1820),(91,482),(92,1015)]	27.427150
963	[(54,1002),(72,343),(80,106),(87,721)]	26.197156
964	[(0,2318),(19,77),(35,1287),(49,2070),(74,1279),(78,1340)]	26.067315
965	[(50,1304),(70,941),(77,1947)]	26.649500
966	[(11,334),(24,921)]	26.242411
967	[(18,31),(29,1631),(45,308)]	27.725979
968	[(35,1406)]	27.106148
969	[(13,222),(27,971),(81,2032)]	26.341682
970	[(29,1536),(44,807),(72,1642),(78,1700),(80,2301),(81,1190)]	26.341319
971	[(35,1789),(41,1769)]	26.418914
972	[(22,522),(45,224)]	26.255401
973	[(13,2100),(22,190),(35,2148),(69,226)]	26.025368
974	[(31,2242),(35,1462),(48,157)]	26.173746
975	[(13,86),(15,373),(23,645),(48,1211),(50,2052),(64,933),(66,793),(75,2305),(85,2485)]	26.504413
976	[(20,1671),(22,2211),(56,396),(75,481)]	26.355146
977	[(24,1181),(38,825),(70,52)]	26.280527
978	[]	25.985170
979	[(4,256),(32,2529),(40,1028)]	25.725362
980	[(1,1248),(38,1739),(47,1283)]	28.316228
981	[(45,95),(77,894),(80,1225)]	32.970552
982	[(0,91)]	27.772345
983	[]	27.037634
984	[(0,2210),(15,1072),(39,770),(57,16),(66,1340),(68,226)]	29.172608
985	[(0,761)]	29.160411
986	[]	28.058803
987	[]	25.706989
988	[(2,1955),(75,1243)]	28.324777
989	[(42,122),(46,224),(70,1814),(72,1191),(89,1130)]	27.453282
990	[(57,1385)]	29.248059
991	[(16,1904),(24,342)]	27.672717
992	[(7,1967),(14,301),(16,2557),(23,1937),(44,1034),(52,2425),(78,892),(91,45)]	27.371128
993	[(9,1368),(13,1441),(18,191),(20,1689),(36,1292),(46,1447),(72,2378),(90,1725)]	28.476681
994	[(17,1256),(29,1605),(31,2467),(37,1234),(47,1850),(66,1103),(82,2358)]	29.465762
995	[(14,282),(50,1978)]	31.027545
996	[(44,50),(51,2492),(67,138),(89,1871)]	26.338083
997	[(34,1019),(48,2012),(86,1692)]	27.154612
998	[(18,516),(74,1449)]	26.381196
999	[(30,181),(60,676)]	26.169664
