ruleset_index	matches	time_ms
0	[]	12.358074
1	[(20,893),(86,1388)]	11.907658
2	[(92,448)]	13.809532
3	[]	14.757073
4	[(26,454),(46,396),(67,1185)]	13.925952
5	[(11,546),(35,1481)]	14.084205
6	[(37,821),(83,946)]	16.336074
7	[(10,655),(58,1519)]	20.430658
8	[]	14.148989
9	[(21,1661)]	13.638367
10	[(28,697),(35,1290),(40,1582),(69,716)]	14.632383
11	[(25,597),(63,255)]	13.831822
12	[(8,649),(19,1632),(44,568)]	13.848606
13	[(70,1536),(82,1472)]	13.324498
14	[(23,60),(37,535),(44,1406),(66,1221)]	13.608524
15	[(64,151)]	13.843185
16	[(33,299),(34,1194),(64,933),(70,125)]	11.976647
17	[(12,164),(53,635),(91,295)]	12.049039
18	[(26,1365),(35,1756),(42,80)]	11.908847
19	[(15,152),(27,305),(60,539)]	11.888276
20	[(15,1534)]	12.142758
21	[(36,1077),(45,1370),(81,1334),(88,1375)]	12.027428
22	[(31,1046),(83,1398)]	12.122406
23	[(34,1267),(47,782),(51,758)]	12.295463
24	[(3,993),(37,1528),(59,298),(67,1125)]	11.795076
25	[(10,1304),(39,1388),(54,492),(55,867)]	12.792353
26	[(41,1718),(65,1587),(66,381),(80,574),(84,1319)]	11.790304
27	[(8,567),(42,289),(48,1753)]	11.924827
28	[]	12.553810
29	[(36,1446)]	12.066682
30	[(29,69),(57,1464),(61,1528),(78,1204),(83,58)]	12.115307
31	[(44,1467),(85,599)]	11.914493
32	[]	11.816656
33	[(92,510)]	11.975659
34	[(0,937),(9,1586),(61,62),(90,1564)]	11.903450
35	[(48,365),(91,917)]	11.937197
36	[(0,154),(27,166),(60,1324),(67,188)]	12.118069
37	[(5,277),(15,1472),(28,281),(84,776)]	11.771943
38	[(4,322),(6,1229),(36,1227),(62,706),(81,1463),(92,164)]	12.025489
39	[(5,532),(21,530),(90,590)]	11.903015
40	[(34,52),(45,1317)]	11.774761
41	[(26,747),(88,648)]	12.005060
42	[(21,1742),(45,311),(84,638)]	12.235461
43	[(5,1072),(10,1248),(87,573)]	12.156340
44	[(39,1385),(56,295)]	11.903502
45	[(2,821),(41,411),(84,151)]	13.849609
46	[(85,4)]	11.924045
47	[(49,360)]	11.912898
48	[(10,179)]	11.973628
49	[(33,608),(41,767),(46,854),(68,560),(76,1288),(92,205)]	14.630466
50	[(19,718),(42,982),(44,593),(69,259),(84,733)]	12.201630
51	[(38,1057),(43,1280)]	11.981248
52	[(64,1205),(79,1035),(80,313)]	11.933766
53	[(27,1141),(32,228),(35,57),(42,1201),(43,50),(51,1629)]	12.056482
54	[]	11.956437
55	[(15,185),(64,1582),(83,318)]	12.086736
56	[(8,715),(27,597),(62,932)]	12.851735
57	[(19,1176)]	12.179176
58	[(21,966),(69,1646)]	12.415386
59	[]	12.008284
60	[(32,971),(36,1339),(79,334),(90,1673)]	12.165786
61	[(13,521)]	12.393255
62	[(10,29),(14,1095),(41,1244),(66,757)]	12.075584
63	[(0,1372),(2,981),(24,233),(76,83),(79,835)]	12.200031
64	[(7,231),(36,425)]	12.013698
65	[(0,1708),(25,692),(71,1634)]	12.130436
66	[(12,146),(24,16),(31,839),(74,250)]	12.548573
67	[(58,633),(62,66)]	13.085743
68	[(60,1566),(80,1314)]	13.063174
69	[(69,276),(84,144),(88,1531),(91,1380)]	16.574414
70	[(22,394),(55,1664),(78,1186)]	24.417292
71	[(41,391),(79,458)]	17.287623
72	[(48,1762),(50,190),(53,900),(59,605),(60,211)]	12.330045
73	[(17,1284),(49,1367)]	12.051690
74	[(83,809)]	11.945307
75	[(6,967),(48,1472)]	12.345961
76	[(0,387),(45,1293)]	13.910231
77	[]	13.736225
78	[(5,1324)]	11.862990
79	[(0,902),(4,581),(56,1714)]	12.870905
80	[(18,1602),(24,389),(40,1435),(85,1643),(86,412)]	12.061692
81	[(13,1765),(29,613)]	12.272998
82	[(34,1734),(47,35),(77,655)]	11.925276
83	[(4,582),(14,90),(33,1511),(80,1388),(91,1518)]	12.109965
84	[]	12.489147
85	[(35,1050),(60,994),(87,1130)]	11.939241
86	[(48,648)]	12.515364
87	[(5,1253),(67,1746),(71,407)]	12.332288
88	[(14,221),(23,794),(53,251),(73,897),(79,1133)]	12.204247
89	[(25,1325)]	12.683361
90	[(41,160),(46,655),(76,1478),(90,350)]	11.788012
91	[(8,1332),(17,325)]	12.095182
92	[(18,1440),(29,1408),(40,1322),(62,859),(80,475)]	12.146817
93	[(87,997)]	12.110789
94	[(14,354)]	11.807449
95	[(71,1638)]	12.065733
96	[(45,187)]	11.949294
97	[(6,931),(91,1134)]	11.969238
98	[(46,474),(48,1175),(56,621),(85,310)]	12.052392
99	[(8,217),(15,477)]	11.890609
100	[(89,132)]	12.578933
101	[(4,927)]	11.964381
102	[(15,485),(60,404),(65,948)]	11.769206
103	[(41,374),(58,1094)]	12.003598
104	[]	11.855965
105	[(38,1418),(70,643)]	11.766846
106	[(43,722),(70,755)]	12.006059
107	[(68,1735),(74,849)]	12.094831
108	[(47,236),(86,155)]	12.078864
109	[(34,524),(54,74),(59,1348)]	12.110038
110	[(85,635)]	12.087480
111	[(41,345),(44,1545)]	11.927936
112	[(12,595)]	11.866136
113	[(89,102)]	12.564951
114	[(15,1241),(63,963),(77,666),(88,741)]	12.134593
115	[(58,821)]	12.185535
116	[(25,194),(38,296),(39,184),(88,1581)]	11.988002
117	[(16,642),(81,1619)]	13.377500
118	[]	12.559454
119	[(0,365),(24,383),(39,57),(51,341),(54,739),(81,23),(82,865)]	13.248342
120	[(42,1244),(47,1365),(74,1732),(89,1376)]	15.071051
121	[(2,232),(28,703),(47,1560),(84,499)]	12.014673
122	[(22,1628),(36,467),(69,972)]	12.563964
123	[(19,1012),(42,1264),(47,1749),(87,1487)]	12.183141
124	[(4,1720),(25,1137),(55,1639),(81,596)]	12.190029
125	[(44,498)]	12.203529
126	[(28,1124)]	12.212845
127	[]	12.298944
128	[(45,276),(50,525)]	11.938307
129	[(0,105),(17,627),(32,662),(54,1459),(60,337),(64,1266)]	14.792799
130	[(3,194),(24,807),(31,592),(71,48)]	12.080963
131	[(7,698),(67,1764),(79,1520)]	11.945575
132	[(86,1401)]	12.024422
133	[(74,184)]	11.958406
134	[(27,1516),(82,639)]	12.298847
135	[(44,57),(45,731)]	11.958233
136	[(7,394),(15,76),(34,1086)]	11.923818
137	[(17,1147),(21,239),(40,868),(45,73),(92,880)]	12.123019
138	[(12,1767),(75,132)]	12.017096
139	[(60,9),(79,1550),(83,1428)]	11.932803
140	[(13,738),(54,1209),(69,1723),(84,1049)]	12.100488
141	[(5,1526),(21,891),(36,534)]	11.862263
142	[]	11.862810
143	[(3,1117)]	12.898623
144	[(38,105),(71,724),(81,1481)]	13.116141
145	[(1,952),(4,137),(81,1583)]	13.662540
146	[(78,1001)]	12.532905
147	[(57,1024),(66,1700)]	12.113409
148	[(30,1185),(44,622),(52,555),(91,619)]	12.764224
149	[(51,1130),(88,134)]	14.614573
150	[(25,1520),(36,842)]	16.083874
151	[(68,918),(79,47)]	12.137512
152	[(71,1018),(74,458),(91,842)]	23.501013
153	[(77,1533),(91,490)]	19.248311
154	[(31,144)]	12.497955
155	[(8,1371),(37,304),(54,512),(57,1625)]	11.845999
156	[(11,337),(15,704),(53,74),(64,122)]	13.798638
157	[(53,1225),(66,1213)]	12.073969
158	[(16,1008),(34,285),(41,8),(74,1191)]	11.881221
159	[(72,1288)]	12.142454
160	[(8,439),(15,1505),(23,1378),(90,1425)]	11.921042
161	[]	11.906734
162	[(2,643),(15,1420)]	12.115610
163	[(26,234)]	11.820428
164	[(69,228)]	12.366605
165	[(85,387)]	12.204250
166	[(3,1593),(64,643),(68,1737)]	12.791301
167	[(84,495)]	12.559379
168	[]	12.392676
169	[(23,846)]	12.368256
170	[(56,875),(77,192)]	11.984434
171	[(48,1032),(52,869)]	12.585306
172	[(12,470),(20,1092),(88,117)]	12.041961
173	[(39,370),(43,1349),(89,634)]	12.596609
174	[(41,1012),(53,574)]	11.838819
175	[(20,587),(76,1315)]	12.448958
176	[(10,678),(33,1069),(69,1598)]	12.011080
177	[(77,1118)]	11.986156
178	[(29,1028),(45,1217),(89,991)]	11.878114
179	[]	12.356014
180	[(26,707),(65,809),(87,438)]	11.963206
181	[(20,763),(39,1040),(47,626)]	12.061689
182	[(1,581),(31,12),(36,76),(77,969)]	12.184588
183	[(0,1701),(39,1513)]	12.218584
184	[(22,703),(53,1301),(55,715),(69,1646)]	12.259080
185	[(28,104),(33,1452),(77,1372)]	11.859143
186	[(23,1551)]	11.988559
187	[(46,953),(69,897)]	11.798041
188	[(41,42)]	12.155454
189	[(42,1176),(47,672),(75,1294),(85,195),(89,1154)]	12.134165
190	[(10,1186),(16,1008)]	12.673213
191	[(47,338),(58,1144),(68,39),(78,1123)]	12.335852
192	[(30,615),(85,984)]	12.309798
193	[(7,505),(57,990),(70,57)]	12.777606
194	[(7,1062),(80,860)]	12.255570
195	[(15,1663)]	12.324168
196	[(3,1583)]	12.204600
197	[(23,139),(69,1676)]	12.060325
198	[(28,346)]	12.549866
199	[(1,447),(24,606),(48,282),(63,1676)]	12.125983
200	[(17,3),(33,627)]	12.675585
201	[(57,1570),(61,1627),(79,1038)]	12.373734
202	[]	13.155734
203	[(2,986),(52,901)]	12.500655
204	[(16,834),(23,493)]	12.691720
205	[(5,91),(47,1713)]	12.496980
206	[(7,928),(34,1050),(71,117)]	12.245979
207	[(9,1077),(23,1763),(35,311)]	12.112121
208	[(11,1469),(13,76),(32,1054),(47,1564),(54,949),(58,737)]	14.891302
209	[(48,1689),(79,1510)]	12.708390
210	[(35,150),(38,1429),(47,699),(70,1001)]	12.558581
211	[(48,1076),(53,972)]	12.392060
212	[(66,1644)]	12.019157
213	[(38,804),(48,1281)]	12.476436
214	[(18,1096),(28,1086)]	12.841909
215	[(10,30),(36,699),(82,928),(92,1120)]	13.168849
216	[(6,1566),(60,192)]	13.563301
217	[(54,1534),(78,1315)]	12.467110
218	[(31,140),(52,582)]	12.278489
219	[(33,1238),(71,404),(73,1529),(89,10)]	16.642713
220	[]	11.957575
221	[(28,861),(52,917)]	11.997564
222	[(11,1038),(78,376)]	12.154008
223	[(43,485)]	13.440314
224	[]	13.421895
225	[(63,1609)]	12.262804
226	[(13,97),(21,1400),(35,59),(86,1346)]	12.005086
227	[(57,1617)]	13.461603
228	[(43,140),(56,1079)]	17.145196
229	[(13,668),(17,974),(62,527),(81,593)]	15.968404
230	[(42,505),(60,166),(74,713),(84,1680)]	12.712905
231	[(3,1047),(5,1604),(7,434),(9,1196),(16,1198),(44,606),(52,1410),(84,512)]	12.765765
232	[(31,388),(47,1584)]	12.291986
233	[(6,624)]	23.021448
234	[(44,1570),(48,892),(51,1235),(64,1052),(74,406),(82,60)]	21.853049
235	[(61,409)]	12.817901
236	[(41,13),(89,1299)]	12.673840
237	[(2,1571),(9,1157),(51,1427)]	12.037172
238	[(17,472),(57,462)]	11.826536
239	[(0,305),(18,1319)]	11.927056
240	[(78,1653)]	15.114987
241	[(61,1209)]	12.641213
242	[(61,1000)]	12.411491
243	[(26,15),(72,1126)]	12.537497
244	[(1,281),(22,205),(45,1468)]	12.001974
245	[(17,95),(20,593),(53,864)]	12.067710
246	[(48,257)]	12.144906
247	[(30,206),(88,318)]	11.970100
248	[(35,1494),(80,88)]	11.865108
249	[(58,960)]	12.063121
250	[(15,30),(46,1661),(50,1327),(77,306)]	11.910760
251	[(12,1667),(35,1378),(44,1187),(46,1135),(56,953),(68,1182)]	12.021456
252	[]	11.801025
253	[]	11.836622
254	[(4,417),(31,1271),(52,1402),(74,740),(91,1352)]	11.887543
255	[(51,290)]	12.677335
256	[(11,1483),(24,897),(51,1739),(70,1562),(87,1370)]	12.327139
257	[(3,17)]	11.895977
258	[(17,1287),(52,988)]	12.046326
259	[(25,1436),(29,922)]	12.079069
260	[]	11.842712
261	[(26,394),(41,1637),(43,1615)]	12.188960
262	[(21,648)]	12.020940
263	[(25,746),(59,401),(90,122),(91,795)]	11.799656
264	[(5,1242),(66,1703),(87,284)]	12.051287
265	[(2,1538),(5,1452),(29,1479),(51,863)]	11.946597
266	[(0,1165),(5,90),(7,1304),(33,976),(48,1529),(51,1025)]	11.938602
267	[(59,1068)]	12.591848
268	[(13,672),(24,1606),(70,1087),(82,880)]	11.893243
269	[(40,1653)]	12.019103
270	[(2,38),(15,929),(87,163)]	11.802545
271	[(6,1368),(45,918),(51,1018),(90,1132)]	11.822261
272	[(32,81),(50,288)]	11.990795
273	[(51,1455),(86,990)]	12.377118
274	[(6,157),(33,1667),(52,879),(60,1008)]	12.112323
275	[(1,1156),(18,367),(30,435),(90,1017)]	13.326032
276	[(29,1580),(65,1250),(71,1523),(90,1519)]	12.209442
277	[(62,223)]	12.376939
278	[(1,841),(18,230),(53,839),(76,993),(79,750),(84,1319)]	11.852322
279	[(40,249),(47,647),(50,928),(78,833)]	12.172467
280	[(69,1307),(76,464)]	12.978643
281	[(5,912),(25,1757),(86,263)]	12.138987
282	[(3,1301),(37,1520)]	12.198069
283	[(15,1039),(17,1307),(62,142),(82,1693),(87,1664)]	12.036455
284	[(47,1421),(67,122)]	12.094364
285	[(13,617),(49,698),(89,1675)]	12.019927
286	[(68,490)]	11.959013
287	[(0,254),(3,1523),(79,1216)]	14.698914
288	[(21,1223),(63,62)]	12.135407
289	[(51,559),(81,1604)]	12.494394
290	[]	11.850579
291	[(37,1613)]	12.155456
292	[(43,1513),(56,1599)]	12.029151
293	[(17,726),(67,246)]	12.632842
294	[(10,1283),(13,892),(87,759)]	11.863041
295	[(34,741),(39,1396),(78,1717)]	11.929141
296	[(4,678),(28,243)]	12.076445
297	[(18,1215),(44,1344)]	12.071999
298	[(73,526),(76,1328),(79,1691)]	12.252178
299	[(18,821),(36,899),(59,203),(73,425)]	11.892957
300	[(33,1360),(68,806),(81,1547)]	13.588960
301	[(51,1477),(91,1004)]	13.132286
302	[(13,1320),(83,448)]	12.753261
303	[(30,1572),(37,1352),(63,1177)]	11.823650
304	[(1,195),(41,776),(86,776)]	12.940108
305	[(7,451)]	12.665694
306	[(53,136)]	14.009670
307	[]	16.628588
308	[(39,315)]	13.724403
309	[(0,725),(4,736)]	13.453041
310	[(20,419),(30,1752),(87,250)]	12.461543
311	[(68,1494)]	12.039266
312	[(26,720),(54,210),(64,1363),(69,1445),(72,634)]	11.947110
313	[(22,55)]	13.313174
314	[(1,365),(60,316),(66,1168)]	13.345381
315	[(19,867),(30,1699),(31,1151),(69,1363)]	26.301990
316	[(3,1347),(36,840),(85,1221)]	20.585274
317	[(14,1109),(25,1224)]	12.188099
318	[(24,568),(33,1250),(49,337)]	12.221939
319	[(17,337),(45,177),(49,740)]	12.196993
320	[]	11.916887
321	[]	11.849229
322	[(11,924)]	12.403237
323	[(10,612),(34,907),(40,1118),(48,1406)]	12.475301
324	[(24,1184)]	11.936201
325	[(2,1213),(32,985),(55,1752)]	12.091161
326	[(30,773),(52,694),(64,255),(76,608),(83,279)]	12.034752
327	[(25,703),(45,387),(55,820),(70,1489)]	11.839107
328	[(49,1635),(91,1262)]	12.551215
329	[(25,903),(36,1489),(86,804)]	11.807579
330	[(7,352),(13,1528),(61,82),(92,1070)]	11.813940
331	[(21,1070)]	12.024949
332	[(52,1712)]	11.883483
333	[(4,21),(29,660),(58,1457)]	11.834196
334	[(4,1250),(29,403)]	11.966554
335	[(28,345)]	11.862177
336	[(43,1682)]	14.234108
337	[(30,991),(38,1231),(85,1297),(88,985),(92,1558)]	12.334562
338	[(22,1595),(27,23),(28,865),(30,441),(83,691),(85,825)]	12.197710
339	[(4,517),(16,1622),(24,1745),(46,327),(74,869)]	12.686483
340	[(21,681),(91,1451)]	13.850936
341	[]	12.113404
342	[(3,917),(25,774),(33,368)]	11.764759
343	[(64,45)]	12.031197
344	[(34,1548),(42,36),(83,781),(85,898)]	12.305175
345	[(7,1735)]	12.810635
346	[(83,102)]	13.102211
347	[(28,1041),(55,1022),(69,1218),(80,450)]	11.860804
348	[(14,1395),(50,1490),(66,434)]	12.086351
349	[(91,1136)]	12.023095
350	[(1,925),(10,604),(84,1690)]	11.988335
351	[(5,897),(10,1643),(75,278)]	12.257715
352	[(3,807),(7,793),(36,1342),(46,889),(50,626)]	12.384237
353	[(13,672),(27,1525),(38,137),(47,818)]	12.672111
354	[]	11.971077
355	[(44,1186),(51,384)]	11.892094
356	[]	11.940085
357	[(8,526),(11,6),(89,86)]	11.908853
358	[(4,797),(66,1680)]	12.319111
359	[(1,221),(13,591),(47,100),(65,975)]	12.212525
360	[(31,1434),(41,1293),(49,433)]	12.103548
361	[(6,603)]	12.839863
362	[(49,1167),(50,1203)]	12.665281
363	[]	12.296239
364	[(61,408),(63,1315),(83,716),(84,1260)]	12.609522
365	[(5,861),(24,328),(40,1614),(92,1194)]	12.029059
366	[(9,1504),(76,1361)]	14.948756
367	[(12,1352)]	12.049155
368	[(68,582)]	11.860952
369	[(36,1223),(66,792)]	12.182989
370	[(43,1459),(54,1248),(60,1646)]	11.983253
371	[(28,280),(51,35),(86,1656),(90,1694)]	11.893200
372	[(8,1457),(70,311),(80,200)]	11.948542
373	[(42,197),(62,1166)]	12.987080
374	[(35,928),(84,1180)]	13.700981
375	[(16,1016)]	13.563072
376	[(1,799),(19,780),(31,395),(67,542)]	14.585967
377	[(2,550),(9,1335),(63,303)]	12.214244
378	[(4,1405)]	12.998100
379	[(17,1021),(49,620),(55,1681),(81,882),(86,550),(91,591)]	12.643053
380	[(0,365),(20,136)]	13.096001
381	[(1,1539),(59,1073)]	16.868651
382	[(7,1078),(16,1526),(21,796),(54,87),(69,769),(71,617),(79,1017)]	13.834843
383	[(4,99),(15,1117),(64,427),(88,1315)]	13.712250
384	[(7,551),(39,456)]	15.412412
385	[(62,788)]	17.837908
386	[(31,1577),(35,417),(78,954)]	14.246897
387	[(50,170),(60,296),(65,1050)]	12.187207
388	[(4,867),(28,1263),(78,1345)]	12.058450
389	[(11,394),(52,1669),(89,1000)]	12.044624
390	[(17,685),(52,663),(54,149)]	12.037293
391	[(3,1596),(25,623),(28,1058),(75,1521),(77,1713)]	11.992677
392	[(20,1641),(45,74),(77,1224),(78,572)]	12.102102
393	[(26,1515),(48,1019)]	13.900897
394	[(6,695),(46,1642)]	13.228383
395	[(69,37),(71,696)]	15.358207
396	[(17,1630),(20,488),(85,411),(88,819)]	24.362151
397	[(72,491)]	17.685326
398	[(32,497),(85,1453)]	13.566275
399	[(2,1158),(15,777),(27,671),(87,1524)]	12.374949
400	[(33,1679)]	13.781391
401	[(28,588)]	12.095279
402	[(32,699),(87,724)]	12.071527
403	[(80,735),(82,523)]	12.099516
404	[(11,489),(59,486)]	11.964483
405	[(4,1602)]	14.942416
406	[(4,309),(19,1385),(43,520),(65,1648)]	13.367544
407	[(14,98),(51,1070),(57,346)]	13.616891
408	[(45,180),(64,642),(85,407)]	13.237423
409	[(1,832),(32,281),(46,1282),(53,1728)]	13.597161
410	[(32,0),(47,1751),(61,813),(63,1745)]	14.495698
411	[(0,1130),(38,1708),(80,551)]	11.933841
412	[(25,615),(74,786)]	14.058958
413	[(7,232),(37,1276),(40,8),(66,1129)]	13.802043
414	[(17,757),(43,13),(70,93),(92,715)]	13.539059
415	[(5,265),(8,589),(34,1309),(57,816)]	12.870336
416	[(1,931)]	12.603163
417	[(67,1607)]	12.318842
418	[(1,1568),(80,1621)]	13.198490
419	[(25,585),(43,503),(47,1140)]	13.427850
420	[(14,661),(72,1027)]	11.967261
421	[(18,1290),(23,762)]	12.048614
422	[(16,508),(30,1122),(64,1453)]	12.133463
423	[(38,1352)]	11.846635
424	[(49,1205),(71,1059),(90,483)]	12.787560
425	[(57,419)]	12.404562
426	[(48,1371)]	11.831188
427	[(10,416),(19,665)]	12.788163
428	[(11,1749),(27,1628),(83,1261)]	12.396496
429	[(0,439),(43,402),(61,1352)]	12.695212
430	[(72,194),(79,580)]	12.161416
431	[(21,37),(32,1149),(48,1310),(69,630)]	11.910204
432	[(32,1104),(89,1293)]	11.949586
433	[(4,1703),(64,700),(71,1366)]	12.226904
434	[(14,1298),(67,1472),(80,1692)]	12.109715
435	[(34,1321)]	13.038037
436	[(0,630),(81,1102)]	13.483027
437	[]	13.925258
438	[(59,538),(61,1268)]	13.363950
439	[(5,988),(11,1373),(15,1289),(24,882),(37,456)]	16.881194
440	[(58,708),(75,1674),(77,1343)]	13.544319
441	[(28,1595)]	16.046178
442	[(11,501),(12,1542),(42,1013),(84,801)]	13.808693
443	[(77,391)]	16.920227
444	[(0,313),(28,217),(79,1735)]	15.762174
445	[(15,175),(84,937)]	14.075047
446	[(8,68)]	12.831772
447	[(41,546),(54,1685),(70,1275)]	12.115298
448	[(56,1060),(66,1445)]	12.468320
449	[(26,1384),(28,1585),(38,524),(41,614),(80,1584)]	12.804055
450	[(31,1715),(68,840),(84,148)]	13.806599
451	[(10,1636),(14,1030),(58,1242),(80,1607),(89,1431)]	12.389593
452	[(11,932),(45,445),(77,403)]	12.327413
453	[(55,1598),(91,1342)]	12.063006
454	[(39,1369),(52,1224)]	26.506199
455	[]	24.471863
456	[(13,1389),(14,374),(75,571)]	24.308026
457	[(4,1298),(17,442),(65,1453),(71,1538)]	28.497675
458	[(63,242)]	24.513708
459	[(63,440),(68,1094)]	24.436384
460	[(44,944)]	25.438948
461	[(5,1276),(10,877),(63,1360),(90,1419)]	23.647704
462	[(54,1115),(89,560)]	25.193580
463	[(4,617),(41,580),(62,1708),(71,1381)]	20.960580
464	[(43,195)]	24.001741
465	[(15,1634),(37,97),(49,919),(57,1663),(62,1229),(69,630)]	23.482614
466	[(33,231),(72,322)]	30.038672
467	[(2,1103),(11,805),(57,731),(59,1223)]	27.494130
468	[(31,1388)]	23.717236
469	[(44,1616),(68,261),(79,864)]	25.388282
470	[]	24.609182
471	[(5,1677),(32,1265),(49,613),(50,301),(70,556),(82,1330)]	23.568563
472	[(16,1510)]	23.585743
473	[(31,1074),(35,194),(62,1),(69,1573)]	23.645582
474	[(4,775),(33,1204),(75,640)]	23.947203
475	[(62,736),(75,1108)]	23.671915
476	[(20,521),(74,1099)]	23.636600
477	[]	23.563082
478	[(38,185),(62,576),(87,815)]	23.538269
479	[]	23.686403
480	[(45,543),(68,545),(73,257)]	23.717072
481	[]	23.665270
482	[(10,757),(16,1532),(37,1188),(84,738)]	23.575233
483	[]	23.489864
484	[(14,1561),(76,502)]	23.957848
485	[]	23.884786
486	[(16,1574),(19,614),(51,456)]	24.228218
487	[(43,1712)]	23.898244
488	[(17,278),(50,1001),(58,984),(92,883)]	27.913308
489	[(3,1515),(6,1664),(73,1596),(81,77)]	32.239972
490	[(58,1254)]	27.573302
491	[(71,18),(78,415)]	23.691356
492	[(9,199),(15,132),(32,859),(50,486),(66,1096),(75,618)]	23.070722
493	[(10,1420),(19,1746),(23,1296),(60,305)]	22.969653
494	[(5,667),(61,684)]	23.769811
495	[(78,1544)]	23.200476
496	[(33,15),(78,245)]	23.858886
497	[(17,109),(74,117),(88,848)]	25.698211
498	[(43,589)]	24.354261
499	[(30,684)]	23.011318
500	[(53,901),(66,921),(79,1428),(82,361)]	23.541262
501	[(33,525),(39,214),(59,1474)]	23.632753
502	[(24,20),(88,390)]	25.292767
503	[(24,762),(41,239),(78,1550),(87,1125)]	23.819195
504	[(1,1495),(51,963),(65,1160),(76,1091)]	23.903057
505	[(25,852),(30,337),(69,1339)]	23.877491
506	[(30,362),(66,1697),(80,431),(88,133)]	23.519411
507	[]	23.202832
508	[(80,370)]	26.892593
509	[(5,165),(16,1588),(58,836),(72,985),(85,1438)]	28.610353
510	[(82,806),(84,872),(89,839)]	23.334656
511	[(40,1579)]	24.056025
512	[(31,863),(83,499)]	23.956662
513	[(19,1431),(77,698),(86,643)]	23.324417
514	[(17,571),(90,96)]	22.320316
515	[(14,355),(22,737),(42,699),(58,24),(59,1521),(61,1713),(67,968)]	23.206745
516	[(4,358),(8,1114),(10,1314),(26,1214),(28,890),(33,1584),(70,1674)]	24.740309
517	[(27,593)]	23.573664
518	[(0,156)]	23.767609
519	[(1,390)]	23.246912
520	[(11,566),(16,10)]	23.118956
521	[(4,1487),(18,688),(28,1367)]	23.406670
522	[]	22.701808
523	[(2,476),(9,1398),(18,1432),(64,221)]	23.259130
524	[(10,804)]	24.780224
525	[(79,1523)]	25.659710
526	[(87,952)]	28.976352
527	[(5,802),(31,447)]	26.791794
528	[(2,1434),(46,1649)]	26.765163
529	[(6,1048),(21,283)]	28.523697
530	[(39,1443),(55,1440),(69,898),(90,1501),(91,372)]	26.148782
531	[(13,1313),(16,754),(44,958),(74,1664)]	26.081277
532	[]	26.232593
533	[(1,1546),(20,510)]	25.814215
534	[(79,298)]	26.691326
535	[(27,645),(43,1180),(48,260),(85,1537)]	24.723618
536	[(43,211),(58,316)]	23.719928
537	[(76,69),(83,616),(84,1303)]	24.613070
538	[(4,1298),(37,139),(77,856),(86,875)]	26.051267
539	[(26,906)]	23.988499
540	[(3,1063),(41,212),(79,712)]	24.253218
541	[(4,1549),(31,926),(46,570),(69,1329),(76,1383),(88,677)]	23.751620
542	[(24,1548),(62,59),(79,1221)]	23.771843
543	[(68,324)]	25.195616
544	[(23,1647),(62,851)]	24.371634
545	[(22,1206),(60,553),(65,391),(70,1459),(86,237)]	23.951386
546	[(42,867),(83,757)]	24.285460
547	[(12,193),(52,123)]	23.750380
548	[(5,436),(9,257),(13,1635)]	23.759087
549	[(13,1462),(19,17),(43,1052),(81,975)]	23.652039
550	[(33,118),(54,391),(61,369),(70,456)]	24.209256
551	[(16,1216)]	24.327628
552	[(0,1761),(64,941),(73,431)]	24.302090
553	[(11,1112),(14,44),(37,968),(77,1213),(80,436),(92,1715)]	28.087582
554	[(19,1188),(76,1291)]	28.690184
555	[(2,640),(7,35),(89,610)]	30.761737
556	[(4,505),(9,1748),(45,851),(63,1263)]	24.321438
557	[(1,1619),(7,908),(64,611),(86,194)]	24.623481
558	[(6,429),(64,1405)]	25.731852
559	[(17,1227),(44,57),(45,731)]	20.996771
560	[(74,1402)]	23.739342
561	[(3,65)]	24.169882
562	[]	23.497406
563	[(42,1700),(70,1583)]	23.046203
564	[(29,717),(61,847)]	23.142343
565	[(2,376),(16,1365),(35,1066),(44,30)]	23.169550
566	[(50,1327)]	22.988972
567	[(1,1423),(40,305),(69,1572),(82,1091)]	23.015748
568	[(52,459),(59,361),(62,1043),(89,1558)]	23.210100
569	[(30,1499),(64,1007),(84,1374)]	23.854431
570	[(27,59),(39,791),(58,747),(61,1187),(63,1135),(86,1681)]	26.318647
571	[(14,1120),(65,649)]	23.165144
572	[(58,1221),(69,1383),(82,659)]	23.290186
573	[(49,1377),(69,1200),(71,1716),(81,658)]	22.834038
574	[(35,645)]	23.200511
575	[(65,1746)]	22.946724
576	[(37,793),(80,823)]	23.078343
577	[(35,1192)]	23.196025
578	[(28,982),(58,1481)]	23.845848
579	[]	24.296981
580	[(9,491)]	23.595143
581	[(70,274),(73,1233),(75,1474)]	23.832079
582	[(19,354),(87,286)]	24.035861
583	[]	23.938752
584	[(50,2)]	25.234234
585	[(1,1324),(24,1546),(56,1742),(84,302)]	22.887054
586	[(33,164),(50,703),(80,992)]	23.746748
587	[(7,1600),(18,874),(22,294),(32,1363),(63,221),(76,283),(80,1182)]	26.307402
588	[]	26.386144
589	[(33,122),(34,795),(67,1224)]	23.887012
590	[(67,1670)]	23.674999
591	[(51,1210)]	24.062211
592	[(28,614),(53,1389),(54,374)]	25.542146
593	[(17,1103),(56,1450)]	21.034102
594	[(7,427),(30,0),(70,1389),(92,1663)]	23.367396
595	[(5,1346)]	23.491271
596	[(7,394),(12,541),(54,784)]	23.273348
597	[(42,1042),(43,1190),(49,111),(65,696)]	24.299494
598	[(11,306),(22,78),(50,891),(78,1045)]	24.641031
599	[(11,1554),(28,152),(43,1689)]	27.087528
600	[(64,1373),(83,390)]	33.521097
601	[]	27.078770
602	[(26,1166),(37,663),(51,327)]	24.845337
603	[(26,49),(35,652),(39,1742),(61,714)]	24.192417
604	[(70,1390),(92,251)]	21.747364
605	[]	23.246836
606	[(24,1089),(34,808),(53,1637),(77,1068)]	23.759438
607	[]	25.912390
608	[(15,9),(17,830),(22,1591),(76,1744),(81,556)]	26.249092
609	[(27,1723),(44,1551),(87,623)]	23.835655
610	[(74,1039),(76,1307),(83,66),(92,17)]	23.826841
611	[(50,80)]	25.708417
612	[(0,892),(38,156),(72,423)]	24.677104
613	[(78,927)]	23.739727
614	[]	23.944781
615	[(3,9),(59,872),(75,679),(90,499)]	23.886551
616	[]	23.503590
617	[(22,195),(84,1509)]	18.591936
618	[(50,558)]	13.660938
619	[(71,459),(87,338)]	11.983216
620	[(26,1474)]	11.900861
621	[(49,858)]	13.709056
622	[]	18.399247
623	[(9,1139),(65,1506),(80,1698)]	14.273021
624	[(62,1488)]	13.729845
625	[(16,1594),(22,1091),(53,136)]	13.476266
626	[]	12.356090
627	[(3,226),(53,1394),(78,790)]	11.943327
628	[(18,369),(29,1219),(59,708)]	12.036047
629	[(19,171),(62,1067),(76,1134)]	12.050993
630	[(34,1459),(36,1253),(44,678),(46,853),(47,1165),(65,1504),(67,354),(85,787)]	12.699422
631	[(3,686),(81,1010)]	11.945686
632	[(8,1346)]	12.320304
633	[(24,253),(50,557),(78,493)]	13.922989
634	[]	12.461996
635	[(15,1711),(23,431),(42,1125),(66,849),(89,686)]	11.978943
636	[(55,1659),(68,635),(83,439),(85,1601)]	12.446927
637	[(29,1326)]	12.091485
638	[(75,1161),(78,299),(86,1649),(87,1089),(91,1099)]	11.876976
639	[(26,1320),(56,1755)]	12.444060
640	[(66,28)]	12.062451
641	[(57,59),(72,1162),(84,600),(90,425)]	11.939390
642	[(7,1171),(64,1295),(86,1314)]	12.503239
643	[(12,1052),(16,1224),(17,572),(21,1211),(80,1249)]	12.235162
644	[(34,1050)]	12.121876
645	[]	15.838132
646	[(92,1052)]	13.888612
647	[(0,1511),(23,446),(61,1080)]	16.105287
648	[(3,391),(10,219),(56,1319),(67,491),(89,904)]	13.779889
649	[(19,1212),(53,894),(73,700),(84,1361)]	13.356213
650	[(2,622),(38,1541),(46,1220),(58,384)]	13.487645
651	[(74,1593)]	13.439852
652	[(8,90),(21,1488),(23,918),(25,1087),(76,842),(82,1735)]	13.342695
653	[(37,1155),(67,710),(83,896)]	13.473981
654	[]	15.186061
655	[(22,1293),(48,1408),(63,136),(91,601),(92,215)]	13.566309
656	[(42,962)]	13.340920
657	[(61,1401)]	13.517398
658	[(8,327),(75,235)]	13.347195
659	[(14,204),(18,1734),(81,256)]	13.951175
660	[(33,1287),(36,1747),(87,1683),(88,1295)]	12.561740
661	[(28,640),(41,777)]	12.026703
662	[(17,957),(57,1218),(68,869),(76,649)]	12.175930
663	[(21,87),(63,1182)]	11.827596
664	[(2,30),(6,1221),(49,1282)]	12.062507
665	[(8,899),(45,183),(66,1751),(77,870)]	13.557055
666	[(48,285),(53,1309),(79,1078)]	23.738519
667	[(27,1564),(47,1446),(52,886),(81,63)]	17.501989
668	[(16,495),(46,855),(77,625),(82,1543)]	12.316826
669	[(20,8)]	11.990434
670	[(23,1004)]	11.798999
671	[(89,1251)]	12.324288
672	[(2,434),(31,34),(32,1756),(61,182)]	13.442228
673	[(3,1604),(27,1586),(42,636)]	13.435655
674	[(24,561),(57,407),(66,985)]	13.699054
675	[(38,549),(70,1051),(75,1178)]	13.403057
676	[(8,565),(12,439),(14,379)]	13.261196
677	[(10,124),(25,947),(31,637),(48,140),(68,744),(76,87)]	13.617395
678	[(21,324),(61,681)]	13.494139
679	[(15,638),(16,313),(17,1658),(20,389),(46,1125),(88,1205)]	13.458233
680	[(51,1066),(92,1727)]	13.307481
681	[(59,1271)]	13.679013
682	[(22,548),(34,1471)]	16.376542
683	[(90,785)]	13.873554
684	[(44,424)]	13.494319
685	[(17,963),(20,595),(51,1378),(65,854),(80,1181)]	13.363671
686	[(42,1042),(43,1190),(51,319),(85,364)]	13.325218
687	[(7,1483),(18,440),(19,7),(28,1029),(70,1169)]	13.375969
688	[(36,1576)]	13.833772
689	[]	13.241387
690	[(72,608),(78,952),(91,1518)]	13.455619
691	[(11,148),(42,45),(92,419)]	13.294330
692	[(86,895)]	13.506998
693	[(57,1476),(84,8)]	13.277446
694	[(48,1402),(90,718)]	13.433514
695	[(1,161),(12,1322)]	14.369223
696	[(70,18)]	18.402500
697	[(56,1183)]	15.912820
698	[(8,475),(63,304),(76,279)]	13.311425
699	[]	13.749907
700	[(68,1017)]	14.160986
701	[(17,1389)]	14.438312
702	[(19,476),(68,1522)]	13.831468
703	[(22,1193)]	13.612866
704	[(35,1721)]	13.603891
705	[(13,1682),(29,948),(45,942)]	14.226495
706	[(46,1194)]	13.340532
707	[(49,1359),(60,1459),(63,1224),(64,572),(70,1085)]	12.687325
708	[(15,829),(72,292)]	12.015803
709	[(34,420)]	11.930620
710	[(7,36)]	12.036039
711	[(16,1437),(42,1095),(48,733)]	13.026200
712	[(67,595)]	12.554263
713	[(0,1543),(37,1603),(69,469),(80,496)]	13.137854
714	[(33,293),(66,935)]	12.036017
715	[(38,872)]	12.243328
716	[(12,1340),(59,1345),(63,846),(75,1291)]	13.048740
717	[(8,509)]	12.201628
718	[(24,326),(68,879),(80,1550)]	13.572455
719	[(7,1130),(21,907)]	14.957456
720	[(22,1379),(26,1568),(43,37),(54,1654),(78,1708)]	12.194212
721	[(0,129),(22,1092),(68,403)]	12.335657
722	[(27,610)]	12.117798
723	[(14,640),(53,621),(55,1594)]	12.123577
724	[(23,502),(81,261)]	12.158570
725	[(11,1689),(16,509),(63,1565)]	12.811151
726	[(41,1584),(70,954)]	13.435587
727	[(12,758),(28,251),(39,1031),(40,1),(46,901)]	12.025829
728	[(12,348),(58,173)]	11.850522
729	[(17,935)]	11.854012
730	[(15,1682),(38,359),(51,586),(64,1597)]	12.215169
731	[(1,865),(5,41),(23,782),(65,824),(82,100),(92,542)]	12.059646
732	[(24,1556),(39,512),(42,1355)]	11.900218
733	[(60,473)]	11.996090
734	[(2,1329),(39,115),(53,889)]	11.979954
735	[(75,1328),(78,1462)]	12.006905
736	[(34,699),(71,1669),(87,1634)]	12.626353
737	[(2,1097),(61,1730)]	16.963012
738	[(46,149),(56,887),(77,7)]	12.031576
739	[(23,583),(31,1411),(52,1471),(71,1731)]	12.277344
740	[(82,980),(89,287)]	11.997842
741	[(53,1155),(70,232),(82,1272),(88,578)]	12.345090
742	[(8,1294),(43,1382),(86,446),(87,1011)]	12.154195
743	[(79,1045)]	16.760831
744	[(20,1574),(85,167)]	24.348174
745	[(2,251),(37,1297),(40,959),(55,1060),(68,1578)]	14.403026
746	[(20,1155)]	11.937412
747	[(43,1570),(68,1177),(76,1751)]	13.083243
748	[(8,147),(12,67),(15,1751),(17,1396),(31,1432),(38,362),(73,844)]	14.103241
749	[(6,1530),(32,782),(54,953)]	12.089645
750	[(7,1328),(15,723),(70,1694)]	12.019585
751	[(46,994),(58,547),(69,171)]	11.960948
752	[(5,1067),(35,1763),(68,601)]	12.315438
753	[(6,1379),(39,1254),(41,1249)]	12.451476
754	[(35,93)]	11.842062
755	[(77,189)]	12.321988
756	[(50,100),(58,734)]	12.082266
757	[(14,1147)]	12.251740
758	[(29,569),(65,1526)]	14.497365
759	[(3,1012)]	12.167095
760	[(42,1358)]	11.911552
761	[(80,1232),(92,933)]	12.932176
762	[(1,600),(42,384),(43,1064),(45,257),(49,1635),(59,1532),(64,1654)]	12.267054
763	[(23,835),(35,337)]	15.806755
764	[(47,679),(48,259),(83,787)]	12.024351
765	[(70,1334),(79,724)]	12.272072
766	[(7,1042)]	12.556579
767	[(57,338)]	12.616982
768	[(65,1197),(68,705),(79,1517)]	14.219034
769	[(92,1355)]	13.305525
770	[(1,1223),(34,464),(41,571),(58,279),(81,9)]	12.780854
771	[(4,856),(23,1375)]	12.130649
772	[]	15.274955
773	[(32,1714)]	15.997464
774	[(35,328),(47,147),(80,169)]	13.057262
775	[(39,550),(67,252),(72,1224)]	12.469105
776	[(5,587),(85,1033)]	12.114182
777	[(21,307),(63,1401)]	11.990180
778	[(18,169),(62,144)]	12.155930
779	[(24,1625),(72,1725)]	11.994522
780	[(11,320),(15,1427),(53,1094),(80,1087),(82,1020)]	12.473237
781	[(23,448)]	11.971651
782	[(10,1268),(26,110),(48,682)]	12.106635
783	[(2,584),(35,1712)]	12.454032
784	[(33,158),(47,1025),(85,1265),(91,1132)]	13.776896
785	[(1,386),(3,1521),(15,604),(30,514)]	12.385400
786	[(44,462),(49,115),(53,1369),(92,433)]	11.868246
787	[(39,660),(41,27),(85,913)]	12.086256
788	[(64,1732),(77,1060)]	11.986083
789	[]	11.991302
790	[(37,704),(64,1569)]	12.730656
791	[(63,75),(86,892)]	12.031008
792	[(31,53),(61,1356),(75,1755)]	12.086228
793	[(38,1452),(54,1352),(60,1431)]	12.509265
794	[(4,130),(18,485),(27,447),(45,447),(77,1499),(85,211),(89,1245)]	12.357109
795	[(58,19)]	12.852574
796	[(74,1660),(85,65)]	12.669588
797	[(27,1004),(46,781),(69,1096)]	12.116348
798	[(41,1270),(75,1034),(82,1681)]	11.950718
799	[(11,1060),(26,148),(30,86)]	11.981326
800	[(9,55),(30,1593),(39,1273),(52,1644),(57,1050)]	12.450344
801	[(32,378),(45,1125),(67,397),(89,1120)]	11.987510
802	[(37,1103),(50,667),(61,1752),(70,1194)]	11.962678
803	[(1,1584)]	11.869109
804	[(42,1226),(63,70)]	12.308340
805	[(10,1171),(15,262),(42,776),(48,1138)]	11.836058
806	[(7,1149),(65,374)]	11.993129
807	[(70,125)]	12.095004
808	[(56,1718),(64,971)]	11.929752
809	[(1,1037),(19,296),(32,1205),(60,496),(87,1200)]	12.307205
810	[(2,642),(80,1391),(87,1677)]	11.935854
811	[(15,1125),(70,330)]	11.947776
812	[(24,239)]	12.113056
813	[(47,1685),(91,780)]	11.946118
814	[(19,1381),(64,418),(73,1496)]	13.153742
815	[(35,732)]	12.097441
816	[]	11.936509
817	[(63,1460),(86,484)]	13.036182
818	[(5,859),(36,128),(42,594),(44,1693),(78,1760),(80,1253),(82,908)]	13.272818
819	[(17,35)]	12.507214
820	[(3,907),(79,1332),(82,1235)]	14.986360
821	[(15,1679),(20,304),(36,5),(50,889)]	11.916319
822	[(0,1457),(15,377),(18,169),(42,281),(48,1213)]	12.392994
823	[(27,1120),(62,700)]	12.278021
824	[(33,860),(36,1106),(77,1474)]	13.399490
825	[]	23.651319
826	[(4,502),(82,120)]	17.600924
827	[(1,322),(7,883),(8,1049),(18,1696),(28,1213),(48,977),(62,1572),(76,1187)]	12.183841
828	[(5,1516)]	11.886133
829	[(18,253),(77,360),(91,383)]	11.922160
830	[(13,411),(30,1053),(56,736),(69,1647)]	11.767386
831	[]	12.136585
832	[(89,1722)]	11.849914
833	[(27,263),(37,1517)]	12.170509
834	[(4,33),(67,1748)]	12.449806
835	[(18,890),(38,452)]	12.965766
836	[]	12.280731
837	[(23,1408),(46,1733)]	14.604465
838	[(31,1336),(34,1488),(36,1345),(44,1290)]	11.937811
839	[(61,459),(85,1747)]	11.867765
840	[(23,886),(46,1383)]	11.965565
841	[(46,1599),(80,523),(92,559)]	12.626693
842	[(30,484),(52,944)]	12.162653
843	[(39,871),(54,329)]	11.977031
844	[(30,1530)]	11.965221
845	[(15,879),(23,1008),(32,1634),(62,738)]	11.919710
846	[(3,573),(4,786),(21,1468),(34,464)]	13.819844
847	[(13,706),(46,1461),(76,1330)]	13.800732
848	[(49,1660)]	12.870490
849	[(22,1112),(68,1593)]	12.118777
850	[(19,1672),(25,1372),(28,323)]	12.676982
851	[(10,1462),(33,1102),(62,446),(78,1523)]	15.403834
852	[(59,1535)]	16.480310
853	[(34,406),(51,288)]	12.491951
854	[(62,1449),(71,1618),(85,1207)]	11.906156
855	[]	12.035097
856	[(13,1022),(64,1467),(88,582)]	12.742925
857	[(12,1075),(68,1590),(92,80)]	12.418103
858	[(30,544),(46,1363),(80,358)]	12.664821
859	[(12,347),(25,1709),(55,791),(69,243),(77,748),(91,649)]	11.827448
860	[(62,890),(81,1251)]	12.067876
861	[(40,1602)]	11.826757
862	[(55,189)]	12.861123
863	[(63,1320)]	13.204945
864	[(80,1405)]	12.975792
865	[(21,498),(74,0),(84,1501)]	11.934933
866	[(60,987),(85,859),(92,1202)]	11.988286
867	[(9,1242),(14,1559),(21,90),(25,1727),(65,1278)]	12.474971
868	[(38,310)]	12.383138
869	[(78,366),(85,681)]	13.205995
870	[(89,0)]	12.040662
871	[(79,637)]	12.098409
872	[(36,923),(54,1407),(62,1715),(78,1671)]	12.927898
873	[(6,971),(70,534),(89,522)]	12.242897
874	[(26,154),(36,1603),(54,941),(65,964)]	12.585387
875	[(35,806),(38,713),(45,824),(52,737)]	12.168215
876	[(64,1034),(86,774)]	12.154673
877	[(52,1765),(56,1077),(80,1196),(85,1066)]	12.050851
878	[(16,490)]	12.286576
879	[(6,972),(55,271)]	12.046647
880	[(15,1028),(17,1424),(30,309),(69,822)]	11.931685
881	[(57,1202),(59,312),(86,1131)]	12.184789
882	[(77,1536)]	13.977518
883	[(59,177),(61,1016)]	13.579041
884	[(61,1337),(73,1595),(76,1023),(87,1615)]	13.506764
885	[(60,397)]	13.436972
886	[(55,14)]	13.759309
887	[(13,1746),(88,709)]	13.495065
888	[(86,70)]	13.602870
889	[(61,213),(70,304)]	13.279596
890	[(9,817)]	14.233371
891	[(16,1643),(42,1679)]	13.684711
892	[(1,857),(15,430),(58,269)]	13.589306
893	[(37,540),(71,1195),(77,567)]	13.294570
894	[(37,670),(43,261)]	13.529384
895	[(76,1523)]	13.461496
896	[(6,129),(91,1613)]	13.673997
897	[(83,1004),(86,842)]	13.628841
898	[(42,355),(44,3),(62,1355),(82,1662)]	13.393700
899	[(12,941),(66,1106)]	13.755200
900	[(29,1075)]	14.255652
901	[(5,1350),(11,749),(48,967)]	13.560297
902	[(36,565),(81,326)]	13.444329
903	[(4,391),(72,468),(81,352)]	13.965345
904	[(11,1073),(20,974),(83,1258)]	22.492366
905	[(51,1217)]	24.911971
906	[]	13.782281
907	[(16,579),(35,365),(48,854)]	13.860019
908	[(2,1115),(34,25),(57,761),(85,256)]	13.615813
909	[(16,1187),(28,296)]	12.184508
910	[(18,1585),(23,309),(35,1377),(71,522)]	11.901467
911	[]	12.057372
912	[(0,37),(3,1189),(62,1515)]	12.013782
913	[(25,396),(31,1222)]	14.632937
914	[(91,630)]	13.244211
915	[(64,1266),(87,71)]	12.563724
916	[(9,1546),(45,1392),(61,406),(79,327),(80,1421),(87,1072)]	12.507871
917	[(46,1423),(53,540),(76,620)]	14.953080
918	[(1,654)]	12.875890
919	[(65,1606)]	12.088385
920	[(0,255),(29,1427),(37,1397)]	12.098853
921	[(54,363),(88,1125)]	12.946885
922	[(57,126)]	12.538771
923	[(8,1632),(24,1602),(43,550),(51,565),(73,89)]	12.355051
924	[(11,830),(25,1499),(32,1045),(43,991),(68,53)]	12.364486
925	[(8,1056)]	11.909028
926	[(8,1649),(16,1248)]	14.115188
927	[(21,656),(37,515),(52,1038),(66,1637)]	16.456973
928	[(39,449),(90,765)]	14.027278
929	[(18,87),(38,1364),(52,72),(83,474),(85,1175)]	12.054199
930	[(38,1034),(91,775)]	11.994161
931	[(26,221),(67,923)]	11.970042
932	[(33,59),(38,1448),(84,1371)]	11.796544
933	[(0,1487),(29,1581),(91,415)]	12.620809
934	[(28,250),(61,512),(88,529)]	12.190040
935	[(75,774)]	11.928179
936	[(12,578)]	12.124624
937	[(7,928),(15,261),(73,256)]	11.835239
938	[(3,1750),(42,130),(73,461)]	12.180419
939	[(0,1109),(37,210),(59,343),(64,912),(90,977)]	13.650956
940	[(65,1155),(80,935)]	12.281189
941	[(5,881),(6,1245),(9,429)]	12.768507
942	[(40,1540),(74,1350)]	14.245028
943	[(75,1472),(82,125)]	13.285637
944	[(44,1015),(52,402)]	12.744228
945	[(9,421),(13,969),(20,1490),(29,1286)]	12.942097
946	[(7,899),(27,1543),(38,1480),(50,622)]	12.221262
947	[(34,1434),(87,1636)]	12.149485
948	[(12,1552),(55,840),(76,1330)]	11.912060
949	[(51,1688),(64,1436),(81,333)]	11.911815
950	[(31,1185),(42,1691),(86,116)]	12.091775
951	[(25,803),(40,1213)]	12.005273
952	[(22,818),(34,367),(78,1741)]	11.932542
953	[(44,1423),(76,1360)]	12.649831
954	[(35,394),(44,252)]	12.078656
955	[(5,578),(66,353)]	12.090790
956	[(2,1649)]	11.953380
957	[(8,882),(13,194)]	11.976197
958	[(29,639),(68,481),(70,2),(73,1252),(87,1157)]	12.435104
959	[]	11.777651
960	[(33,643),(78,8),(90,824)]	12.006942
961	[(20,936),(43,387),(74,740),(84,1471)]	12.793641
962	[(26,1597),(35,784),(45,149),(85,743)]	11.776404
963	[]	11.997178
964	[(33,716),(35,978),(74,1348)]	12.075488
965	[(48,1228)]	12.113320
966	[(36,567),(74,1435),(85,416)]	12.186025
967	[(17,1615),(24,1486),(61,1256),(83,1480)]	12.509711
968	[(49,409),(71,245)]	12.433840
969	[(66,333),(70,1031),(86,599)]	11.969333
970	[(18,1603),(92,233)]	11.821293
971	[(24,1383),(29,118),(56,241),(74,1475)]	11.962956
972	[(22,1284),(48,765),(90,548)]	12.213541
973	[(43,1093),(51,402)]	12.179945
974	[(9,1020),(47,589)]	12.028519
975	[(40,355),(47,1462),(60,1375)]	12.220442
976	[]	11.834424
977	[(10,286),(44,1086),(50,1052),(73,120),(77,681)]	11.998886
978	[(8,1531),(67,371)]	12.224203
979	[(52,223),(81,1497),(82,858)]	12.081055
980	[(0,1757),(1,1062),(41,680),(63,366),(75,804)]	11.944166
981	[(8,619),(50,249)]	13.321647
982	[(37,955),(73,51)]	12.462615
983	[(15,1369)]	12.046672
984	[(5,210)]	12.266308
985	[(54,751),(57,82)]	14.661604
986	[(12,1195),(28,881)]	22.994592
987	[(40,1642),(49,385),(61,1249)]	20.069790
988	[(53,1075),(55,1399),(92,232)]	12.423043
989	[(1,1583),(23,1186),(45,938)]	12.202179
990	[(81,1164)]	12.927240
991	[(21,438)]	12.833163
992	[(3,1089),(68,91),(92,204)]	14.468742
993	[(5,959),(21,1217)]	12.035252
994	[(24,903),(59,319),(62,1651),(73,961)]	12.072518
995	[(16,41),(28,828),(46,1452)]	12.043110
996	[(49,104),(92,359)]	12.191152
997	[(46,608),(56,1249),(57,814)]	12.383867
998	[(48,168)]	12.063862
999	[(16,1666),(40,819)]	12.840345
