ruleset_index	matches	time_ms
0	[]	10.541311
1	[(56,86),(74,143)]	10.069269
2	[]	10.346665
3	[(83,509)]	11.710818
4	[(72,46)]	10.630632
5	[(25,871)]	10.214378
6	[(49,712)]	10.202311
7	[(47,427),(68,770)]	10.167324
8	[(13,76),(22,266),(58,620)]	10.327530
9	[(26,84),(91,809)]	10.538547
10	[(70,467)]	11.051779
11	[(25,317),(74,512)]	10.849419
12	[(22,711),(24,586),(45,72),(89,544)]	10.406553
13	[(84,332)]	10.489209
14	[]	12.971686
15	[(28,556),(35,161),(45,266)]	10.888131
16	[(5,577),(59,797)]	10.786103
17	[(70,833),(78,724)]	10.380319
18	[(13,824),(30,133),(48,856),(69,555)]	12.994360
19	[]	10.387195
20	[(35,214)]	10.208993
21	[]	10.167272
22	[(4,33),(27,573),(64,335),(88,404)]	10.517422
23	[(29,781),(37,126),(39,448),(74,791)]	10.346652
24	[]	10.159877
25	[(1,370),(87,493)]	16.158577
26	[(40,403)]	20.162957
27	[(79,6)]	15.416949
28	[(26,552),(30,265)]	10.437795
29	[(5,16),(88,609)]	10.511187
30	[(79,490),(87,223)]	10.322842
31	[(16,661)]	10.080239
32	[(87,9)]	10.213978
33	[(73,807),(82,42)]	10.215206
34	[(46,805)]	10.164282
35	[]	10.083019
36	[(81,203)]	10.405140
37	[]	11.112069
38	[]	11.300172
39	[(10,468),(88,42)]	10.611874
40	[(2,522),(36,552),(77,421)]	10.323260
41	[]	10.724465
42	[(60,623)]	11.901171
43	[(4,665)]	10.561790
44	[]	10.301533
45	[(79,340)]	10.317684
46	[]	11.024714
47	[(8,529),(19,873)]	12.648199
48	[]	14.409202
49	[(42,881),(45,14),(55,664)]	11.275235
50	[(28,827)]	10.142551
51	[(66,224)]	10.088074
52	[]	10.129354
53	[]	10.606635
54	[(36,63),(51,217)]	10.132056
55	[(6,398)]	10.130332
56	[(25,674),(27,317)]	10.547009
57	[(3,274)]	10.259863
58	[]	10.755491
59	[(56,99)]	10.627390
60	[(58,129)]	10.554341
61	[(29,221)]	10.369431
62	[]	10.434837
63	[(67,867)]	10.517348
64	[]	10.397725
65	[(43,835),(61,740)]	10.665882
66	[]	10.901863
67	[(79,596)]	10.820712
68	[(54,48),(59,735),(80,256)]	10.554279
69	[(65,251)]	10.910212
70	[(55,418)]	10.386254
71	[(4,113),(22,170)]	10.340270
72	[]	10.465248
73	[]	10.248484
74	[(5,491),(11,591)]	10.306404
75	[]	10.431599
76	[]	10.257656
77	[(21,583),(59,678)]	10.251490
78	[(39,186)]	10.349638
79	[]	10.381448
80	[(53,500)]	10.445109
81	[(40,351),(50,480),(67,105)]	10.413797
82	[(40,281)]	10.391453
83	[(33,192),(89,308)]	10.493851
84	[]	11.331496
85	[(7,295),(34,204)]	10.816448
86	[(6,710),(27,161)]	10.209477
87	[(6,311),(15,469),(79,362)]	10.099900
88	[(34,613),(42,59),(46,671),(47,574),(78,498)]	10.721013
89	[]	10.458715
90	[(83,172),(92,414)]	10.838833
91	[(25,670),(32,564),(81,200)]	10.024422
92	[]	10.222056
93	[]	10.054795
94	[(54,832)]	11.504832
95	[(18,423),(20,130),(43,543),(73,369)]	10.413533
96	[]	12.312749
97	[(2,132),(48,730),(59,242)]	10.185202
98	[]	10.189246
99	[(38,818),(65,687),(90,867)]	11.199982
100	[(77,385)]	11.288902
101	[(92,427)]	11.645642
102	[]	10.600044
103	[(30,497),(85,401)]	10.258637
104	[]	10.542281
105	[]	10.304537
106	[]	11.692369
107	[]	10.889441
108	[(6,677),(48,56)]	10.136599
109	[(22,430),(24,560),(35,267),(76,596)]	10.997780
110	[(86,469)]	12.773748
111	[(66,809)]	11.080559
112	[(10,667),(80,704),(89,434)]	10.458634
113	[(38,654),(53,34)]	10.492144
114	[]	10.140962
115	[(45,315)]	10.090130
116	[(14,698),(26,362),(38,660),(41,193),(72,823)]	10.929269
117	[]	10.472012
118	[(11,253),(19,666)]	10.047241
119	[(19,483)]	10.824412
120	[(4,448)]	10.709242
121	[(15,161)]	18.505049
122	[]	20.066540
123	[]	15.138815
124	[(59,3),(63,638),(81,458)]	10.173398
125	[]	10.076319
126	[]	10.191288
127	[(1,446),(4,94)]	10.060359
128	[(22,765)]	10.297378
129	[(14,48),(52,639),(71,609)]	10.266963
130	[(28,52),(84,128)]	10.085816
131	[(18,24)]	10.030815
132	[]	10.031892
133	[(64,720)]	10.424408
134	[(20,510),(40,754),(56,154),(67,759)]	10.187199
135	[(12,215),(78,525)]	10.108509
136	[(59,783),(63,848)]	10.186407
137	[(49,506),(83,419)]	10.151768
138	[(68,333)]	10.999154
139	[(17,865)]	13.109769
140	[(57,485),(70,209)]	14.214949
141	[(21,62)]	11.431258
142	[(56,522),(85,18)]	10.097192
143	[(55,338),(56,744)]	10.010590
144	[(45,706),(63,426)]	10.850143
145	[(38,405),(42,424),(43,45)]	10.163698
146	[]	10.019316
147	[(57,499)]	10.340429
148	[(25,324),(69,578)]	10.075623
149	[(59,647),(69,400)]	10.036804
150	[]	10.719401
151	[(36,542),(55,0)]	10.401964
152	[(43,306),(72,373),(76,364),(81,815)]	10.175413
153	[(46,850)]	10.302032
154	[(41,480),(67,794)]	10.346048
155	[(77,610)]	10.318954
156	[(22,121),(36,117)]	10.292540
157	[(37,217),(52,810)]	11.629674
158	[(49,472)]	10.358694
159	[]	10.352712
160	[]	10.407948
161	[]	10.341145
162	[]	11.158767
163	[(17,408)]	10.309813
164	[]	10.920817
165	[(6,125),(30,377),(38,6),(67,363),(71,203)]	10.603841
166	[(86,691)]	10.203941
167	[(70,478)]	10.053867
168	[(24,93)]	10.006270
169	[(49,872)]	10.204288
170	[]	10.107309
171	[(41,412),(58,339)]	10.096842
172	[]	10.186874
173	[]	10.297107
174	[(6,293),(16,641)]	10.004900
175	[]	10.138268
176	[]	10.439558
177	[(14,344),(70,627),(81,736)]	10.609589
178	[]	11.010003
179	[(24,514),(33,131),(48,663),(74,751)]	10.948180
180	[(45,37),(76,133)]	11.486582
181	[(58,120)]	11.096739
182	[(33,856)]	11.295457
183	[(46,598)]	10.488450
184	[(36,538)]	10.614381
185	[(11,617)]	10.260137
186	[]	10.110836
187	[(28,779),(78,803)]	10.191767
188	[]	11.634433
189	[]	10.606016
190	[(4,757),(15,873)]	10.195820
191	[(12,305)]	10.661257
192	[(45,428),(55,124),(70,138)]	10.368434
193	[]	10.236212
194	[]	10.541245
195	[]	10.129890
196	[(47,529)]	10.338570
197	[(0,494)]	10.751902
198	[(20,388),(56,631)]	10.652093
199	[(51,869)]	10.320582
200	[(18,260),(19,298),(71,494)]	11.061716
201	[]	11.148677
202	[]	10.312471
203	[(55,329),(84,55)]	12.420153
204	[]	10.700552
205	[]	10.254623
206	[(3,466),(64,527)]	10.253027
207	[(12,574),(19,211),(54,56),(63,304),(82,237),(88,883)]	10.082385
208	[(21,735),(23,35)]	10.186377
209	[]	10.168162
210	[(51,354),(86,275)]	10.164111
211	[]	10.002465
212	[]	10.197668
213	[]	10.263580
214	[(36,12)]	10.066739
215	[(90,181)]	10.117440
216	[(13,711),(16,412)]	10.341562
217	[]	10.496498
218	[]	14.028231
219	[(44,283),(84,194)]	23.670526
220	[(22,315),(91,811)]	16.861081
221	[(1,483),(32,840),(56,326)]	11.250673
222	[(15,79),(24,260)]	10.206673
223	[(9,326)]	10.215991
224	[(34,877),(85,274)]	10.306378
225	[(26,494),(70,672)]	10.336006
226	[]	10.339369
227	[]	10.287152
228	[(18,742),(36,295),(79,687)]	10.056920
229	[(26,30)]	10.134849
230	[(69,668)]	10.772204
231	[(53,144)]	10.185169
232	[(6,487)]	12.634783
233	[(27,411),(33,564),(60,515)]	13.833989
234	[]	11.222178
235	[]	10.117946
236	[(6,375),(58,241),(88,650)]	10.097978
237	[(56,211)]	10.142378
238	[(2,883),(23,18)]	10.261929
239	[(45,202)]	10.544195
240	[]	11.085556
241	[(36,773)]	10.250361
242	[(25,126),(28,300)]	10.037834
243	[(81,398),(84,24)]	10.003874
244	[(17,667),(61,494)]	10.090261
245	[(25,85),(41,258),(79,266)]	10.258337
246	[(67,637)]	10.031048
247	[]	10.034557
248	[(77,506)]	10.327209
249	[(54,298)]	10.031466
250	[(8,14),(73,194)]	10.845757
251	[(44,801),(89,548)]	10.348360
252	[(17,424)]	10.790128
253	[(66,67)]	10.309337
254	[(18,200)]	10.225054
255	[(85,456),(86,315)]	11.122262
256	[(78,789)]	10.261779
257	[(30,543),(62,492),(68,233),(84,159)]	10.372980
258	[(73,382)]	10.063346
259	[]	10.038343
260	[(45,618)]	10.166784
261	[(12,201),(37,867)]	10.014791
262	[(22,172)]	10.045988
263	[]	10.261537
264	[(83,632)]	10.104813
265	[(58,761)]	10.057140
266	[(56,389)]	10.158667
267	[(25,813),(41,139),(65,641)]	10.147482
268	[]	16.462886
269	[]	21.938636
270	[(41,748),(62,350),(75,162)]	23.095867
271	[]	20.039843
272	[(42,395),(90,305)]	19.905844
273	[]	19.751586
274	[(7,677),(31,262),(67,136)]	20.503230
275	[(63,647)]	20.559541
276	[(19,309),(47,185)]	20.097904
277	[(18,85)]	20.053503
278	[(62,515)]	20.767310
279	[(68,446)]	17.305130
280	[(13,357)]	19.249210
281	[(67,509)]	19.415267
282	[(42,28),(67,398)]	19.456196
283	[(56,572),(82,409),(87,418)]	21.285526
284	[]	19.384193
285	[]	19.265535
286	[]	19.625912
287	[(16,369),(45,59),(48,574)]	20.010494
288	[]	20.065149
289	[]	19.927649
290	[(72,430)]	19.972002
291	[]	19.999667
292	[(90,362)]	19.898014
293	[]	22.206543
294	[]	19.970405
295	[(7,484),(10,851),(40,604),(78,198)]	20.556379
296	[(10,533),(16,440),(36,3)]	21.040794
297	[]	20.413936
298	[(0,616),(86,215)]	20.027618
299	[]	22.782629
300	[(38,74)]	21.281071
301	[]	20.046426
302	[(44,92)]	20.052648
303	[(8,638)]	20.032751
304	[]	21.413276
305	[(78,720)]	21.506626
306	[(64,850),(79,45),(81,754)]	20.635084
307	[(14,304),(37,472),(46,536),(59,346)]	20.502352
308	[]	19.975657
309	[(49,580)]	20.182978
310	[(64,357)]	23.551627
311	[(27,564),(81,459)]	20.256701
312	[(26,772),(50,463)]	20.174201
313	[(48,13)]	21.324887
314	[]	17.866343
315	[]	19.665925
316	[(87,837)]	19.298580
317	[(29,698),(50,874)]	19.675046
318	[]	19.635063
319	[(12,792)]	20.293210
320	[(58,394)]	19.821802
321	[]	20.231137
322	[(56,142)]	19.802351
323	[(15,628)]	20.971017
324	[]	23.076261
325	[(86,170)]	22.148449
326	[]	19.529238
327	[(15,384),(20,11),(55,104)]	19.586732
328	[(47,171)]	19.331592
329	[(37,705)]	19.436212
330	[]	19.274637
331	[(27,822),(57,66),(88,776)]	19.896770
332	[]	19.534315
333	[(37,637),(40,869)]	20.806870
334	[(5,284),(49,136)]	19.954323
335	[(75,620)]	19.806252
336	[(10,103)]	19.239468
337	[]	19.135888
338	[(82,677)]	19.556491
339	[(48,233)]	21.157466
340	[(66,144)]	17.346114
341	[]	20.212123
342	[]	20.679170
343	[(44,267),(80,799)]	21.440793
344	[]	19.909731
345	[(40,138)]	22.848771
346	[(29,539)]	17.487584
347	[(16,737),(24,376),(60,354)]	19.199824
348	[]	20.059258
349	[]	24.527298
350	[(35,862),(87,562)]	24.492302
351	[]	20.950811
352	[(1,824),(28,358)]	19.365128
353	[(41,190)]	21.991733
354	[(33,279)]	22.272430
355	[]	20.205285
356	[]	19.897330
357	[]	20.059587
358	[]	22.360798
359	[(38,506),(82,832)]	17.517646
360	[(80,544)]	19.545801
361	[]	19.384829
362	[(5,600),(40,798)]	19.800830
363	[(36,777),(74,364)]	19.313233
364	[(30,691),(53,826)]	19.256395
365	[(9,840),(25,127),(66,382)]	19.988957
366	[(38,308)]	20.371065
367	[]	21.031488
368	[]	20.987844
369	[(37,650),(43,142)]	20.112404
370	[(6,360)]	20.139622
371	[(39,680)]	20.581951
372	[(92,605)]	19.939459
373	[(58,790),(78,740)]	20.049845
374	[(26,525)]	20.652635
375	[(91,48)]	19.893530
376	[]	20.056601
377	[(56,356)]	23.491755
378	[(2,789)]	19.991212
379	[(40,720),(46,679),(49,855),(76,644),(84,710)]	20.435462
380	[(11,645),(84,492)]	20.531262
381	[]	19.977784
382	[]	20.616771
383	[(14,678),(36,168),(39,222)]	22.408701
384	[(0,698),(56,370)]	19.916845
385	[]	20.053196
386	[]	19.996843
387	[(60,660),(64,204)]	20.086762
388	[(86,743)]	20.012166
389	[]	20.069654
390	[]	20.020318
391	[]	20.234786
392	[(53,330)]	20.144579
393	[(0,171),(26,643)]	21.173934
394	[(22,152),(42,280)]	17.329543
395	[]	19.368707
396	[(10,696),(63,95)]	20.587066
397	[(35,767),(38,594),(53,423)]	20.757305
398	[(6,666),(78,70)]	22.272468
399	[(3,857),(12,740)]	20.663423
400	[(49,118),(72,741),(85,197)]	20.076968
401	[(0,224)]	21.812845
402	[]	19.618897
403	[(21,460),(26,662)]	20.060120
404	[]	20.319436
405	[(26,327)]	20.236152
406	[(37,325),(68,111)]	19.849952
407	[(67,204)]	19.518642
408	[(70,456)]	20.982303
409	[(28,25),(60,346)]	23.085506
410	[]	26.920502
411	[]	22.214900
412	[(59,804)]	21.955962
413	[]	21.615746
414	[(31,503),(78,332)]	22.009236
415	[(6,582)]	22.403813
416	[]	22.766677
417	[(9,137),(73,635)]	19.736768
418	[(35,820),(64,216),(74,884)]	19.823563
419	[(27,771)]	20.002880
420	[(38,363)]	20.323006
421	[]	24.190718
422	[(62,596)]	20.897131
423	[(1,769),(57,214),(59,623)]	20.933453
424	[(30,276),(31,493)]	19.967589
425	[(81,146)]	19.851899
426	[(81,331)]	20.793875
427	[]	18.572914
428	[(26,727),(87,810)]	19.784002
429	[]	21.114114
430	[]	21.988205
431	[]	23.340803
432	[(7,125)]	20.733111
433	[]	20.001308
434	[]	20.474740
435	[(17,326),(66,437),(72,712)]	22.298921
436	[(75,126),(84,531)]	17.893991
437	[(9,351),(11,309),(31,277),(45,350)]	19.913358
438	[(30,89),(43,333),(74,254)]	19.770943
439	[]	20.186506
440	[(12,552)]	19.147265
441	[(45,185),(57,46),(70,356)]	20.966226
442	[(84,449)]	21.610324
443	[]	20.863227
444	[]	21.667991
445	[(8,7),(63,672),(69,817)]	20.127760
446	[(37,833)]	21.674050
447	[(23,617),(58,290)]	22.448901
448	[]	17.309457
449	[]	19.368819
450	[(11,157),(29,235)]	19.614904
451	[]	24.581095
452	[(81,429),(86,521)]	22.578325
453	[(35,214)]	22.179389
454	[(4,255),(29,477),(38,720)]	24.355150
455	[(6,106)]	20.641800
456	[]	20.853689
457	[(63,596)]	20.854053
458	[]	20.007069
459	[(14,311),(72,642)]	21.187003
460	[(22,415),(24,705),(58,741)]	20.459744
461	[(9,566)]	20.590982
462	[(0,682),(28,754)]	20.485658
463	[(10,438)]	22.869480
464	[(90,247)]	20.024634
465	[]	20.053091
466	[]	20.266143
467	[]	20.773072
468	[(88,339)]	20.118827
469	[(71,831),(73,103)]	20.415611
470	[(29,273)]	12.675248
471	[(24,697)]	11.291820
472	[(32,326),(87,519)]	10.804820
473	[]	10.126273
474	[(13,733)]	10.122603
475	[(86,586)]	10.777494
476	[(92,797)]	10.332945
477	[(15,618)]	10.378206
478	[(65,703)]	10.066858
479	[]	10.118690
480	[]	10.123740
481	[(12,637),(56,277),(71,65)]	10.014382
482	[(33,439)]	10.712457
483	[(60,624)]	10.241447
484	[(1,244),(72,832)]	10.521705
485	[]	10.213826
486	[]	10.104564
487	[(18,777),(46,765),(68,710)]	10.529953
488	[(12,455),(67,743),(87,0)]	10.058197
489	[(3,643),(6,418),(70,305)]	10.176743
490	[(37,73),(61,625)]	12.738182
491	[(48,826)]	10.390795
492	[(25,773),(61,327)]	10.215168
493	[(14,151),(76,593),(83,291)]	10.242022
494	[(26,732)]	10.029034
495	[(19,249)]	10.092462
496	[(12,531),(70,427)]	10.307424
497	[]	10.487037
498	[(50,829)]	10.286822
499	[(27,482),(54,815)]	10.478531
500	[(4,633),(45,488)]	10.694675
501	[(16,808)]	10.008190
502	[(34,218),(36,334)]	10.325237
503	[(28,790),(76,552)]	10.038530
504	[(14,372),(59,791)]	10.279275
505	[]	10.132298
506	[(28,103)]	11.342803
507	[]	10.225749
508	[]	10.727575
509	[(14,630),(79,120)]	10.624237
510	[(55,218)]	10.586911
511	[(54,150)]	10.145903
512	[(13,565)]	10.290883
513	[(20,746),(51,731)]	10.267579
514	[]	10.048426
515	[(3,407),(16,649)]	12.231962
516	[(10,256)]	14.061741
517	[(64,446),(75,760)]	12.299930
518	[]	10.221103
519	[]	10.963494
520	[(5,308),(42,105),(79,598),(88,642)]	10.801298
521	[(67,718)]	10.318437
522	[]	13.578535
523	[(13,653)]	11.594510
524	[]	10.254859
525	[(50,697),(59,387)]	10.161594
526	[(44,743)]	10.008041
527	[(22,620),(39,774),(60,636),(85,610)]	10.722797
528	[(44,106),(82,815)]	10.373960
529	[(6,54),(64,372)]	10.162562
530	[(11,651),(17,776),(31,196)]	10.458947
531	[(74,418)]	10.054225
532	[(30,725),(53,332),(54,604)]	10.203903
533	[(11,41),(44,235)]	11.038014
534	[]	11.581542
535	[(59,822)]	10.478536
536	[(12,249),(64,5)]	10.560853
537	[(55,619),(84,479)]	10.409568
538	[]	11.046344
539	[(20,320),(23,302),(57,420)]	10.193904
540	[(46,883)]	11.442938
541	[]	10.045307
542	[(4,872),(91,856)]	17.724929
543	[]	19.704241
544	[(51,18),(92,554)]	14.719355
545	[(13,417)]	10.387588
546	[(24,363),(33,668)]	10.411767
547	[]	10.068441
548	[(49,259)]	9.993117
549	[]	10.097807
550	[(15,235),(48,221)]	10.379891
551	[(18,390)]	10.010876
552	[(61,556)]	10.160019
553	[(41,720)]	10.125838
554	[]	10.794578
555	[]	11.586619
556	[(74,790),(77,824)]	10.508866
557	[(91,634)]	10.156037
558	[(10,538),(19,710),(48,748),(88,489)]	10.232970
559	[(62,67)]	10.028235
560	[(8,576),(37,132)]	10.178120
561	[]	10.053252
562	[(37,80),(60,366)]	10.165964
563	[]	10.215536
564	[(58,808)]	9.996824
565	[(9,318),(73,746)]	11.893538
566	[(15,242),(36,416),(89,709)]	10.125542
567	[(91,676)]	10.451940
568	[(44,206),(54,609),(64,746),(86,820)]	10.964502
569	[(5,812)]	10.771052
570	[(41,239),(61,801)]	10.369928
571	[]	10.171481
572	[]	9.991104
573	[(9,148),(35,505)]	10.276545
574	[(8,391),(30,45),(37,559),(75,46)]	10.104278
575	[(3,130)]	10.358599
576	[]	10.216302
577	[]	10.162109
578	[(55,146)]	10.087469
579	[(9,299),(55,579)]	10.543470
580	[(63,830)]	10.298850
581	[(22,556),(49,714)]	10.215871
582	[]	10.205686
583	[]	12.823924
584	[(27,240),(67,865),(86,211)]	10.563932
585	[(0,155),(69,322)]	11.566711
586	[]	10.648380
587	[(20,169)]	10.611279
588	[(50,275),(87,148)]	10.216111
589	[(58,809)]	10.425334
590	[(52,403)]	10.834510
591	[]	10.284119
592	[(76,15)]	10.210264
593	[(11,417)]	11.386880
594	[(22,373),(28,83),(40,648),(67,506),(73,668)]	10.343400
595	[(11,702),(45,471)]	10.386596
596	[(25,471)]	10.293445
597	[(15,452)]	10.875983
598	[(50,62),(92,613)]	10.306749
599	[]	10.679237
600	[(7,226),(79,492)]	10.917969
601	[]	10.374671
602	[]	10.355314
603	[(66,815)]	10.133454
604	[(36,460),(63,356)]	10.207860
605	[(2,556)]	12.139385
606	[]	11.562235
607	[]	13.232525
608	[(34,873),(71,69)]	15.633531
609	[(40,706),(43,567)]	13.958476
610	[(15,70),(26,432),(71,873)]	11.716100
611	[(76,432)]	11.340533
612	[(17,792),(34,515)]	11.833555
613	[(18,262),(67,721)]	11.380148
614	[]	11.579041
615	[(43,200)]	11.378879
616	[(24,477)]	10.370081
617	[(32,787),(64,864),(77,481)]	10.578204
618	[(16,180),(26,423),(37,67),(90,75)]	11.920447
619	[(75,296)]	11.250054
620	[(9,282)]	10.525543
621	[(1,96)]	12.653182
622	[(37,274)]	10.381579
623	[]	10.093903
624	[]	10.320203
625	[]	10.676356
626	[]	10.421264
627	[(42,808)]	10.397836
628	[(32,759),(48,342)]	10.579877
629	[]	10.564252
630	[(37,311),(77,886)]	10.178099
631	[(61,397)]	10.128712
632	[(58,730)]	10.055764
633	[]	10.209961
634	[]	10.124561
635	[(34,165)]	10.621972
636	[(69,469)]	10.276922
637	[(71,332)]	13.026467
638	[(15,131),(40,467),(57,730),(61,10)]	20.298575
639	[]	18.248008
640	[(15,747),(22,620),(29,484),(79,371)]	11.038911
641	[(49,350)]	10.215283
642	[(13,626),(86,256)]	10.597197
643	[(20,862),(69,260)]	10.218990
644	[(79,235)]	10.085594
645	[]	10.105561
646	[(68,359)]	11.965745
647	[(0,192),(90,463)]	10.905713
648	[]	10.126093
649	[]	10.450305
650	[]	10.104393
651	[]	10.210657
652	[(40,272),(91,116)]	10.283772
653	[(4,113)]	10.747286
654	[(57,178)]	10.203276
655	[(13,292)]	10.195875
656	[(65,56)]	12.113070
657	[]	10.487928
658	[(79,111)]	10.117657
659	[(9,85)]	10.858975
660	[]	10.743528
661	[(6,113),(32,679),(62,90)]	11.242761
662	[]	10.014219
663	[(23,633)]	9.987665
664	[(7,152)]	10.250793
665	[(20,69),(56,199),(76,606)]	10.176674
666	[(40,731),(86,647)]	10.058568
667	[(11,320),(39,16)]	10.065651
668	[]	10.159095
669	[(13,126),(18,385)]	10.605389
670	[]	10.044121
671	[]	10.951759
672	[(37,188),(46,188)]	11.138906
673	[(81,322)]	10.422349
674	[(34,875),(92,509)]	12.545557
675	[]	10.579577
676	[(0,184),(90,476)]	10.229129
677	[]	10.179644
678	[(49,748)]	9.969885
679	[(13,240)]	10.185812
680	[(53,467),(84,823)]	10.688539
681	[(36,263),(84,24)]	10.380990
682	[(20,666)]	10.319516
683	[]	10.208686
684	[(45,101)]	10.723760
685	[(18,667),(64,14)]	10.142991
686	[]	10.213908
687	[]	10.050610
688	[(44,119),(65,747),(73,172)]	10.294542
689	[(21,153)]	10.047679
690	[]	10.214595
691	[(13,122),(53,668),(65,825),(67,152)]	10.502035
692	[(50,668),(60,736),(89,282)]	10.357290
693	[(54,658),(76,377)]	10.389132
694	[(1,724),(29,231)]	11.747649
695	[(77,140),(82,274)]	10.054935
696	[]	10.049334
697	[]	10.232541
698	[]	10.792027
699	[(10,262),(89,72)]	12.762265
700	[(46,864)]	15.227732
701	[(14,506)]	10.805493
702	[]	10.307145
703	[(42,763),(44,244)]	10.531628
704	[(82,38)]	11.054084
705	[]	10.119657
706	[(6,860)]	10.840075
707	[(30,423)]	10.536694
708	[]	10.325047
709	[(67,180)]	10.977384
710	[(22,566),(25,809),(55,415)]	10.854610
711	[(43,289),(68,72)]	10.267055
712	[(33,827)]	10.641337
713	[]	10.841006
714	[(79,148)]	10.085800
715	[(36,676)]	10.061267
716	[(15,777),(70,717)]	11.094745
717	[(39,135)]	10.311751
718	[]	11.206910
719	[(59,322),(86,32),(87,581)]	12.500829
720	[(45,515)]	11.494804
721	[(74,51),(77,349)]	11.291826
722	[(21,141),(25,714),(73,474)]	12.468619
723	[(2,705)]	11.417397
724	[(74,743)]	10.542327
725	[]	10.533423
726	[(63,829)]	10.295034
727	[(89,754)]	10.339274
728	[]	12.664284
729	[(21,37)]	10.336989
730	[(2,143),(19,724)]	9.999211
731	[(17,343),(20,835),(28,238),(40,32),(83,43)]	10.163514
732	[(12,525)]	10.750463
733	[(86,362)]	15.747355
734	[(42,720),(82,51),(83,786)]	22.206191
735	[(40,681)]	15.312341
736	[(49,717),(62,585),(70,63)]	10.378211
737	[(36,342),(64,9)]	10.163286
738	[(7,427),(86,851)]	10.191668
739	[]	10.277045
740	[(25,245),(89,261)]	10.098409
741	[]	10.226462
742	[(33,359),(55,562),(73,610)]	10.099761
743	[(13,323),(19,843)]	10.593179
744	[]	10.322472
745	[(59,360)]	10.190400
746	[(15,434),(84,7),(86,346)]	10.602756
747	[]	10.159705
748	[(73,876)]	11.873678
749	[(52,129)]	10.391382
750	[(20,48)]	10.998603
751	[]	11.123848
752	[]	10.510530
753	[]	10.694903
754	[]	10.281966
755	[(75,299)]	9.988886
756	[(18,605),(51,43)]	10.297414
757	[(11,798),(54,295)]	10.563148
758	[(20,722),(59,621),(64,635)]	10.100564
759	[]	10.021143
760	[(39,585),(80,275),(91,215)]	10.349260
761	[]	11.585947
762	[(21,417),(76,123)]	10.797664
763	[]	10.270155
764	[]	10.270435
765	[(4,877)]	10.111764
766	[(24,250),(79,595)]	11.317997
767	[]	11.504827
768	[(7,567)]	10.574784
769	[(12,712)]	10.417704
770	[(5,736),(30,224)]	10.422486
771	[(40,509)]	10.067154
772	[(8,119)]	10.262122
773	[(28,633),(68,379)]	10.256788
774	[(58,769),(72,525)]	10.163747
775	[(64,73)]	10.176894
776	[(2,825),(17,839),(36,741)]	10.179722
777	[]	10.078081
778	[(46,623)]	10.117120
779	[(19,692),(60,35)]	10.203017
780	[]	10.342945
781	[(25,379)]	10.850652
782	[(70,74),(83,882)]	10.131584
783	[(5,671),(87,86)]	10.206676
784	[]	10.287779
785	[]	11.417142
786	[(42,647),(52,720)]	10.299971
787	[(82,608)]	10.066794
788	[(51,330)]	10.227120
789	[(11,610)]	10.145071
790	[]	10.711989
791	[(34,374)]	15.950598
792	[(85,378)]	14.159471
793	[(11,453),(61,746),(83,288),(91,4)]	12.682315
794	[(15,126),(68,550),(92,497)]	11.709944
795	[(19,107),(22,214),(39,852),(46,129)]	11.200986
796	[(19,365),(58,637)]	10.323458
797	[(12,279)]	10.105685
798	[(63,520)]	10.339483
799	[(27,145),(38,827),(80,45)]	10.355451
800	[(40,368)]	10.757770
801	[(3,430),(75,373)]	13.282075
802	[(17,537)]	10.022748
803	[(15,734)]	10.747596
804	[]	10.458522
805	[(51,155)]	10.356548
806	[(9,411),(28,265),(33,295)]	10.376054
807	[]	10.266055
808	[(58,682)]	10.504114
809	[(19,660),(88,220)]	11.124787
810	[(26,208),(86,782)]	14.246689
811	[(58,863)]	13.233974
812	[(35,846)]	10.415018
813	[]	10.084667
814	[]	10.306535
815	[(90,235)]	10.266253
816	[(50,267),(68,774),(92,431)]	10.215611
817	[(90,606)]	10.110924
818	[(44,409),(66,179),(74,280),(91,130)]	10.177048
819	[]	11.191979
820	[(24,438),(43,762),(85,727)]	12.730642
821	[]	10.885456
822	[(46,732)]	12.871191
823	[(12,74),(76,509)]	12.418376
824	[(15,596),(47,355)]	11.516425
825	[]	11.398404
826	[]	11.553359
827	[(76,801)]	11.331319
828	[(22,644)]	22.593149
829	[(47,427),(74,351)]	22.947087
830	[(18,638),(47,511)]	12.960456
831	[(50,765),(64,549),(91,319)]	11.318922
832	[(6,427)]	11.620256
833	[]	12.384805
834	[(77,384)]	12.176294
835	[(86,336)]	11.620411
836	[]	11.365468
837	[]	13.176125
838	[(57,271)]	11.746993
839	[(11,191),(46,797)]	11.427089
840	[(48,234)]	11.775184
841	[(50,828),(77,343)]	11.508628
842	[(4,137)]	10.895724
843	[(62,453),(72,170),(78,14)]	10.245160
844	[]	10.283809
845	[(38,488),(58,826),(65,799)]	10.678777
846	[(56,547),(69,67)]	10.614584
847	[(73,649)]	10.168471
848	[]	10.149031
849	[(41,578),(73,778)]	10.208968
850	[(10,693),(11,427),(75,412)]	12.086280
851	[(32,421)]	10.655765
852	[(11,389),(27,878),(77,747)]	10.058255
853	[]	10.154685
854	[(10,481),(28,597),(85,713),(91,188)]	10.188828
855	[]	12.294862
856	[]	11.271899
857	[(5,49),(27,123)]	10.231842
858	[]	10.139826
859	[(78,443),(85,171)]	10.150519
860	[]	10.048125
861	[]	10.581194
862	[(41,117),(43,248),(57,400),(65,75)]	10.219943
863	[(68,564)]	10.144080
864	[(64,632)]	10.094923
865	[(46,821)]	10.245210
866	[(28,454)]	10.051551
867	[(7,836),(43,769)]	10.106329
868	[]	10.271243
869	[]	10.531378
870	[]	10.161396
871	[(61,474),(90,358)]	10.577369
872	[]	10.153797
873	[(53,684),(86,509)]	10.425603
874	[(7,813),(41,610),(44,564)]	10.138777
875	[]	10.040240
876	[]	10.144501
877	[(20,328),(84,828)]	10.308158
878	[]	10.097903
879	[(48,146),(87,597)]	12.151883
880	[(11,314),(53,366),(68,512)]	13.905025
881	[(12,119)]	12.225002
882	[(39,188),(51,765),(82,160)]	10.839702
883	[]	10.699648
884	[(5,761),(63,279)]	10.175031
885	[]	10.217458
886	[]	10.134794
887	[(52,885)]	10.332969
888	[(42,636),(79,341)]	11.001045
889	[(8,215)]	11.225326
890	[(5,839),(62,522)]	10.179020
891	[]	10.151482
892	[(61,442)]	10.550445
893	[]	10.247588
894	[(34,541)]	11.004537
895	[(16,268)]	10.318849
896	[]	10.247609
897	[(92,617)]	10.491008
898	[(26,126),(34,4),(77,392)]	10.420528
899	[]	11.843648
900	[]	11.291776
901	[]	10.925108
902	[(38,251)]	11.115734
903	[(37,12)]	10.512075
904	[(9,82),(28,568),(84,435)]	11.849286
905	[(37,542),(67,287)]	13.881072
906	[(35,411)]	10.149262
907	[]	10.289114
908	[(3,433),(47,196)]	10.079465
909	[(16,801),(28,660),(57,38),(75,193)]	12.754272
910	[(12,88),(68,578)]	10.960072
911	[]	10.092420
912	[(62,643),(67,859)]	10.336142
913	[(36,887),(85,304)]	10.351777
914	[(17,691)]	10.140435
915	[(90,478)]	10.212150
916	[]	10.125680
917	[(17,448),(75,826),(76,855)]	10.114304
918	[]	10.695297
919	[(64,17)]	11.161605
920	[]	10.506506
921	[]	10.601254
922	[(34,760),(70,229)]	14.015846
923	[(26,536),(30,238)]	26.331940
924	[(9,27),(76,723)]	16.183978
925	[(14,210)]	10.314313
926	[(30,733),(34,457)]	10.173457
927	[(62,386)]	10.175844
928	[]	10.194930
929	[(35,826)]	11.924935
930	[(6,154),(17,624),(30,781)]	10.705461
931	[]	10.518988
932	[(14,439),(45,793)]	10.840261
933	[(12,716),(38,675),(75,788)]	10.074623
934	[]	11.685251
935	[(60,348)]	10.693096
936	[(25,443)]	11.045656
937	[]	10.357433
938	[(62,352)]	10.266112
939	[(40,756)]	10.520822
940	[(4,838),(32,719)]	10.538970
941	[(21,500)]	10.299699
942	[(10,769)]	10.585403
943	[(1,455),(35,275),(64,115),(77,332),(78,604)]	10.301212
944	[(33,430),(90,166)]	10.751110
945	[(21,743),(89,882)]	10.287100
946	[(19,118)]	11.202377
947	[(59,217)]	12.866043
948	[]	10.535575
949	[(37,444)]	11.415423
950	[(10,158),(22,364),(37,676),(47,257),(72,524)]	10.362464
951	[(12,791),(37,362)]	10.261407
952	[]	10.329782
953	[(32,69),(61,84),(78,490)]	10.694891
954	[(4,764),(41,137)]	10.239640
955	[(51,538),(60,287)]	10.209805
956	[(59,32),(60,581)]	10.224541
957	[(77,452)]	10.021417
958	[]	11.029337
959	[]	10.631505
960	[(14,284),(49,90),(76,385)]	10.428842
961	[]	10.595157
962	[(38,262),(42,688)]	10.446392
963	[(29,311),(49,414)]	10.059283
964	[(48,737)]	11.779362
965	[]	11.848598
966	[]	10.232665
967	[]	10.206594
968	[]	10.172620
969	[(29,201),(39,296),(87,753)]	11.412824
970	[(83,403),(91,456)]	12.540110
971	[(49,468),(68,224),(76,203)]	14.009979
972	[]	11.109003
973	[]	11.226586
974	[(5,821),(23,178)]	13.485320
975	[]	11.412539
976	[(12,302),(81,573)]	10.963907
977	[]	11.307752
978	[]	10.259478
979	[(3,354)]	11.000127
980	[(30,640),(41,795)]	10.198011
981	[(27,514),(92,726)]	10.760460
982	[(86,533)]	10.252835
983	[(14,720),(36,406)]	10.952075
984	[(33,337),(70,749),(87,423)]	14.583143
985	[(37,367),(72,339)]	11.744160
986	[]	10.217548
987	[(91,673)]	10.694388
988	[]	10.990961
989	[]	10.487744
990	[(47,596),(67,850),(73,491)]	10.538443
991	[]	10.582122
992	[(42,586),(81,686)]	11.358022
993	[(54,377)]	10.430886
994	[(19,661),(35,503)]	10.252834
995	[]	10.286725
996	[(54,6),(67,240)]	10.168798
997	[(27,287)]	10.250468
998	[]	10.191670
999	[(29,394),(53,519)]	10.507180
