ruleset_index	matches	time_ms
0	[(7,1892),(36,193),(43,2192),(59,2886),(79,1897)]	31.678079
1	[(30,1279),(83,1423),(87,1399),(89,666)]	31.866607
2	[(2,2315),(10,1497),(25,1154),(32,1906),(33,2718),(43,2655),(59,1538),(64,1897)]	32.445834
3	[(12,2446),(20,3360),(23,109),(25,2518),(44,243),(48,607),(55,2705),(92,1330)]	32.215588
4	[(22,829),(26,828),(32,2256),(44,1319),(65,1177),(68,2080),(76,3279),(87,3170),(90,221)]	31.969291
5	[(12,1991),(22,1730),(24,2824),(38,3213),(57,508),(78,2045)]	33.786637
6	[(7,91),(35,2235),(50,3072),(55,408),(61,2915),(83,649),(86,1025)]	35.389615
7	[(9,2088),(71,96),(77,3333),(87,2344)]	34.211629
8	[(3,179),(12,3494),(15,444),(22,1921),(40,2553),(50,2069),(57,2862),(74,53),(92,1700)]	36.136784
9	[(37,921),(46,2941),(56,1923),(58,2399),(61,1703),(66,1360),(76,1014),(82,2383),(86,1372)]	37.294985
10	[(5,3386),(58,2366),(76,480),(78,2236)]	50.327140
11	[(15,1029),(21,955),(49,1307),(61,89)]	39.922302
12	[(88,1378)]	35.268684
13	[(6,775),(9,440),(23,3162),(29,2491),(42,2981),(56,3044),(65,2661)]	33.348678
14	[(32,3361),(35,3566),(66,2551),(67,1825),(90,1321)]	30.451939
15	[(13,480),(17,304),(26,1290),(35,72),(43,550),(45,1921),(64,3172),(80,1440)]	33.113799
16	[(8,2928),(61,2996),(68,1926)]	31.639430
17	[(65,3568)]	30.638966
18	[(33,1330),(41,1100),(57,1935)]	31.017277
19	[(50,2993)]	31.700969
20	[(14,1994),(17,941)]	31.884766
21	[(4,1881),(31,41),(50,1037)]	31.538801
22	[(6,1271),(46,1209),(61,1628),(69,3388),(76,1738),(89,3258)]	30.716325
23	[(29,2032),(35,1507),(56,2317),(69,3352),(76,158)]	30.939564
24	[(3,2836),(5,911),(27,3165),(31,2818),(34,3487),(54,2543),(67,1914),(88,2088),(91,374)]	31.278626
25	[(5,1373),(7,1984),(10,62),(28,3117),(41,2680),(47,1244),(64,1693)]	32.557648
26	[(16,493),(18,2744),(39,1129),(90,2749)]	31.978153
27	[(12,2823),(16,299),(47,820),(52,74),(91,1498)]	30.499299
28	[(0,3070),(3,1312),(10,3513),(53,3067),(63,3478),(82,666)]	30.942632
29	[(6,452),(17,753),(32,2193),(44,3313),(58,588),(67,233),(69,650),(79,2505),(80,154)]	33.722254
30	[(16,2271),(34,560),(39,1721),(46,362),(53,2817),(54,494),(55,1808),(81,501)]	31.941378
31	[(14,3404),(25,3373),(49,1984),(62,539)]	33.427573
32	[(3,1052),(18,2651),(19,2131),(41,276),(84,2317)]	33.714233
33	[(31,3420)]	31.237932
34	[(40,1922),(57,951),(70,3595),(73,1940)]	31.584889
35	[(11,1511),(62,2814),(72,3482)]	30.946849
36	[(11,2614),(14,115),(76,2325),(89,1119)]	29.288020
37	[(2,1703),(32,3156),(62,3077),(89,2467)]	33.253284
38	[(21,241),(46,985),(73,1529),(83,3374),(86,2779)]	32.033005
39	[(1,2016),(3,593),(9,2466),(13,2762),(29,3476),(79,132)]	33.680451
40	[(9,2688),(20,954),(44,2682),(53,28),(66,3170),(76,2314),(85,2611)]	31.970123
41	[(3,3121),(34,2211),(36,2694),(38,1087),(39,3100),(40,499),(54,1124),(57,3378),(74,16)]	33.665633
42	[(15,1890),(41,480),(43,2236),(44,1510)]	28.933353
43	[(24,115),(36,1233),(38,2252),(50,2776),(68,783),(73,2289)]	32.310986
44	[(23,1534),(24,1242),(74,2717)]	42.645256
45	[(32,1089),(33,1795),(47,2607),(63,1632),(77,3102),(84,3172)]	43.696530
46	[(2,240),(7,2665),(8,3164),(18,3597),(55,685),(74,673),(86,1351),(88,1699)]	35.601083
47	[(20,1713),(36,3005),(50,3276),(53,2706),(70,2367),(74,717),(83,3005)]	34.604317
48	[(1,215),(61,2625),(74,201)]	32.140382
49	[(26,2337),(31,1694),(48,532)]	33.281775
50	[(9,3331),(27,3066),(39,2617)]	31.889757
51	[(30,3019),(62,1882),(64,2515)]	31.298426
52	[(18,3516),(40,2863),(55,123),(75,3242)]	32.813550
53	[(16,1782),(17,705),(40,3225),(43,2820),(60,2197),(64,1509)]	33.196027
54	[(2,1735),(9,611),(27,2757),(31,1037),(32,3562),(41,1981),(79,968)]	34.012171
55	[(10,1851),(26,3170),(40,1376),(71,1055)]	32.115687
56	[(35,2747),(40,3003),(68,985),(71,911),(85,3425),(86,3097)]	33.923253
57	[(0,3207),(2,1455),(4,2776),(22,1797),(29,1745),(30,1791),(33,1168),(49,503),(57,3021),(78,1720)]	31.808576
58	[(33,833),(47,781),(53,900),(67,3068),(72,2966),(85,3215),(86,2116),(89,1743)]	31.666954
59	[(16,555),(19,1252),(32,1796),(63,2932),(84,3010)]	31.684792
60	[(3,2298),(69,2707)]	31.438478
61	[(21,1391),(53,86),(54,1175),(60,418)]	31.720883
62	[(22,1140),(28,160),(62,424),(79,512),(88,314)]	32.082249
63	[(21,2814),(26,1138),(38,2498),(50,635)]	32.744767
64	[(0,1630),(6,3061),(39,2928),(80,878),(87,1755)]	31.978117
65	[(6,3276),(8,1528),(33,3203),(55,2040),(64,2775),(66,3507),(78,837),(87,145),(89,2738)]	32.209302
66	[(16,1192),(28,1443),(72,3418)]	31.337627
67	[(28,2689),(32,345),(64,1484),(73,3541)]	30.531127
68	[(3,2875),(6,3377),(60,932)]	30.848503
69	[(12,3059),(21,1002),(29,1560),(32,2211),(47,98)]	34.502487
70	[(28,3539),(56,861)]	31.191202
71	[(2,3339),(28,1101),(46,2004),(54,108),(69,2023)]	31.492815
72	[(15,144),(87,1845)]	31.487754
73	[(8,1460),(34,1223),(55,1254),(57,2690),(67,744),(78,3115)]	31.441445
74	[(0,3227),(9,443),(12,3187),(41,570),(44,3159),(59,2400)]	31.189633
75	[(41,927),(45,1971),(66,619)]	32.412231
76	[(27,2381),(38,2376),(47,2014),(52,1526),(79,2438),(87,3082)]	32.101980
77	[(23,1883),(44,2898),(69,293)]	40.930117
78	[(15,3446),(30,2475),(47,1075),(83,3229),(86,69)]	34.010613
79	[(4,800),(8,491),(11,1422),(39,2584),(42,573),(87,3600)]	31.409395
80	[(4,1373),(6,1496),(24,1786),(32,1060),(92,2019)]	32.754634
81	[(15,3048),(16,2606),(39,337),(46,2297),(70,605),(73,3161),(89,3202)]	31.856003
82	[(8,3554),(29,3162),(43,3322)]	31.464106
83	[(8,103),(10,675),(27,2954),(70,3445),(82,2680),(89,3439)]	31.118677
84	[(6,1655),(12,2163),(13,94),(15,3443),(35,1325),(58,2944),(79,2664),(89,1988)]	30.154644
85	[(8,294),(15,980),(32,1253),(49,591),(52,3111),(58,2838),(84,2689)]	33.991695
86	[(17,1207),(27,72),(51,424),(60,1490),(90,3401)]	34.279054
87	[(0,728),(2,2943),(13,2932),(17,1244),(80,3351),(81,1733),(91,517)]	35.921814
88	[(10,358),(11,310),(16,2926),(39,2697),(45,3355),(53,3364),(75,1233),(84,1294)]	31.720910
89	[(27,1245),(29,350),(49,686),(53,3054),(77,138),(91,2086)]	37.826511
90	[(13,2162),(14,1475),(39,203),(58,1814),(59,1965),(79,3090)]	32.125474
91	[(2,1248),(13,2883),(36,1912),(69,297)]	30.478896
92	[(23,2025),(24,2045),(25,106),(34,913),(42,3192),(73,64),(75,215),(82,2770)]	31.790735
93	[(2,2315),(10,49),(27,1561),(49,3087),(65,3023),(88,2151)]	33.189530
94	[(68,1405),(86,1456)]	34.711153
95	[(5,2870),(37,3353),(40,1200),(59,711),(87,2835)]	48.072158
96	[(46,3098),(52,2141),(88,686)]	33.005847
97	[(24,1739),(36,2678),(67,1262),(70,1239),(79,1998)]	34.476629
98	[(5,1116),(61,28),(62,1685),(71,3573)]	31.449856
99	[(0,2715),(1,2536),(21,848),(30,3414),(46,425),(60,1130),(85,253),(91,2245)]	33.537841
100	[(8,211),(10,2792),(12,2085),(46,587),(74,435)]	35.130239
101	[(29,1869),(34,2483),(69,1865),(76,3441),(81,1580)]	62.678078
102	[(24,3279),(25,2228),(29,1924),(47,2881),(68,3224),(77,1291),(86,2308),(88,3441),(90,2139)]	61.969665
103	[(36,2097),(41,2602),(59,2960)]	41.232603
104	[(2,2447),(3,1696),(7,258),(9,357),(13,2384),(17,3313),(18,1757),(31,78),(48,3443),(82,2586)]	36.142572
105	[(7,253),(45,2971),(57,1749),(72,274),(83,1565),(92,663)]	34.150803
106	[(8,2647),(14,40),(91,3346)]	32.724914
107	[(4,518),(5,68),(18,1969),(59,909),(69,1467),(78,2380)]	44.468061
108	[(24,1812),(42,1281),(72,2945)]	41.437324
109	[(25,1355),(36,647),(44,796),(51,1456),(70,1933),(78,3539),(80,2927)]	33.382332
110	[(30,2554),(45,2999),(69,3490),(80,3119)]	33.140251
111	[(4,1525),(26,1357),(51,1330)]	16.843835
112	[(1,975),(6,1409),(19,2489),(23,1024),(65,135),(67,1904),(81,3319)]	15.910400
113	[(45,61),(88,1414)]	15.687503
114	[(57,1166),(61,1289),(85,1890),(92,1611)]	15.482160
115	[(30,3083),(39,1045),(56,669),(67,3025),(79,321),(81,3449)]	31.500899
116	[(12,3163),(33,870),(41,1666),(45,2219),(52,3383),(54,342),(67,2183),(70,250),(84,1861)]	34.313880
117	[(11,82),(29,2890),(68,2038),(69,2480),(92,1544)]	36.185476
118	[(10,343),(13,1144),(24,306),(47,2263),(90,3387)]	35.399153
119	[(35,1163),(73,435),(74,3569),(89,3111)]	28.861131
120	[(2,3424),(8,1670),(13,210),(24,229),(89,1473)]	16.259933
121	[(9,2313),(15,72),(42,1729),(52,250)]	16.654891
122	[(19,898),(27,2585),(58,2363),(61,1818),(65,1899)]	16.675985
123	[(22,1840),(30,2838),(38,338),(44,2697),(48,3295),(61,375)]	15.968096
124	[(28,1309),(29,2671)]	15.695647
125	[(13,518),(18,1564),(26,3153),(42,3585),(81,3174),(86,878)]	15.836333
126	[(33,1158),(67,105),(91,1494)]	15.989176
127	[(1,1194),(5,1305),(33,1000),(76,2167)]	15.582739
128	[(12,23),(25,414),(48,869),(61,351),(76,3081),(88,1979)]	16.503907
129	[(46,1060),(87,421)]	15.873654
130	[(2,756),(71,3506),(87,2237)]	15.628612
131	[(3,2088),(7,283),(21,1910),(47,899)]	16.307317
132	[(14,96),(24,660),(28,755),(57,1101),(62,1208),(73,2482)]	16.399077
133	[(5,234),(16,2547),(33,1109),(58,2689),(70,835),(77,3589)]	16.044200
134	[(19,1636),(35,538),(46,2940),(50,2391),(67,3043)]	15.693233
135	[(19,2644),(51,1419),(60,1239),(66,1450),(76,3408),(86,2048)]	15.791612
136	[(15,1821),(28,760),(52,3419),(68,2769),(76,3339),(90,3463),(92,815)]	15.508892
137	[(0,116),(15,187),(26,2322),(50,3566),(85,3178),(89,1550)]	18.459383
138	[(51,682),(72,11)]	21.459038
139	[(26,2982),(29,991),(31,972),(43,26),(76,3535)]	16.004441
140	[(15,254),(53,1922),(78,2107),(84,559)]	15.615403
141	[(5,112),(7,1571),(38,3544),(82,2030)]	15.723131
142	[(4,2906),(22,2291),(32,550),(45,872)]	15.806815
143	[(2,3168),(5,1139),(42,812)]	16.462900
144	[(43,1554),(76,1682)]	15.831959
145	[(26,594),(47,1367),(80,219)]	15.734544
146	[(7,1332),(35,637),(47,159),(75,3283)]	15.726052
147	[(17,967),(23,637),(31,2447),(37,3276),(50,1174)]	15.852208
148	[(0,2289),(34,2290),(37,893),(49,2464),(59,2310),(68,986),(78,3210)]	16.618837
149	[(14,1200),(85,1897)]	16.872306
150	[(31,1994),(37,771),(60,125)]	16.208750
151	[(6,120),(16,2929),(17,1152),(23,2517),(26,727),(34,1831),(38,2541),(41,229),(44,1719),(76,2430),(88,1797)]	16.027469
152	[(50,1656),(71,1902),(80,1692),(92,771)]	16.585255
153	[(14,2471),(18,1835),(45,1383),(79,2178),(85,2122)]	18.540523
154	[]	15.460606
155	[(3,1463),(14,385),(28,630),(30,426),(31,2693),(64,1165),(74,257),(77,523),(80,3501),(84,2080)]	15.722320
156	[(1,3226),(19,2608),(79,2533),(83,735)]	15.466595
157	[(0,2318),(30,127),(35,719),(41,1179),(54,704),(87,3482)]	15.931384
158	[(78,1396),(86,2765)]	15.617054
159	[(16,1013)]	15.785681
160	[(12,2031),(68,2906),(88,3138)]	15.525910
161	[(12,455),(21,2513),(22,535),(28,1417),(29,959),(40,3531),(45,1860)]	15.811841
162	[(13,1116),(18,1869),(69,1471),(90,2919)]	16.706322
163	[(4,3167),(61,480),(86,710)]	31.869373
164	[(25,3399),(48,2042),(51,102),(56,1447)]	18.206588
165	[(5,3523),(27,1937),(35,2113),(41,3352),(72,562),(81,2659),(82,525)]	15.661748
166	[(5,2072)]	16.208142
167	[(19,3422),(21,1580),(24,3372),(39,65),(53,943),(77,2533),(88,645)]	16.063379
168	[(1,2370),(49,1604),(57,2980),(81,3008),(92,2790)]	16.473988
169	[(16,3452),(31,2801),(35,877),(37,1480),(39,1329),(50,646),(60,1121),(61,2102),(67,3303)]	16.434349
170	[(54,3143)]	16.116847
171	[(23,3200),(50,1938),(84,1554)]	16.856120
172	[(20,2487),(29,146),(68,403),(79,948),(83,1811),(84,2014)]	15.678787
173	[(17,921),(38,2054)]	15.835036
174	[(51,2034),(71,2485),(76,3361),(82,1949),(87,2865)]	15.780517
175	[(17,3009),(33,736),(38,3452),(67,579),(86,3266)]	19.126126
176	[(27,3501),(48,1710),(75,1298),(88,3554)]	15.994802
177	[(26,1721),(40,3409),(57,207),(69,459),(78,700)]	15.691160
178	[(1,6),(7,2521),(28,2786),(58,1459),(62,2485),(82,3251),(90,2859)]	15.941189
179	[(0,2173),(10,892),(14,444),(17,2251),(27,1615),(32,1709),(65,3209),(68,2431)]	16.058705
180	[(4,2821),(32,540),(54,418),(56,57),(59,1809),(62,2979),(90,2627)]	17.779468
181	[(41,2779),(59,308),(91,552)]	16.262762
182	[(1,800),(15,2728),(29,1130),(36,1821),(39,2876),(44,3437),(66,541),(70,303),(74,410),(81,3437),(90,995)]	15.816649
183	[(1,994),(45,3145),(88,1328)]	15.725873
184	[(8,2211),(11,2678),(28,538),(36,2520),(56,113),(72,938),(83,123),(86,2442)]	15.878449
185	[(17,2549),(38,2442),(66,3046),(76,2106)]	15.708558
186	[(18,872),(40,2308),(72,768)]	15.824969
187	[(3,521),(4,428),(5,2024),(14,1002),(31,3067),(33,2026),(44,885),(58,3451),(89,2682),(90,1542)]	15.852478
188	[(41,1135),(73,1262)]	15.661025
189	[(43,865),(92,3494)]	15.674750
190	[(5,3547),(39,215),(79,2544)]	15.648868
191	[(2,3),(56,446),(78,2468)]	15.666690
192	[(9,2902),(15,2509),(43,2604),(48,1210),(57,2908)]	15.885060
193	[(4,443),(19,2471),(22,1333),(35,382),(64,3419),(84,2751),(88,3236),(89,261),(91,2068)]	16.929563
194	[(19,1838),(43,1081),(55,849),(65,2157),(66,654),(77,927),(83,1820)]	16.616509
195	[(12,263),(25,1003),(31,409),(32,1219),(33,3022),(37,3412),(60,1004),(86,232)]	16.351622
196	[(2,219),(38,2036),(43,1114),(44,2773),(77,1891)]	16.482499
197	[(18,677),(24,2517),(34,4),(35,801),(45,1436),(67,2255),(78,2748),(81,1222)]	16.618283
198	[(4,393),(6,42),(55,2782),(65,778),(67,254),(78,544),(85,2586)]	21.123412
199	[(7,2526),(8,1149),(14,2785),(25,1644),(41,2231),(53,3131)]	18.411721
200	[(17,2338),(73,1552),(80,2163),(82,194),(84,2160),(90,228)]	16.598542
201	[(14,1657),(28,2625),(56,2417),(57,2787),(68,1736),(81,420)]	15.936365
202	[(40,813),(76,331)]	15.724839
203	[(7,2223),(9,99),(14,1624),(21,3361),(44,2069),(75,1719),(83,2651)]	15.835287
204	[(12,3099),(15,3216),(48,2168),(53,688),(56,44),(83,1340),(88,1998)]	17.316821
205	[(4,170),(9,139),(35,2358),(38,3321),(40,1551)]	16.031415
206	[(10,2069),(16,498),(28,2038),(29,3039),(32,2286),(42,461),(46,3404),(54,3407),(55,2856),(64,2398)]	15.704721
207	[(56,2344),(66,2316),(85,1001)]	16.301678
208	[(13,1821),(26,3531),(45,613),(64,1492),(72,1490)]	17.115407
209	[(20,235),(29,1987),(56,2273),(64,768),(77,3430),(79,2930)]	16.418951
210	[(1,3011),(6,1490),(19,1198),(64,2840),(74,2100),(83,2856)]	16.322935
211	[(48,912),(64,152),(66,212),(91,2653)]	15.972940
212	[(2,1777),(40,3021),(47,2106),(55,250),(77,2921)]	16.376452
213	[(32,278),(40,1975),(64,3020),(77,22),(79,731),(84,881)]	19.198937
214	[(4,3337),(36,3525),(42,3183),(64,1535),(78,34)]	15.735948
215	[(46,1158),(80,952)]	21.035613
216	[(6,932),(36,2664),(54,1081),(58,2527),(64,2581)]	15.848848
217	[(39,423),(56,1364),(59,446),(64,175),(79,2279),(83,188),(84,1005)]	16.172332
218	[(38,2773),(49,3421),(57,1611)]	16.040114
219	[(1,14),(23,654),(45,3067),(47,2026)]	16.158866
220	[(0,1682),(18,173),(49,1414),(53,2475),(58,1090)]	16.288314
221	[(32,606),(36,3230),(51,3083),(66,25),(77,797),(84,1116)]	15.825895
222	[(34,371),(54,1879),(92,2646)]	16.737266
223	[(17,3189),(30,2995),(88,2474)]	15.798845
224	[(7,2363),(8,2066),(16,2544),(45,2394),(52,2440),(55,694)]	17.881850
225	[(33,1393),(80,3356),(85,1393)]	32.760843
226	[(8,1483),(31,213),(56,1056),(76,3251)]	17.488308
227	[(7,397),(39,532),(71,3300),(75,751)]	16.245264
228	[(47,1482),(75,3048),(80,604),(89,123)]	15.721012
229	[(7,1849),(8,2534),(30,1670),(45,1009),(51,1195),(64,2547),(65,128)]	15.915508
230	[(0,324),(4,3485),(65,229)]	15.887662
231	[(13,1469),(34,3602),(53,2421),(78,2454)]	15.541531
232	[(10,2688),(26,2988),(29,3564),(35,819),(58,2285),(63,2434),(65,1438),(69,3093),(84,3034)]	16.357217
233	[(8,323),(13,593),(22,1356),(43,1961),(82,1736)]	16.644138
234	[(15,2406),(18,2431),(43,2417),(44,2787),(47,990),(69,508)]	16.059205
235	[(15,2722),(46,3577),(50,2112),(62,3163)]	18.695345
236	[(0,1123),(3,2171),(33,672),(83,117),(89,2923)]	15.783156
237	[(25,1048)]	15.544630
238	[(24,284),(40,1656),(58,489),(60,1429),(75,3054),(90,1137)]	17.461474
239	[(6,1164),(32,3521),(55,2132),(83,1111)]	17.376968
240	[(0,2383),(45,1744),(68,2367),(83,3539)]	17.358500
241	[(32,348),(42,866),(43,2866),(60,1922)]	15.491228
242	[(55,2088),(59,2348),(67,881),(71,1849),(77,1946)]	16.460343
243	[(44,2728),(62,1411),(69,2457),(83,1070)]	16.218935
244	[(42,88),(43,1642),(47,1609),(72,1164),(82,2837),(89,3044)]	15.864622
245	[(18,2515),(45,1971),(66,218),(70,2239),(72,2052),(77,392),(79,1921)]	16.263489
246	[(16,2387),(27,2129),(46,2110),(50,3057),(69,3558)]	16.053538
247	[(4,2971),(7,2316),(8,2366),(38,2799),(73,3140),(75,1491)]	15.641685
248	[(42,3059),(53,3338),(71,1903),(92,3411)]	16.556715
249	[(6,2490),(10,1335),(61,536),(63,1843)]	16.882317
250	[(27,3014),(78,696)]	16.107567
251	[(0,487)]	16.053950
252	[(8,1943),(65,2383),(78,3347),(92,1961)]	17.048437
253	[(19,1689),(36,3107),(41,2080),(60,1180),(72,2975),(78,750),(79,3260),(89,1372)]	18.161590
254	[(14,1887),(27,2277),(44,554),(64,759),(65,2004),(79,1392),(86,394)]	18.277255
255	[(10,1451),(36,1406),(41,118),(42,1062),(66,746),(83,1520),(87,257)]	18.401690
256	[(41,3320)]	18.554256
257	[(33,1924),(40,590),(43,2276),(44,155),(78,1222)]	24.540072
258	[(21,961),(26,3339),(58,468),(65,1085),(92,1121)]	18.792667
259	[(2,142),(12,191),(13,1126),(31,3334),(33,1782),(34,705),(44,2345)]	17.600444
260	[(2,2649),(64,1859)]	17.823561
261	[(14,591),(17,654),(46,3242),(52,1916),(58,718),(65,1777),(75,1169)]	16.488132
262	[(10,1954),(23,3343),(83,3158)]	16.055676
263	[(17,1899),(20,1587),(23,2665),(42,1114),(43,2773),(52,592),(53,2634),(81,2493),(84,2206),(91,291)]	16.309890
264	[(26,2025),(31,101),(36,1742),(83,3382)]	16.185741
265	[(35,2605),(39,2157),(40,654),(52,330),(70,399)]	16.089460
266	[(3,2202),(7,62),(17,1858),(22,2501),(36,211),(74,2196)]	16.127734
267	[(10,3142),(39,2871),(75,985)]	17.531467
268	[(36,86),(58,305),(69,3464),(85,2260)]	18.565021
269	[(20,2669),(32,2177),(64,2334),(78,1586)]	15.539751
270	[(3,50),(10,1374),(26,64),(34,3331),(45,1007),(50,2164),(62,1143),(79,591)]	16.952170
271	[(18,2442),(21,49),(23,3022),(37,2348),(39,758),(48,2214),(51,1902),(62,2506),(66,264),(89,1408)]	16.187097
272	[(11,3559)]	15.738302
273	[(9,1237),(10,2974),(12,1518),(71,2486),(81,1355),(91,191)]	15.771008
274	[(28,651),(42,345),(64,2726),(77,1811),(82,1591)]	16.323412
275	[(8,565),(58,2789)]	16.299038
276	[(78,1324)]	16.044961
277	[(27,915),(32,11),(37,1541),(59,1056),(73,2126),(81,1963),(90,608)]	15.820222
278	[(69,232),(76,2836)]	15.710112
279	[(7,1531),(42,333),(60,1148),(68,1194)]	15.880731
280	[(18,379),(33,553),(47,437),(59,1343),(65,2882),(91,100)]	15.815839
281	[(23,2339),(65,1062),(71,1870)]	15.877570
282	[(5,797),(32,2488),(34,276),(49,1246),(52,1928),(59,3313)]	15.793137
283	[(6,1211),(31,2985),(68,3283),(90,1498)]	16.770285
284	[(75,911),(76,3226)]	15.757025
285	[(8,3411),(17,3297),(19,2935),(49,283),(57,3342),(84,642)]	16.560950
286	[(16,863),(28,411),(41,2726)]	32.148062
287	[(10,3009),(14,1488),(31,971)]	20.180372
288	[(1,1199),(45,2179)]	15.749989
289	[(7,2632),(11,3440),(21,1525),(26,2530),(79,2363)]	16.255595
290	[(9,844),(23,219),(30,393),(32,42),(37,1178)]	15.759628
291	[(6,505),(10,2917),(15,3607),(29,2476),(43,798)]	16.038029
292	[(13,685),(30,3564),(81,3527),(91,3351)]	16.187557
293	[(8,544),(53,3063),(58,1266),(73,983)]	16.352470
294	[(2,3419),(21,37),(26,2949),(30,2206),(33,838),(58,2339),(59,204),(63,1158),(67,2413)]	19.272691
295	[(11,2681),(19,824),(30,2281),(54,575),(66,958),(72,2431),(76,2731)]	16.307094
296	[(28,914),(46,1877),(52,1536),(58,2997),(87,1406)]	16.198411
297	[(33,1925),(64,2949),(82,2626),(85,1646),(91,2243)]	16.236644
298	[(9,1308),(23,2316),(24,3583),(35,3427),(91,166)]	17.565923
299	[(13,1448),(22,2759),(83,1490)]	16.063034
300	[(11,2471),(18,1815),(48,3369),(76,3388)]	16.315813
301	[(7,307),(40,2663),(62,1577),(64,2623),(65,2953),(76,1747)]	16.137519
302	[(12,306),(20,1940),(32,265),(45,2021),(56,3584),(65,3571),(76,2430),(84,2132)]	15.874749
303	[(34,3312),(56,3551),(83,1032),(90,2945)]	15.795840
304	[(31,2064)]	15.907757
305	[(8,2982),(10,1947),(14,1173),(19,2861),(38,3205),(43,2327),(77,34)]	15.874983
306	[(20,167)]	15.640206
307	[(4,2980),(18,2047),(33,3283),(47,2507),(59,1487),(77,620),(87,22)]	15.811778
308	[(20,214),(32,1613),(64,167),(85,1935)]	17.257765
309	[(7,3326),(21,1354)]	16.838722
310	[(9,1655),(23,1973),(25,2530),(48,544),(57,577),(73,2725),(89,2493)]	16.450898
311	[(18,3355),(20,3086),(51,704),(81,2955),(91,755)]	15.980635
312	[(41,3452),(71,2001)]	16.693066
313	[(1,855),(2,1689),(17,203),(36,2035),(67,74)]	19.376292
314	[(9,3003),(51,1638),(66,2730),(90,1916)]	16.120145
315	[(23,3112)]	17.077121
316	[(13,2509),(20,3369),(32,2826),(41,251),(49,758),(71,2737),(85,2551)]	21.783521
317	[(14,1040),(24,1883),(30,717),(36,993),(71,3497),(76,1848),(85,2587)]	17.799756
318	[(0,2772),(65,857),(69,2165)]	15.654281
319	[(45,1397),(66,2461),(84,2816)]	15.910087
320	[(2,2512),(54,2921),(67,2020),(73,2486),(83,3458)]	16.594551
321	[(3,28),(11,2135),(12,1545),(33,3482),(37,1247),(70,1058)]	16.513786
322	[(12,3377),(21,2342),(29,2883),(32,2268),(50,741),(78,2629)]	15.967409
323	[(41,1082),(88,157)]	16.021079
324	[(30,560),(42,1796),(43,2448),(89,2686)]	15.701137
325	[(11,340),(14,2119),(29,238),(75,1034)]	15.975534
326	[(11,3380),(54,1198),(70,3094),(81,382)]	16.296114
327	[(29,1752),(40,597),(75,3094),(85,151)]	15.749372
328	[(7,2138),(74,27),(86,1333)]	17.243467
329	[(9,2277),(31,263),(54,730),(64,2222),(90,2163)]	17.825731
330	[(5,1469),(43,3516),(51,1246),(72,2481),(83,3106)]	17.237685
331	[(0,120),(15,2857),(26,3598),(56,42),(72,1348),(75,1047),(86,2767)]	15.854485
332	[(0,1465),(25,688),(29,2271),(33,332),(37,325),(38,154),(66,2424),(69,2745),(77,55),(80,1384),(84,3546),(88,2183),(92,358)]	15.664361
333	[(11,2437),(39,3558),(44,1168),(57,1247),(87,862)]	16.471892
334	[(36,2780),(37,301),(78,2255)]	15.708622
335	[(0,365),(12,2531),(37,2608),(39,1690),(40,3026),(79,1056)]	16.900169
336	[(0,653),(73,143)]	15.643552
337	[(4,2437),(23,2987),(31,2859),(34,3059),(70,1894)]	15.766110
338	[(21,3218),(39,1711),(88,1355)]	16.197102
339	[(13,553),(18,866),(47,1793),(49,1197),(87,1782)]	15.931379
340	[(20,3575),(32,843),(39,2092),(51,2492),(66,2421),(83,2341)]	16.554278
341	[(18,3501)]	16.041633
342	[(2,3083),(79,963)]	17.040140
343	[(6,111),(7,146),(21,2016),(24,3077),(40,3429),(55,1838),(61,279)]	15.643833
344	[(0,121),(22,3059),(23,2198),(41,54),(78,2390)]	16.031915
345	[(46,864),(65,2990),(87,2777)]	15.817607
346	[(9,778),(26,2750),(28,2547),(38,3555)]	16.188944
347	[(18,1729),(27,1549),(37,355),(46,308),(52,1819),(84,2522),(92,1003)]	19.634916
348	[(37,2238),(60,1559),(76,3234),(84,3326)]	31.888588
349	[(46,2738),(82,849),(83,1537)]	16.831680
350	[(43,2944),(67,1387),(78,773),(81,2952),(88,3212)]	15.759085
351	[(6,1292),(19,3418),(25,2044),(32,2110),(51,810)]	15.678804
352	[(6,1337),(33,1849),(34,2534),(45,2619),(52,3542),(75,424),(82,2463)]	16.328580
353	[(39,1617),(47,3053),(57,3185),(58,639),(67,3554),(68,3224),(81,2657)]	16.501272
354	[(4,3372),(10,1148),(41,3557),(88,2443),(92,2902)]	18.085122
355	[(5,1950),(30,521),(66,1066)]	16.106527
356	[(19,2123),(48,1498),(64,1344),(74,943),(75,2548),(85,1336)]	15.808595
357	[(1,1286),(2,434),(3,2129),(6,1656),(29,188),(37,2786),(57,1700),(82,1562)]	15.938607
358	[(61,853),(62,3418),(77,1981),(87,2871)]	17.390479
359	[(19,303),(42,1901),(75,2765),(84,1365)]	16.153766
360	[(1,944),(21,2724),(27,837),(44,1503),(56,1618)]	15.613987
361	[(15,2956),(57,3036)]	15.715209
362	[(13,1955),(18,120),(41,273),(76,2494),(78,31),(87,1738)]	15.798997
363	[(19,627),(57,1842),(67,3196),(69,2880),(81,3262)]	16.270150
364	[(14,3214),(80,2456)]	15.696770
365	[(9,606),(14,2673),(25,178),(37,548),(41,1393)]	15.712178
366	[(17,2954),(33,1749),(35,1097),(38,3439),(43,82),(45,2887),(57,1391),(69,2039)]	15.822221
367	[(7,677),(18,656),(52,951),(77,2139),(91,869),(92,1411)]	15.729901
368	[(11,2220),(14,2242),(25,1038),(32,474),(58,49),(62,762),(72,1651)]	15.483901
369	[(5,421),(12,497),(35,1973),(56,60),(67,1567),(68,2310),(75,2192)]	15.724115
370	[(3,2383),(14,250),(25,384),(26,3596),(45,1869),(58,3068),(80,3461),(87,128)]	15.853577
371	[(9,2809),(55,2984)]	16.324378
372	[(20,2038),(21,680),(33,2967),(46,3117),(57,76),(61,3189),(76,2076)]	16.719393
373	[(10,299),(16,785),(17,1332),(18,870),(45,193),(70,332)]	15.975610
374	[(25,1817),(29,900),(31,812),(39,411),(78,1450)]	15.499288
375	[(13,641),(20,2224),(59,822),(61,1358),(63,1688)]	16.117135
376	[(15,1517),(21,135),(23,53),(43,2625),(46,1001),(51,3176),(55,2754)]	21.134394
377	[(15,2526),(26,1133),(27,2396),(59,2010),(68,1434),(91,285)]	18.151191
378	[(14,1693),(30,435),(37,506),(47,2608),(63,948)]	15.604037
379	[(89,1095)]	16.424354
380	[(17,981),(47,2789),(55,181),(65,1108)]	15.628317
381	[(0,3323),(10,510),(71,1409)]	16.172849
382	[(10,716),(16,112),(18,2678),(48,2016),(73,1729),(74,1238),(76,1371)]	15.909389
383	[(12,2630),(51,1192),(75,1941)]	16.291156
384	[(30,2647),(59,888),(66,266),(67,3243),(68,1882),(75,2223),(84,3088),(85,2742)]	15.728253
385	[(1,2713),(6,719),(29,3297),(41,1822)]	15.911244
386	[(14,644),(26,881),(41,1716),(42,1302)]	16.186407
387	[(57,3596),(86,2079)]	16.571893
388	[(2,2863),(78,1810),(81,3222)]	16.578000
389	[(0,1895),(30,181),(31,2448),(49,941),(60,2877),(62,972),(77,81),(87,2348)]	16.417655
390	[(7,1596),(20,251),(23,3308),(73,391),(83,1598)]	16.059903
391	[(43,301),(81,113),(92,3375)]	15.917706
392	[(33,327),(35,487),(37,352),(60,1498)]	15.868722
393	[(4,798),(13,1913),(19,868),(30,2232),(69,3443)]	16.002455
394	[(14,1383),(58,2492),(73,2816),(90,1565)]	15.883032
395	[(35,2622),(41,1457),(79,1969)]	15.597478
396	[(16,791),(54,401),(57,573),(65,2071),(69,2068)]	15.998251
397	[(4,2498),(17,2166),(36,1212),(44,1284),(68,964),(91,1414)]	15.609683
398	[(17,2604),(27,3360),(30,78),(47,3028),(54,2672),(59,686)]	16.128966
399	[(16,3025),(19,2805),(82,1417)]	16.442734
400	[(1,961),(23,2491),(26,3191),(29,2118),(36,1385),(45,2767)]	16.679516
401	[(24,2488),(26,276),(27,3498),(50,199)]	16.007078
402	[(22,3085),(58,2098),(81,1000)]	15.928077
403	[(4,1240),(16,3085),(82,984),(87,275)]	15.647258
404	[(20,2779),(48,1106),(52,2202),(83,2428),(85,739),(89,2433)]	15.784248
405	[(13,2388),(23,71),(35,3143),(70,1919)]	15.518188
406	[(0,768),(27,1624),(30,1383),(32,3385),(40,2648)]	15.931564
407	[]	15.564262
408	[(19,2137),(59,1946),(74,3455)]	15.643555
409	[(57,3285),(60,1487),(65,1031),(68,645)]	15.532882
410	[(2,1663),(18,493),(62,2546),(87,672)]	18.016931
411	[(20,3178),(50,1569),(52,1081),(71,2353),(76,2592)]	31.599501
412	[(0,1493),(22,1635),(65,1768),(81,1888)]	18.285064
413	[(45,1114),(86,2207)]	16.195541
414	[(6,2305),(37,641),(55,1048),(87,1997)]	21.075615
415	[(11,673),(24,415),(49,1709),(52,1458),(67,2913),(76,2583),(78,2522)]	16.614367
416	[(11,2344),(14,2568),(19,2243),(20,3293),(62,905),(84,527),(87,2876)]	15.778080
417	[(4,1601),(31,2244),(84,3098),(91,479)]	15.727461
418	[(25,250),(38,1500),(69,222),(76,3384)]	15.787067
419	[(2,3248),(4,2595),(17,414),(22,545),(23,1248),(37,802),(41,2531),(48,3159),(69,2843),(73,3509),(84,567)]	17.891223
420	[(10,2525),(21,2241),(80,3160),(87,760)]	16.167716
421	[(0,3211),(27,835),(31,3374),(49,2292),(55,3088),(56,2742),(73,2101),(74,3414),(86,1295)]	16.129722
422	[(26,2553),(41,1313),(61,583),(87,2739)]	15.812145
423	[(45,1168),(56,2558),(63,1685),(66,2570),(69,3122),(81,1483),(83,216),(91,3012)]	16.025080
424	[(22,481),(38,226)]	15.954730
425	[(15,991),(44,1531),(56,2922),(69,3454),(76,1612),(85,111)]	15.833813
426	[(1,2130),(20,1943),(65,32),(72,3502)]	15.790667
427	[(2,513),(44,277),(59,3452),(85,362)]	15.715321
428	[(0,1818),(16,1041),(42,2091),(77,3202)]	16.357718
429	[(23,1286),(24,434),(25,2129),(66,3416),(92,1303)]	15.882633
430	[(30,3285),(36,1283),(41,769),(45,3214),(52,253),(55,845),(57,71),(80,672),(83,372),(84,3560)]	16.204536
431	[(4,905),(6,2437),(45,288),(86,1349)]	16.573835
432	[(1,532),(3,2885),(8,2573),(20,2252),(30,2660),(31,1306),(40,1836),(46,1149),(61,1140),(62,1496),(77,1451)]	16.459103
433	[(42,760)]	18.408811
434	[(13,1087),(16,3381),(29,31),(71,381),(92,1011)]	15.662820
435	[(40,2196),(69,2465)]	16.003751
436	[(2,3383),(33,2951),(38,1499)]	20.129814
437	[(45,1143),(48,26),(56,814),(75,1659),(86,1849)]	19.708675
438	[(6,2525),(19,1189),(34,119),(48,549),(54,1750),(78,1309)]	16.065775
439	[(16,1313),(18,531),(30,3496),(53,3532),(64,123)]	15.721159
440	[(10,1415),(11,2884),(37,1129),(42,3507),(55,3217),(71,1754),(72,1419),(74,1746),(83,2834)]	15.745225
441	[(4,1153),(13,1226),(17,1852),(23,2696),(55,2904),(74,96)]	18.251479
442	[(9,3324),(17,802),(24,1005),(36,3000),(40,2893),(54,535),(79,13),(89,3576)]	15.812333
443	[(15,1504),(32,1138),(39,2263),(62,503),(71,2739)]	15.718436
444	[(7,514),(8,2378),(9,331),(27,2161),(48,94),(50,3443),(67,2649),(82,763),(86,3326)]	15.880756
445	[(28,2031),(33,1987),(53,871),(73,2508)]	16.223455
446	[(6,1931),(16,192),(24,115),(27,2610),(54,1370),(80,415),(92,1805)]	15.691566
447	[(2,117),(8,2049),(32,2767),(39,3423),(49,3304),(54,2732),(66,1235),(71,1721)]	16.034794
448	[(32,1536),(46,129),(64,3228),(78,1531),(86,2550),(87,2286),(88,1714)]	16.268151
449	[(59,1212),(72,3317),(87,1817),(91,705)]	16.757577
450	[(7,228),(14,1337),(25,3266),(31,3264),(47,3377),(86,890)]	15.756030
451	[(14,826),(36,3435),(45,3137)]	17.909949
452	[(3,408),(4,885),(74,247),(76,884)]	15.917869
453	[(13,133),(27,1309),(37,1633),(79,1327),(83,1969)]	15.661643
454	[(5,3293),(8,682),(14,211),(25,3606),(29,272),(31,1285),(57,769),(59,2373),(84,2640)]	15.744499
455	[(3,1905),(10,1006),(30,232),(51,1814),(52,1965),(82,1252)]	15.529356
456	[(3,2621),(13,3436),(14,2602),(40,2530),(54,2280),(60,1559),(72,2543),(82,1702),(89,2833)]	15.663069
457	[(3,1087),(62,583)]	15.848506
458	[(19,170),(23,3478),(30,2409),(46,818),(55,1376),(68,448),(69,1908),(87,471)]	16.267292
459	[(44,118),(81,1783)]	15.546607
460	[(8,3252),(12,612),(19,1731),(25,284),(31,2332),(89,40)]	16.255895
461	[(8,3182),(73,58),(83,1723),(85,1332),(86,870)]	16.194480
462	[(16,713),(24,2695),(25,1053),(31,2428),(36,1719),(72,3162),(92,1356)]	16.226028
463	[(8,1622),(50,1508),(74,575),(81,1679)]	15.666660
464	[(20,1685),(31,1269),(45,379),(63,867),(85,8)]	16.650393
465	[(7,1373),(10,1529),(25,819),(40,2698),(73,2337),(84,347),(92,935)]	15.667819
466	[(18,2989),(19,1877),(21,832),(26,3075),(86,2404),(91,1638)]	15.840663
467	[(52,1273),(67,2802),(73,617),(79,2016)]	16.148109
468	[(0,2266),(1,2813),(27,1568),(32,1399),(79,1895)]	17.910272
469	[(17,1517),(38,1386),(53,2848),(56,511)]	15.868612
470	[(9,1691),(20,2151),(21,2555),(38,3254),(49,1308),(56,1873),(62,1169),(66,2857),(74,1769),(84,1001)]	15.741162
471	[(87,1059),(90,946)]	17.003501
472	[(16,2930),(34,1197),(85,847)]	15.773708
473	[(26,1576),(75,1164)]	31.699655
474	[(24,1971),(28,134),(31,2987),(42,2295),(66,3229),(71,2997),(81,3262),(88,820)]	25.224037
475	[(26,398),(36,387),(47,1215),(49,2461),(57,2022),(60,233),(73,887),(92,508)]	17.124915
476	[(9,2130),(19,2436),(23,1814),(24,1965),(54,676),(58,1444),(71,3194),(76,1341),(88,2271),(91,2377)]	16.710748
477	[(7,2429),(10,3541),(24,365),(40,2061),(69,275)]	16.503738
478	[(21,1463),(86,38)]	15.846626
479	[(4,2944),(30,1570),(41,794),(71,3146),(90,1153)]	18.199291
480	[(42,1963),(53,1387),(65,1705)]	15.897667
481	[(1,215),(6,685),(18,1627),(36,312),(68,1851),(85,3062)]	15.890805
482	[(9,2946),(49,1526),(78,1463),(87,1688)]	15.623596
483	[(4,1390),(5,626),(7,3218),(19,958),(33,570),(34,402),(52,440),(60,3058),(84,3012)]	16.116165
484	[(9,2317),(51,3309),(57,2640),(63,2547),(70,3253)]	15.671529
485	[(5,1763),(13,1831),(21,1996),(39,764),(57,3150),(64,708),(70,443)]	16.490581
486	[(8,3125),(15,926),(34,2752),(42,2879),(45,2089),(58,2893),(80,680)]	15.931514
487	[(9,1178),(15,1088),(21,1952),(28,692),(52,3051)]	15.816802
488	[(4,3071),(10,2344),(13,2309),(39,634),(43,1244),(54,737)]	15.646781
489	[(58,2090),(78,2059),(80,3319),(86,49)]	17.180175
490	[(3,212),(39,3051)]	16.835185
491	[(36,2665),(71,1854)]	16.975177
492	[(12,2900),(42,2291),(46,3408),(52,540),(53,996),(89,3411)]	19.393690
493	[(17,1995),(18,3052),(27,412),(29,246),(86,2320),(87,1272),(89,780)]	16.700251
494	[(0,1192),(3,3557),(42,1688),(70,1749)]	16.697197
495	[(4,83),(36,2424),(67,2082)]	18.193366
496	[(5,3269),(84,3523)]	20.994747
497	[(6,2966),(16,2105),(30,2222),(32,1856),(40,2942),(63,1340),(66,2273),(80,1182)]	17.006796
498	[(5,3131),(17,1178),(54,1356),(65,2779),(91,215)]	16.882251
499	[(11,1444),(38,1341),(69,2994),(77,3280),(90,3344)]	15.760735
500	[(6,2574),(36,3551),(52,3250),(61,315),(65,2280),(73,2962)]	23.833669
501	[(16,2733),(20,1546),(69,876),(84,3332)]	34.152242
502	[(10,3572),(42,3044),(69,459),(70,723),(80,380),(89,2473)]	20.979967
503	[(30,2229),(36,2772),(37,134),(56,1394),(83,3546),(87,1914)]	16.364286
504	[(19,881),(22,1662),(23,687),(40,2419),(43,2024),(62,2220),(85,1423)]	16.688007
505	[(10,1750),(13,641),(35,1917),(80,1400)]	16.826426
506	[(5,3470),(10,3159),(36,1614),(80,2393),(82,502)]	15.982570
507	[(3,973),(17,768),(24,3232),(34,2855),(62,24),(65,1157),(88,3194)]	15.676407
508	[]	16.512373
509	[(25,1687),(30,2713),(56,2446),(62,3448),(74,2344),(89,3386)]	16.235865
510	[(1,1741),(7,16),(24,1651),(42,613),(50,2305)]	16.255746
511	[(46,976),(71,570),(79,2050)]	22.564626
512	[(51,1348),(65,1906)]	16.618923
513	[(17,10),(23,3589),(27,2298),(37,2851),(77,283),(89,313)]	18.130443
514	[(1,1431),(14,285),(30,411),(60,1020),(62,2892),(74,829),(81,3181)]	17.961742
515	[(1,27),(34,1600),(36,1535),(49,1613),(84,1485)]	18.366003
516	[(16,3463),(24,98),(37,3026),(49,564),(64,2216),(74,1633),(82,1802)]	15.898169
517	[(1,343),(2,2822),(42,1811),(43,2014),(64,1194),(82,439)]	15.687092
518	[(18,3190),(56,1587),(77,3390)]	16.164540
519	[(2,2545),(11,3379),(16,3554),(17,3224),(81,3239)]	16.329679
520	[(5,3439),(13,2925),(14,814),(26,1019),(71,2288),(78,3145)]	19.514327
521	[(56,1100),(59,3180),(75,2341),(90,2649)]	15.872908
522	[(26,1874),(29,3317),(40,2852),(49,3432),(76,3384),(91,2924),(92,1144)]	15.675575
523	[(17,1362),(24,2021),(42,1375),(61,1003),(84,2405)]	16.061953
524	[(16,1931),(19,1241),(39,2148),(45,1917)]	15.560844
525	[(1,538),(4,1336),(27,1801),(48,1716),(59,530),(65,3358)]	15.993861
526	[(21,379),(24,133),(47,386),(51,789),(56,1290)]	16.019836
527	[(11,2869),(13,2033),(30,3329),(55,2801),(85,523)]	15.648314
528	[(7,1771),(40,3070),(59,866),(88,430)]	16.161189
529	[(7,3031),(26,955),(77,240)]	15.639560
530	[(32,103),(38,3429),(64,1873),(76,207),(78,167),(81,1598)]	16.071424
531	[(26,1408),(29,2688),(31,3240),(92,3078)]	16.745772
532	[(5,35),(7,2853),(32,1211),(45,1253)]	35.274868
533	[(36,3386),(52,3234),(53,3571),(59,1861),(61,2199),(62,1079),(66,3213),(78,2654)]	19.490729
534	[(0,1043),(7,3508),(11,2671),(67,764),(80,1637)]	16.614923
535	[(11,538),(29,528),(35,1300),(46,1540),(66,1730),(77,973)]	16.176409
536	[(1,842),(2,2471),(8,851),(10,3060),(25,2169),(48,3420),(84,3068),(89,3242)]	18.449465
537	[(0,961),(7,1707),(16,1430),(50,0),(64,1115),(67,1899),(82,2959)]	15.829657
538	[(6,3381),(13,2534),(20,386),(28,3253),(47,2243),(69,1145),(91,3562)]	15.861794
539	[(47,768),(67,326)]	15.698669
540	[(13,3482)]	15.976781
541	[(32,666),(37,2227),(74,1073),(83,1739)]	16.141842
542	[(20,3276),(27,1600),(32,2579),(49,2250),(75,228),(79,2551),(80,1825)]	16.272669
543	[(38,2670)]	15.854717
544	[(4,2516),(37,2042),(58,3374),(82,1213)]	16.868533
545	[(32,910),(37,2908),(47,555)]	16.485919
546	[(17,2701),(36,2043),(44,1893)]	16.408955
547	[(55,3342),(58,2459),(59,1433),(60,767),(66,2783),(90,1831)]	16.754161
548	[(14,1045),(24,2121),(30,923),(39,2049),(51,1787),(58,65),(65,2734)]	16.611532
549	[(12,2060),(13,623),(23,2641),(42,2550),(84,2180),(86,413)]	17.271220
550	[(14,533),(32,1613),(33,3469),(63,2068),(74,3092),(81,1465)]	16.133798
551	[(39,2291),(54,2424),(69,3118)]	15.817454
552	[(39,720),(48,86),(56,2688),(73,2393),(87,2986)]	18.594009
553	[(24,1658),(40,34),(56,1005),(62,1960),(92,3264)]	21.922912
554	[(27,854),(34,1424),(51,408),(52,885),(83,3404),(87,83)]	16.806533
555	[(10,3130),(35,1873),(37,2182),(44,588),(57,3450),(87,809)]	15.509611
556	[(1,443),(10,434),(30,29),(85,2942),(91,1966)]	17.122872
557	[(26,722),(28,2840),(33,2891),(39,2806),(47,2687),(64,1176),(87,347),(90,1354)]	16.246558
558	[(10,2520),(23,659),(24,1103),(35,3008),(54,2975),(55,3287),(65,1317),(70,2296),(84,2760),(89,1030)]	16.392923
559	[(25,1700),(26,2042),(32,784),(40,3449),(41,666),(59,1534)]	16.038540
560	[(6,1374),(32,2661),(59,1080),(87,3079)]	16.094755
561	[(8,1345),(16,669),(22,433),(86,1879)]	16.027142
562	[(11,3342),(16,2276),(19,1889),(38,3135),(76,2197),(87,1742)]	15.596485
563	[(5,630),(7,426),(8,1777),(10,1714),(21,2992)]	15.609157
564	[(5,2618),(24,1004),(58,2733),(62,2822),(72,2033),(76,1536)]	17.430317
565	[(29,3176),(49,1781),(69,1745),(72,2816),(87,328),(91,845)]	17.156200
566	[(8,3344),(14,3200),(39,2999),(62,3205)]	15.808923
567	[(18,2318),(21,412),(23,246),(49,775),(77,2043),(89,1611)]	15.901309
568	[(0,187),(4,2181),(5,2401),(33,554),(41,1558),(63,19),(76,3002),(83,1610)]	15.916921
569	[(1,1329),(2,2685),(12,2589),(14,2762),(29,901),(48,2016),(61,551),(68,3460),(85,2111),(92,1378)]	16.051465
570	[(17,2570),(19,409),(26,2888),(59,1042),(67,1694),(84,1423)]	15.585013
571	[(10,2664),(48,1862),(55,363),(72,1680),(92,3503)]	15.586224
572	[(0,2413),(21,2802),(39,1716),(41,2198),(58,2551),(75,219),(89,1933)]	15.768340
573	[(44,336),(51,2187),(87,2228),(90,1875)]	15.631042
574	[(4,1318),(24,2346),(37,2624),(49,891)]	15.869647
575	[(29,3052),(36,1283),(55,3049),(61,2771),(63,1995),(64,3052),(67,2763)]	15.914817
576	[(18,2309),(22,1052),(36,1337),(43,1258),(49,2037),(75,1478),(85,69)]	15.508212
577	[(12,725)]	16.002735
578	[(9,657),(23,1449),(39,1945),(41,3282),(53,3072),(70,1337)]	15.780770
579	[(3,2501),(8,56),(20,608),(30,2295),(35,3263),(46,1526),(71,3521),(92,3400)]	16.071603
580	[(12,336),(18,2250),(25,2869),(43,2633),(69,1275),(73,1353),(76,2666)]	15.845329
581	[(7,2075),(25,2339),(26,807),(40,2222),(46,16)]	15.728747
582	[(33,483),(49,537),(84,2257),(89,2011)]	15.667851
583	[(13,2497),(34,759),(39,755),(59,1322)]	15.792436
584	[(18,2711),(27,3579),(35,1598),(40,2823),(42,1172)]	15.488367
585	[(12,1290),(32,2145),(38,3105),(41,2856),(49,1294),(51,3230)]	15.991821
586	[(58,2202),(78,2941)]	15.538403
587	[(9,2516),(14,758),(29,3114),(30,3270)]	15.497293
588	[(53,1916),(59,2794),(68,999)]	15.721265
589	[(8,3100),(34,291),(51,2451),(53,2440)]	16.920849
590	[(14,3052),(67,3281)]	15.951327
591	[(17,590),(27,2422),(50,3036),(72,2882),(75,1899),(86,168)]	16.919502
592	[(2,2862),(53,3436),(54,2602)]	15.939024
593	[(2,341),(5,2373),(14,1546),(23,1373),(52,3100),(63,671),(74,467),(87,363),(90,2882)]	18.627310
594	[(1,2812),(5,2895),(43,3167),(49,2320),(68,3566),(70,3436),(77,3142)]	26.910229
595	[(6,3561),(25,938),(48,1713),(85,1243)]	24.927172
596	[(14,837),(22,2057),(31,168),(55,3031)]	17.742843
597	[(14,3499)]	15.908751
598	[(6,3047),(12,696),(21,1044),(51,790),(89,2579)]	16.314696
599	[(1,1391),(15,3526),(27,3592),(54,32),(58,2983),(59,2348),(82,3483)]	16.601532
600	[(4,1149),(42,652),(46,3314),(48,2788),(57,1729),(67,3488),(84,2545)]	16.561525
601	[(1,969),(6,1233),(20,3205),(48,3171),(74,2374),(81,379),(87,2561)]	17.074204
602	[(17,1077),(31,1677),(36,311),(43,2480),(65,503),(69,2054),(73,1911),(83,2764)]	17.921957
603	[(50,2455),(68,2044),(79,2928),(87,1073),(91,1279)]	16.206632
604	[(12,860),(14,3073),(15,140),(27,2351),(56,1330),(78,1797),(91,1483),(92,3364)]	15.987608
605	[(36,526),(43,766),(61,3478),(69,3251),(88,3183)]	15.707325
606	[(20,2925),(36,2478),(37,3375),(39,551),(85,1977)]	15.962998
607	[(9,2640),(71,3256)]	15.908303
608	[(24,2386),(31,1807),(35,1713),(49,2491)]	16.298209
609	[(24,3236),(33,2459),(47,138),(52,64),(56,998),(66,2295),(73,1917)]	16.165052
610	[(7,3606),(12,2205),(35,202),(47,3142),(52,2539),(55,1609),(72,1713)]	15.896975
611	[(3,599),(12,393),(64,3606),(65,3457),(66,2467)]	15.505296
612	[(1,473),(32,3368),(40,3409),(54,2227),(63,2800),(72,66)]	17.810093
613	[(5,1929),(23,3410),(43,3064)]	23.124136
614	[(9,1892),(10,1909),(43,41),(53,3110),(55,812),(68,1082)]	19.226284
615	[(20,2912),(37,3524),(40,2675),(56,2823),(68,565)]	15.914754
616	[(24,272),(69,548)]	17.591619
617	[(11,1738),(17,3399),(20,2889),(67,1127),(70,2750),(92,1576)]	16.949271
618	[(35,2989),(71,660),(77,1727),(91,1088)]	15.993731
619	[(9,3144),(43,3603),(53,1276),(67,2831),(72,1880),(92,2769)]	16.498154
620	[(28,2888),(31,1262),(41,157),(44,634),(48,3044),(58,2085),(60,1822),(76,1413)]	15.720951
621	[(5,1623),(14,1875),(20,393),(22,42),(33,2849),(60,1234),(82,908)]	15.969824
622	[(1,934),(19,2673),(36,1455),(67,43),(78,1868),(87,892)]	16.201539
623	[(15,146),(19,3541),(25,180),(76,3484)]	16.148599
624	[(39,2079),(50,3329),(53,1648),(63,3520),(65,12)]	16.040763
625	[(6,2342),(67,2560),(72,136),(81,1067),(87,3595),(90,1940)]	16.959018
626	[(3,1589),(14,2810),(33,2627),(39,1345),(69,3188)]	16.287702
627	[(42,2733),(59,626)]	16.888175
628	[(10,58),(25,1559),(29,2319),(32,3043),(54,25),(57,520)]	16.113835
629	[(40,3171),(48,686),(64,1885),(70,2958),(81,3050)]	16.796341
630	[(16,1614),(58,2755),(87,1348)]	17.661648
631	[(62,3088),(66,2628)]	15.970761
632	[(11,937),(47,818),(69,3084)]	16.135975
633	[(31,752),(54,1699),(58,3513),(60,2999),(66,1273),(84,1267)]	16.349799
634	[(28,2029),(33,302),(78,3332),(91,211)]	16.086237
635	[(21,3142),(23,2393),(42,1914),(44,3214),(63,2519),(64,86),(83,35),(92,3590)]	16.173787
636	[(0,2113),(36,3527),(40,298),(48,0),(66,2276)]	15.600275
637	[(15,3512),(31,546),(33,2390),(43,1043),(59,175),(74,445),(86,1614),(92,174)]	16.224463
638	[(4,3502),(10,1005),(25,2989),(48,2983),(64,3016),(80,1846),(82,1229),(90,2132)]	16.392695
639	[(21,780),(40,1635),(82,1336)]	18.246798
640	[(10,348),(40,874),(52,759)]	16.405348
641	[(10,768),(19,1216),(37,3374),(49,1143),(51,190),(54,2357),(65,3212),(72,732)]	17.702720
642	[(11,604),(20,2567),(36,2012),(60,3146),(64,2134),(68,907)]	16.143065
643	[(15,1883),(21,149),(53,1651),(77,1760)]	16.146716
644	[(8,166),(19,1525),(51,2476),(53,3150),(80,3123),(89,237)]	15.945388
645	[(9,41),(16,2978),(36,753),(43,3595),(47,2302),(57,1098),(67,1967),(77,2842),(80,1269),(92,24)]	15.978982
646	[(23,235),(68,3325),(73,1259),(74,2909),(75,3313),(76,1757),(82,3254)]	16.168332
647	[(12,2380),(31,1739),(46,2231),(59,3128),(71,861),(72,442),(79,2008)]	16.935190
648	[(17,2453),(33,1596),(38,2515),(40,829),(42,1336)]	16.252753
649	[(21,118),(74,2995)]	15.769303
650	[(30,2366),(35,1783),(50,1239),(76,1686)]	15.804493
651	[(6,2710),(19,1258)]	15.745421
652	[(24,3464)]	16.171161
653	[(6,1706),(41,1584),(48,212),(64,1600)]	18.853981
654	[(33,386),(63,208),(64,2187),(84,2285)]	15.926919
655	[(13,2965),(51,889),(77,1515)]	19.453400
656	[(7,2052),(21,2519),(22,86),(55,1149),(67,2344),(70,1408)]	32.304965
657	[(35,3323),(79,1358),(81,1958)]	16.577863
658	[(2,2636),(14,1710),(57,405),(67,76),(73,1119)]	15.937173
659	[(48,2285)]	15.777693
660	[(12,2552),(29,1429),(32,159),(41,2316),(56,652),(87,1323),(88,2134)]	16.602592
661	[(10,3134),(18,2813),(61,2976),(68,3536),(75,2503),(81,596)]	15.948723
662	[(32,1192),(86,617)]	16.090669
663	[(2,2139),(26,2426),(50,69),(67,1213),(70,3487),(77,1822),(89,2997)]	15.810024
664	[(6,2551),(21,1195),(27,2762),(42,3165),(48,2782),(72,466)]	15.870038
665	[(0,1463),(27,646),(55,2184),(78,1769),(82,1686),(85,3504),(87,3223)]	26.947139
666	[(14,1830),(20,629),(70,979)]	19.860130
667	[(16,2478),(69,3401)]	16.278984
668	[(13,2288),(20,498),(75,1977),(81,1780),(86,2129)]	16.337888
669	[(59,1167),(68,631),(82,1192)]	15.597701
670	[(26,2041),(45,2658),(70,3417),(85,160),(91,3311)]	16.466916
671	[(21,288),(33,1826),(60,1375),(66,3249),(77,1534),(78,1242)]	21.557436
672	[(6,1394),(12,175),(15,1234)]	18.524239
673	[(19,1647),(61,1752)]	15.901322
674	[(3,605),(5,1713),(13,1253),(19,2010),(60,2391)]	15.641961
675	[(50,2136),(57,1485),(65,1107),(73,114),(79,2144)]	24.774081
676	[(82,843),(90,1501)]	16.185875
677	[(18,3299),(22,1815),(23,647),(36,377),(73,3)]	17.215079
678	[(26,2123),(69,3086),(73,2612),(82,2331)]	17.078576
679	[(0,1131),(13,3579),(20,1786),(46,1914),(62,2120),(71,2937),(75,2921)]	16.431001
680	[(19,1977),(22,1099),(36,840),(46,668),(52,586),(64,2779),(70,2469),(87,2292)]	16.227381
681	[(3,919),(18,3034),(30,2242),(40,2297),(57,2744),(81,198)]	15.998516
682	[(6,3552),(40,1720),(47,1380),(55,2812),(59,3419),(64,844),(67,783),(75,3077),(76,3285)]	19.291559
683	[(2,3526),(4,2236),(13,1693),(17,859),(40,3361),(52,3360),(66,1002),(67,2922),(81,2349)]	15.998558
684	[(21,2742),(23,3),(59,2453),(75,2430)]	24.129903
685	[(1,3546),(34,3484),(44,1215),(79,257)]	34.432312
686	[(13,2324),(68,1233),(83,3456)]	17.877894
687	[(20,585),(57,514),(61,3137),(69,3219)]	15.778340
688	[(10,3307),(33,3369),(47,2672),(74,1104),(82,1648)]	16.553643
689	[(46,2484),(49,3007),(53,3599),(60,883),(67,916),(73,1627),(76,3368)]	16.001976
690	[(8,1322),(9,3108),(24,2001),(26,1109),(37,986),(88,2569)]	15.988948
691	[(5,2387),(75,47),(78,822),(81,2492),(84,1864)]	15.958049
692	[(74,226)]	15.891590
693	[(4,1550),(44,114),(55,679),(62,3481)]	15.798825
694	[(14,3411),(83,841),(87,2057)]	20.793094
695	[(4,2334),(8,1027),(14,3192),(20,8),(36,1437),(57,2723),(62,3508),(66,648)]	20.585038
696	[(19,302),(29,2083),(30,621),(41,3063),(56,2862),(70,1854),(78,1398)]	15.993793
697	[(69,1640),(72,3221),(82,879),(83,2554),(91,1753),(92,1898)]	21.664948
698	[(1,737),(10,2308),(23,867),(46,1536),(66,3248),(89,2195)]	33.529119
699	[(25,681),(36,1869),(42,4),(55,2631),(87,852),(91,3241)]	33.599635
700	[(17,506),(37,1439),(49,2315)]	35.017457
701	[(3,1742),(15,3566),(17,3436),(21,784),(30,1305),(54,1831),(72,2374)]	36.076504
702	[(8,2683),(16,41),(20,2410),(60,2504),(62,1952)]	39.990660
703	[(50,2764),(69,1564),(74,2362),(76,843),(84,859),(87,2443)]	48.949649
704	[(20,1349),(21,327),(74,3444),(75,754),(82,1872)]	35.529478
705	[(0,3380),(75,1400),(90,1412)]	65.019892
706	[(13,394),(16,2272),(41,555),(62,2304),(65,128),(83,2438)]	54.344737
707	[(21,2656),(25,720),(46,1182),(88,3544),(92,1500)]	31.365555
708	[(15,2185),(32,2429),(35,2436),(39,1363),(42,441),(63,1663),(76,1923),(92,3463)]	31.682001
709	[(5,2117),(32,2577),(44,3355),(46,3086),(64,1926),(82,1923)]	30.615499
710	[(4,68),(6,54),(76,1309)]	31.627401
711	[(35,1503),(47,1072),(82,3393),(85,2545)]	36.973946
712	[(40,2641),(59,2721),(61,1352),(62,2225)]	32.696794
713	[(12,1803),(14,1390),(70,1578),(76,1456)]	33.401760
714	[(34,3328),(51,2020),(74,2874)]	31.491392
715	[(0,1139),(18,2749),(30,2976),(69,310)]	31.637403
716	[(25,1105),(55,1814),(59,1810),(83,1124)]	31.931158
717	[(10,783),(15,2823),(17,429),(21,3269),(58,467),(69,2298),(71,831)]	32.425585
718	[(10,1005),(12,1465),(41,1161),(43,2020),(65,356),(67,1936)]	31.279062
719	[(5,2705)]	31.806368
720	[(75,2461),(84,3372)]	31.873352
721	[(22,2487),(59,175),(76,527),(80,1585)]	31.768838
722	[(49,2028),(91,1474)]	31.812237
723	[(5,2449),(47,133)]	31.610575
724	[(2,1052),(10,3530),(25,1940),(47,1775),(70,3244),(72,2637),(76,3322),(92,1725)]	31.823182
725	[(47,3008),(54,955),(56,2628),(90,3333)]	31.318185
726	[(2,1770),(8,3516),(42,1695),(56,2924),(58,594),(62,1671)]	32.879092
727	[(18,1715),(20,1468),(28,3364),(42,19),(45,3250),(71,2141),(77,1762),(79,1837),(92,57)]	28.779985
728	[(26,3442),(47,1905),(49,1565),(51,1347),(90,3366)]	29.892919
729	[(19,553),(27,2719),(49,1035),(50,517),(75,1798)]	30.624026
730	[(9,2954),(49,830),(68,1022)]	30.719844
731	[(16,583),(41,2933),(43,2430),(51,2849),(60,2924),(61,1144),(88,1024)]	30.973958
732	[(2,3180),(20,12),(34,1062),(48,2614),(63,1308),(75,1153),(81,1565),(85,3342),(92,1613)]	34.050662
733	[(0,757),(14,905),(31,1191),(44,2942),(62,3041),(87,3351),(88,840)]	30.268342
734	[(5,3425),(8,2312),(38,2029),(57,1283),(84,9),(86,3387),(92,907)]	31.421272
735	[(20,846),(50,1962),(59,1158),(78,623),(86,2455)]	30.432702
736	[(17,2013),(21,3288),(22,466),(24,2237),(35,3032),(74,3010),(78,2019)]	30.668202
737	[(18,2598),(35,3207),(55,2756),(62,2026)]	30.197865
738	[(22,2286),(33,636),(41,1412),(78,108),(91,2061)]	37.689404
739	[(21,281),(23,2340),(26,2297),(39,3499),(56,1273),(66,864)]	37.922224
740	[(13,3204),(21,1132),(28,767),(38,1448),(78,1993),(81,1826)]	43.327665
741	[(7,2289),(20,238),(45,2059),(49,3211),(78,1569)]	33.186214
742	[(6,1587),(15,137),(29,1740),(33,3325),(61,635),(73,523),(81,309),(85,1966),(91,491)]	35.024968
743	[(63,1713),(83,600),(88,3423)]	29.042998
744	[(3,2568),(33,719),(40,3218),(46,366),(64,3240),(66,1739),(75,3029)]	35.245127
745	[(2,3364),(64,1693),(69,3442),(79,2865),(87,660)]	32.305874
746	[(44,2320),(45,1272),(86,1487)]	31.581266
747	[(12,2379),(23,1723),(43,2787),(78,1938)]	30.332417
748	[(6,703),(9,1346),(54,2698),(70,605),(78,1559)]	33.154326
749	[(12,2563),(28,411),(35,2869),(51,163)]	28.616822
750	[(9,86),(10,1175),(23,200),(28,1586),(36,2456),(58,3162),(69,1692)]	33.501097
751	[(4,3107),(13,3007),(31,1919),(48,1792)]	31.437455
752	[(24,2954),(30,1230),(32,3365),(42,1173),(51,2378),(55,1081),(63,2626),(64,3071),(75,851),(77,3060)]	31.764280
753	[(1,542),(8,1896),(11,1059),(40,456),(46,2813),(54,1736)]	31.406534
754	[(45,165),(52,535),(54,3467),(68,926),(71,756),(77,1250)]	31.315728
755	[(8,3403),(27,2153),(72,3454)]	30.545980
756	[(69,2307),(91,177)]	30.596895
757	[(0,425),(31,2303),(49,1962),(55,377),(72,506)]	32.350938
758	[(11,1622),(49,3134),(65,112)]	31.560823
759	[(59,2490)]	31.350709
760	[(20,1093),(23,277),(37,2985),(40,3224),(47,3096),(55,415),(63,2459),(71,2483)]	31.849372
761	[(2,29),(14,703),(41,2818),(65,1574),(75,3214)]	31.802601
762	[(56,3103),(83,3547)]	31.705936
763	[(1,1177),(69,2752),(76,3004),(82,1573)]	34.663543
764	[(19,935),(20,2093),(26,2822),(28,2643),(51,117),(77,1056),(81,1925),(85,2013)]	31.627005
765	[(90,1855)]	32.273707
766	[(0,1793),(5,101),(20,1904),(27,90),(31,2532),(38,201),(61,665),(88,2009)]	32.096070
767	[(15,3581),(22,812),(35,227),(41,240),(47,434)]	31.312989
768	[(2,431),(20,1992),(25,2091),(78,3184)]	31.466973
769	[(13,3072),(39,3441),(42,1493),(66,1707)]	31.270481
770	[(25,2447),(26,1696),(56,382),(66,2806)]	32.275289
771	[(38,3193),(82,742)]	31.280738
772	[(50,3522),(62,3117)]	41.207489
773	[(36,2970),(53,141)]	45.268141
774	[(10,1214),(27,3574),(48,1346),(55,1102),(65,1308),(66,2691)]	38.630653
775	[(10,2884),(30,2711),(42,1660),(48,3424),(61,2316),(62,3583),(85,2503),(92,2168)]	31.756295
776	[(61,182)]	30.573281
777	[(0,1742),(19,3497),(21,2253),(56,209),(83,1014),(86,1498)]	33.370787
778	[(26,1910),(52,3363),(57,3206),(75,293),(82,2287)]	30.906154
779	[(20,1843),(47,3501),(56,3201),(61,3200),(72,2359)]	30.083877
780	[(35,968),(49,303),(54,2960),(79,1071)]	30.427827
781	[(8,1026),(24,2132),(55,3425),(57,2747),(78,1034),(82,1016),(91,1024)]	30.017764
782	[(20,2849),(27,3290),(62,2554),(66,82),(69,805)]	30.798407
783	[(45,1718),(60,727),(90,1896)]	31.872479
784	[(46,2915),(51,2027),(66,1232)]	31.975197
785	[(11,24),(47,2953),(58,3217),(62,2793),(64,1127)]	30.443987
786	[(4,2449),(10,602),(78,1940),(89,1918)]	29.987298
787	[(7,3176),(24,3452),(50,1736),(54,1287),(73,2101),(74,3414)]	30.162811
788	[(24,2211),(67,768),(71,555)]	31.136128
789	[(11,523),(39,3163),(47,2158),(62,2951),(64,410)]	31.956867
790	[(5,788),(62,2537),(65,402),(69,109),(78,2572)]	30.789794
791	[(0,2755),(6,3587),(18,183),(31,3099),(58,1059),(85,990)]	29.780691
792	[(7,447),(15,1113),(23,938),(47,1518),(83,1806)]	31.170748
793	[(26,3491),(50,962),(65,501),(79,1919)]	31.540732
794	[(26,3329),(38,410),(41,3255),(53,1743),(56,2806),(75,2933),(91,3545)]	31.303587
795	[(4,1415),(5,2884),(21,1625),(23,13),(25,3020),(29,1034),(61,2505),(62,154),(68,2578),(89,1039),(90,2612)]	32.403834
796	[(12,2183)]	33.044354
797	[(16,3450),(35,1101),(47,3211),(53,2251),(57,1559),(78,2866),(80,2758)]	33.906279
798	[(7,401),(43,1484),(50,2887),(51,3433),(71,1090),(81,942)]	34.113729
799	[(7,2144),(14,2837),(19,3318),(29,357),(54,3566),(89,2195)]	32.225450
800	[(18,2316),(35,3105),(48,3154),(51,2153),(55,1548),(66,488),(71,1102),(85,1092)]	33.776223
801	[(0,463),(45,1914)]	30.194881
802	[(10,2296),(35,627),(65,2768),(69,2290),(85,2000),(91,2332)]	30.840363
803	[(15,1951),(28,453),(69,740)]	30.940351
804	[(5,101),(22,2159),(38,1366),(44,1287),(46,1704),(47,931),(88,678),(92,792)]	37.864845
805	[(19,3128),(61,147)]	35.115455
806	[(13,98),(34,294),(52,2262),(65,2602)]	49.855110
807	[(6,170),(12,2558),(29,865),(86,2857)]	35.998967
808	[(0,2237),(18,2010),(28,1269),(44,3504),(76,672)]	34.578917
809	[(3,1470),(33,3179),(38,3577)]	29.264285
810	[(14,2207),(38,509),(58,542),(78,662),(91,2296)]	32.011285
811	[(15,1914),(17,113),(28,2686),(29,883),(40,616),(42,1111),(89,445)]	34.332343
812	[(0,1754),(5,2220),(45,2981),(49,510),(55,3482)]	32.602352
813	[(40,3263),(47,2732),(51,1897),(59,2187),(72,3379)]	31.951553
814	[(9,2768),(18,1235),(49,322),(72,981),(76,308),(92,3370)]	31.860878
815	[(4,3292),(5,1118),(25,3069),(26,64),(49,3093),(51,1037),(75,515),(87,1988)]	31.837458
816	[(15,1198),(37,2726),(46,2478),(47,3375),(51,647)]	31.872429
817	[(22,2674),(38,926),(63,1141),(75,2071)]	32.093782
818	[(49,2825),(52,2127),(68,896),(88,1271)]	32.047607
819	[(5,3405),(19,2304),(35,1267),(48,2081),(60,1352),(64,697)]	31.988365
820	[(6,856),(18,918),(33,1054),(46,987),(49,374),(59,3483),(75,3034),(89,1657)]	31.885951
821	[(3,238),(11,1622),(18,438),(31,548),(40,2018)]	32.832857
822	[(11,636),(26,2037),(35,2309),(60,2499),(71,1402),(81,2674),(82,1380)]	32.780264
823	[(11,805),(26,2609),(38,2629),(60,1599),(71,1829),(79,3087)]	20.740194
824	[(13,2971),(16,1028),(37,2929),(38,2433),(55,1030),(87,2584),(92,382)]	15.621635
825	[(60,3099),(63,2543),(67,2978),(69,3087),(73,632),(79,3553),(89,1169)]	15.833697
826	[(6,217),(39,2839),(43,1771),(87,274),(88,2097)]	15.942572
827	[(8,559),(9,941),(17,2501),(33,2697),(38,458),(49,1057),(64,796)]	18.234459
828	[(7,2779),(14,519),(16,191),(25,694),(40,2905),(55,1887),(75,720),(78,538),(83,1940),(89,1534)]	17.326062
829	[(4,1963),(6,3510),(35,3005),(54,843),(73,48),(76,3151),(80,142),(83,2542)]	17.824101
830	[(15,2694),(29,2751),(61,1576),(66,2909),(76,1701)]	16.388160
831	[(12,2656),(47,2880),(70,668),(71,1672),(78,135),(82,2480)]	15.892077
832	[(27,3561),(42,550),(53,1050),(66,2499),(82,3035)]	15.865925
833	[(0,3508),(19,3408),(33,2657),(45,2209),(77,2292),(84,1933)]	15.822446
834	[(2,1906),(3,2718),(8,1466),(11,2218),(32,3009),(37,2739),(45,3296),(63,2744),(68,434),(69,2129),(91,231)]	15.800568
835	[(38,1939)]	15.813622
836	[(9,1310),(23,103),(25,2065),(32,1737),(44,433),(70,2451),(72,2440),(84,639),(86,2459),(88,2114),(91,145),(92,289)]	15.531989
837	[(47,3289),(53,416),(78,3549)]	15.739770
838	[(6,2937),(14,3002),(27,979),(33,1955),(36,1810),(64,2762),(70,1828),(72,1690),(73,3026)]	15.965085
839	[(1,3182),(6,99),(9,1513),(20,3103),(21,1950),(27,3155),(43,2779),(45,2377),(51,1391),(83,3248),(91,3319)]	15.722593
840	[(11,139),(16,563),(29,1060),(51,2993)]	16.050897
841	[(13,2334),(23,2329),(53,2763),(61,515),(68,2596),(75,2971),(80,984),(90,2689)]	15.906314
842	[(1,3253),(66,3061),(81,3386),(86,1750)]	15.560259
843	[(6,2868),(24,1738),(45,3307)]	15.699591
844	[(58,2706),(65,737),(67,1321)]	18.225917
845	[(84,1047),(87,1892)]	20.978297
846	[(7,1180),(9,2527),(53,1434),(56,45),(57,2358)]	16.103016
847	[(4,1689),(11,2941),(80,1133),(91,2634)]	20.772214
848	[(3,602),(51,2098),(53,2898),(54,1296),(71,2480)]	22.864172
849	[(48,1644),(57,322),(85,3002),(87,2206),(90,2259)]	15.512834
850	[(28,3604),(65,994),(82,2862),(86,2618)]	16.610630
851	[(10,623),(74,851),(76,3060)]	16.048672
852	[(22,2075),(25,1935),(28,2111),(29,3524),(48,1308),(61,866),(64,2861),(87,694)]	16.218155
853	[(20,862),(40,2772)]	16.410235
854	[(24,1789),(32,52),(35,3357),(75,3306),(79,2133),(80,2667),(82,1494)]	16.058275
855	[(35,1550),(39,2661),(74,417),(81,2142)]	29.775333
856	[(8,609),(51,364),(84,653)]	21.888114
857	[(32,3050),(37,2006),(42,261),(59,2012),(76,1967),(81,3599),(85,999)]	16.488320
858	[(18,3237),(19,2639),(23,1414),(30,1368),(39,1051)]	15.862992
859	[(4,3561),(17,2558),(20,872),(29,2401),(69,914),(75,1443)]	16.011530
860	[(0,1172),(5,3152),(14,687),(18,1546),(63,2895)]	16.649238
861	[(3,2012),(15,1158),(27,1664),(31,1446),(53,2474),(58,54),(74,3152),(86,1110)]	15.688832
862	[(2,1802),(10,2318),(14,77),(16,2738),(20,1525)]	15.899604
863	[(15,230),(76,2335)]	15.902211
864	[(36,954),(55,2690),(61,1930),(64,3382)]	15.722983
865	[(19,1674),(34,1957),(79,475),(81,572)]	15.754819
866	[(8,3392),(58,3552)]	15.707759
867	[(13,582),(58,1585),(60,1183),(72,798),(82,2593),(88,811)]	15.662060
868	[(12,2525),(15,1413),(31,124),(41,2669),(59,1427),(74,1607)]	16.435338
869	[(19,2173),(20,3078),(50,1445),(51,2817)]	16.023737
870	[(79,711),(82,2952)]	15.935479
871	[(47,918),(86,2412),(87,1179),(92,1611)]	15.642910
872	[(32,3086),(33,1521),(47,474),(49,1115),(55,1737),(62,3264),(65,607)]	16.479449
873	[(21,1887),(24,794),(54,458),(72,3544),(84,3193)]	15.777180
874	[(41,523),(50,1660),(66,3596),(75,1967)]	15.623179
875	[(7,2186),(17,574),(24,823),(30,2254),(33,1207),(34,2293),(62,3519),(90,3002)]	15.527141
876	[(15,893),(25,284),(30,1353),(72,973),(75,2051),(87,2149)]	15.684425
877	[(7,1415),(8,2884),(62,2402)]	15.617174
878	[(12,3204),(65,1842),(68,2120),(74,892)]	15.663747
879	[(2,1720),(44,1797),(57,3307),(84,551),(91,101)]	15.461313
880	[(6,3082),(9,1465),(62,1974),(70,1402),(73,564),(78,2912)]	15.965632
881	[(16,1353),(64,359),(73,2742),(80,2571),(86,997),(92,786)]	16.639008
882	[(3,2409),(9,3510),(17,593),(25,1996)]	16.344202
883	[(59,1397),(73,402),(80,664)]	16.245672
884	[(1,2489),(23,228),(24,1841),(66,1609),(72,3218),(92,593)]	15.780814
885	[(16,1861),(22,3082),(25,1388),(34,1088),(56,1929),(88,2401)]	15.832405
886	[(2,3508),(19,3425),(20,3097),(24,527),(48,3100),(59,859),(69,420),(90,1446)]	15.927721
887	[(57,2229),(62,2164),(79,976),(83,775)]	18.066470
888	[(20,657),(40,1154),(55,3513),(60,336),(89,1432),(92,1182)]	17.070209
889	[(10,1714),(67,3400),(89,2138)]	15.928783
890	[(8,2369),(14,629),(27,1325),(30,508),(37,2304),(68,2801)]	18.277790
891	[(12,1847),(27,223),(60,100),(83,2057)]	16.795000
892	[(24,1564),(39,2862)]	16.599320
893	[(0,2336),(4,252),(25,2708),(62,1515),(66,2054),(76,2683)]	16.022906
894	[(17,97),(34,1091),(50,1568),(62,3100),(75,1419)]	15.966142
895	[(4,47),(33,2652),(34,2748),(35,1867),(49,109),(57,2724),(80,231)]	15.513199
896	[(9,535),(29,1880),(39,2162),(40,1475),(47,2061),(59,2611),(64,1853),(73,2932),(76,3584)]	15.709931
897	[(6,495),(24,2504),(25,278),(49,2862)]	16.437642
898	[(17,1898),(24,1507),(44,2338),(66,2840),(70,1138),(77,2896)]	15.998562
899	[(5,2336),(48,520),(76,26),(91,3008)]	16.490633
900	[(33,1340),(39,130),(46,2860),(56,469)]	16.447000
901	[(64,1924)]	16.109073
902	[(31,1860),(40,1549),(56,1343),(69,2196)]	16.120225
903	[(13,14),(37,3525),(55,183),(70,454),(71,879),(92,2677)]	16.108954
904	[(21,3227),(30,1580),(58,692),(69,911),(80,1801),(88,98)]	20.421234
905	[(2,761),(39,782),(43,3452),(70,1307),(83,1629),(84,87)]	19.224348
906	[(17,2575),(19,874),(27,2020),(92,2826)]	15.906511
907	[(57,3460),(69,418),(71,57)]	15.904524
908	[(49,1015),(54,878),(79,1691)]	17.378781
909	[(57,1872),(62,2623),(63,2953),(73,3515),(75,1666)]	15.965755
910	[(11,3574),(32,2181),(42,2657),(50,3537),(77,963),(92,889)]	16.083872
911	[(12,483),(41,851),(42,1605),(53,3383),(63,1453),(72,502),(74,1743),(81,590)]	15.828911
912	[(8,3260),(21,1025),(50,2203),(57,1754),(73,3559),(83,1616)]	17.346241
913	[(11,423),(42,1660),(47,1166),(63,2300),(72,1279)]	16.628127
914	[(2,1136),(36,1017),(43,1836),(50,303),(55,1303),(77,2214),(85,748),(86,413)]	18.839888
915	[(9,3502),(12,3334),(35,2492),(52,2127),(63,580),(80,1352)]	16.194017
916	[(22,1840),(33,142)]	15.945288
917	[(15,3424),(38,234),(52,1812),(62,2746),(73,1060),(77,1431),(87,1170)]	24.342124
918	[(16,2773),(45,2495),(54,980),(55,3586),(60,1712),(83,1093)]	27.143682
919	[(24,3558),(27,2049),(35,3211),(68,1282),(86,1525)]	15.840650
920	[(19,3462),(25,618)]	15.707844
921	[(20,3443),(23,2379),(26,2391),(42,3411),(65,2378),(88,1914)]	15.655367
922	[(11,3507),(23,2814),(25,1593),(42,3481),(51,2184),(53,1300),(56,1647),(80,1011),(81,2245),(91,303)]	15.996900
923	[(0,43),(3,2236),(17,3417),(55,2275),(61,2474),(70,1339),(71,1379)]	15.896798
924	[(1,1729),(4,740),(18,3479),(20,1361),(75,3190)]	15.724299
925	[(6,236),(10,144),(19,2455),(47,1998)]	15.752448
926	[(10,610),(12,1535),(29,3310),(40,435),(43,46),(69,3278),(82,1530)]	15.829665
927	[(8,2850),(13,243),(31,1170),(83,1120),(92,166)]	15.511877
928	[(7,3241),(58,358),(67,1836),(72,1897),(78,453)]	15.943576
929	[(16,2900),(47,3278),(64,436),(73,2667),(87,840)]	15.799640
930	[(7,571),(17,3058),(30,2032),(36,1210),(56,2641),(74,1628)]	18.110437
931	[(13,986),(28,2926),(63,3303)]	16.079948
932	[(13,1920),(15,1558),(20,3340),(49,3344),(50,943),(87,2961),(88,2559)]	15.664479
933	[(15,2087),(19,1190),(20,798),(25,2926),(40,1551),(42,3509),(48,1622),(67,247),(86,1931)]	15.906473
934	[(5,2704),(7,3106),(20,695),(37,2760),(46,1148),(91,635)]	16.006483
935	[(17,1689),(23,1543),(43,2566)]	15.526797
936	[(35,2215),(55,3056),(62,3508),(65,1897),(71,880)]	15.804655
937	[(21,3577),(72,1677)]	15.527071
938	[(30,3594),(58,341)]	15.925360
939	[(0,1040),(1,895),(47,2235),(56,2888),(70,536),(73,3515)]	16.376319
940	[(2,2367),(3,2072),(4,79),(7,3369),(24,1465),(42,443),(79,3512),(88,1148)]	15.802117
941	[(17,1878),(25,1628),(28,564),(59,2528),(86,3352)]	15.854234
942	[(12,2029),(20,3363),(41,3243),(42,1882),(57,3234),(62,255),(68,990)]	15.874067
943	[(6,65),(21,2863),(36,320),(41,834),(62,2051),(67,1101),(68,297),(74,1023),(87,249)]	15.634978
944	[(24,1794),(65,1367),(77,2652),(83,3134),(91,248),(92,1480)]	17.519377
945	[(2,1575),(10,455),(19,677),(50,1025),(88,1379)]	15.669781
946	[(9,542),(13,1615),(20,208),(38,2397),(58,1589)]	16.709091
947	[(9,1711),(50,1916)]	16.418689
948	[(5,1301),(33,3237),(36,2320),(37,1272),(48,1771),(71,827)]	18.024052
949	[(6,113),(29,268)]	15.660382
950	[(4,3169),(27,2861),(28,2729)]	17.934463
951	[(2,341),(6,2231),(24,2092),(26,1844),(33,1279),(51,2325),(92,1243)]	19.083496
952	[(4,233),(22,3053),(25,3407),(26,2856),(32,1571),(67,130),(84,1453)]	16.085152
953	[(15,3037),(74,2264)]	15.870064
954	[(10,3276),(33,1031),(92,2021)]	15.791877
955	[(15,3487),(35,2910),(51,2520),(58,1527),(61,3236),(90,207)]	15.887653
956	[(11,196),(21,850),(34,2303),(57,3216),(71,1564),(73,2796),(81,3292),(90,435),(91,3569)]	15.645423
957	[(12,756),(18,638),(30,893),(52,349),(62,2268),(83,618)]	15.628362
958	[(6,1859),(11,2578),(18,1502),(23,1617),(34,3435),(46,651),(53,832),(75,1467),(89,2471)]	16.543248
959	[(1,126),(15,2629),(39,2385),(40,1815),(54,1865),(72,633),(86,2266)]	16.088632
960	[(64,1022),(66,2562),(80,1311)]	15.620700
961	[(5,2000),(9,3381),(68,2819),(90,2762)]	16.827845
962	[(3,1285),(23,830),(34,2016),(40,3591),(91,286)]	16.457930
963	[(25,3103),(47,2078),(51,1992),(58,1518),(61,3120),(68,3194)]	15.992145
964	[(20,596),(23,1406),(36,3020),(59,803),(81,445),(87,3277)]	20.361999
965	[(5,2475),(42,1),(75,2034),(90,1931),(91,2963)]	18.759372
966	[(9,2162),(10,1475),(16,1035),(25,3146),(35,2683),(70,590),(79,659),(83,433),(92,1597)]	15.503455
967	[(2,1880),(10,2673),(30,2384),(83,2397)]	16.395806
968	[(1,2799),(11,2698)]	16.710847
969	[(28,3496),(34,560)]	16.328093
970	[(17,793),(21,3562),(32,1498),(37,2539),(56,1706),(64,3203),(78,2507)]	16.806370
971	[(1,849),(28,2472),(29,3469),(58,1292),(72,17),(77,562)]	16.028279
972	[(7,3530),(12,2543),(25,3147),(26,2112),(76,1396),(85,994),(91,2136)]	15.704060
973	[(9,3423),(34,957),(61,699),(83,1090)]	15.879156
974	[(17,2296),(25,730),(41,2997),(45,787),(90,3418)]	15.799443
975	[(27,2186),(42,3516),(47,623),(89,1893),(92,1085)]	16.867778
976	[(1,1528),(29,2736),(56,1601),(61,3552)]	16.772157
977	[(6,3342),(17,253),(22,1186),(34,3037),(39,2325),(49,2550),(89,1531)]	16.544754
978	[(28,3204),(82,1547)]	15.742026
979	[(20,3234),(25,240),(29,1602),(64,2116),(65,1486)]	15.830439
980	[(5,3371),(54,1011)]	31.528599
981	[(36,3084),(78,1391)]	20.484044
982	[(1,2094),(6,3222),(16,2411),(18,3038),(26,1572),(35,1486),(37,3030),(53,1345),(60,1620),(67,2439)]	15.847811
983	[(12,351),(21,3096),(22,990),(24,3366),(36,804),(48,2574),(70,3491),(89,2844)]	16.101782
984	[(41,2817),(51,1362)]	15.803649
985	[(24,830),(52,2544),(53,3601),(90,3565)]	15.986025
986	[(0,2717),(10,160),(14,3380),(58,3467),(66,1105),(87,1864)]	15.536246
987	[(1,263),(49,2920),(65,2673),(66,1164),(86,2989),(87,1877)]	16.435828
988	[(1,635),(6,344),(7,342),(14,2027),(35,198),(45,2840)]	16.555684
989	[(44,3218),(54,1790),(64,427),(78,961)]	16.184070
990	[(32,2953),(45,2971),(48,1028),(60,2161),(92,868)]	16.798832
991	[(2,168),(7,586),(47,296),(49,2685),(82,459),(83,723)]	15.978330
992	[(52,2295),(70,1567),(78,1975)]	15.624180
993	[(12,2818),(13,553),(28,1830),(32,348),(73,2159),(92,720)]	16.252228
994	[(28,756),(71,775),(72,981),(78,2273),(90,1622)]	15.816471
995	[(7,2564),(8,2591),(82,346),(89,2858),(90,1268)]	15.801626
996	[(9,2054),(36,1540),(67,3579),(80,2817),(81,494),(82,1803),(86,1316),(89,401)]	16.278973
997	[(25,1527),(59,148),(66,1205),(84,2318),(85,2865),(89,1966)]	16.028888
998	[(1,641),(27,3360),(31,567),(56,2112),(61,2951),(62,1830),(67,1841),(71,2850)]	15.666693
999	[(32,1065),(52,2893),(61,2586),(79,1972)]	16.304288
