ruleset_index	matches	time_ms
0	[(10,4444),(50,2672),(88,4354)]	33.660579
1	[(2,1684),(16,5579),(28,2114),(53,4391),(57,528),(60,4438),(64,5601),(72,2875),(88,4797),(89,4111)]	25.112301
2	[(1,1783),(8,1827),(21,1569),(49,4897),(52,1283),(71,1790)]	20.865552
3	[(16,914),(24,4938),(38,4166),(47,3326),(53,352),(55,3304),(58,4292),(63,4265),(77,2492),(80,5344),(85,2622),(88,3822)]	35.430179
4	[(13,2739),(22,211),(33,4032),(36,3921),(42,3047),(57,3873),(58,3363)]	26.300513
5	[(2,622),(4,3281),(5,5383),(25,2903),(32,623),(50,3391),(51,3332),(64,2662),(69,4107),(72,1619),(83,3837)]	20.582938
6	[(3,843),(4,223),(7,5125),(22,3046),(26,4217),(47,3111),(53,4608),(55,2413),(56,448),(67,3762),(82,1165),(83,4368),(87,3992)]	35.753183
7	[(19,2252),(25,4616),(31,3824),(39,15),(44,811),(56,5242)]	45.094885
8	[(0,3417),(4,921),(10,374),(11,2975),(30,1946),(38,5497),(73,1955),(92,851)]	45.501679
9	[(25,3425),(31,1971),(57,5351),(59,4453),(64,3040),(85,2412)]	48.603715
10	[(5,4455),(7,3233),(27,3917),(41,4673),(43,1682),(44,5056),(45,1254),(73,2470),(78,358),(79,18),(81,4666)]	45.088343
11	[(17,4680),(19,94),(46,3029),(57,2036),(61,191),(68,365),(74,978),(84,3924),(91,2167)]	40.166346
12	[(0,2570),(3,52),(11,3057),(16,1231),(25,2280),(32,5532),(55,2875),(75,299),(88,2579)]	20.488994
13	[(17,952),(27,4928),(48,552),(79,1731),(81,36),(85,2126),(89,4988)]	21.182509
14	[(30,3172),(35,3204),(37,1766),(52,5171),(62,4279),(73,1649),(74,827),(78,2011),(80,2046)]	23.285931
15	[(28,1661),(48,1198),(65,892),(72,4519),(83,4376)]	21.204137
16	[(22,2249),(24,2648),(26,5164),(46,3092),(54,2425),(56,5107),(58,178),(63,1289),(75,714),(86,4708)]	25.049156
17	[(4,5126),(25,3996),(36,2941),(45,5494),(54,1606),(55,140),(66,974),(73,3268),(84,2302),(90,4883)]	21.580735
18	[(1,2830),(24,1721),(26,5559),(31,4685),(34,4926),(44,2049),(52,2442),(72,1331),(91,596),(92,2060)]	21.829905
19	[(3,5272),(5,4730),(10,1403),(28,3678),(31,4082),(44,647),(51,4518),(65,1675)]	22.984228
20	[(3,3843),(19,4651),(34,1640),(39,2470),(44,5211),(58,877),(61,4509),(62,5561),(75,2521),(76,1749),(80,2120),(91,227)]	24.488517
21	[(8,824),(16,735),(21,321),(48,4352),(55,4056),(60,4921),(66,2756),(81,904)]	23.449720
22	[(2,3372),(25,2790),(43,3169),(50,3710),(56,1561),(58,3539),(61,5053),(65,2920),(70,401),(90,2605)]	20.955425
23	[(4,696),(10,5129),(14,407),(15,3126),(18,149),(19,4947),(31,78),(49,3059),(74,1510),(76,4952),(88,2612)]	20.713271
24	[(4,1920),(47,1853),(66,673),(83,2242)]	21.201622
25	[(0,5157),(8,357),(9,1806),(19,4936),(49,590),(54,373),(75,4320)]	20.791841
26	[(1,3580),(4,215),(17,5150),(19,1774),(24,2833),(28,2144),(39,3680),(44,4433),(62,2291),(67,1286),(73,1623),(80,3654),(82,1251),(86,2664)]	21.186122
27	[(5,567),(12,2203),(14,4272),(17,2991),(20,4199),(28,1178),(35,1467),(62,2261),(67,2176),(70,4214),(79,1179),(91,884)]	20.341806
28	[(17,4464),(45,4310),(55,1713),(75,4192),(81,4797),(82,4111)]	20.169891
29	[(17,816),(27,1308),(31,39),(33,4763),(36,4815),(42,2664),(43,1364),(64,1422),(70,1495),(72,2891),(79,5555)]	20.490265
30	[(14,106),(64,3260),(68,1824),(76,1647),(91,4508)]	20.715706
31	[(4,5562),(11,4571),(16,2668),(20,4757),(35,2072),(37,1588),(47,5401),(55,1473),(63,3412),(69,2467)]	21.208503
32	[(16,2042),(17,1889),(59,1302),(80,3524),(83,2752),(87,1125)]	20.990440
33	[(7,4380),(27,4019),(33,461),(46,5344),(60,732),(79,4478)]	20.905464
34	[(0,3577),(9,2493),(23,2380),(24,4725),(25,9),(39,1030),(51,485),(59,2243),(86,1827),(87,5241)]	21.245714
35	[(9,4950),(45,4885),(80,3256),(90,5068)]	21.323568
36	[(9,1881),(28,4887),(29,788),(46,5265),(54,812),(89,3194)]	25.722570
37	[(4,2975),(7,1022),(14,36),(19,5124),(22,3866),(57,3443),(68,5557),(84,5323),(91,3256)]	22.082467
38	[(14,4233),(18,3052),(21,1565),(77,1159),(82,2968),(87,2727)]	21.589519
39	[(3,2561),(9,4584),(23,131),(32,357),(36,2737),(38,983),(42,4408),(61,5358),(62,1032),(70,383)]	20.537360
40	[(4,3428),(9,4346),(12,1398),(18,3383),(26,5116),(42,5543),(43,743),(51,4978),(67,3042)]	23.121199
41	[(24,3184),(32,1134),(43,725),(62,962),(74,3334),(82,3096),(88,1791)]	22.216955
42	[(3,817),(7,1961),(43,358),(57,1532),(75,3626),(83,2653),(91,2566)]	21.968032
43	[(12,1212),(17,3496),(28,749),(41,3431),(69,1560),(79,233)]	21.406148
44	[(37,1562),(45,5477),(55,4883),(64,1058),(69,2437)]	38.448831
45	[(18,434),(42,2379),(44,2557),(66,1902),(86,1386)]	23.666681
46	[(12,2748),(15,2590),(17,2772),(40,5566),(46,4667),(61,549),(64,4716),(76,3864),(77,2948),(82,5262)]	21.909545
47	[(17,1106),(31,936),(38,5278),(39,5070),(47,2728),(60,1838),(80,4137)]	20.668118
48	[(69,1813),(84,4742)]	25.059755
49	[(4,4102),(16,5502),(40,1430),(42,5301),(52,2938),(53,2761),(84,1177),(92,674)]	20.900943
50	[(9,660),(16,1240),(43,1370),(65,4693),(72,2419)]	20.603230
51	[(3,2781),(11,1413),(14,1497),(17,2278),(18,438),(27,336),(53,2471),(54,348),(61,3343)]	20.283810
52	[(25,2385),(29,3835),(42,5376),(46,736),(51,2188),(78,497),(92,3032)]	27.204307
53	[(5,4348),(10,5300),(22,5001),(23,3658),(42,1732),(49,4773),(50,5448),(67,4840)]	23.997443
54	[(1,299),(21,5589),(34,4364),(35,450),(43,1066),(44,4331),(48,4208),(61,5339),(86,5546)]	20.764460
55	[(1,3755),(11,2964),(18,5347),(30,5315),(65,4673),(68,1019),(74,2347),(91,2473)]	21.206572
56	[(4,1764),(7,933),(12,4480),(18,5605),(48,4968),(59,2178)]	20.953504
57	[(17,2249),(24,4630),(39,1801),(55,2609),(60,4175),(61,4843),(76,2979),(89,5480)]	21.251070
58	[(10,1028),(12,3620),(43,2280),(44,5204),(49,4173),(52,478),(81,5538),(88,1002)]	21.278054
59	[(21,1972),(24,2467),(33,272),(36,402),(38,5576),(57,4582),(75,4977),(76,2125),(79,1100),(86,2722),(88,3387),(92,1231)]	20.679952
60	[(34,924),(46,2949),(50,783),(89,4083)]	20.722144
61	[(29,1108),(49,4458),(52,2943),(59,4972),(81,159)]	22.723459
62	[(13,468),(17,2563),(20,5410),(21,1417),(39,646),(52,3533),(63,72),(65,4180)]	21.852081
63	[(3,5392),(5,4080),(6,2036),(20,5088),(26,4372),(27,2019),(33,1366),(51,420),(61,2381),(62,3310),(65,3480),(68,254),(73,169),(74,792),(76,3823),(79,3066)]	21.466901
64	[(9,1035),(31,739),(49,4001),(58,2882),(70,631),(78,3641),(86,1159),(87,5490)]	21.766627
65	[(2,5264),(12,2331),(52,2850),(82,3019)]	21.632968
66	[(10,2324),(16,3973),(24,3472),(38,1665),(43,1876),(59,3064),(70,4019),(81,1753)]	21.966857
67	[(15,329),(37,3168),(43,3239),(45,1220),(63,1337),(77,5141),(79,1031),(86,5528),(87,2375),(91,718)]	23.055710
68	[(12,2138),(18,4868),(26,677),(32,3992),(34,1189),(47,4953),(51,5268),(54,4777),(64,1559),(86,5565)]	20.415541
69	[(8,3679),(15,1076),(17,29),(19,4940),(31,5084),(33,2379),(48,683),(52,4402),(57,138),(66,2193),(74,666)]	20.764424
70	[(7,2022),(31,5540),(33,429),(36,3628),(58,2333),(59,1162),(64,2862),(83,3947)]	20.957641
71	[(22,2416),(36,5185),(46,4120),(53,1986),(60,798),(63,1912),(71,3516),(84,3161),(90,5300)]	20.974743
72	[(7,838),(13,5592),(30,5290),(35,4846),(43,4215),(49,3465),(52,1109),(71,807),(72,2155),(80,4247),(81,5595)]	20.689086
73	[(22,1501),(28,4618),(39,5418),(50,88),(65,880),(74,4555)]	20.991826
74	[(36,4411),(44,3898),(47,5227),(75,4738)]	21.127875
75	[(5,493),(9,3352),(14,949),(33,4311),(46,3291),(47,36),(51,286),(64,2677),(69,1),(82,2909),(87,427)]	21.819547
76	[(11,666),(31,710),(35,1358),(42,4970),(64,749),(86,3021),(92,1013)]	20.608192
77	[(53,909),(67,3311),(81,1206),(83,270),(85,462)]	20.169442
78	[(4,2917),(13,5530),(14,2272),(28,2315),(44,3930),(47,1527),(52,2496),(55,2226),(64,1754),(68,3850)]	20.080949
79	[(6,5300),(20,3555),(41,2986),(45,4642),(71,972),(73,3035),(80,1448)]	20.436298
80	[(1,5145),(7,446),(65,3905),(66,3369),(69,2177),(71,4950),(79,760)]	20.130828
81	[(10,4613),(32,1545),(38,1406),(40,3273),(55,4898),(73,1557)]	24.842335
82	[(4,1676),(13,1441),(34,2892),(38,5178),(59,2941),(64,4824)]	20.660416
83	[(0,2264),(2,796),(3,1832),(18,3029),(21,4073),(31,2959),(36,4848),(39,3702),(49,667),(61,4504),(67,2479)]	21.076662
84	[(16,1522),(21,226),(27,911),(31,5008),(85,3337),(88,5534)]	20.018869
85	[(13,1567),(20,5286),(25,4218),(33,1746),(42,4165),(80,2515)]	20.227541
86	[(7,929),(16,1199),(19,2331),(42,228),(46,5213),(48,1791),(74,4943),(84,4757)]	20.169965
87	[(0,4810),(29,1592),(51,4978),(76,2589)]	19.987856
88	[(0,4704),(32,3941),(60,3144),(68,2381),(74,4095),(78,643),(79,4724),(86,335)]	20.396624
89	[(58,4913),(60,1686),(82,70),(84,2522)]	20.681961
90	[(7,1743),(14,3612),(19,2475),(27,616),(31,1757),(53,1258),(75,1283),(83,1798),(89,4888),(91,2867)]	20.507256
91	[(1,4528),(12,1159),(41,610),(47,4862),(49,465),(50,2889),(61,2695),(63,2459),(85,5016)]	22.083586
92	[(4,1958),(6,2335),(9,1898),(19,3489),(20,2882),(25,574),(44,5303),(45,5058),(50,3490)]	40.552264
93	[(1,1783),(8,3733),(15,1451),(31,736),(36,4836),(47,2708),(55,3106),(58,1023),(71,5416),(81,913)]	21.020974
94	[(7,769),(19,4093),(21,244),(25,1694),(49,3260),(50,3048),(53,1825),(65,2347),(82,2224),(92,1676)]	20.845779
95	[(39,3295),(51,1794),(76,1057),(80,4686),(82,3197),(90,414)]	20.129566
96	[(10,4936),(17,2655),(28,3203),(50,3993),(72,1973),(73,412),(84,1935),(89,1284)]	20.867734
97	[(45,5529),(46,3176),(55,4192),(64,4056),(67,4768),(82,236),(90,5326)]	20.186733
98	[(16,1520),(26,4924),(28,1001),(30,4621),(35,1046),(59,3167),(64,845),(75,408)]	26.541462
99	[(12,3150),(14,3040),(32,3039),(45,2328),(47,1284),(55,1936),(79,1458),(80,364)]	27.189520
100	[(4,1840),(13,589),(26,369),(42,3712),(77,2418),(87,1107),(89,8),(91,4874)]	22.638563
101	[(1,4917),(23,4937),(37,697),(40,5346),(51,1553),(62,5090),(64,3208),(69,1918),(74,1805),(80,4732),(85,493),(90,1086)]	22.246995
102	[(42,2464),(43,1587),(57,2976),(62,3987),(81,47)]	20.912765
103	[(23,4863),(26,5288),(29,5591),(53,3036),(60,1764),(71,4149),(74,4620),(84,2978)]	20.607093
104	[(12,4021),(16,1364),(21,2372),(56,3548),(60,3157),(86,4705)]	20.743546
105	[(2,950),(9,1456),(17,327),(21,4649),(33,1468),(55,2252),(58,1093),(61,4863),(69,4336),(79,1653),(91,5547)]	19.959579
106	[(8,4736),(10,1697),(19,5418),(34,1430),(40,2991),(48,527),(55,4515),(70,1248),(79,3515),(85,4612)]	20.374069
107	[(16,2921),(23,1913),(36,2197),(37,2844),(75,4648),(80,5531),(83,2544)]	21.660315
108	[(11,3604),(17,993),(19,1978),(25,4766),(31,3897),(33,1826),(59,4438),(82,5605),(87,3059)]	21.494920
109	[(16,3401),(17,2363),(18,19),(22,4316),(62,2862),(74,5141),(76,1031),(82,5604),(86,2538),(87,2163),(89,5325)]	21.102887
110	[(4,214),(23,4902),(29,4044),(31,2612),(57,2836),(64,2596)]	21.426621
111	[(36,3830)]	23.711058
112	[(1,5369),(2,1418),(15,2038),(23,4697),(25,1491),(31,4788),(36,3319),(53,4157),(66,1486),(69,3101),(73,767),(81,4013),(88,4075)]	20.566529
113	[(11,4022),(19,2091),(27,3282),(47,2697),(82,2677),(83,4919),(92,3105)]	20.658984
114	[(12,186),(40,4695),(42,3842),(45,1844),(53,4940),(90,5390)]	20.571000
115	[(4,879),(12,5605),(47,3159),(52,3458)]	20.477044
116	[(6,3946),(49,485),(65,4971),(75,664),(89,751)]	20.059265
117	[(0,2562),(3,3063),(4,2204),(17,3461),(19,1025),(37,3229),(39,634),(44,1616),(56,2830),(61,2123),(66,328),(85,3750)]	20.252312
118	[(8,3509),(32,3024),(53,3410),(57,2566),(69,3254),(76,575),(81,525),(86,5605)]	21.100285
119	[(11,3832),(15,1816),(25,5050),(34,4470),(72,1689)]	19.964224
120	[(2,2245),(9,2057),(12,2944),(13,481),(16,5472),(27,5443),(47,5559),(51,1986),(78,3509),(84,899),(88,4464)]	20.073043
121	[(7,3538),(12,249),(29,4047),(40,1540),(48,3246),(64,4411),(74,3675),(89,3543)]	20.643325
122	[(7,386),(25,2239),(32,3964),(41,4370),(44,318),(77,3870),(83,2312)]	20.344276
123	[(8,4753),(21,2707),(34,3992),(36,1189),(45,352),(56,254),(60,4265),(88,4443)]	20.096341
124	[(12,4961),(14,694),(24,439),(27,1717),(57,2894),(65,4689),(67,5550),(76,722),(80,5444),(85,2541)]	20.024767
125	[(10,722),(24,390),(35,668),(42,5402),(50,3822),(66,1654),(77,1903)]	19.988539
126	[(5,217),(10,409),(16,1931),(37,5178),(57,1752),(74,688)]	20.569606
127	[(11,1577),(48,3910),(54,3523),(66,1415),(68,4778),(78,1949),(81,3026),(87,3202),(92,5298)]	20.428067
128	[(14,2866),(17,5280),(31,4828),(33,273),(34,5180),(36,2749),(43,4090),(61,3212),(78,2981),(85,4075),(90,3623)]	24.043792
129	[(14,4777),(44,77),(45,3618),(57,1533),(83,2637)]	20.141909
130	[(13,1879),(20,1295),(44,664),(54,2534),(55,833),(68,3220)]	20.326292
131	[(16,1910),(25,3854),(34,3288),(54,2454),(60,2794),(91,3915)]	22.709274
132	[(5,2359),(11,4385),(29,349),(34,3749),(47,305),(48,3129),(51,5521),(86,1891)]	19.904336
133	[(0,719),(5,561),(23,2363),(37,3279),(39,3315),(41,5562),(62,2809),(69,990),(86,2924)]	20.212760
134	[(10,466),(15,2988),(25,2685),(35,1742),(39,3448),(45,3737),(63,4402),(69,442),(70,2636)]	20.101783
135	[(3,5478),(5,3396),(15,1849),(18,4060),(19,3682),(73,1350),(76,1174)]	19.880765
136	[(3,1761),(12,155),(14,3082),(35,1537),(43,2518),(47,2849),(48,3198),(59,4399)]	20.649183
137	[(8,3987),(12,5568),(40,1943),(50,3204),(62,1274),(63,2325),(64,4593),(72,111),(74,2960),(88,1067)]	20.633813
138	[(7,5090),(13,60),(30,3725),(38,3026),(41,1834),(56,1529),(66,3230),(67,5463),(72,2345),(75,8)]	21.083550
139	[(1,4301),(4,805),(7,3182),(21,5212),(32,4032),(33,810),(61,5258),(64,4296),(65,1755),(69,957),(76,3382),(80,5456),(86,3058)]	20.818779
140	[(1,4379),(9,3552),(42,3538),(66,3197),(67,2207),(71,3081),(75,4377),(87,3113)]	36.513493
141	[(22,1190),(28,900),(41,544),(64,5165),(71,4520),(73,5034),(76,1879),(90,4557)]	25.107129
142	[(6,2497),(9,405),(25,4707),(31,3488),(54,4675),(64,1982),(73,3899),(80,2776)]	20.962266
143	[(13,1112),(17,2777),(20,2899),(21,3637),(32,4077),(76,2174),(80,4039),(82,771)]	20.146417
144	[(22,2682),(26,2920),(35,14),(37,1838),(53,1637),(70,4380),(89,2435)]	20.799138
145	[(9,4755),(15,2676),(25,4387),(33,2674),(41,4366),(50,4967),(52,4196),(73,4878)]	29.761110
146	[(7,1392),(15,626),(31,4365),(41,4731),(52,1474),(56,3401),(57,2363),(71,4472),(83,610),(89,5533)]	24.709873
147	[(6,2274),(27,4509),(44,418),(68,1649),(73,4940),(78,2873)]	20.567628
148	[(8,215),(16,2662),(67,4999),(71,2622),(77,37),(84,4026)]	21.643386
149	[(4,4929),(13,3295),(18,3068),(32,2190),(72,5417),(75,4750),(87,1624)]	21.335511
150	[(7,4439),(44,2436),(50,1662),(60,1639)]	20.681661
151	[(5,2837),(13,957),(17,261),(18,3009),(23,3347),(29,2290),(33,5218),(50,2896),(54,278),(55,4182),(64,439),(72,1342),(74,4674),(77,5103),(80,4668)]	20.055901
152	[(4,486),(8,4894),(37,3124),(71,4980),(81,3856)]	20.900894
153	[(1,826),(14,2456),(19,5461),(29,4829),(33,3325),(45,1996),(54,5479),(58,4910),(62,861),(63,4610)]	20.421750
154	[(0,5146),(12,250),(19,3396),(37,425),(47,454),(64,2533),(67,3506),(84,3747)]	20.836847
155	[(6,3685),(41,556),(42,628),(48,1789),(50,545),(55,489),(56,65),(60,3253),(62,4421)]	21.562738
156	[(22,1479),(50,1262),(61,24),(68,756),(86,5333)]	21.100627
157	[(9,5190),(54,3446),(60,1906),(63,1613)]	20.811461
158	[(27,1434),(46,1342),(57,451),(82,2292),(91,3731)]	21.958852
159	[(0,331),(30,1743),(38,3729),(43,826),(47,4405),(84,4196),(91,321)]	20.668982
160	[(6,5454),(43,3328),(50,4868),(72,4636)]	21.029079
161	[(1,76),(15,5332),(19,2337),(37,2460),(42,2386),(48,4541),(56,5475),(60,346),(63,950),(81,5070),(86,2924)]	20.824207
162	[(29,4457),(40,3421),(54,709),(65,2076),(77,461),(78,4904)]	21.574915
163	[(10,2347),(19,3164),(34,3515),(40,1630),(43,3099),(49,4148),(54,5122),(60,3025),(69,4997),(77,3032)]	21.250658
164	[(5,3),(9,158),(13,334),(18,5247),(35,909),(45,2695),(54,3854),(56,1437),(72,1698),(82,1575)]	20.516053
165	[(1,66),(18,1153),(38,1179),(62,2604)]	20.223315
166	[(13,1615),(46,1209),(49,5227),(76,3432),(81,542),(86,5075),(92,5275)]	20.459068
167	[(39,3844),(44,3374),(56,5580),(80,3996)]	20.330795
168	[(6,3380),(8,772),(17,2411),(26,2858),(28,2217),(29,4072),(32,2802),(43,2782),(47,3332),(70,668)]	21.447383
169	[(20,4820),(25,5182),(58,4788),(60,359)]	22.224049
170	[(11,5003),(24,5232),(27,3044),(30,4727),(31,3637),(33,1826),(39,2031),(46,1986),(49,1530),(68,790),(80,3174),(87,916)]	20.278825
171	[(10,2895),(43,5415),(48,1401),(60,671),(64,4636),(74,1875)]	20.087152
172	[(5,501),(6,1993),(7,4020),(17,4965),(20,2020),(34,3041),(39,4747),(63,3051),(71,1306),(80,787),(88,4179),(89,5256)]	20.583858
173	[(49,796),(84,1300)]	20.364546
174	[(14,95),(18,1098),(22,2443),(53,3654),(65,5573),(71,85),(73,5248),(89,633)]	23.634262
175	[(18,1965),(19,1144),(31,5376),(53,3469),(61,3896),(68,3483),(76,4792),(78,5184),(79,4918),(83,1393),(89,2847)]	21.061379
176	[(26,2758),(48,579),(54,4655),(62,334),(65,115),(68,3740),(73,1795),(81,2025)]	20.325319
177	[(30,5036),(42,1673),(59,281),(76,3528),(86,3113),(88,2998)]	20.763111
178	[(26,5081),(30,1305),(57,5378),(62,85),(72,4240),(73,876),(92,5138)]	20.500429
179	[(0,3787),(17,1148),(22,2392),(51,918),(72,5112),(76,2809),(83,2082)]	21.374012
180	[(8,5509),(17,2004),(27,4066),(32,3868),(42,2691),(59,2032),(77,376)]	21.104013
181	[(9,5556),(33,4274),(38,5316),(43,1726),(48,568),(54,124),(74,5032),(76,1014),(77,2942),(84,1749),(87,4132),(91,1796)]	20.458605
182	[(11,2501),(14,2528),(19,4987),(21,1519),(53,649),(58,1069),(62,431),(63,2788),(72,1058),(87,4928),(90,1221)]	20.336119
183	[(10,5031),(14,5347),(19,366),(28,1832),(38,247),(39,3408),(51,3192),(60,4431),(71,2114),(91,541)]	20.846387
184	[(7,5084),(17,370),(28,1742),(34,2200),(36,351),(65,3243),(90,2823)]	20.573906
185	[(15,4578),(35,5461),(42,3260),(44,3375),(55,5215),(62,1622),(89,4429),(90,460)]	20.549688
186	[(2,4537),(7,4439),(26,1532),(29,4200),(42,2177),(81,5167),(83,4351),(85,2510),(92,4380)]	20.771217
187	[(17,5487),(21,3681),(48,3125),(52,2453),(56,1554),(68,2140),(84,5527),(86,4303),(88,743),(90,4539)]	20.190409
188	[(16,4411),(24,2821),(26,3899),(31,163),(36,4703),(43,2097),(44,4303),(59,3788),(64,4458),(71,4800),(73,4768)]	33.113069
189	[(2,1987),(7,1024),(22,431),(23,2788),(27,2220),(34,3829),(46,1673),(49,1555),(51,145),(62,761),(65,5526),(72,2269),(74,4062),(80,169),(81,3111),(82,645),(90,3150)]	28.048431
190	[(12,3428),(25,1270),(32,4376),(43,4354),(52,4060),(53,2429),(79,4211),(88,5086)]	20.245818
191	[(50,3640),(63,4783),(67,3479),(69,3397),(79,4091),(82,2607)]	28.436695
192	[(13,2446),(26,1721),(31,607),(58,2394),(59,2811),(69,3520),(86,2188),(90,3504)]	24.345241
193	[(0,2119),(19,2456),(24,1970),(31,4018),(40,5444),(41,1658),(47,2958),(87,264),(89,928)]	20.652321
194	[(11,4247),(18,1312),(37,3546),(46,3748),(53,704),(54,4400),(60,505),(65,4016),(66,356),(68,1098),(70,271),(72,3932),(74,5391),(75,5511),(88,3001)]	22.452966
195	[(5,5401),(30,2246),(44,2666),(47,2312),(56,4877),(58,4227),(59,1014),(61,1325),(67,3463),(79,1508),(91,246)]	21.311849
196	[(0,445),(4,3882),(9,2200),(23,2504),(26,5399),(40,5029),(46,2984),(60,5385),(62,4562),(77,3553),(81,2427)]	20.236444
197	[(6,1451),(19,1087),(24,3347),(38,2342),(43,2807),(47,2644),(51,2487),(54,4684),(78,2763)]	21.262266
198	[(17,2506),(24,1189),(28,2074),(29,168),(39,1483),(61,4742),(63,321),(69,5188),(76,4859)]	22.214369
199	[(35,5357),(54,5565),(57,5258),(61,4059),(90,5126)]	21.262438
200	[(0,4205),(13,2504),(27,2328),(31,4046),(75,1374),(79,991)]	21.866175
201	[(4,5373),(8,3395),(12,2849),(40,2408),(41,4965),(51,2110),(54,5186),(74,1176),(76,3961),(84,215)]	21.062216
202	[(2,3638),(3,1745),(37,174),(38,4662),(56,3211),(87,2951),(92,3937)]	20.437078
203	[(7,4506),(29,5010),(32,1026),(36,2629),(37,1574),(61,4365),(90,5440)]	22.554724
204	[(1,822),(7,2735),(20,3521),(23,1659),(36,5345),(55,5357),(63,95),(87,4631)]	20.294432
205	[(11,2057),(17,575),(24,1146),(46,4176),(55,1394),(60,1726),(78,687),(80,770),(84,346)]	20.572226
206	[(14,558),(18,3050),(43,5592),(60,2859),(71,4179),(72,5256),(80,874)]	21.272769
207	[(0,283),(6,3380),(21,951),(25,5592),(39,3033),(42,155),(67,4543),(72,1455),(77,5213)]	21.078481
208	[(19,2084),(22,145),(39,3248),(76,428),(83,4690),(86,791)]	20.211445
209	[(1,4449),(7,2996),(23,292),(30,799),(47,4949),(57,4223),(66,3707),(68,2461),(91,3581)]	20.291680
210	[(26,4269),(49,2260),(60,2433),(65,1299),(76,1458)]	21.691341
211	[(5,2916),(26,3780),(29,196),(39,3341),(47,451),(49,996),(69,3416),(86,4542),(88,953)]	23.861091
212	[(53,4968),(67,5058),(83,3047)]	22.259963
213	[(17,173),(20,4333),(31,5554),(46,4760),(47,4128),(60,2370),(67,2047),(72,2395)]	24.469919
214	[(2,5440),(6,1555),(18,503),(26,3955),(27,3599),(29,1537),(30,617),(38,5057),(47,15),(70,2008),(71,5331)]	20.668111
215	[(18,186),(26,947),(44,174),(57,2401),(73,1321),(92,5132)]	20.290670
216	[(10,4341),(18,3788),(26,4586),(55,3867),(57,4003),(72,5114),(75,4110),(79,29)]	20.930342
217	[(4,3919),(6,4058),(16,1478),(34,2832),(42,849),(46,3733),(51,1089),(53,79),(55,1081),(56,1183),(61,1275),(73,4648),(78,4792),(86,1642)]	20.650401
218	[(6,2056),(15,829),(21,3170),(29,3717),(31,3154),(47,4409),(70,3146),(74,1688),(88,2414)]	20.840443
219	[(0,5110),(14,1019),(16,2981),(19,2408),(20,4965),(23,356),(24,3693),(31,1676),(59,4733),(66,288),(75,1936),(76,4437)]	21.722619
220	[(9,2904),(15,1169),(19,4371),(56,1202),(58,3902),(65,1206),(79,422)]	23.312990
221	[(0,4049),(23,5141),(33,3399),(61,2278),(62,438)]	22.062018
222	[(2,414),(16,2560),(20,1507),(23,21),(31,4919),(45,5290),(64,1075),(77,170),(81,2630),(90,4885)]	21.327638
223	[(2,625),(41,949),(51,2682),(92,2385)]	23.405544
224	[(8,1120),(16,4211),(31,384),(46,2777),(52,5136),(54,2217)]	21.676946
225	[(4,4217),(5,3178),(13,5287),(17,2980),(19,2211),(20,4151),(36,3974),(48,5330),(64,3568),(65,1054),(66,1513),(80,507)]	20.820372
226	[(9,4246),(30,3277),(44,5196),(70,4153),(86,4789),(92,4959)]	19.962360
227	[(4,3167),(9,2830),(19,656),(38,5553),(55,1394),(61,4649),(88,1175)]	20.542645
228	[(3,3036),(13,4901),(17,5058),(22,4923),(28,3483),(37,2975),(43,3154),(46,4942),(63,2721),(68,712),(73,471)]	20.528873
229	[(8,1969),(14,163),(16,320),(46,510),(48,4321),(67,4991),(84,3698)]	21.675425
230	[(35,1488),(37,4811),(51,3196),(75,269),(81,4590),(88,695)]	20.726954
231	[(32,3945),(48,2851),(59,2891),(63,3923),(64,1452),(70,332),(75,4319)]	21.086809
232	[(10,4346),(13,3510),(36,4639),(52,4059),(65,322),(68,2613),(76,5039),(80,5470),(86,2181),(90,4741)]	21.981892
233	[(0,5476),(5,903),(7,4434),(8,2747),(11,914),(13,2561),(40,703),(44,940),(62,653)]	20.871844
234	[(3,3133),(23,2239),(32,590),(36,872),(41,878)]	20.243842
235	[(7,4294),(18,3340),(33,1763),(38,4653),(40,5595),(45,1432),(85,139)]	26.295385
236	[(2,3573),(42,5115),(50,2862),(54,2755),(64,5213),(65,909),(71,3343),(90,2884)]	34.728904
237	[(0,2094),(2,3518),(5,4729),(18,2521),(26,4568),(27,3264),(28,424),(41,2035),(44,2142),(45,4030),(54,899),(58,3087),(74,1992)]	29.322854
238	[(34,1415),(45,1302),(72,1523),(87,12),(88,112),(92,3034)]	21.977941
239	[(1,3678),(5,3271),(16,4251),(17,2688),(23,2739),(76,1807),(84,350),(91,1703)]	21.426951
240	[(6,4093),(18,1793),(20,922),(22,4889),(26,3164),(29,3337),(35,685),(43,5347),(59,4764),(60,5019),(64,4925),(80,3689)]	23.583403
241	[(8,4214),(33,3220),(59,1030)]	20.147256
242	[(0,4533),(17,3087),(46,1361),(52,3050),(73,4008),(89,2163)]	20.247885
243	[(12,302),(14,1587),(22,931),(35,803),(53,2882),(64,5170),(71,1715)]	20.200986
244	[(4,3615),(19,2225),(22,674),(27,2699),(39,1272),(42,860),(45,1324),(46,4107),(50,3882),(63,1406),(65,506),(71,3271),(74,3676),(79,3735)]	25.607103
245	[(4,4306),(34,1873),(60,1160),(77,1693),(83,3892),(87,3365),(90,3921)]	20.237167
246	[(36,2170)]	20.066022
247	[(3,1168),(16,3877),(30,5007),(33,5507),(53,1939),(72,1829),(75,2244),(79,658)]	20.016590
248	[(28,3966),(30,2908),(39,3855),(51,2056),(56,3248),(57,1118),(86,3914),(91,1154)]	20.894610
249	[(1,4068),(3,1757),(37,3042),(45,1834),(68,4239),(71,3563),(80,4959)]	21.682481
250	[(14,1390),(23,1228),(61,695),(87,2535)]	20.334949
251	[(1,1614),(10,3998),(12,5226),(16,2658),(26,111),(31,2210),(42,3585),(46,4436),(54,3254),(62,1889),(74,5431),(84,5257)]	20.275366
252	[(10,5275),(13,1438),(20,845),(50,4454),(75,2253)]	20.379490
253	[(1,2140),(7,4811),(10,377),(23,2299),(36,2015),(91,1844)]	20.163702
254	[(0,4466),(2,653),(12,3240),(15,2170),(33,427),(34,1155),(43,2618),(55,4301),(60,166),(65,4120),(79,3956)]	20.316499
255	[(10,5155),(31,4605),(32,2332),(48,2402),(52,3388),(56,2506),(57,3344),(60,4644),(68,4935),(69,3378),(72,3512),(81,3632),(85,1036)]	20.080441
256	[(23,2140),(25,4095),(41,648),(47,3113),(53,4809),(76,1472),(82,539)]	19.864759
257	[(22,979),(23,67),(25,2835),(27,4168),(92,4577)]	20.711599
258	[(5,3988),(15,1341),(21,5406),(28,1550),(39,3024),(81,3263),(89,4580),(92,359)]	20.073081
259	[(5,711),(9,3055),(27,1562),(45,4201),(54,553),(56,3516),(70,5374),(78,5297),(80,405)]	19.969761
260	[(6,4149),(19,2894),(25,3708),(28,4237),(32,3548),(46,2832),(72,862),(85,276)]	22.810619
261	[(2,5267),(17,356),(18,4838),(21,1312),(27,2279),(38,254),(52,110),(66,1063),(76,5260),(79,3676)]	20.987438
262	[(3,1311),(6,7),(14,798),(21,1791),(22,1798),(55,1837),(77,4886),(85,52),(88,4398)]	20.674258
263	[(4,2619),(21,5557),(24,982),(32,2506),(33,3344),(41,3403),(62,644),(77,952)]	21.144445
264	[(1,2382),(3,4354),(11,2620),(15,4042),(30,4174),(36,578),(37,3092),(41,1962),(54,2341),(63,1846),(88,1470)]	20.407301
265	[(3,1842),(4,4812),(10,3989),(14,4464),(39,4016),(40,356),(48,1718),(88,4471),(89,1282)]	20.356280
266	[(15,1807),(40,5463),(42,3414),(44,1118),(55,4972),(60,2644),(63,4210),(64,3655),(89,1737),(91,3263)]	22.093550
267	[(13,5573),(18,4358),(24,88),(35,1142),(38,1526),(46,1414),(62,1157),(63,95),(70,4726),(79,5436),(85,5578),(89,4221)]	23.869353
268	[(20,2966),(24,2880),(75,3751),(89,2953)]	20.454360
269	[(25,4675),(50,16),(86,4922)]	20.841968
270	[(12,5305),(30,4213),(34,660),(46,2793),(47,4257),(57,3955),(91,498)]	20.148467
271	[(1,951),(10,3277),(32,318),(51,4980),(56,5023),(70,1015),(85,2676)]	20.428214
272	[(3,2769),(27,4691),(30,848),(37,482),(77,5181),(81,4621)]	20.717865
273	[(4,3131),(15,5514),(41,2468),(55,2896),(71,2161)]	20.656222
274	[(15,3715),(33,5226),(37,2658),(44,2634),(48,5297),(54,2328)]	21.230244
275	[(2,4804),(7,5175),(14,4761),(62,4019)]	20.296780
276	[(17,4059),(26,827),(29,2977),(64,3407),(69,3621),(78,3324),(82,3192),(88,5242)]	20.528649
277	[(20,3643),(27,520),(32,2345),(34,2881),(73,4329),(80,737),(84,137)]	22.057495
278	[(19,4986),(65,4565),(83,2688),(85,3309)]	22.081405
279	[(9,3557),(34,3805),(44,2061),(59,4522),(60,4382),(74,5434),(76,3282),(88,5045)]	20.065873
280	[(5,2249),(7,1939),(21,736),(23,739),(33,2584),(38,4166),(55,4261),(64,3985),(79,575)]	20.586130
281	[(14,1911),(16,3274),(20,2135),(23,3450),(34,1212),(38,865),(41,3915),(57,4653),(72,4721),(77,2490)]	20.338347
282	[(57,2664),(58,1364),(66,313),(68,1548),(73,131),(79,472)]	19.889511
283	[(41,4951),(44,269),(48,3857),(53,455),(67,1487),(90,884)]	20.145810
284	[(12,3000),(16,4872),(31,4495),(36,4906),(37,1075),(61,3025),(64,3263),(74,1920),(82,784),(88,3336),(92,3561)]	44.728268
285	[(0,3067),(7,1154),(19,532),(24,5191),(51,2568),(61,339)]	21.982678
286	[(46,944),(53,28),(85,5059),(92,872)]	21.531204
287	[(11,1965),(12,1144),(13,4312),(23,5284),(25,4960),(34,180),(43,5547),(73,4183),(79,3386)]	24.124803
288	[(14,3119),(26,1804),(39,3033),(42,5267),(55,5253),(87,2684),(91,5461)]	20.390293
289	[(2,1753),(10,5285),(36,3530),(39,4067),(75,4342),(82,2264)]	20.585605
290	[(12,2118),(14,4982),(15,1159),(18,4042),(21,445),(46,4160),(51,353),(60,5308),(68,3172),(70,3606),(72,4316)]	20.756092
291	[(15,2601),(18,424),(35,5047),(40,557),(48,2645),(50,215)]	21.263978
292	[(26,2911),(28,4762),(31,4398),(43,3408),(87,4041)]	21.974568
293	[(9,2218),(10,4488),(24,4862),(39,1735),(42,4310),(46,4209),(75,4070),(78,809)]	21.404532
294	[(17,1246),(29,724),(33,1453),(39,3979),(43,2837),(45,4113),(46,4969),(58,3450),(81,1897)]	20.715839
295	[(1,1361),(27,4049),(28,1116),(39,4985),(44,1630),(47,1745),(52,1874),(55,4310),(63,2886),(65,2421),(77,2681),(83,856)]	20.412577
296	[(2,4564),(14,186),(20,1078),(28,3442),(33,2784),(40,362),(53,3897),(63,3466),(69,1754),(80,3675),(82,3014)]	21.638902
297	[(0,5212),(7,2258),(8,4116),(9,5523),(20,1129),(30,4373),(45,3907),(51,2011),(52,543),(58,2969),(60,661),(78,5159),(83,565),(86,238)]	21.158909
298	[(9,3738),(10,3584),(26,1260),(34,3106),(39,3296),(40,2141),(49,2234),(53,2340),(57,3832),(58,5299),(65,4334),(67,2087),(70,3812),(71,1195),(75,3817),(76,2577)]	21.749437
299	[(8,4666),(29,3798),(69,1252),(76,330)]	20.339232
300	[(11,2456),(41,5296),(47,5493),(48,932),(49,709),(68,123),(84,3652),(88,3729)]	21.003981
301	[(1,5472),(6,1484),(20,3317),(25,2343),(26,5037),(47,5486),(50,3459),(82,659)]	20.025128
302	[(4,2136),(9,3120),(60,1870),(71,2400)]	20.158558
303	[(6,5588),(21,4320),(60,3349),(61,1202)]	20.705133
304	[(7,3515),(17,5435),(20,1836),(22,1464),(34,2804),(41,5323),(42,1333),(45,35),(46,2480),(52,2197),(54,4935),(55,2564),(59,3164),(62,4228),(86,5323),(87,1333)]	20.743528
305	[(13,1077),(27,2109),(32,1570),(37,4419),(71,5361),(83,3021),(88,781)]	36.336941
306	[(0,2844),(8,258),(14,953),(31,251),(41,5193),(44,3410),(74,3554),(83,2841),(89,1051)]	42.468234
307	[(2,102),(11,3664),(62,1275),(68,172),(85,1)]	53.507382
308	[(4,4845),(9,5343),(23,3927),(58,953),(73,65),(78,3368)]	47.944198
309	[(5,1412),(6,4569),(8,2854),(19,3203),(22,718),(62,3717),(77,2512),(82,2392),(87,916)]	44.808360
310	[(7,5320),(10,4270),(11,217),(37,2197),(38,2844),(47,2238),(51,3589),(65,1340),(84,5352)]	43.665790
311	[(12,134),(34,4108),(51,3446),(85,3410),(87,5425)]	41.804127
312	[(2,4445),(6,1775),(15,323),(16,363),(20,3600),(42,462),(48,1549),(68,681),(74,1349)]	44.028804
313	[(7,5599),(16,4591),(19,4643),(31,3289),(42,1149),(53,2397),(61,5207),(64,1378),(81,5530),(90,4767),(92,1776)]	40.320427
314	[(0,3845),(6,5458),(7,4209),(18,4762),(20,677),(49,1053),(53,4103),(77,5456),(79,3928),(82,3846),(87,863),(90,110)]	42.520716
315	[(15,2582),(21,4432),(41,811),(83,4682),(84,469)]	41.428492
316	[(19,5076),(20,932),(22,3790),(24,1300),(29,497),(43,2760),(45,5589),(91,4191)]	43.817751
317	[(0,3388),(3,1122),(15,4873),(20,2973),(26,5502),(40,1255),(63,794),(67,2159),(84,3191),(87,5242)]	46.887361
318	[(5,4045),(19,4315),(32,3407),(38,2483),(39,1010),(52,5212),(57,1024),(66,1456),(69,5380),(70,2039),(77,4109)]	51.521059
319	[(6,2119),(9,5452),(11,5446),(26,466),(44,808),(61,4949),(75,1945),(85,2816)]	45.223454
320	[(1,2382),(29,4391),(47,4019),(51,5158),(56,1614),(64,2230),(65,1065),(73,2161)]	41.375314
321	[(1,3167),(25,4813),(30,552),(35,2967),(80,2452),(86,1992),(87,4776)]	41.290605
322	[(4,4302),(18,3353),(20,2330),(31,3629),(73,251),(79,3058)]	42.459796
323	[(8,5030),(32,2953),(45,130),(58,10),(66,1115),(76,2849),(77,3198),(83,2323)]	40.021885
324	[(37,3268),(46,940),(56,2573),(78,2362),(84,3293),(92,2671)]	40.312596
325	[(13,1310),(14,1006),(26,3320),(78,1194),(86,2416)]	41.142834
326	[(8,29),(10,4940),(18,1061),(71,2359),(75,5371),(83,3476),(85,4244)]	41.147745
327	[(0,1975),(1,4819),(4,180),(11,362),(14,4363),(16,4357),(20,4855),(39,3190),(49,1205),(56,1504),(66,4448),(72,2705),(73,3697),(83,3257),(84,1778)]	39.926714
328	[(9,5416),(13,23),(27,5227),(30,4096),(44,2580),(53,3867),(56,4978),(68,5566),(76,2305),(77,3596),(80,1480),(88,1970)]	39.617649
329	[(47,1573),(84,5464)]	39.239771
330	[(27,4401),(31,2701),(37,4648)]	40.067279
331	[(3,28),(16,591),(77,610),(83,4052)]	39.843776
332	[(0,609),(21,5376),(35,1408),(49,3214),(52,474),(54,3890),(59,5161),(62,5139),(69,1514),(78,5191)]	40.038021
333	[(5,4006),(13,2649),(15,1330),(20,1787),(28,3070),(42,4923),(45,3742),(47,3860),(48,4446),(63,813),(74,3174),(83,2550)]	42.943259
334	[(7,4292),(11,2674),(22,5509),(37,3259),(56,328),(65,384),(69,979),(70,67),(71,447),(75,176),(79,230),(86,3685)]	39.746006
335	[(7,1464),(12,3668),(22,5129),(38,1442),(80,3095),(84,4178),(91,4833)]	39.342648
336	[(36,2264),(38,796),(56,1231),(72,4480),(73,1905),(78,4992),(80,4205),(83,2220)]	39.007440
337	[(12,3119),(24,1810),(32,80),(43,4287),(46,2001),(56,704),(64,2441),(69,181),(89,4698)]	39.106488
338	[(4,2947),(5,5414),(7,5531),(26,1446),(36,3579),(42,4542),(52,5254),(75,5201),(76,4258),(89,3096)]	38.419749
339	[(13,2584),(15,1689),(22,658),(26,1023),(38,3707)]	45.561430
340	[(2,2095),(19,3461),(32,1435),(44,3632),(54,3793),(80,2615)]	39.011791
341	[(10,525),(23,348),(30,2021),(51,787),(60,3790),(65,3073),(73,5253),(82,936)]	44.955678
342	[(11,2431),(15,4677),(43,2139),(53,3438),(54,1496),(61,3266),(62,5100),(63,3709),(77,5113),(85,2962)]	45.083392
343	[(28,533),(57,3785),(76,1332),(90,244)]	38.059424
344	[(0,4759),(11,1816),(24,1610),(43,2183),(54,1168),(58,3862),(62,1800),(76,3109),(80,1327),(84,2083),(85,4034),(91,3954)]	44.873282
345	[(22,1088),(35,479),(44,882),(63,5214),(65,2910),(71,355),(79,817),(86,602),(88,1981)]	43.408495
346	[(5,4742),(7,321),(20,5421),(21,550),(39,4671),(54,3101),(67,2295),(69,162),(70,1816),(72,1809),(79,3881),(80,2743),(84,4942),(89,5045),(90,1916),(91,3570)]	45.702148
347	[(1,3409),(3,4312),(31,812),(52,290),(58,2260),(62,1737),(75,3757),(90,5066)]	39.971870
348	[(2,3068),(5,314),(21,5375),(32,1000),(52,1698),(57,4159),(73,414),(85,2854),(86,2470)]	40.496492
349	[(10,4712),(43,658),(60,3652),(81,5591),(90,461)]	40.355432
350	[(6,913),(8,3028),(18,895),(21,4470),(26,2472),(32,4512),(67,915),(69,3184),(71,1210),(80,302)]	40.656801
351	[(4,2140),(46,3054),(78,1471)]	39.486386
352	[(23,4044),(25,1725),(34,1969),(51,4031),(55,4826),(56,3888),(63,3211),(65,5259),(66,5506),(70,1999),(76,72),(78,2738),(91,1549)]	40.801202
353	[(2,5058),(11,4191),(15,5447),(19,2953),(20,1383),(33,4223),(36,329),(64,3208),(80,1196),(91,4967)]	41.052902
354	[(10,4382),(21,4312),(36,755),(51,5466),(82,4220),(83,5231)]	40.085586
355	[(16,1009),(21,2508),(23,4077),(26,4423),(72,973),(84,176)]	39.989262
356	[(11,899),(29,4816),(33,2043),(35,3791),(48,884),(59,3596),(67,1645)]	40.200853
357	[(0,743),(19,1621),(22,2607),(51,4973),(53,3277),(57,851),(79,2185)]	43.590942
358	[(1,1628),(6,4302),(20,1357),(31,116),(54,2339),(57,620),(59,403)]	40.890981
359	[(28,2998),(30,242),(60,3153),(66,4304)]	40.552827
360	[(14,4596),(29,1178),(53,698),(87,4936)]	40.886659
361	[(3,2238),(15,3847),(17,5391),(18,5511),(34,4747),(40,3193),(54,593),(61,3934),(65,3695),(69,3262)]	41.797785
362	[(0,1970),(17,2837),(71,4096),(78,1856),(81,1553),(89,2876),(91,390)]	41.550120
363	[(2,1591),(7,880),(13,3385),(35,4870),(46,1109),(60,425),(91,1184)]	40.158761
364	[(10,274),(30,5075),(52,2066),(53,2989),(63,4792),(76,3069),(79,34),(80,3457),(84,2753),(89,5081)]	40.366242
365	[(4,1956),(27,1021),(37,867),(59,4254)]	42.254353
366	[(25,4726),(28,4092),(40,3335),(51,4206),(63,4881),(66,1932),(73,1152),(84,1850),(92,4417)]	45.206575
367	[(30,4737),(49,4935),(50,2564),(69,3430)]	41.397278
368	[(7,3550),(19,5127),(20,3846),(29,1613),(37,1146),(53,2635),(56,3733),(66,4888),(70,2882),(71,181),(72,204),(75,5554),(79,5484)]	40.225817
369	[(9,2187),(14,4243),(20,3842),(31,1634),(78,2538),(79,2163),(80,2624),(85,1408),(87,4344)]	38.977947
370	[(66,2949),(72,1111),(78,460),(84,3984),(89,4197)]	42.396073
371	[(4,1309),(8,3542),(43,858),(45,3590),(48,2767),(91,424)]	43.794386
372	[(10,4849),(14,2061),(27,1380),(29,1122),(41,3051),(50,5261),(51,663),(53,4198),(59,1169),(63,4914),(72,1548),(74,4840)]	41.766115
373	[(1,3008),(11,2991),(15,1414),(17,1392),(22,1341),(51,82),(86,4348),(92,1282)]	41.146074
374	[(0,3578),(10,1533),(24,4417),(34,2756),(45,457),(53,5596),(79,4685),(92,3362)]	50.188308
375	[(29,2035),(35,4113),(56,3901),(66,158),(67,593),(68,283),(71,3463),(91,4777)]	38.720496
376	[(6,1840),(16,54),(19,3646),(22,1486),(30,3899),(31,1785),(70,1147),(80,5167)]	38.865492
377	[(4,1720),(27,2826),(40,3458),(49,2175),(65,5214),(68,1819),(81,4485)]	40.775736
378	[(4,5354),(6,1709),(25,1145),(26,140),(29,5263),(38,2877),(40,3992),(45,5008),(67,5309),(79,4061),(82,2457)]	40.569046
379	[(2,2458),(8,3591),(34,1481),(53,4375),(62,5278),(75,2968),(89,2694)]	39.797436
380	[(11,4796),(13,3439),(21,5469),(22,3757),(55,601),(56,272),(81,4051),(91,3926)]	40.111431
381	[(10,3994),(17,4616),(54,945),(57,3170),(76,4507),(84,2777),(85,2480)]	41.495086
382	[(3,271),(10,2127),(59,4475),(64,4017),(90,2509)]	52.923568
383	[(6,1298),(30,3774),(42,807),(44,4715),(49,1539),(51,3973),(60,1387),(66,3241),(70,1441),(71,2626),(75,4222),(83,3124),(88,4792)]	43.451913
384	[(3,3268),(30,4736),(37,1825),(43,842),(69,3193),(73,1966),(75,4506),(81,3439),(82,4327)]	52.055685
385	[(1,4420),(55,3795),(59,1817),(72,2487),(75,3039),(86,3502)]	46.097983
386	[(3,5489),(17,5063),(33,1457),(36,1937),(38,1947),(60,2905),(63,1805),(82,1414),(85,4081)]	43.500445
387	[(25,4649),(46,2963),(59,4332),(62,2925),(76,1923)]	40.584194
388	[(8,863),(10,353),(20,4101),(27,5004),(48,1582),(57,753),(85,2386)]	38.840606
389	[(10,5326),(25,2182),(26,4678),(30,601),(34,940),(40,3282),(63,4032)]	56.932437
390	[(6,4388),(8,15),(13,3106),(22,5597),(27,5055),(28,401),(30,3967),(46,2499),(88,3568),(90,2976)]	43.496966
391	[(4,3129),(28,3207),(42,4939),(43,3259),(47,4905),(51,1847),(75,999),(76,4176),(90,2883)]	44.213610
392	[(15,4043),(20,3195),(34,3972),(44,3064),(50,305),(55,5509),(57,3542),(60,884),(86,3114)]	43.411000
393	[(38,4428),(40,1049),(44,329),(50,4157),(66,2036),(76,2897),(77,910),(89,215),(92,1841)]	45.274112
394	[(0,4090),(14,1996),(27,2940),(64,2419),(72,3664),(74,2816)]	49.036111
395	[(29,5119),(39,2512),(52,4936),(63,1696),(84,1103)]	47.344856
396	[(10,3135),(25,983),(31,475),(33,2002),(39,2639),(56,2986),(58,4719),(59,2123),(66,634),(75,2194),(80,5285)]	48.321355
397	[(1,567),(3,1629),(11,4856),(15,5147),(17,4055),(43,3089),(44,3117),(66,4934),(72,3072),(79,3452),(87,3685)]	77.506084
398	[(8,153),(22,3118),(57,2156),(60,1284)]	65.236478
399	[(20,4064),(44,3556),(47,3550),(49,3965),(51,3589),(70,2695),(78,1411)]	42.611710
400	[(1,5406),(33,2524),(43,304),(52,5288),(76,1256)]	62.568107
401	[(11,4057),(15,465),(45,3897),(65,3452),(66,265),(77,2808)]	61.520228
402	[(18,5598),(25,1528),(34,5059),(60,5264),(63,1563),(82,5500)]	46.882124
403	[(1,3903),(15,938),(18,635),(25,1005),(40,410),(41,5037),(55,1952),(59,498),(64,1432),(67,2033),(74,4026),(79,3261),(85,676),(86,4285)]	45.587214
404	[(1,4647),(12,650),(23,3884),(36,4936),(53,2703),(65,983),(74,1016),(75,1548),(87,5376)]	44.155359
405	[(15,2559),(23,3413),(39,2242),(54,2737),(58,3024),(69,354),(85,94),(88,808)]	43.751756
406	[(2,3707),(11,3163),(30,1996),(44,1482),(58,4572),(91,3047)]	42.789784
407	[(20,4119),(21,4235),(24,5196),(35,3285),(50,2391),(57,2074),(87,2180),(88,793),(92,2890)]	32.498090
408	[(1,1709),(18,5073),(19,2016),(25,2001),(29,3660),(33,2269),(68,1550),(70,1036),(90,1490),(91,3805)]	26.146963
409	[(2,2495),(4,4246),(5,3312),(17,2447),(44,3909),(49,2736),(70,2496),(75,4491)]	22.779352
410	[(3,3380),(36,4519),(41,2563),(48,1656)]	29.939584
411	[(28,960),(47,3694),(69,1258)]	23.613118
412	[(0,2642),(8,4203),(26,607),(43,3032),(65,1944),(68,657)]	23.713653
413	[(6,3300),(10,1636),(12,4214),(17,2905),(30,4534),(31,1328),(32,3814),(44,3403),(51,3867),(53,2082),(61,2952),(64,4799),(76,3600),(83,1841),(91,5199)]	21.081758
414	[(28,5044),(36,1758),(40,4052),(57,5247),(64,2462),(69,4136),(71,5459),(80,4901)]	20.994263
415	[(20,208),(30,4595),(40,4997),(42,3157),(54,5337),(67,1062)]	22.801812
416	[(2,1418),(13,3661),(22,4326),(25,3083),(27,1628),(35,5248),(72,3670),(82,2894),(88,534)]	21.174845
417	[(29,1849),(33,12),(34,112),(42,4859),(75,4163),(91,4202)]	20.152531
418	[(10,5364),(23,4968),(41,5306),(57,721),(60,941)]	20.464908
419	[(5,1206),(15,5328),(16,2789),(20,5036),(41,3668),(45,3991),(46,3011),(48,3898),(54,3561),(59,2766),(63,2528),(86,926)]	20.331163
420	[(15,305),(24,1296),(27,3528),(33,3707),(43,926),(48,187),(50,1048),(70,1753),(79,5303)]	20.623262
421	[(0,1989),(4,1181),(20,5080),(24,3482),(38,2893),(41,5433),(78,1938),(87,2120)]	23.119425
422	[(0,28),(8,247),(19,848),(20,633),(40,3620),(41,2256),(62,1031),(73,1321),(80,444),(91,4315)]	20.442517
423	[(54,3782),(61,3707),(72,2267),(82,4246)]	20.428093
424	[(18,4569),(27,1310),(52,1008),(72,3254),(82,2712),(83,942)]	20.861961
425	[(13,1528),(21,2451),(25,4672),(37,2129),(40,1176),(46,498),(48,3590),(50,3261),(63,2179)]	21.173715
426	[(8,1985),(9,370),(26,3239),(28,1220),(37,1423),(54,676),(64,2076),(75,1230),(88,4492)]	21.132647
427	[(1,4342),(2,2007),(8,5513),(18,3412),(31,1763),(51,4704),(57,3751),(68,2729),(71,2436),(72,2832),(83,3492)]	20.667381
428	[(15,910),(16,245),(31,5237),(35,4628),(38,935),(51,2556),(57,1581),(64,3928),(67,4755),(72,3630),(88,3650),(90,437)]	20.380878
429	[(4,3394),(7,3262),(13,4643),(14,4021),(17,5265),(30,424),(65,1106),(71,3541),(72,5180),(82,137),(86,1319)]	20.285935
430	[(15,4996),(39,4226),(40,4936),(43,3857),(46,1597),(54,4852),(57,3413),(67,1890),(78,3165)]	38.978788
431	[(40,4161),(45,4933),(50,2322),(52,2886),(55,252),(58,4170)]	21.635517
432	[(9,2198),(15,4976),(26,3713),(30,5405),(33,1429),(36,4651),(60,5401),(66,2951),(77,5155),(83,2004)]	20.871979
433	[(5,1934),(18,335),(19,923),(58,818),(88,5112),(92,1878)]	20.701287
434	[(23,2371),(29,1856),(39,3924),(42,5032),(48,5346),(66,36),(82,919),(86,4950)]	20.473594
435	[(9,1316),(14,559),(23,802),(30,4954),(52,4833),(55,5580),(68,3160),(76,3193),(77,903),(84,1919),(89,557)]	20.389641
436	[(26,300),(32,2394),(33,2184),(41,3367),(45,2698),(57,4798),(65,4882),(80,5290)]	20.234942
437	[(2,1779),(9,3273),(30,1399),(31,188),(58,2565),(62,3768),(75,4100),(79,1718),(83,1455),(88,3921)]	20.417912
438	[(23,480),(52,348),(66,5395),(67,3781),(70,5184),(77,1717),(84,4798)]	20.205758
439	[(14,332),(16,2256),(19,1492),(22,914),(30,89),(36,4825),(54,697),(65,70),(83,2361),(88,5435)]	20.343462
440	[(0,657),(4,2589),(8,4787),(28,363),(30,5140),(37,3680),(43,3547),(45,3410),(47,5425),(64,2123),(66,4788)]	20.005102
441	[(1,4667),(13,3871),(31,3710),(34,3274),(47,247),(52,1728),(63,742),(77,3332),(80,3169),(90,1110),(91,2503)]	20.635599
442	[(19,3452),(49,289),(60,3173),(81,560),(83,3174)]	22.848667
443	[(4,584),(18,2091),(32,4372),(34,5269),(50,276),(56,1298),(70,4091),(76,2542),(87,2381),(91,2067),(92,2972)]	20.730743
444	[(13,1998),(19,1206),(25,4160),(53,2520),(54,1277),(72,1674),(87,2393)]	20.347067
445	[(3,4410),(6,2670),(31,318),(34,799),(55,902),(80,2439),(84,3577)]	20.420818
446	[(40,4950),(78,187),(91,297)]	20.366648
447	[(11,3074),(20,3757),(26,4662),(30,3060),(44,1994),(48,576),(84,3372),(86,1416)]	20.349688
448	[(1,797),(11,5414),(29,4597),(31,34),(36,5172),(37,215),(70,3760),(73,2745),(89,1186)]	20.409636
449	[(33,2185),(78,1210)]	20.017530
450	[(4,2948),(32,2788),(41,4410),(56,3810),(59,667)]	20.125441
451	[(3,5091),(10,837),(15,3080),(19,3938),(27,4757),(32,2302),(46,4884),(85,3339),(88,1344)]	20.626858
452	[(3,2413),(6,75),(16,2580),(20,905),(26,1162),(51,3908),(54,4816),(63,2453),(65,2776),(67,921),(74,4945),(76,535),(81,598),(84,525),(89,2025),(91,1332)]	20.225472
453	[(5,3452),(26,1717),(39,4831),(52,2001),(60,4668)]	20.888004
454	[(4,1389),(26,4763),(41,4270),(53,5502),(68,1306),(85,488),(90,4524)]	21.147003
455	[(5,3409),(25,786),(55,2767),(79,42),(80,1200),(88,2422)]	20.427935
456	[(9,4496),(10,566),(11,2478),(30,1680),(65,3055),(77,2375),(82,3366),(83,1071),(87,4820)]	20.815863
457	[(1,4890),(7,926),(52,121),(63,1031),(72,1842)]	29.370975
458	[(5,2227),(15,1792),(30,1948),(42,589),(50,2946),(60,4284),(64,4412),(69,2840),(71,4139),(84,2168),(87,1683)]	22.924860
459	[(8,2206),(18,2206),(25,16),(45,233),(59,2604)]	22.039299
460	[(8,3669),(15,3761),(37,3444),(60,496),(71,1022),(75,2726),(77,2107),(82,2768),(91,3688)]	22.316489
461	[(2,3773),(25,641),(31,5212),(60,2023),(81,1606),(85,1392)]	21.181715
462	[(7,210),(8,459),(24,1551),(27,3448),(29,4139),(53,3178),(56,3060),(57,1200),(74,5449),(78,2189),(80,365)]	20.449629
463	[(7,4664),(17,3283),(28,3845),(38,78),(42,1684),(69,107),(75,4086),(89,3406)]	20.295685
464	[(0,785),(22,845),(46,5204),(51,3681),(62,2132),(63,1512),(70,4234),(92,3605)]	20.532399
465	[(1,3279),(19,3183),(43,1855),(55,5462),(81,4366),(91,2181)]	21.316913
466	[(0,1763),(2,4189),(8,2805),(20,1862),(23,4828),(55,4081),(64,3903),(89,1053)]	21.305553
467	[(7,3939),(9,4298),(42,210),(46,3041),(49,564),(69,3074),(86,283)]	20.440708
468	[(11,3397),(16,4049),(24,1384),(33,4797),(35,1202),(39,1750),(40,738),(43,5163),(44,457),(58,813),(59,509),(63,1209),(81,4448),(89,550)]	20.570795
469	[(16,3487),(55,3865),(59,968),(72,1609),(86,497)]	20.619693
470	[(49,3738),(63,5260),(67,591),(75,1429),(78,3008),(85,2976)]	20.378852
471	[(1,3436),(18,1736),(24,4188),(29,418),(64,2008),(66,1793)]	19.851349
472	[(4,955),(7,4463),(10,2011),(14,3780),(19,4869),(35,165),(52,5315),(59,533),(66,2399)]	20.635747
473	[(5,495),(15,3417),(37,4504),(38,1052),(45,3086),(52,1042),(60,3684),(81,4144),(87,2958),(92,1706)]	20.084061
474	[(2,3575),(14,5063),(77,2470),(79,656),(83,1620)]	20.243424
475	[(1,2421),(9,4835),(61,5087),(63,1412),(67,5179),(81,3631),(91,882)]	20.265698
476	[(11,5431),(30,2101),(49,4795),(66,4433),(67,2296),(75,4691),(83,2656),(90,685)]	20.444940
477	[(42,4548),(48,1648),(64,3422),(85,5320),(86,519)]	20.343478
478	[(20,3120),(23,2026),(30,4035),(37,2012),(54,63),(60,2321),(79,3465),(83,2596),(89,2832)]	20.990206
479	[(14,4667),(16,5036),(31,5560),(34,2306),(37,2488),(39,1896),(47,4198),(57,5223),(81,1040)]	38.771076
480	[(9,4047),(14,2403),(22,2899),(23,3637),(34,2726),(35,691),(41,737),(53,915),(55,3184),(57,4857),(62,4113),(69,2714)]	21.018308
481	[(15,3809),(24,2238),(51,4621),(55,1399),(56,188),(59,2710),(62,525),(69,2964),(71,3977)]	20.261713
482	[(48,2303),(51,3718),(83,3888)]	19.898922
483	[(11,955),(18,2421),(20,1281),(42,4150),(46,162),(47,1816),(63,2774),(80,4824),(90,1569)]	20.269201
484	[(13,2262),(24,529),(26,4306),(35,4817),(45,4518),(46,2310),(60,1979),(73,317),(79,2607)]	20.512143
485	[(43,4387),(57,4135),(63,5474),(72,3628)]	21.007286
486	[(0,1245),(30,4200),(32,1312),(42,2313),(43,1201)]	20.967838
487	[(7,5545),(28,1090),(32,300),(35,3941),(43,474),(53,5447),(77,4711),(78,2050)]	20.678508
488	[(7,5036),(12,1485),(37,150),(65,1098),(71,3838),(83,1681),(85,2326),(87,4182)]	20.986965
489	[(1,2174),(7,675),(19,1564),(43,570),(48,3110),(54,4693),(80,4013)]	22.007421
490	[(13,4645),(15,441),(33,745),(56,608),(89,542),(91,1508)]	21.719842
491	[(26,3284),(27,2021),(42,4863),(48,2989),(53,5005),(61,2062),(69,1759)]	20.454027
492	[(15,8),(18,230),(22,1672),(28,1722),(46,1174),(52,3868),(59,1210),(66,503),(70,2401),(80,5564),(81,55)]	20.149020
493	[(0,1530),(66,4744),(78,2428)]	20.107364
494	[(0,3973),(20,1373),(22,3064),(52,4166),(60,279),(75,3650),(86,1524)]	20.504202
495	[(47,1012),(63,3521),(70,3939),(81,872)]	20.033938
496	[(6,4921),(24,2621),(29,1786),(42,4043),(54,722),(64,5276),(68,1086),(72,937)]	22.089712
497	[(1,286),(9,2811),(16,5468),(41,2978),(46,5299),(47,4661),(74,4179)]	19.982605
498	[(6,5565),(12,3979),(22,2359),(47,2855),(67,1726)]	21.615556
499	[(0,446),(7,5333),(13,4358),(29,279),(32,3225),(35,2754),(41,3443),(54,3856),(65,2717),(74,4653),(85,5017)]	22.113292
500	[(0,3877),(2,4410),(8,447),(13,1284),(24,2808),(27,5319),(29,577),(38,5443),(42,4988),(49,3296),(73,2719),(81,380),(85,3236)]	21.686732
501	[(4,4931),(5,3466),(42,659),(43,5480),(75,849),(82,672),(92,2175)]	20.290025
502	[(9,563),(14,4289),(29,544),(39,1654),(41,3374),(52,1587),(54,5146),(62,1457),(77,1592),(82,4461),(85,3891),(91,2322)]	20.693791
503	[(9,2025),(11,1332),(35,3147),(39,1703),(51,302),(58,4069),(79,5456)]	21.761679
504	[(22,3960),(40,3231),(59,1510),(74,5137),(87,789),(92,4508)]	27.069095
505	[(11,2529),(19,2733),(26,4218),(41,3086),(57,5072),(64,4956),(68,5539),(85,1312)]	22.087977
506	[(2,1127),(10,3898),(15,4453),(17,2281),(34,542),(36,1509),(73,1082),(90,2295),(92,727)]	22.476126
507	[(5,42),(48,2279),(49,2931),(50,320),(52,930),(75,790),(90,4388)]	21.997188
508	[(2,3353),(27,5467),(82,5147),(84,212)]	21.834549
509	[(4,930),(5,4138),(8,5077),(12,200),(25,4393),(30,4420),(44,4617),(73,4698),(89,4455)]	22.229721
510	[(6,5312),(7,3334),(23,181),(24,204),(30,91),(32,1652),(40,3829),(52,1589),(53,1534),(68,129),(82,123),(92,3301)]	21.749668
511	[(5,581),(6,5452),(8,719),(23,3217),(44,1501),(73,4288),(74,1167),(81,4601),(84,5083),(88,2504),(92,3656)]	26.303632
512	[(0,5450),(3,3385),(18,4614),(23,5052),(36,2194),(54,321),(60,4883),(61,5167),(63,4889),(75,355)]	20.629922
513	[(11,3600),(14,3300),(16,1829),(31,5431),(43,3912),(80,2698)]	21.500935
514	[(31,1270),(47,4286),(53,2370),(60,3951),(63,4125),(70,3835),(74,211)]	20.536699
515	[(5,2714),(9,1751),(11,2850),(17,4533),(39,1075),(50,4133),(59,999),(60,4176),(68,3576),(75,1582),(86,3327),(88,1003)]	20.405876
516	[(25,4556),(40,5566),(47,240),(65,4984),(71,4483),(82,804),(92,1578)]	21.138279
517	[(2,1599),(13,457),(26,1370),(46,1864),(50,3411),(81,3208)]	20.426846
518	[(13,3499),(15,184),(17,5411),(24,5197),(35,1474),(51,2768),(58,2803),(66,4915),(86,5342)]	20.083271
519	[(3,1604),(20,2725),(27,2281),(50,3172),(77,1951),(83,1025),(85,945),(91,2237)]	21.160529
520	[(27,394),(31,4051),(64,4748),(76,4524),(81,2888)]	20.982006
521	[(1,2599),(3,4871),(31,456),(49,769),(54,143),(68,1888),(88,5484)]	20.557281
522	[(5,4544),(31,2336),(65,1394),(66,2485),(74,4651),(77,4630),(81,5082)]	22.620822
523	[(20,1100),(27,1300),(28,1333),(34,4331),(78,2090),(79,2297),(89,3496)]	20.293222
524	[(4,2882),(20,2946),(23,4749),(26,2812),(36,1926),(41,1051),(61,3756),(79,4178)]	22.985515
525	[(1,1742),(10,1275),(20,2049),(22,1239),(28,1765),(44,2767),(50,4188),(65,5524)]	20.065791
526	[(8,5300),(11,3095),(55,2929),(65,4466),(82,582),(86,2724)]	25.081132
527	[(6,3464),(18,1213),(26,4333),(51,3456),(81,3485),(90,1245)]	35.126188
528	[(3,2961),(5,165),(14,2630),(25,2495),(37,1092),(53,178),(75,736),(82,3856),(88,1085)]	20.349846
529	[(28,4776),(32,2603),(43,105),(47,2497),(50,4314)]	20.211219
530	[(16,4299),(22,4836),(25,3418),(40,4218),(43,1280),(52,3276),(59,1689),(68,2083),(69,4034),(70,784),(89,1497)]	21.317258
531	[(7,644),(27,5189),(29,4346),(35,2508),(49,4),(75,675),(77,705),(78,5388),(91,871)]	20.405607
532	[(25,3521),(27,3531),(35,4027),(74,5162),(84,2878),(87,3025)]	20.955959
533	[(7,1070),(8,3029),(27,2912),(34,3590),(36,4455),(49,3168),(54,713),(56,3812),(63,2810),(64,4251)]	20.720517
534	[(14,4709),(22,1109),(29,2503),(40,3649),(63,1743),(82,5496)]	20.777750
535	[(0,4699),(2,119),(6,3879),(11,1742),(63,1865),(64,3484),(72,2347),(75,4787),(78,4598),(81,4599),(86,4335)]	21.148686
536	[(2,2456),(7,1612),(15,3636),(40,2412),(52,2199),(56,4941),(81,1404)]	23.814949
537	[(0,5406),(11,1692),(17,2001),(21,2533),(28,3554),(31,349),(46,5428),(48,2450),(57,1739),(66,570),(73,2372),(81,1865)]	20.238042
538	[(13,1969),(14,543),(26,4342),(30,4674),(38,3419),(53,1775),(60,117),(75,4176)]	20.939681
539	[(9,3798),(22,1393),(23,2778),(54,662),(58,370),(68,4112),(69,4277),(88,2592)]	19.917599
540	[(25,3202),(30,542),(40,1951),(42,2065),(45,3346),(56,5148),(74,840),(83,3635),(85,2510)]	20.702563
541	[(11,1451),(32,4111),(45,5210),(49,199),(53,2302),(56,1213),(73,5307),(74,540),(76,966),(77,2775)]	20.373147
542	[(6,4739),(19,755),(31,3770),(65,4655),(71,2442),(82,1755),(88,1252)]	20.066037
543	[(5,581),(6,5452),(9,4081),(14,314),(46,1296),(51,2179),(63,2103),(71,1598),(74,1077),(91,2410)]	20.380557
544	[(2,3560),(28,3079),(30,4021),(42,1890),(64,5558),(82,2848)]	20.684238
545	[(0,2715),(2,2104),(4,4431),(14,3798),(30,3801),(41,4645),(49,1388),(54,4973),(60,3772)]	20.811527
546	[(4,4065),(19,4419),(25,3096),(37,2178),(47,3002),(70,2090),(82,4180),(87,1436)]	20.477059
547	[(40,1667),(49,2444),(56,2922),(73,1420)]	20.170802
548	[(21,849),(26,727),(50,2800),(58,3844),(62,1191),(64,1283),(67,4039)]	20.157440
549	[(2,879),(15,1721),(18,5318),(22,4494),(26,4199),(39,2662),(40,4661),(50,1377),(52,2331),(71,1957),(82,4304)]	21.057481
550	[(21,4470),(22,3637),(48,1108),(52,3157),(72,490),(81,609)]	27.946293
551	[(6,1562),(16,3386),(22,925),(63,5142),(69,98),(71,2870),(73,199),(85,5578),(87,1231),(90,2843)]	20.362943
552	[(3,4194),(5,2553),(10,2263),(56,4346),(61,1661),(70,5367),(77,4668)]	22.514817
553	[(6,3034),(9,5493),(13,4337),(23,3120),(38,3576),(44,5032),(68,2528),(72,508),(75,488)]	21.719107
554	[(1,3920),(49,4608),(51,2413),(65,757),(89,2214)]	20.061697
555	[(3,1135),(22,1751),(30,4292),(41,4900),(42,93),(46,1539),(54,1866),(65,2519),(72,4727),(77,980)]	21.095232
556	[(25,2317),(40,1775),(42,5072),(62,5004),(68,4555),(72,3980),(75,5063),(83,3380)]	20.586521
557	[(47,2704),(51,1939),(65,4104),(83,1607)]	20.811688
558	[(10,351),(20,3491),(25,5459),(46,4373),(51,42),(56,4833),(64,5354),(72,4520),(77,1039),(81,5048),(82,2896),(87,61)]	20.099131
559	[(1,1666),(8,3145),(25,851),(38,956),(41,4111),(68,838),(72,3004)]	20.397650
560	[(0,3971),(24,1339),(26,3623),(27,4729)]	20.041825
561	[(17,3383),(26,3514),(52,3656),(67,3946),(71,1703)]	19.889206
562	[(6,498),(14,1103),(24,756),(34,1496),(45,4215),(51,5006),(87,578)]	20.082455
563	[(2,1306),(9,1063),(14,470),(18,1866),(22,5437),(25,1605),(52,1003),(74,5197),(84,1284)]	20.041654
564	[(0,1939),(5,4781),(23,5276),(28,2357),(31,4693),(55,5145),(62,1599),(64,5422),(68,1894),(77,3897),(79,1826)]	22.130218
565	[(1,170),(7,5358),(8,1131),(12,882),(16,5559),(25,4732),(35,2771),(41,4432),(43,1390),(67,1074),(77,1757),(87,5542)]	20.583608
566	[(21,1898),(34,1531),(38,4867),(67,1405),(74,2965),(88,2982)]	20.414520
567	[(6,190),(9,5097),(27,2522),(51,2468),(62,4367),(64,4579),(81,3793),(85,4511)]	20.516026
568	[(1,1602),(21,4816),(78,5329),(92,3729)]	20.403058
569	[(20,317),(41,5412),(45,2458),(64,458),(70,3623),(92,2579)]	20.512466
570	[(1,2459),(12,3333),(18,2246),(22,5472),(46,3313),(49,2381),(63,4436),(72,4353),(77,3961),(78,2150),(82,2258),(87,2265),(88,5307)]	20.115221
571	[(0,3129),(14,5132),(21,5607),(22,5120),(34,5412),(40,1726),(45,3693)]	19.942460
572	[(13,20),(14,2678),(17,560),(37,5381),(38,1184),(42,1610),(50,755),(51,3903),(69,966),(70,2775),(77,5390)]	20.115381
573	[(15,5028),(18,2737),(41,4461),(52,217),(74,29),(84,2817)]	20.555104
574	[(8,4343),(11,4688),(17,2784),(21,5489),(25,477),(28,2589),(45,2388),(79,3815),(84,1338),(86,3899),(89,4623)]	20.542699
575	[(6,3599),(14,2530),(26,1691),(45,3005),(68,4959),(73,5249),(84,700)]	25.969199
576	[(9,3484),(57,1000),(64,4838),(66,3483),(68,3816),(71,3465),(83,2419),(84,4350),(86,706),(92,128)]	33.959671
577	[(19,993),(31,2388),(34,531),(39,2157),(42,4151),(50,4840),(67,2276),(70,1150),(74,1738)]	20.243215
578	[(10,513),(16,1575),(17,4893),(18,515),(33,2580),(37,2002),(41,5173),(45,1562),(47,4596),(83,4061)]	20.241860
579	[(11,4878),(19,5381),(23,972),(29,11),(33,1839),(45,2303),(48,1906),(65,345),(73,3406),(77,2610),(86,227),(90,3542)]	20.749645
580	[(9,3072),(17,4490),(22,49),(68,2262),(92,4023)]	20.041613
581	[(5,4517),(11,1321),(15,1468),(21,1012),(22,1661),(25,3450),(33,328),(38,2309),(45,5312),(46,3334),(53,3270),(66,5164),(85,4204),(92,3379)]	20.105326
582	[(1,5363),(4,2320),(41,2236),(42,4122),(53,3934),(62,4617),(65,5224)]	20.731633
583	[(4,3744),(43,2962),(48,1899),(63,3743),(73,3383),(76,3084),(84,1361)]	22.785177
584	[(5,4109),(13,2943),(21,4910),(33,1790),(40,2203),(41,998),(50,2355),(52,4206),(57,409),(92,5095)]	20.563528
585	[(6,2213),(33,4007),(37,3255),(54,4675),(57,398),(58,2190),(61,1836),(66,1416),(76,1057),(78,2495),(85,2059)]	20.716005
586	[(10,2215),(11,1858),(18,684),(23,2973),(31,1386),(43,5086),(48,4065),(73,3897),(88,2819)]	20.226206
587	[(28,588),(36,791),(49,1549),(69,5076),(75,2611)]	20.307662
588	[(8,4404),(28,1983),(53,110),(56,4123),(65,486),(66,751),(70,3809),(90,1222)]	21.230973
589	[(12,4561),(29,4752),(37,1531),(38,5179),(49,2782),(53,5136),(68,5502),(77,5227),(83,2004),(85,2828)]	20.535879
590	[(20,3057),(26,3145),(55,665),(66,1037),(68,4117),(73,1521),(82,183)]	20.341485
591	[(20,1168),(23,2142),(73,1934)]	20.846931
592	[(10,2659),(19,2321),(31,31),(36,4407),(55,4732),(74,1160),(75,182),(77,2631),(92,621)]	20.528943
593	[(28,5486),(55,4132),(81,666)]	20.357225
594	[(35,897),(57,2252),(60,1016),(65,4151),(68,3204)]	20.157677
595	[(5,4789),(15,2466),(19,1361),(34,2822),(71,4748),(79,4574),(85,3258)]	20.085015
596	[(15,549),(16,1320),(35,5242),(38,3552),(51,4050),(54,3370),(65,5569)]	20.316726
597	[(19,4801),(28,3104),(46,4862),(53,5476),(55,1204),(90,1577),(92,895)]	26.349149
598	[(4,296),(28,3716),(33,4589),(68,2298),(71,2459),(79,0),(83,88)]	22.766393
599	[(16,4964),(40,523),(64,1954)]	21.978608
600	[(43,2879),(54,4912),(63,3645),(87,5579)]	21.741583
601	[(15,5243),(19,4419),(38,2024),(39,5118),(48,3963),(64,2680),(66,4197),(69,3949),(82,5204)]	20.205148
602	[(58,2331),(77,4746),(87,4712)]	20.163973
603	[(15,4686),(32,771),(38,4408),(45,257),(63,4068),(64,989),(66,3856),(87,540)]	21.290266
604	[(2,2278),(6,155),(20,1057),(27,5603),(42,4509),(45,4359),(47,224),(57,4926),(80,4131)]	20.025056
605	[(1,1012),(2,1661),(32,2669),(81,4239),(84,4354),(86,3487)]	20.228535
606	[(5,5547),(13,3159),(18,766),(33,1626),(40,3121),(51,1946),(57,2990),(61,3630),(63,1851),(79,1164),(91,5392)]	20.338520
607	[(5,1728),(14,301),(16,16),(20,583),(41,4476),(55,2464),(56,1587),(71,2028)]	20.140640
608	[(8,260),(10,2038),(17,3371),(30,3286),(47,4928),(69,1123),(71,985),(83,1756),(86,897),(92,2003)]	20.609405
609	[(13,916),(31,4217),(35,2447),(50,266),(60,4215),(65,11),(75,5520),(88,1566)]	20.122151
610	[(13,2326),(22,2539),(28,1046),(33,2240),(49,4269),(82,5568),(90,3339)]	23.107676
611	[(0,5037),(2,4027),(13,3453),(34,4282),(40,5165),(61,2895),(89,1587)]	23.028871
612	[(1,4832),(7,1547),(25,2911),(45,2099),(55,2894),(57,1537),(75,4340),(78,2947)]	20.666186
613	[(8,3892),(29,3620),(41,3079),(62,662),(88,2013)]	21.016042
614	[(19,5181),(28,2888),(57,2755),(75,1160),(77,2705),(80,5588),(86,5337),(87,4119)]	20.950314
615	[(5,1724),(8,1065),(29,642),(32,1714),(56,2203),(60,4676),(81,2941)]	20.798470
616	[(3,2868),(11,2890),(20,2962),(53,5224),(69,867),(83,4790),(87,2888)]	20.364153
617	[(8,3336),(15,4647),(38,1228),(39,2388),(87,1797),(91,1615)]	20.004288
618	[(44,828),(50,5563),(63,5033)]	19.940425
619	[(17,4686),(29,3812),(49,4771),(51,2145),(55,5462),(65,5051),(74,1822),(88,2460),(90,3516),(91,3076)]	20.165588
620	[(6,91),(8,3703),(15,4241),(19,4599),(21,4820),(24,3798),(31,4768),(33,152),(56,5377),(62,2807),(68,5252),(85,760)]	19.951982
621	[(4,3651),(38,3390),(48,5123),(62,1306),(73,3104),(78,3238),(81,5039)]	20.161331
622	[(21,728),(33,2250),(46,1865),(64,3911)]	20.104375
623	[(7,897),(9,4033),(30,4282),(43,2496),(60,3256)]	20.898894
624	[(46,4652),(52,1712),(53,2598),(59,3107),(68,2822),(82,5272)]	28.317068
625	[(11,4663),(21,3793),(45,633),(47,3232),(73,2569),(77,3886)]	31.819812
626	[(6,4163),(11,3908),(19,813),(32,1151),(35,2167),(51,3238),(60,2135),(65,2517),(74,5425),(80,3630),(92,1658)]	20.657007
627	[(17,2874),(19,2440),(30,975),(87,5339)]	20.044509
628	[(13,3238),(35,4850),(65,4054),(69,703),(74,5227)]	20.107275
629	[(3,2474),(10,5348),(31,5219),(32,4920),(35,3671),(40,3963),(49,1284),(59,1234),(75,5326),(81,4361),(88,5102),(89,4371)]	23.503739
630	[(5,4523),(16,1509),(19,5195),(52,1219),(66,3402),(69,5430),(79,2289)]	22.687474
631	[(1,168),(26,3372),(27,1876),(54,4680),(56,2031),(65,3892),(72,3710)]	20.608991
632	[(8,4789),(17,2904),(20,3054),(27,388),(35,1460),(44,2634),(50,3978),(54,4175),(76,3574),(82,303)]	20.543750
633	[(20,5306),(22,337),(78,1659),(79,3199),(88,2983)]	20.490215
634	[(12,1231),(22,329),(32,3513),(35,856),(64,3988),(77,870)]	20.879036
635	[(7,4307),(18,869),(19,1266),(56,2344),(59,5460),(68,2263),(79,1012),(91,1543)]	20.619284
636	[(9,387),(11,1267),(15,4404),(16,4671),(43,4317),(52,4337),(77,4496),(78,566)]	20.679715
637	[(9,1734),(16,3206),(27,189),(37,2067),(39,4468),(42,4550),(68,5039),(72,2126),(79,2334),(86,1509),(91,3242),(92,3437)]	20.726296
638	[(36,1836),(37,4726),(46,3760),(50,3859),(60,806),(63,1645),(75,3137)]	20.771434
639	[(1,3904),(5,2734),(8,502),(12,3429),(31,1690),(32,545),(36,5176),(44,1378),(69,3979),(90,3609)]	20.652339
640	[(12,960),(26,5322),(42,1443),(55,5171),(61,2715),(63,3274),(69,3958),(87,2443)]	19.927916
641	[(34,3732),(36,2968),(56,550),(61,2406),(64,5270),(68,3399),(71,3182),(79,3333)]	20.277317
642	[(8,4308),(54,4811),(64,3475),(66,2858),(74,5257)]	20.136025
643	[(31,2255),(51,4684),(53,204),(63,2708),(68,21)]	20.333319
644	[(42,4959),(53,4135),(68,5501),(70,3775),(87,5342)]	28.509314
645	[(15,2243),(31,5198),(34,3391),(36,816),(46,2667),(48,1610),(51,3657),(90,745)]	22.225606
646	[(3,377),(5,315),(13,685),(20,1123),(22,3990),(30,3287),(43,5485),(44,2900),(55,525),(62,4151),(65,2978),(72,1275),(80,300)]	23.447898
647	[(9,65),(11,1443),(42,3743),(52,1226),(53,4288),(68,2657),(85,5162)]	21.264192
648	[(2,2542),(13,2492),(21,77),(22,3618),(24,4841),(39,80),(40,211),(55,2688),(57,3309),(67,3072),(81,800),(92,9)]	21.309233
649	[(15,1025),(64,5288),(81,1152)]	20.046403
650	[(36,2652),(70,3835),(86,2254),(88,90),(91,5108)]	20.203463
651	[(2,5178),(16,2888),(25,5575),(29,3455),(31,1991),(37,2466),(57,2909),(61,477),(82,5079),(86,3390)]	20.210676
652	[(12,2938),(26,4514),(40,2581),(44,1440),(55,2058),(89,1841),(90,3893)]	26.034486
653	[(29,3599),(46,1535),(74,2166),(78,4529),(87,3192)]	21.926356
654	[(19,3147),(29,842),(43,3198),(87,4784)]	21.600292
655	[(52,3016),(87,4358)]	21.798565
656	[(25,2983),(38,1074),(71,5189)]	21.548337
657	[(2,3399),(3,2928),(4,747),(5,5117),(18,4156),(49,3675),(51,3014),(61,1891),(69,46),(74,846),(76,2056)]	20.522332
658	[(4,593),(10,1216),(14,579),(19,3407),(23,5215),(27,5508),(30,3053),(33,2002),(65,2737),(73,3194),(84,2874),(89,3998)]	20.057957
659	[(5,900),(6,4874),(18,2892),(32,4),(40,361),(41,3376),(54,4521),(55,58),(77,1649),(84,2177),(88,2618),(91,4464)]	20.582409
660	[(8,2734),(38,2538),(42,4543),(72,3795),(88,3475)]	20.877782
661	[(23,2330),(38,754),(72,1804),(78,5517)]	19.957203
662	[(0,15),(7,1491),(15,3603),(27,1539),(32,3973),(40,3624)]	21.030702
663	[(53,952),(59,5011),(67,2848),(69,3068),(71,2208),(86,4956)]	20.645594
664	[(1,1390),(56,5438),(67,2921)]	20.090046
665	[(13,2472),(15,3169),(20,985),(39,1534),(50,1851),(56,5408),(64,997),(76,2041),(79,3161),(85,1041),(92,3921)]	19.766952
666	[(2,4566),(12,4435),(17,2476),(19,548),(46,4374),(67,2097),(68,4303),(90,1098)]	20.158746
667	[(13,905),(46,3019),(47,4815),(60,3150),(66,2861),(67,536),(80,3854),(88,1524)]	20.751507
668	[(9,5506),(35,4340),(46,4989),(72,4043),(79,4979)]	20.072329
669	[(17,2224),(18,2418),(26,360),(33,286),(46,3354),(63,1484),(66,3773),(76,2347),(82,3973)]	20.076281
670	[(9,625),(34,4969),(60,1643),(74,3396)]	21.239641
671	[(8,560),(14,4912),(16,418),(21,4933),(31,1896),(32,2378),(52,4770),(71,2466)]	20.138516
672	[(1,1173),(37,2732),(44,3209),(46,2732),(62,328),(84,4619)]	24.419157
673	[(9,4564),(15,1924),(17,3339),(21,4603),(27,2493),(48,5179),(50,263),(56,2766),(87,269),(92,390)]	37.324509
674	[(4,452),(16,5068),(44,3552),(78,2764),(88,1204)]	20.527089
675	[(21,197),(26,1297),(28,4168),(41,4165)]	21.112378
676	[(24,683),(32,5358),(36,1204),(48,1959),(56,5538),(66,1273),(82,1435),(87,1024),(89,2008),(92,1277)]	20.328010
677	[(6,379),(10,5304),(16,2058),(29,5448),(48,3154),(52,517),(64,3111),(74,531),(75,4317),(87,3199)]	22.809758
678	[(15,4203),(25,2304),(63,4216),(68,4489),(72,1169),(91,4425)]	20.376225
679	[(4,3311),(10,2107),(14,1807),(17,2713),(42,2402),(70,1882),(80,5420)]	20.246436
680	[(7,803),(11,1080),(43,856),(48,751),(51,2771),(77,382),(91,4498)]	20.401028
681	[(35,100),(37,5393),(43,2274),(46,4505),(58,4394),(74,4000),(80,2933),(89,2627)]	20.381326
682	[(32,161),(33,5245),(68,1560),(89,1946),(92,408)]	20.400743
683	[(3,4964),(4,358),(20,5089),(53,4223),(58,119),(64,4940),(69,1217),(74,14),(81,5541),(87,4927),(91,2930)]	20.466702
684	[(0,3785),(19,2357),(25,2267),(31,3589),(34,3639),(46,4514),(51,4283),(68,4628),(79,2242),(81,1719),(85,1697),(87,1600)]	21.109614
685	[(0,4589),(5,2803),(13,2649),(33,2649),(36,425),(47,1745),(70,934),(87,1703)]	21.040034
686	[(7,5295),(9,4827),(20,3400),(33,3732),(34,5267),(44,1549),(46,898),(60,5144),(66,1091),(67,4095),(79,510),(87,327)]	20.312990
687	[(3,5431),(12,800),(13,2715),(21,4059),(27,733),(29,750),(53,3069),(80,953),(88,1084)]	20.502780
688	[(3,1523),(8,2933),(12,1786),(18,809),(33,932),(46,4356),(58,5427),(73,1798),(82,2598)]	20.043485
689	[(2,2298),(10,3716),(21,2075),(25,2066),(41,4126),(44,5115),(61,3811),(70,4836),(82,2952)]	19.854881
690	[(4,768),(7,1687),(71,5371),(86,2768)]	23.184418
691	[(0,1374),(12,2108),(23,4642),(30,1845),(61,557),(62,1930)]	26.837142
692	[(4,3776),(38,5211),(62,4527),(84,156)]	21.561760
693	[(0,5448),(3,1067),(17,3403),(22,427),(23,1155),(36,5535),(38,2898),(51,1967),(91,1339)]	23.832754
694	[(2,5475),(12,4353),(27,4576),(30,887),(34,4438),(53,3062),(56,5475),(61,2808),(64,4340),(72,212),(81,4548)]	21.207120
695	[(18,3590),(50,1352),(61,5363),(68,2998),(77,3065),(81,2070),(88,799)]	19.892448
696	[(1,1538),(9,166),(18,3513),(21,856),(53,4158),(69,315),(75,1802),(89,369)]	20.373669
697	[(27,2571),(39,3686),(46,1568),(70,902),(74,3906),(84,2612),(87,3609),(90,4491)]	20.675989
698	[(5,2457),(7,3471),(17,4459),(23,1512),(45,34),(52,3757),(55,3328),(75,4575),(76,3476),(78,4244),(87,4460),(92,843)]	20.180978
699	[(7,2798),(17,2625),(22,1709),(31,4254),(34,834),(48,5409),(54,234),(92,2988)]	20.565847
700	[(7,863),(21,2556),(34,1998),(39,1994),(41,5089),(45,1475)]	21.335975
701	[(3,578),(4,1178),(15,3204),(18,2305),(45,2298),(46,324),(48,2825),(62,2282),(65,1149),(68,3943),(84,1603),(88,4293)]	20.066078
702	[(2,3411),(25,4525),(28,501),(49,1088),(69,4645),(71,441),(86,2348),(92,862)]	20.603913
703	[(22,4074),(24,2098),(31,1554),(49,5549),(57,3554),(76,1435)]	20.325584
704	[(6,1800),(8,5590),(22,3972),(29,178),(40,2786),(44,1681),(60,2503)]	21.017947
705	[(5,198),(14,1227),(57,2677),(58,4919),(61,4497),(79,1137),(83,2114),(88,4438)]	21.042622
706	[(6,3534),(9,1593),(20,2931),(70,3429),(85,1600)]	20.912892
707	[(0,3022),(12,3653),(27,1076),(28,90),(34,1319),(78,1837),(91,1760)]	20.728167
708	[(0,3459),(9,336),(15,1367),(22,4103),(30,1583),(50,1106),(58,4332),(64,3380),(66,3921),(69,4122),(73,5266),(81,1992),(83,1043),(85,3989),(89,2806)]	21.041329
709	[(2,284),(3,3197),(13,3793),(18,4767),(32,4424),(50,119),(74,1171)]	20.547749
710	[(36,827),(39,4266),(41,5564),(42,55),(46,3929),(51,698),(71,4226),(82,1186)]	21.610856
711	[(5,4903),(46,1706),(69,475)]	23.315471
712	[(6,4826),(7,3888),(18,3721),(34,253),(46,388),(59,2683),(71,109),(82,1235)]	20.431465
713	[(3,1181),(29,2505),(59,5446),(63,3125)]	21.014531
714	[(12,2421),(15,2057),(30,3546),(40,2174),(77,268),(78,1280),(82,1538),(87,547),(90,1224)]	21.741724
715	[(3,2783),(13,705),(14,5388),(42,3677),(43,4397),(45,3850),(52,158),(54,2700),(59,1987),(66,2170),(68,4715),(83,4387),(92,2124)]	20.602380
716	[(2,4854),(7,2366),(14,4870),(16,2871),(23,1535),(39,5264),(45,2794),(46,323),(47,363),(50,3666),(65,4570),(90,1275)]	20.378958
717	[(11,1560),(15,2203),(22,4921),(26,4442),(32,3396),(59,2948),(66,1858),(71,2352),(83,1727)]	21.427722
718	[(0,4536),(12,609),(16,4444),(17,1450),(19,5347),(38,1518),(49,1870),(61,4234),(64,1441),(72,615),(84,736),(86,739),(91,3836)]	20.510508
719	[(5,3304),(8,3349),(9,1202),(25,319),(43,3987),(51,5243),(73,2255),(80,2414),(83,2171),(85,2392),(92,749)]	20.822721
720	[(6,2143),(33,4000),(49,3510),(53,3573),(62,625),(67,2009),(76,1135)]	20.947534
721	[(12,1613),(22,2020),(29,485),(41,91),(42,3984),(48,3028),(60,4459),(87,5511)]	35.322473
722	[(5,4381),(19,4093),(29,1591),(32,970),(55,1231),(61,427),(62,1155),(63,1084),(76,1854),(81,3600)]	24.939605
723	[(0,4272),(4,4109),(7,4151),(16,3530),(36,2536),(46,1423),(71,3634),(72,4282),(84,3667)]	20.208597
724	[(4,5056),(26,4064),(27,1092),(56,4480),(70,573),(73,2386),(75,1458),(78,4007),(88,1460)]	23.582643
725	[(10,4949),(32,608),(65,2453),(83,2782),(85,5234)]	20.417682
726	[(43,2831),(82,1164),(92,5084)]	20.648415
727	[(47,462),(52,224),(67,4949),(88,3448)]	20.149741
728	[(10,1600),(32,140),(44,4296),(52,5373),(63,2580),(64,2387),(71,2257),(83,2280)]	20.751168
729	[(3,2585),(19,2584),(35,5025),(39,1679),(55,3521),(57,4404),(58,1460),(92,2387)]	20.416173
730	[(5,526),(11,4954),(14,1950),(20,5475),(21,4894),(32,3712),(34,3178),(48,570),(63,2641),(86,2998)]	20.027165
731	[(17,3247),(30,381),(41,1852),(44,5103),(52,5574),(55,5000),(62,1713),(88,4697),(89,1156)]	20.528286
732	[(5,3108),(14,4041),(42,5153),(63,3738),(64,3584),(66,4521),(67,58),(76,4376),(79,3781)]	20.945339
733	[(45,2978),(60,3540),(63,3299),(66,3593),(82,526)]	20.497958
734	[(9,3619),(14,3920),(29,3679),(32,795),(37,4602),(68,758)]	22.791839
735	[(2,3997),(11,3627),(35,5100),(36,3709),(75,2577),(87,3724),(90,2849)]	21.264620
736	[(2,5505),(21,3690),(30,3530),(36,1692),(44,3866),(53,2388),(84,1874)]	20.605206
737	[(3,3806),(20,4866),(23,5030),(45,1655),(50,1373),(64,1125),(77,800),(81,2741)]	28.527566
738	[(14,827),(16,713),(45,5334),(58,3328),(67,4454),(82,3345),(85,3720)]	21.700907
739	[(6,1546),(7,2766),(8,5480),(28,4615),(54,4631),(77,2165),(80,2100)]	22.396811
740	[(2,984),(13,4503),(14,5114),(15,3791),(33,3878),(35,5360),(49,5534),(63,3734),(71,1617),(72,5233)]	22.258310
741	[(22,5573),(47,4184),(48,2137),(49,1989),(55,196),(59,3527),(69,3300),(82,1921),(91,5332)]	20.777369
742	[(4,318),(22,1373),(54,1032),(62,420),(89,4187)]	20.012611
743	[(2,2741),(36,118),(50,4147),(77,936)]	19.969936
744	[(25,678),(26,4748),(35,1987),(42,1699),(56,562),(58,3224),(62,3510),(70,1101),(74,3016),(87,3719)]	20.157311
745	[(24,2774),(30,153),(39,3321),(42,112),(54,3642),(71,3619),(72,2546),(75,4306),(90,861),(91,4769)]	20.009991
746	[(2,1769),(8,1222),(14,4075),(31,1970),(51,4205),(54,5093),(59,4641),(66,4902),(88,3554),(90,4079)]	20.583741
747	[(0,32),(5,4550),(8,2884),(22,1011),(25,1625),(74,1441),(77,1656),(89,4303)]	20.234887
748	[(13,997),(17,4985),(18,2126),(30,2105),(40,1859),(45,4332),(50,5375),(52,1346),(58,886),(75,1172),(89,2909)]	19.893491
749	[(0,3806),(9,3926),(12,3201),(48,415),(59,3822),(67,3451),(81,3568),(91,3508)]	20.126295
750	[(6,3817),(7,2577),(13,2496),(15,2971),(20,4777),(36,3457),(55,1319),(59,1249),(64,4035)]	20.142023
751	[(3,4922),(4,2015),(20,5222),(30,354),(43,3526),(60,92),(61,3346),(70,4292),(76,1166),(81,3003),(87,4825)]	20.399398
752	[(12,3145),(21,3121),(27,2399),(34,4730),(38,1598),(41,1077),(56,1959),(61,5539),(71,289),(72,4607),(74,1612),(80,2466)]	20.358335
753	[(24,21),(31,3443),(34,1407),(37,608),(60,1254),(62,342),(66,636),(72,3548),(74,352),(75,2125),(79,4564),(91,274)]	20.290151
754	[(24,2168),(36,5459),(40,527),(42,1076),(47,3565),(83,791)]	19.950445
755	[(1,406),(9,316),(30,2548),(33,3751),(49,465),(53,1234),(62,308),(63,3325),(83,1802)]	20.355378
756	[(10,1162),(17,2044),(28,1633),(46,4719),(47,2123),(74,493),(76,3313),(80,4023),(92,5013)]	20.215708
757	[(3,969),(24,2612),(30,4608),(34,3745),(36,3515),(73,2877),(82,340)]	21.503848
758	[(1,572),(14,484),(16,505),(35,4042),(38,5429),(39,396),(59,4679),(75,327),(92,2646)]	21.026446
759	[(13,847),(40,151),(66,1400),(68,604),(86,1570),(88,2639)]	20.846457
760	[(31,27),(44,4882),(61,2922),(65,2898),(88,501)]	20.303959
761	[(6,5589),(12,1405),(25,227),(30,1046),(43,2013),(54,2779),(61,2956),(65,378),(87,2516),(90,3770),(91,1289)]	20.497279
762	[(30,5142),(51,3344),(63,3573),(75,959),(79,28)]	20.311759
763	[(3,1992),(23,3066),(31,3199),(44,3250),(56,749),(75,4082),(79,2962),(91,642)]	20.213621
764	[(1,2946),(11,3157),(18,4490),(26,1599),(34,5580),(62,2756),(74,4516),(88,1843),(89,3285)]	20.156609
765	[(0,175),(7,4747),(56,959),(70,904),(72,2166),(74,3671)]	20.017851
766	[(3,2082),(4,4174),(26,1470),(30,3797),(32,4286),(51,1352),(64,3885),(72,1233),(83,2896)]	19.917490
767	[(5,687),(7,770),(54,3097),(58,2460),(62,4797),(67,547),(74,3948)]	20.533909
768	[(0,1812),(14,5293),(16,731),(48,2779),(49,4763),(67,229),(72,1516),(74,5080),(85,4803)]	20.111667
769	[(4,2956),(34,2253),(42,2642),(47,3296),(84,5363),(87,2346),(92,5153)]	20.121409
770	[(9,2672),(43,2375),(58,3476),(59,1084),(69,2879),(74,2230),(82,5258),(88,232)]	35.994715
771	[(0,5441),(13,4417),(20,718),(42,2622),(53,3230),(69,1987)]	26.492206
772	[(5,3118),(23,3528),(32,338),(48,2676),(55,5313),(56,2483),(82,296)]	20.639610
773	[(3,3780),(12,3022),(34,4327),(52,3842),(68,3969)]	20.012018
774	[(0,2480),(9,4927),(29,3271),(41,3237),(42,1294),(50,3533),(60,5257),(65,3738),(88,856),(91,5412)]	20.222249
775	[(23,5165),(40,2742),(44,1696),(48,2245),(50,3088),(58,1768),(73,5502),(80,2434),(82,1804)]	20.576191
776	[(3,5195),(8,2320),(12,3629),(38,5454),(72,692),(75,1966),(84,2702)]	19.848710
777	[(0,578),(1,1178),(4,1967),(39,169),(52,2990),(63,1891),(65,4744),(86,884)]	19.956972
778	[(1,1890),(3,1564),(10,5137),(17,5219),(23,1521),(35,3987),(66,4988),(80,1762),(86,4630)]	20.237858
779	[(9,3744),(11,5520),(12,3362),(23,65),(33,4079),(56,2654),(59,145),(67,2052)]	20.803580
780	[(19,2103),(26,277),(83,5222),(88,4090),(91,3989)]	20.715483
781	[(2,5070),(5,1151),(10,311),(25,3969),(35,1597),(60,3133),(62,4878),(69,2901),(70,2523),(91,4697)]	19.998701
782	[(6,3814),(18,5076),(21,5574),(45,2737),(61,4044),(73,2774)]	20.222710
783	[(14,4977),(26,4808),(35,474),(41,4144),(46,4560),(65,2281),(75,1231),(88,432)]	20.376224
784	[(5,1050),(11,1670),(14,3793),(18,232),(40,495),(51,2465),(52,2298),(53,324),(55,2658),(61,2250),(75,1134)]	23.978167
785	[(3,999),(30,4754),(42,2768),(61,1145),(70,5332),(84,940)]	26.002267
786	[(10,4891),(15,1881),(30,2122),(34,2254),(46,2613),(58,298),(68,2072)]	20.723860
787	[(3,2907),(13,4194),(22,3751),(25,462),(27,622),(29,1582),(31,4906),(32,1075),(38,3070),(41,907),(55,3565),(62,2061),(65,5410),(86,2066)]	22.686120
788	[(14,349),(23,5084),(43,1319),(49,5597),(59,2033),(61,4491),(81,2689),(83,3005)]	21.905325
789	[(27,1572),(31,3600),(49,5531),(50,818),(62,2184),(65,571),(72,3433),(84,5062)]	20.942169
790	[(2,2926),(3,4587),(6,3390),(7,1789),(18,3001),(33,2408),(51,5183),(53,4897),(59,3266),(63,2752),(66,1916)]	20.792323
791	[(20,3651),(26,595),(40,3242),(63,1848),(76,2921),(79,2821),(92,389)]	20.339231
792	[(27,3436),(31,3221),(33,1213),(41,1162),(51,336),(63,2473),(66,4113),(71,5416),(85,4186),(91,3351)]	20.013479
793	[(7,1468),(12,1490),(37,4812),(41,4123),(51,4639),(70,2393),(72,1947),(83,3495)]	20.500415
794	[(16,949),(28,2064),(37,5479),(48,4910),(66,1347),(70,3311),(75,1852)]	20.522882
795	[(2,4787),(13,4139),(17,2933),(32,3101),(36,676),(53,2518),(61,5555),(70,3816),(71,4204),(84,5446),(87,2868),(88,4579)]	20.921795
796	[(5,5221),(6,3768),(21,1115),(41,3974),(69,2737)]	20.687626
797	[(4,2321),(47,1989),(53,1148),(69,503),(82,668),(83,1687),(88,16)]	20.782072
798	[(17,5287),(27,2969),(33,4772),(39,68),(40,5413),(41,4802),(52,828),(65,471),(69,4696),(71,3902),(76,5358),(78,4281)]	21.898555
799	[(34,2353),(46,2150),(54,3204),(57,2189),(64,4519),(72,5084),(77,1219),(85,2236)]	20.417425
800	[(3,5160),(6,1493),(13,3628),(19,4543),(28,1762),(59,1004),(60,4703),(61,3752),(70,5492),(74,2481),(81,4757)]	20.952129
801	[(3,4316),(13,2912),(22,1800),(36,1452),(48,961),(89,5132)]	21.110269
802	[(3,676),(4,4285),(8,4711),(39,1657),(54,5093),(64,1171),(65,3831)]	21.655758
803	[(3,5195),(21,1122),(35,3458),(47,765),(51,3019),(73,3400),(80,4009),(81,1166)]	20.907305
804	[(21,746),(25,1865),(36,5208),(42,2527),(48,2349),(66,4139),(83,262)]	20.340134
805	[(1,4152),(3,4666),(6,961),(29,2131),(42,5323),(49,3116),(53,2957),(59,1949),(61,1293),(65,5012),(67,369)]	21.555049
806	[(4,3173),(11,2736),(14,683),(18,2568),(37,4249),(56,5144),(59,83),(61,813),(66,4732),(72,2555),(84,5293),(92,1936)]	20.676283
807	[(14,4397),(32,2347),(35,343),(41,1818),(60,5139),(62,3164),(65,3337),(68,872),(84,3460)]	21.142635
808	[(5,2758),(44,1041),(66,4090),(70,736),(72,3241),(87,4776)]	20.686366
809	[(0,831),(33,4625),(39,4143),(41,5112),(46,220),(48,2508),(58,4615),(69,3717),(73,597),(74,5113),(90,3268)]	21.602622
810	[(3,3461),(9,2766),(10,5480),(47,5297),(62,4905),(65,241),(89,3884)]	23.610616
811	[(9,1408),(40,3803),(43,634),(57,2707),(62,1834),(69,2259),(92,5385)]	21.519468
812	[(16,2341),(27,5085),(37,4210),(38,3655),(43,4801),(49,3994),(52,1524),(60,4957),(71,642),(80,2315),(82,31)]	33.392733
813	[(10,1055),(26,495),(30,2797),(37,4096),(39,1664),(53,5297),(60,217),(65,4454),(91,3646)]	20.552653
814	[(2,2429),(9,3831),(10,4576),(15,4239),(16,324),(21,1612),(62,5119),(74,4775)]	20.163829
815	[(1,981),(15,3249),(18,3244),(31,3914)]	19.773273
816	[(1,1153),(2,3663),(21,1507),(23,975),(32,3354),(43,3275),(63,5425)]	20.722924
817	[(8,795),(11,1359),(14,2440),(25,2094),(27,155),(33,1043),(35,3989),(46,2855),(48,607),(90,2041),(92,4475)]	20.041300
818	[(11,4243),(20,5224),(25,2455),(43,433),(52,3420),(85,4230)]	43.143977
819	[(21,1828),(29,5426),(44,747),(45,5117),(49,645),(59,2358),(79,2751),(81,3740),(83,4206)]	27.700874
820	[(8,1656),(54,3155),(72,4295),(77,2181)]	20.413448
821	[(15,2524),(19,1294),(30,2588),(31,867),(70,3302),(82,3418)]	19.957876
822	[(17,5219),(31,4857),(66,950),(67,2334),(87,4650)]	19.893721
823	[(6,2956),(15,2673),(19,829),(22,889),(27,5132),(31,3696),(32,4433),(35,1531),(36,5179),(45,607),(49,3881),(55,3008),(56,2640),(66,4953),(86,4109),(91,2236)]	19.841109
824	[(12,1168),(15,1031),(21,1083),(32,3739),(39,192),(48,731),(50,1480),(75,2253),(90,3935)]	21.340665
825	[(8,4035),(12,1178),(33,750),(38,2570),(46,2943),(55,5436),(58,3691),(83,2766),(87,444)]	20.299991
826	[(8,558),(11,334),(63,1235)]	23.665249
827	[(19,1588),(23,5423),(29,2373),(47,1859),(49,618),(57,4730),(58,5181),(63,2954)]	44.118488
828	[(9,1726),(33,3465),(49,3340),(51,5520),(52,3362),(56,2170),(58,5151),(59,136),(63,2434),(69,0),(78,1742)]	27.234726
829	[(15,5225),(21,1471),(22,519),(26,2392),(31,4452),(43,1483),(54,1435),(67,4809),(74,3273),(82,964),(86,4917),(87,877)]	26.716712
830	[(11,1107),(16,5588),(25,4143),(55,3036),(57,1412),(58,4569),(80,149),(84,5520)]	20.269961
831	[(0,18),(9,4913),(15,5157),(24,1381),(46,239),(53,3356),(72,1144),(77,4904)]	23.064173
832	[(1,5553),(4,1086),(13,362),(16,105),(32,2695),(41,3488),(49,332),(68,5069),(90,3209)]	22.219023
833	[(19,1174),(32,1196),(52,1610),(55,2618),(74,1447),(76,3578),(81,1657)]	21.187120
834	[(4,2885),(8,400),(33,1965),(42,861),(64,1774)]	20.976149
835	[(39,3829),(75,4760)]	30.386397
836	[(13,3598),(29,5398),(32,1133),(48,2822),(57,1484),(60,3773),(61,4727),(63,690),(72,5136),(78,3133)]	20.774039
837	[(1,366),(12,2257),(25,5530),(45,2742),(51,4622),(64,4993),(78,2051),(91,1566)]	22.101744
838	[(26,5543),(54,2058),(61,713),(77,1000),(91,2760)]	20.123367
839	[(26,2166),(40,47),(56,3250),(72,454),(91,4013)]	20.612792
840	[(13,2057),(27,77),(28,3618),(46,966),(47,2775),(81,5426)]	20.483760
841	[(10,1216),(16,4274),(28,5236),(41,2057),(47,1143),(74,4440),(77,3247),(86,1312),(89,4957)]	22.845228
842	[(8,5154),(15,2640),(43,5340),(74,4247),(78,2911),(81,4455),(89,1455),(91,957)]	34.198051
843	[(4,2984),(5,2117),(39,5281),(41,2811),(57,4747),(59,1711),(60,4148),(65,3866),(67,3074),(72,2416),(76,2374),(90,4739)]	44.504687
844	[(23,1091),(49,815),(50,274),(60,5072),(88,1268),(91,168)]	44.338866
845	[(4,1586),(6,1526),(17,2328),(27,3364),(28,1831),(35,3709),(56,4264),(58,2989),(61,2440),(70,4580),(89,3830)]	44.318962
846	[(14,5004),(17,853),(20,1232),(21,1324),(29,1973),(52,2924),(53,1819),(77,2988)]	44.828729
847	[(1,3037),(22,939),(46,2284),(47,1429),(52,882),(58,4798),(60,3490),(64,17)]	30.203058
848	[(3,4891),(12,3104),(21,827),(27,4206),(38,3250)]	20.136855
849	[(2,5547),(14,3684),(15,2218),(16,4488),(29,1439),(51,1217),(77,1360)]	20.981845
850	[(3,848),(4,633),(21,5538),(22,1753),(34,148),(35,5607),(47,4181),(57,2922),(58,5209),(60,5087),(77,3387),(86,4781)]	21.414978
851	[(36,3677),(39,3010),(46,4038),(65,2797),(73,1612),(79,1336)]	20.586736
852	[(4,5063),(12,2841),(13,5042),(19,1980),(41,5396),(48,3738),(49,3584),(51,2276)]	20.674550
853	[(6,4936),(16,4338),(22,3958),(25,5596),(29,4088),(42,5115),(47,3699),(55,2309),(59,5558),(68,3228),(75,2950),(85,1863)]	19.986562
854	[(2,3367),(12,4058),(20,5232),(46,1957),(71,3764),(91,2732)]	19.880112
855	[(3,5519),(4,3724),(12,1954),(19,2156),(56,5349),(68,2940)]	23.022831
856	[(11,1743),(19,5520),(24,4358),(45,801),(58,1046),(61,194),(78,2138),(86,796),(87,1832),(91,3027),(92,2749)]	19.853540
857	[(32,4361),(40,2407),(42,928),(47,832),(55,2957),(61,3399),(62,2928),(63,747),(64,5117),(71,3757),(74,4353),(82,2482),(83,4058),(87,680)]	19.920393
858	[(1,5171),(6,1013),(18,306),(26,4300),(49,2888),(66,1299),(86,4531)]	25.388386
859	[(1,2169),(6,514),(30,2776),(54,853),(57,1924),(69,3442),(72,5310),(83,1207),(88,2509)]	37.594355
860	[(5,1279),(12,925),(15,3509),(25,2526),(26,2663),(72,876),(74,4150)]	20.463510
861	[(6,2498),(8,4054),(16,5072),(22,4948),(32,5051),(35,5546),(51,2495),(62,286),(74,1279),(78,3145),(92,994)]	20.052146
862	[(2,804),(17,1245),(31,239),(35,1235),(64,4721),(67,4089),(72,4860),(92,993)]	19.714442
863	[(2,548),(16,4317),(74,3458),(79,4243)]	20.222446
864	[(19,3991),(68,1672),(73,125),(80,5354),(91,4618)]	20.657303
865	[(8,3083),(10,2738),(16,3709),(33,4854),(38,2534),(43,656),(72,1278),(80,94)]	31.981025
866	[(7,961),(24,2920),(42,5056),(46,603),(72,212),(73,2092),(82,3125)]	44.169906
867	[(36,5288),(87,3541)]	46.964906
868	[(0,3225),(5,3346),(45,3360),(54,5477),(62,1),(83,2319),(88,2289),(91,3673)]	43.965188
869	[(1,1405),(8,313),(13,4153),(19,3787),(26,652),(41,2630),(44,4348),(46,3516),(71,4325),(81,5562),(83,4755)]	45.622871
870	[(2,3163),(20,5298),(25,1910),(29,1046),(42,444),(51,3583),(65,2396),(69,3295),(74,5450),(81,302),(86,1994)]	42.037007
871	[(0,1570),(8,235),(9,775),(26,1230),(44,1795),(49,4241),(58,4035),(59,1066),(72,2776),(73,4262),(85,440)]	41.033258
872	[(5,2138),(22,3350),(27,2730),(37,1446),(40,2380),(41,4725),(55,1133),(58,3029),(61,2596),(63,912),(64,3326),(73,5376),(86,5529)]	41.404582
873	[(8,924),(22,2170),(29,5175),(30,3953),(40,1729),(41,2263),(64,3922),(77,3774),(79,1817),(91,4489),(92,1971)]	41.470749
874	[(19,3295),(31,2259),(32,4844),(33,1585),(35,2697),(38,4769),(52,3373),(61,4731),(62,4907),(73,4353),(90,4818)]	41.451842
875	[(10,5117),(16,4571),(28,5056),(35,123),(56,235),(57,775),(77,2216),(92,388)]	41.535530
876	[(3,3429),(6,5597),(20,4212),(61,526),(65,5590),(68,3722),(73,2663),(74,508),(75,2600),(90,1703)]	40.027510
877	[(17,3483),(28,3616),(29,1029),(38,802),(63,3895),(73,3610),(82,4426),(85,2771),(92,639)]	40.322229
878	[(7,937),(12,4503),(20,4841),(26,3799),(30,5581),(39,2797),(58,2518),(62,2849),(63,3198),(72,5564),(90,3112)]	41.656341
879	[(8,2302),(34,81),(78,2891)]	44.098355
880	[(9,609),(14,1878),(34,955),(68,978),(85,5068)]	41.206660
881	[(30,539),(39,4303),(41,743),(77,3959),(80,1499),(84,3995),(89,18),(91,4999)]	40.635574
882	[(1,3524),(3,1948),(5,371),(6,3362),(17,2561),(22,1388),(39,2732),(63,2439),(76,5532)]	39.878958
883	[(23,754),(51,1847),(62,1820),(84,937),(92,79)]	40.177007
884	[(49,196),(58,2749),(69,4409),(92,2561)]	39.640258
885	[(0,2144),(9,2272),(30,5186),(45,5350),(52,5493),(83,3949),(86,2195),(92,3560)]	42.220904
886	[(30,3719),(63,1126),(72,2472),(73,490),(85,627)]	46.296268
887	[(0,3471),(1,2923),(3,5209),(20,2100),(25,2095),(44,5449),(50,2186),(58,2793),(59,4257),(90,4204)]	49.133654
888	[(0,1164),(3,2709),(7,1733),(9,1146),(15,2065),(30,5157),(62,594),(72,800)]	45.623183
889	[(0,4208),(5,3447),(9,1063),(11,1186),(14,1386),(37,72),(79,3272),(81,5360),(92,39)]	40.266351
890	[(29,882),(33,3178),(57,3771),(65,5010),(86,175)]	42.007880
891	[(4,874),(21,1620),(32,767),(42,2524),(49,241),(59,3210),(89,1169)]	50.415793
892	[(2,327),(16,5355),(56,1718),(62,3500),(74,4653),(76,4396)]	43.163071
893	[(10,149),(29,33),(48,1817),(71,5587)]	39.842162
894	[(0,1671),(4,1353),(25,406),(31,698),(56,2353),(64,2148),(86,1534)]	39.488257
895	[(13,3057),(34,2763),(69,1258)]	39.380642
896	[(5,4060),(15,3613),(21,3701),(30,646),(37,2895),(40,3612),(56,4069),(88,197)]	38.902909
897	[(46,1506),(60,1765),(74,1913)]	38.301806
898	[(0,3286),(1,2820),(27,949),(30,22),(35,5503),(40,5239),(52,5575),(56,2602),(58,4537),(62,5153),(63,390),(70,4372),(83,1369),(86,3822)]	40.992447
899	[(0,112),(26,801),(42,1030),(46,791),(58,770),(86,407)]	40.080714
900	[(53,2908),(58,1370),(78,5051),(83,4936)]	41.323464
901	[(8,1999),(11,1056),(30,3985),(45,3283),(47,493),(49,3248),(50,1118),(78,1623)]	42.663201
902	[(2,3939),(6,1136),(18,4407),(26,296),(33,1737),(39,2193),(46,4838),(48,3483),(60,3109),(62,823),(68,167),(79,1611)]	40.637145
903	[(3,2542),(12,3765),(20,4129),(29,2607),(32,4673),(36,3704),(69,4416),(72,1428),(86,339)]	40.659810
904	[(0,4030),(39,4890),(40,5588),(41,2721),(43,2869),(58,1090)]	40.522525
905	[(2,2417),(22,1457),(44,462),(60,5112),(62,2827),(73,4737),(77,1091),(78,4095),(81,506),(82,2327),(83,3567),(91,3060),(92,1200)]	47.262616
906	[(1,950),(2,2334),(21,1443),(24,2251),(30,3162),(32,709),(36,4916),(46,1779),(50,2113),(51,1694),(52,5238),(56,4389),(60,4551),(62,604)]	42.353080
907	[(13,4643),(30,5160),(52,1097),(75,2457),(82,4647)]	41.093695
908	[(0,4764),(9,2815),(12,2334),(32,4471),(43,4325),(45,3886),(64,2956),(91,1575)]	41.044720
909	[(2,3213),(5,1023),(8,4004),(11,1385),(22,2255),(30,2925),(44,1016),(52,2553),(76,3880),(81,2887)]	42.790808
910	[(12,3828),(16,39),(34,2536),(41,1196),(43,3077),(45,1587),(48,3107),(51,4429),(52,637),(54,5024),(66,1275),(82,3988)]	39.505228
911	[(5,3957),(18,832),(25,2582),(38,3838),(40,1612),(46,1423),(92,4484)]	43.884841
912	[(37,2625),(44,4296),(52,5423),(76,4604),(85,3836)]	44.003560
913	[(30,1708),(33,4557),(34,11),(37,1770),(44,1696),(52,4194),(57,2208),(63,2939),(78,348),(82,1344)]	40.766914
914	[(10,4762),(16,2395),(17,5075),(23,3952),(31,630),(40,542),(42,1107),(51,2981),(58,2012),(80,4092),(89,2591)]	42.654570
915	[(18,3700),(21,3839),(25,3932),(28,529),(31,742),(52,3420),(59,3756),(85,2349)]	46.621620
916	[(41,3890),(50,3097),(68,685),(76,5353),(84,2394),(85,2811)]	41.662821
917	[(2,3603),(7,3810),(15,2245),(33,1207),(34,3193),(36,5337),(38,561),(75,2989)]	40.808467
918	[(20,4178),(28,4235),(32,1044),(36,1116),(58,4300),(72,4240),(73,876)]	43.516866
919	[(12,2583),(17,4043),(32,5249),(35,1989),(36,1976),(59,1126),(65,2880),(67,723),(72,1559),(74,3649),(76,3415),(80,5272),(81,2692),(83,2949)]	40.109529
920	[(14,965),(24,4520),(27,4704),(38,3384),(41,295),(48,5041),(51,2690),(52,5367),(55,4269),(61,361),(62,3376),(80,2666)]	40.480239
921	[(9,548),(10,5),(41,1154),(87,673)]	40.389964
922	[(18,1019),(30,4161),(58,1667),(65,772),(86,2285),(92,2981)]	40.973408
923	[(2,4964),(3,358),(4,18),(6,4999),(14,3422),(35,3848),(39,2288),(52,4005),(74,4510),(75,5062),(77,4881),(80,2026),(83,4284),(90,4198)]	40.084219
924	[(11,3371),(22,1806),(30,936),(36,4392),(56,5046),(63,4189),(68,3221),(85,2843),(92,272)]	40.644658
925	[(20,3724),(25,3590),(40,2568),(46,4631),(62,725),(87,3278),(92,2288)]	39.898019
926	[(25,477),(31,5063),(34,5600),(36,2341),(39,1689),(47,2408),(48,4965),(54,2205),(56,1416),(64,3264),(76,445),(77,5095),(82,4823),(91,2479)]	40.240128
927	[(6,4203),(29,3796),(32,2150),(37,3559),(40,4426),(61,2564),(67,344),(70,2406),(86,5208)]	40.578755
928	[(8,2988),(10,4946),(20,3447),(52,4627),(83,3678),(92,2323)]	43.968102
929	[(26,4010),(35,2989),(40,4641),(42,1319),(51,1730),(63,4532),(80,5272)]	39.269170
930	[(10,1633),(14,3966),(35,2350),(44,1141),(54,4829),(60,3319),(74,5053),(89,3575)]	39.930948
931	[(0,2017),(2,3701),(19,4408),(22,3106),(34,2942),(41,2118),(58,4321),(60,3860),(61,4446),(71,1837),(73,1931),(77,2749),(79,184),(87,5553)]	39.975880
932	[(19,722),(20,5336),(37,4921),(39,720),(47,4935)]	39.528511
933	[(30,751),(55,1676),(64,4423),(67,4945)]	41.320421
934	[(0,3798),(15,4097),(25,5352),(30,4335),(44,687),(46,4382),(59,3044),(71,1272),(79,5143),(86,1089),(92,420)]	39.380027
935	[(1,3596),(2,2285),(21,2967),(31,3433),(42,2047),(48,111),(50,2960),(78,5283),(82,3797)]	38.752648
936	[(8,1835),(15,3017),(22,1238),(24,1855),(47,1315),(56,5134),(67,2002),(69,4314),(72,440),(78,4527),(81,5500),(89,2208)]	40.924235
937	[(9,1330),(22,4143),(39,4051),(64,3367),(78,4458)]	39.575574
938	[(7,5472),(9,1585),(12,3858),(23,908),(44,2751),(62,4087),(69,2871),(78,352),(79,2125)]	39.225032
939	[(6,2690),(14,4978),(18,4517),(20,761),(32,68),(35,2106),(36,3813),(50,3445),(54,4344),(74,5109),(78,3504),(81,196),(82,4192)]	42.295518
940	[(6,5076),(7,932),(24,609),(31,4153),(32,5397),(38,121),(44,4275),(54,1917),(55,2781),(67,289),(75,3161),(85,3177),(88,4382)]	47.332709
941	[(25,5053),(37,5578),(43,3118),(57,4076),(64,2956),(65,4617)]	61.267772
942	[(23,4693),(25,4124),(83,3899)]	39.872202
943	[(0,3954),(1,1485),(6,3844),(9,659),(13,1215),(32,4774),(33,3811),(46,265),(61,4295),(62,2600),(86,1911),(89,1300)]	47.233833
944	[(9,5378),(13,4041),(18,1230),(33,4316),(42,3761),(59,5581),(84,2905),(88,2597),(89,413)]	43.774221
945	[(4,2490),(8,4110),(32,2891),(37,1617),(38,5233),(55,3183),(68,2192),(69,2862),(76,324)]	39.987447
946	[(4,4755),(28,5438),(40,4189),(55,3749),(67,5463),(73,3656)]	40.368310
947	[(21,5465),(24,1528),(50,110),(57,460),(73,2383),(75,4523),(87,837)]	39.366101
948	[(33,306),(50,1475),(53,5291),(56,692)]	39.309987
949	[(9,572),(19,5018),(20,52),(32,5522),(38,673),(80,5409)]	44.332516
950	[(7,3532),(8,990),(10,2494),(20,96),(40,2943),(50,3082),(73,5038)]	44.125625
951	[(12,1510),(47,749),(58,63),(63,1805),(92,3258)]	41.731857
952	[(21,1542),(29,1316),(39,755),(40,3903),(49,2736),(53,3053)]	39.708912
953	[(15,3143),(17,5466),(20,3251),(31,537),(32,985),(59,1507),(60,2451),(81,3516)]	40.863605
954	[(3,1493),(13,3170),(18,1044),(27,169),(45,5240),(53,1488),(57,976),(59,4971),(68,2680),(69,1024)]	44.437715
955	[(9,4472),(44,3229),(51,351),(81,2081)]	42.644138
956	[(5,264),(16,2428),(24,1004),(36,2169),(58,2392),(65,5383),(68,1237),(72,4880)]	41.841133
957	[(15,4504),(23,3227),(24,3989),(53,4898),(75,2726),(80,3215),(82,4520)]	44.051326
958	[(17,2118),(28,274),(56,3373),(70,2355),(71,2071),(79,5271),(82,4325),(89,2456)]	41.722973
959	[(5,4991),(11,3118),(16,3058),(21,4029),(29,236),(38,4671),(39,1498),(51,1493),(54,1918),(61,2208)]	42.296875
960	[(8,1923),(28,5291),(69,2851),(75,2224),(76,2418)]	42.002160
961	[(7,4619),(15,19),(21,1669),(60,4012),(72,664),(79,5142),(83,5245),(91,2294)]	42.412616
962	[(10,4103),(17,3047),(19,272),(21,4846),(29,3867),(35,3370),(40,521),(51,4444),(52,1450),(86,20)]	46.781225
963	[(23,1946),(24,3964),(44,5116),(48,2867),(52,2834),(56,3954),(76,1967),(77,5193),(86,2086)]	32.147795
964	[(4,5017),(6,2963),(11,2294),(38,3288),(41,587),(45,3961)]	21.819152
965	[(20,3318),(22,2555),(40,266),(47,4983),(55,4631),(60,3663),(63,4827),(64,866),(78,1904),(79,4259),(86,3964),(91,1188)]	23.315105
966	[(10,3612),(44,4026),(50,1278),(81,1567)]	20.781689
967	[(0,3964),(29,4021),(80,82)]	20.657568
968	[(18,3699),(24,5429),(31,4380),(36,1784),(65,2381),(83,5318),(85,3818)]	38.918407
969	[(19,194),(20,5374),(26,4481),(28,89),(30,2318),(37,2656),(43,4474),(54,1351),(72,2144)]	21.030199
970	[(11,3644),(14,1978),(27,2452),(32,884),(85,4028),(91,1036)]	20.803269
971	[(0,5591),(24,966),(25,2775),(31,4029),(46,5471)]	20.044878
972	[(9,2027),(15,4),(67,3253),(68,3588),(75,4054)]	20.101741
973	[(24,206),(32,2216),(35,3582),(56,5558),(65,4290),(79,1042),(81,1202),(83,3902)]	20.172660
974	[(10,5222),(13,685),(15,3884),(43,247),(72,4027),(79,427),(80,1155),(82,3440),(83,2082),(84,4174)]	21.774791
975	[(24,3958),(28,3993),(29,1450),(38,2784),(45,2630),(58,4657),(66,1132),(85,1601)]	20.765734
976	[(7,21),(12,2778),(26,2691),(37,2777),(38,2480),(52,1978),(64,3989),(72,5371),(78,2482),(92,3483)]	21.064194
977	[(25,2568),(27,4886),(34,3143),(36,5466),(43,3599),(45,1537),(46,617),(48,179),(58,3734),(59,1419),(87,1284)]	20.679405
978	[(11,506),(12,2327),(28,4503),(31,2889),(44,2787),(59,128),(61,1002),(73,4458)]	20.445132
979	[(11,4616),(32,2236),(56,2414)]	20.782768
980	[(14,3327),(27,5300),(28,844),(44,2819),(45,5241),(52,3878),(53,4324),(68,2997),(73,4418),(79,3078),(83,2436),(92,5138)]	20.490163
981	[(3,865),(4,4233),(14,4203),(17,3665),(21,7),(29,4109),(33,2645),(72,288),(76,728)]	21.374098
982	[(21,2300),(22,4944),(31,939),(45,4876),(47,5091),(70,3146)]	20.115571
983	[(1,4783),(6,1753),(12,3212),(66,2091),(91,948)]	19.931317
984	[(1,4829),(4,3813),(12,5344),(25,1577),(36,2035),(70,3297),(83,2888)]	20.607425
985	[(6,2364),(12,2047),(22,1481),(38,2803),(52,4211),(66,4231),(83,1967)]	21.118132
986	[(12,5587),(53,1029),(54,2229),(55,3129)]	20.626909
987	[(2,4328),(18,5485),(24,3463)]	20.704426
988	[(9,894),(11,3785),(14,2465),(16,185),(31,5362),(34,4746),(40,3235),(46,1299),(68,4417)]	20.104751
989	[(7,2943),(37,4445),(51,216),(63,743),(78,5406),(89,1830)]	20.555511
990	[(9,3995),(13,37),(18,3943),(47,1031),(76,1584),(88,260)]	20.887614
991	[(6,693),(11,2143),(39,3142),(61,5073),(63,4730),(64,5181),(67,2175),(74,212),(78,977)]	20.597652
992	[(12,4216),(28,69),(49,1027),(69,2852),(85,4486),(91,478)]	20.554209
993	[(13,2584),(42,3026),(45,5242),(83,5313),(86,2224)]	21.775020
994	[(19,2668),(47,849),(54,1077),(55,1321),(63,4481),(68,5452),(75,500)]	20.110641
995	[(5,620),(37,2985),(39,2410),(58,1061),(68,3877),(83,5421),(87,1846)]	20.101428
996	[(14,652),(22,2500),(26,2644),(54,1179),(68,1807),(84,5025),(90,2490)]	20.186835
997	[(0,4699),(14,5446),(15,4084),(18,610),(40,3686),(48,2940),(53,1076),(54,90),(65,2828),(78,75)]	19.878996
998	[(5,1069),(13,1384),(22,4264),(28,4223),(32,612),(40,2153),(41,3170),(61,2184)]	22.543775
999	[(9,219),(34,4151),(38,2537),(42,1952),(47,4036),(50,244),(57,2159),(58,1979),(66,1448),(70,3338),(74,2163),(75,2624),(87,2776),(88,4262)]	20.612966
