ruleset_index	matches	time_ms
0	[(0,2593),(7,676),(27,559),(35,4676),(37,3318),(38,2455),(41,1057),(45,3965),(53,2960),(55,1975),(58,1245),(73,4733),(77,4075)]	51.480641
1	[(4,1726),(13,3023),(61,1454),(63,1109),(76,1857)]	41.980134
2	[(9,3416),(36,3200),(38,2593),(56,3058),(69,2645),(70,3028)]	36.737088
3	[(15,1864),(23,4662),(30,4800),(36,1929),(39,3859),(41,372),(45,882),(51,139)]	37.962883
4	[(5,3589),(7,2180),(8,760),(20,2102),(35,2095),(44,4677),(45,68),(58,3171),(81,1272),(91,1596)]	42.938050
5	[(10,3482),(29,3168),(68,1019)]	38.021677
6	[(2,1899),(16,1862),(33,921),(68,4567),(70,2143),(77,4786),(92,2826)]	39.562513
7	[(22,1564),(26,633),(37,1969),(63,1963),(76,302),(79,1443)]	38.102305
8	[(11,588),(23,2997),(40,715),(45,619),(57,1760),(66,180),(81,1552)]	36.040238
9	[(2,3228),(25,2599),(33,1509),(44,1650),(51,4313),(52,4694)]	35.854020
10	[(15,3048),(42,3249),(48,3411),(55,415),(75,1777),(77,4553)]	35.458979
11	[(9,1556),(23,2721),(51,417),(52,1835),(57,3735),(61,4264),(63,4543),(65,1794)]	35.861407
12	[(2,1362),(11,862),(13,1385),(31,2847),(32,4119),(42,259),(45,151),(53,809),(58,3528),(61,4077),(72,4254)]	36.218254
13	[(22,4734),(54,4000)]	35.145186
14	[(2,1411),(4,887),(55,4451),(64,2346),(67,4346)]	36.549392
15	[(1,183),(19,1131),(27,4697),(33,2712),(74,1998),(75,1528),(82,4173),(83,4545),(91,3651)]	36.098656
16	[(15,89),(27,4567),(51,4687),(62,467),(64,755)]	38.307176
17	[(26,1347),(48,341),(64,3758),(85,1275)]	39.094147
18	[(10,2163),(13,3417),(47,4144),(52,2500),(58,255),(59,4738)]	37.723096
19	[(8,3378),(32,316),(34,4664),(43,416),(50,1313),(85,3252)]	35.521490
20	[(6,1295),(16,4368),(27,198),(29,2917),(32,322),(53,920),(54,586),(56,1094),(57,530),(58,1603)]	36.752660
21	[(29,3896),(55,4370),(61,3027),(69,3944),(76,3231)]	36.797435
22	[(10,2732),(47,4579),(76,3546),(90,2215)]	37.305201
23	[(4,2159),(9,2284),(14,968),(16,1528),(39,3998),(83,1521),(85,2432)]	36.711270
24	[(0,4742),(2,4311),(54,970),(61,615),(74,60)]	37.174887
25	[(28,4111),(45,4515),(63,4762),(74,2743),(83,395),(84,894),(87,1021),(88,2551)]	36.814859
26	[(18,3962),(33,4165),(41,4635),(43,363),(46,1723),(49,357),(50,3153),(55,3840),(73,2781)]	35.751012
27	[(14,3162),(15,1537),(23,987),(55,1426),(61,3196),(63,4397),(68,2776),(81,2004),(86,459)]	35.851582
28	[(5,4366),(12,3571),(19,644),(36,1248),(68,1069),(79,3422)]	40.170892
29	[(15,3568),(17,4221),(40,3733),(74,1463)]	51.316729
30	[(33,355),(45,4664),(55,4624),(57,3041),(66,4527),(77,3742)]	58.212925
31	[(0,2828),(12,329),(13,1941),(19,2749),(21,3807),(23,1230),(33,2505),(36,3446),(48,1986),(83,1441)]	57.194680
32	[(19,2765),(65,3353)]	36.818649
33	[(17,3713),(43,1590),(54,3798),(65,2461),(70,572),(72,3957),(90,537)]	36.211800
34	[(1,2748),(8,1561),(9,143),(11,1627),(39,2801),(41,3805),(45,833),(50,2106),(61,2211),(74,1348),(79,1419),(83,1134)]	37.024687
35	[(43,4231),(88,3494),(89,2165)]	39.473695
36	[(3,4336),(18,2785),(21,1998),(22,1528),(56,1958),(64,431),(65,1142),(92,584)]	51.882679
37	[(4,588),(29,1464),(32,3691),(42,3005),(61,2457),(68,544),(79,2068),(81,4567)]	39.553116
38	[(23,436),(47,3298),(58,735),(67,1804),(82,353),(83,1140),(85,4293)]	36.875817
39	[(0,2346),(3,47),(7,3373),(8,4226),(12,3697),(18,3492),(31,4061),(40,1857),(51,1565),(52,2179),(55,4142),(62,465),(64,2190),(68,4207),(70,1343),(79,2258),(87,1892)]	37.149969
40	[(34,3698),(47,1948),(60,304),(81,1496)]	36.902403
41	[(1,1077),(25,1894),(33,3752),(40,2098),(58,3860),(62,4230),(75,2589),(88,1307),(89,4621),(91,2341)]	36.968681
42	[(1,191),(13,1219),(23,646),(42,4553),(78,743),(92,3666)]	35.997240
43	[(6,3121),(7,2420),(14,1666),(36,2874),(56,2624),(57,837),(59,4593),(62,4189)]	37.226943
44	[(2,4777),(17,1350),(48,4537),(61,3361),(68,442),(75,569),(83,2788)]	37.218405
45	[(4,965),(24,2829),(27,305),(35,2203),(72,2202),(90,4387)]	35.415891
46	[]	35.389726
47	[(27,2939),(29,569),(48,908),(54,1873),(68,3470),(87,2764)]	38.154331
48	[(10,2329),(22,3826),(31,3769),(34,881),(55,3318),(56,2455)]	35.294044
49	[(6,3265),(23,2178),(26,4130),(38,1163),(72,3429)]	37.897097
50	[(24,3296),(29,3528),(34,674),(51,2901),(59,4193),(77,3878),(83,1563),(89,524)]	35.876238
51	[(0,835),(4,2299),(11,4729),(43,4447),(67,2278),(72,3796),(79,4051)]	35.258334
52	[(21,3552),(23,1831),(44,4181),(45,3557),(49,4415),(69,3607),(80,700),(84,2642),(86,4714)]	35.846408
53	[(10,3797),(40,779),(42,3603),(76,2100),(79,4515),(92,4546)]	39.366242
54	[(9,374),(28,411),(43,1640),(44,3980),(46,549),(92,1182)]	34.942071
55	[(0,1946),(2,2820),(4,288),(18,3660),(38,125),(68,2305),(76,3099),(86,1998),(87,1528),(92,2427)]	35.735041
56	[(20,599),(25,4554),(26,4142),(28,1176),(30,4190),(35,69),(40,2354),(66,423),(70,996),(77,1442),(88,658),(89,2173)]	41.107601
57	[(36,4087),(49,4566),(51,2184),(57,1654),(86,790)]	36.905866
58	[(17,952),(29,1805),(37,4300),(38,3802),(42,3231),(44,3541),(68,2547),(78,2388),(86,7)]	43.132282
59	[(13,4005),(36,3174),(41,2368),(44,4425),(46,2005),(57,1370)]	41.224135
60	[(0,4728),(11,1701),(21,3401),(25,2238),(56,48),(85,1175)]	34.238392
61	[(4,3212),(34,1274),(35,4209),(64,1802),(79,2291),(84,981),(87,4143)]	42.911104
62	[(6,372),(16,3482),(54,3874)]	42.267084
63	[(1,2468),(6,3735),(8,4439)]	47.079377
64	[(21,552),(31,2149),(36,402),(56,4443),(77,2156)]	39.005448
65	[(7,2557),(22,3485),(33,3657),(59,3339),(78,291),(81,2479)]	33.646038
66	[(25,1665),(31,3984),(36,4787),(81,1353),(91,945)]	37.108419
67	[(14,1735),(22,996),(35,4363),(44,1271),(55,18),(85,3454)]	40.521583
68	[(4,1655),(40,12),(60,4208),(69,4232),(85,163),(86,458),(92,2566)]	50.820796
69	[(2,2989),(10,3645),(15,2437),(37,1388),(63,1931),(70,1404),(76,3063),(84,2510)]	41.556115
70	[(37,2689),(67,2174),(81,1830),(85,4522)]	37.701734
71	[(20,4515),(36,2756),(55,243),(62,2082),(85,4551),(90,3797),(92,4300)]	34.392627
72	[(11,3813),(38,492),(51,1075),(52,1812),(53,526),(63,4096),(76,3173),(87,3522)]	39.738012
73	[(5,2977),(13,2042),(17,4246),(19,2792),(26,1657),(30,2724),(33,2072),(37,404),(82,746),(85,4392)]	44.241484
74	[(11,4575),(28,1860),(44,1725),(60,412),(66,3782),(90,854)]	39.181065
75	[(6,3729),(70,1905),(80,3638)]	43.185824
76	[(5,1114),(7,1405),(16,1391),(23,473),(31,4450),(49,3272),(56,817),(67,296),(91,1841)]	37.622915
77	[(15,189),(35,1612),(60,217),(64,3703),(69,999),(75,4352),(85,342),(88,1318)]	37.683768
78	[(27,2122),(31,121),(40,3939),(53,206),(64,4627),(68,420),(70,686),(72,3802)]	37.610079
79	[(6,3797),(10,2161),(32,4750),(39,2578),(40,2523),(51,205),(55,3232),(65,1011),(79,4643)]	42.765584
80	[(0,771),(2,2754),(9,1324),(28,737),(42,4132),(51,690),(75,1569),(84,1182)]	49.719033
81	[(3,275),(14,4235),(22,1723),(26,1690),(44,1711),(60,2012),(66,4204)]	44.559375
82	[(11,1639),(19,3384),(21,264),(22,419),(31,4350),(36,17),(41,4536),(74,4563),(85,1157),(90,1009)]	41.485420
83	[(9,2416),(22,295),(38,2689),(46,4437),(53,3287),(55,4643),(68,1945),(78,927)]	39.325798
84	[(7,675),(16,2252),(20,2011),(22,4059),(31,2747),(35,1567),(75,724),(85,3355),(89,651)]	45.622475
85	[(18,1319),(25,557)]	46.634616
86	[(3,4393),(47,2219),(48,1307),(61,2684),(62,837),(64,2986),(82,4217)]	41.001383
87	[(1,3963),(5,681),(9,1477),(15,1876),(47,2429),(50,2396),(68,1277)]	42.014949
88	[(17,1043),(21,1283),(29,4521),(35,3655),(72,2032),(75,2874)]	40.832554
89	[(2,2944),(5,252),(7,1372),(51,2046),(54,4374),(68,1660)]	39.951164
90	[(29,553),(37,1128),(60,3851)]	34.664523
91	[(17,564),(18,250),(50,3095),(55,1399),(91,80)]	19.146038
92	[(7,1699),(68,4574),(81,834),(88,3081),(90,1997)]	18.565974
93	[(16,3226),(20,162),(25,4432),(30,3557),(38,3641),(59,2788),(64,3828),(86,3304)]	18.690849
94	[(14,1097),(47,2535),(67,3099),(75,1207),(79,640),(90,3527)]	18.473931
95	[(21,517),(48,1282),(87,4343)]	18.242361
96	[(27,742),(30,3306),(32,3117),(45,4636),(46,1652),(63,1896)]	19.376540
97	[(29,3512),(30,1892),(39,1455),(40,4648),(41,4761),(42,2538),(54,2261),(64,4370),(77,3281),(82,525),(84,2744)]	19.035852
98	[(64,3053),(70,4746)]	18.779693
99	[(5,2217),(8,1199),(17,147),(18,1669),(43,3707),(55,772)]	19.077425
100	[(4,3854),(20,3893),(38,4515),(55,3031),(62,323)]	19.167836
101	[(1,418),(3,804),(6,2932),(8,1100),(27,4007),(29,3671),(42,3921),(44,1701),(52,242),(61,3645),(64,4353),(69,1446),(70,2162),(91,3228)]	18.421992
102	[(30,2787),(75,406)]	18.060918
103	[(0,878),(13,1862),(48,2947),(49,4400),(51,639),(58,4234),(72,4755),(78,855),(91,3344)]	18.120538
104	[(6,2725),(24,4775),(39,2848),(44,2236),(57,597),(65,2089),(74,4732),(85,4620)]	19.287935
105	[(0,2209),(26,1709),(59,3721),(66,2871),(87,2624),(90,3724)]	20.105372
106	[(7,945),(14,2140),(21,1437),(32,1234),(44,3468),(50,1281),(69,2631),(74,1414)]	19.165888
107	[(29,3016),(32,3617),(90,3515)]	18.814554
108	[(33,1025),(52,2871),(61,2757),(84,599)]	18.622599
109	[(9,4076),(11,3449),(45,1923),(49,2990),(56,1742),(58,673),(68,181),(71,4121)]	18.328007
110	[(0,3642),(3,4807),(25,3910),(29,3693),(43,4424),(55,3776),(58,4288),(78,2576),(84,327),(86,1876)]	19.022377
111	[(11,332),(17,2674),(34,1525),(65,3989),(70,986),(75,2419),(85,1006),(91,3000)]	20.510464
112	[(32,2684),(33,590),(41,695),(42,2024),(49,4518),(51,3921),(52,3454),(62,606),(63,3286),(75,4350),(80,3129),(87,1823)]	18.958246
113	[(4,4445),(5,2142),(11,282),(13,2286),(14,3895),(22,2977),(30,2854),(38,3476),(64,4621),(87,2597)]	21.511947
114	[(8,2450),(30,3063),(36,2445),(38,1264),(58,1352),(73,686),(78,1087),(89,2702)]	18.581930
115	[(4,3083),(13,1472),(29,4233),(42,2678),(43,774),(52,3573),(65,1665),(75,1463),(79,307),(85,1407)]	18.416640
116	[(4,2025),(7,1005),(43,2654),(45,4272),(63,1962),(66,4595),(73,1325)]	18.413737
117	[(1,2939),(9,1414),(43,191),(79,70),(81,3486)]	21.957528
118	[(24,2061),(26,2748),(69,2899),(73,2439),(88,1821)]	18.753277
119	[(66,2170),(69,2569),(76,334)]	18.286365
120	[(4,3998),(5,994),(11,4500),(13,1436),(55,1301),(71,1638)]	23.132028
121	[(10,264),(11,419),(21,3396),(62,2364),(66,2691),(85,740),(88,1046)]	27.311648
122	[(12,3540),(18,1039),(21,493),(41,1221),(66,2226),(69,931),(78,1406),(80,578),(88,4204)]	18.242494
123	[(16,2925),(39,794),(69,4757),(79,3754),(91,1549)]	21.115768
124	[(20,224),(28,3208),(55,3245),(57,3230),(88,569)]	20.768003
125	[(49,2316),(74,1582)]	20.996812
126	[(10,3550),(16,29),(19,4553),(20,4393),(32,1857),(40,4418),(43,1967),(46,2222),(47,2674),(74,2301)]	20.762986
127	[(7,808),(29,4788),(43,529),(57,1146),(64,2260),(66,466),(74,786),(75,3599),(92,4508)]	18.204389
128	[(10,2062),(25,1061),(63,1911),(78,1608),(82,3298)]	18.615829
129	[(0,3743),(11,1402),(21,3113),(43,1641),(47,94),(48,611),(49,678),(55,1368),(59,2441),(84,2138)]	21.556870
130	[(0,2109),(19,299),(20,3206),(35,657),(40,202),(54,4628),(62,3136),(77,3764),(80,3872)]	18.916995
131	[(12,3470),(24,2012),(33,4442),(60,2740),(64,3783),(84,4742)]	22.155581
132	[(15,705),(16,585),(23,2000),(29,4057),(37,2929),(43,3720),(63,4687),(64,3737),(75,3790),(92,3363)]	39.595226
133	[(5,3979),(12,2018),(26,2328),(29,3233),(32,4781),(34,429),(47,3227),(49,2974),(87,200)]	18.380580
134	[(21,3937),(27,1741),(35,4678),(38,1399),(41,1674),(54,3332),(75,170)]	18.244667
135	[(42,780),(91,2228)]	18.211216
136	[(47,2616),(52,3935),(63,2279),(66,1694),(68,2118),(71,2896),(72,2121)]	18.972334
137	[(31,605),(58,632)]	18.332228
138	[(6,3645),(8,3317),(12,2951),(40,1592),(64,3093),(71,2842),(82,3880)]	18.496316
139	[(7,2831),(35,601),(44,1035),(77,1230)]	18.263004
140	[(9,2371),(31,1959),(35,4048),(49,121),(56,78),(60,392),(71,4689),(73,3576),(75,3744),(87,2223)]	18.429442
141	[(1,352)]	19.144389
142	[(3,2913),(21,4361),(55,1576),(59,4653),(80,43),(84,2002),(89,3443)]	18.692408
143	[(22,1663),(55,4286),(63,3609),(89,1765)]	18.356398
144	[(3,3823),(30,3404),(38,3743),(56,660),(63,960),(91,205)]	18.190009
145	[(2,3455),(3,1550),(6,306),(8,497),(31,4255),(33,4210),(62,222),(85,2922),(87,3050)]	18.417377
146	[(8,3559),(21,2935),(27,237),(43,2999),(53,511),(60,1903),(62,4710),(64,2933),(68,2476),(70,722),(73,808),(76,3837),(90,4179)]	18.271376
147	[(5,2700),(11,2683),(20,3875),(29,2225),(38,2557),(45,1456),(71,1943),(92,3459)]	20.695405
148	[(4,712),(20,3569),(28,1124),(60,1861),(74,1651),(83,1973)]	21.075214
149	[(7,16),(10,4552),(18,246),(33,4523),(39,624),(57,3112),(62,2410),(71,4748),(75,4578),(88,1762)]	21.097768
150	[(23,3149),(46,2693),(80,1101)]	19.532721
151	[(6,3610),(37,4102)]	18.426432
152	[(7,243),(12,66),(16,2973),(24,3306),(32,1472),(62,733),(89,206)]	18.276085
153	[(15,4574),(23,3826),(26,3063),(32,4067),(34,1297),(36,496),(56,199),(57,3200),(61,938),(62,4319),(66,4694),(71,304),(86,4192)]	18.347232
154	[(6,1296),(14,3380),(22,1819),(31,2510),(33,3927),(61,1723),(77,2888),(87,2139)]	18.002680
155	[(36,760),(47,3388),(61,1430),(62,647),(68,4309),(72,1977),(74,2919),(86,4000)]	18.811078
156	[(1,3436),(3,4792),(10,2441),(20,694),(22,3808),(32,3291),(70,4536),(83,4382)]	18.907933
157	[(22,1996),(25,3875),(26,667),(47,3726),(59,3591),(62,1870),(72,4538)]	18.291738
158	[(6,1773),(19,3267),(20,3270),(27,2430),(51,4376),(89,211)]	18.042989
159	[(1,84),(22,4687),(23,3737),(56,1170),(90,759)]	19.152079
160	[(29,3358),(61,2037),(64,181),(70,3628),(77,767),(92,1336)]	18.727869
161	[(49,1409),(51,1026),(69,547),(84,2908),(85,331),(87,200)]	18.704429
162	[(11,359),(16,4007),(18,3671),(30,1643),(40,3870),(71,2351),(82,2624),(83,590),(88,3439),(92,4735)]	18.582661
163	[(7,2695),(8,1578),(12,3346),(14,4538),(18,3234),(27,617),(39,4460),(47,3018),(50,149),(62,4553),(63,2892),(65,1724),(91,2110)]	18.771454
164	[(17,2638),(20,1197),(22,104),(67,4681)]	18.333353
165	[(14,2887),(18,4360),(20,4763),(24,1911),(27,1854),(48,129),(50,2151),(66,641),(81,3580)]	17.924552
166	[(4,1421),(8,4263),(23,782),(32,1249),(35,2735)]	18.291218
167	[(2,2172),(3,3320),(4,4452),(10,1566),(11,2696),(42,1669),(65,3211),(66,2552),(70,1071),(74,78),(81,1347)]	18.651151
168	[(5,4544),(7,3543),(13,3609),(27,1041),(30,4072),(38,3540),(68,2862),(87,4458)]	21.532213
169	[(30,3241),(32,487),(35,653),(40,2194),(67,665),(71,713),(79,1532),(84,986)]	18.343387
170	[(32,1663),(33,1025),(49,3694),(60,581),(69,289)]	18.030142
171	[(15,1214),(20,763),(62,3628),(90,2835)]	22.500446
172	[(2,2152),(3,2012),(4,4200),(8,3800),(11,2406),(46,1323),(63,631),(80,3501)]	23.193259
173	[(2,2943),(20,4099),(30,2367),(35,2373),(60,645),(72,3719)]	18.589102
174	[(2,3763),(8,2813),(15,554),(18,4779),(23,2690),(32,2837),(36,1197),(51,3090),(77,2034),(81,1800),(83,2547),(85,3262)]	18.617478
175	[(10,4237),(60,425),(72,1358),(81,3806),(91,3727)]	17.987160
176	[(22,1939),(78,4149)]	19.468279
177	[(0,2530),(36,225),(37,4211),(61,3530),(79,2052),(86,2223)]	18.510781
178	[(28,3903),(33,3544),(64,571),(78,1617)]	18.469940
179	[(15,1394),(29,2620),(35,3848),(63,4532),(66,2313)]	23.007753
180	[(5,1665),(23,3450),(25,320),(35,1316),(37,2037),(45,4212),(48,3454),(50,2729),(51,2189),(53,4280)]	19.102909
181	[(14,3434),(22,3017),(28,1415),(55,2804),(61,3833),(78,848),(81,1028)]	22.035871
182	[(6,1339),(10,157),(17,118),(21,570),(23,2602),(37,2608),(67,1074)]	18.686720
183	[(14,3660),(15,269),(20,4199),(32,3621),(48,726),(58,2710),(67,2121),(82,1891),(86,4563)]	18.165569
184	[(4,926),(14,2989),(28,4678),(35,2962),(40,3803),(45,1188)]	18.918915
185	[(21,1522),(25,4279),(55,3052),(58,180),(70,780),(78,1601),(80,1306),(91,2800)]	34.952878
186	[(15,3677),(22,2746),(81,3357)]	22.237586
187	[(9,4195),(18,795),(61,2692)]	20.305722
188	[(10,3787),(25,2796),(41,799),(77,1865),(78,4630),(82,2569),(88,2918)]	18.337377
189	[(5,3581),(7,2924),(28,4034),(66,2057)]	18.213748
190	[(24,389),(29,1089),(30,2935),(32,4545),(57,4268),(75,2441),(80,280),(88,1851),(91,2621)]	17.980741
191	[(1,268),(12,3368),(21,3614),(23,1546),(37,3651),(54,2688),(58,1158),(63,4260),(81,3720)]	19.200907
192	[(4,3576),(12,908),(33,3412),(37,3821),(45,20),(70,3019),(91,165)]	18.858053
193	[(7,745),(15,3005),(22,850),(30,3177),(31,1329),(46,1278),(47,1294),(64,3935),(67,3462),(74,1043)]	18.454681
194	[(0,2975),(19,2256),(26,2692),(29,4701),(38,58),(46,2794),(47,3893),(58,2845),(61,2977),(68,4779),(75,1205),(90,1606)]	18.173961
195	[(6,1986),(13,4073),(23,3852),(61,3623),(64,3566),(75,276),(77,4174),(85,3279)]	18.057171
196	[(16,4783),(48,2789),(62,3073),(65,3590)]	18.603234
197	[(39,2946),(41,1215),(54,3884),(55,217),(66,916),(67,4430),(70,2421),(83,4602)]	18.457267
198	[(3,3067),(42,3228),(70,1200),(75,3288),(76,539),(86,3111)]	18.614391
199	[(2,3051),(21,1051),(22,1891),(28,3945),(33,1439),(54,458),(65,1236),(68,2445)]	18.533050
200	[(1,1795),(20,257),(26,4391),(42,716),(47,2643),(55,3530),(68,4352),(74,2097),(77,2935),(90,1748)]	18.897321
201	[(10,3557),(12,2616),(23,3222),(47,3850),(49,1777),(78,4194)]	18.246977
202	[(2,4224),(5,561),(42,735),(71,3347)]	18.266208
203	[(1,817),(18,2731),(48,4267),(71,305),(74,2072),(89,1735)]	18.364489
204	[(3,326),(23,765),(33,204),(35,3220),(43,549),(69,4555),(71,2670)]	18.191802
205	[(5,4805),(12,201),(14,1108)]	18.302271
206	[(3,1960),(4,4562),(22,1074),(35,4011),(36,4220),(77,1050),(92,3057)]	18.126220
207	[(5,4544),(22,2751),(34,3358),(43,4685),(44,531),(50,2487),(69,286),(75,2268),(87,922),(90,1660)]	18.819972
208	[(6,1998),(7,1528),(14,2608),(35,2933),(65,2869),(70,732),(73,2684),(74,590),(90,492)]	18.271017
209	[(6,919),(11,3119),(13,2018),(37,823),(46,2123),(51,4306),(55,1356),(59,1396),(75,3604)]	18.420068
210	[(7,2927),(32,2884),(55,1869),(62,106),(65,1859),(86,4284),(90,4187)]	18.689969
211	[(1,4203),(3,699),(15,134),(23,1200),(25,4589),(35,4169),(53,931),(77,4332),(78,3313),(82,1226),(87,426),(89,330)]	19.581542
212	[(40,1654),(44,4177),(76,1564)]	19.015942
213	[(5,2552),(21,2171),(31,1523),(48,3942),(49,126),(58,742),(59,3529),(64,3664),(76,1905),(78,1022),(79,1616),(90,3906)]	22.320245
214	[(1,1735),(21,4606),(41,857),(43,4421),(50,2697),(70,3140)]	18.243297
215	[(12,2309),(19,2297),(29,4163),(34,2975),(45,1857),(53,637),(57,3038),(91,3970)]	21.233981
216	[(6,4208),(39,2007),(87,128)]	18.167154
217	[(17,3275),(26,4680),(60,1557),(63,1479),(75,3416),(87,2942),(91,4256)]	18.262932
218	[(16,437),(43,419),(44,1991),(45,3473),(66,2317),(76,231),(82,3168)]	21.490263
219	[(13,1036),(14,2305),(16,1608),(24,1344),(34,4201),(51,4775),(67,3558),(68,1388),(70,1929),(75,772)]	23.777964
220	[(6,1069),(10,498),(29,4374),(31,906),(44,4375),(80,3149)]	21.316381
221	[(3,3353),(10,2620),(11,4801),(34,1752),(37,500),(64,3338),(69,1807),(78,3643),(82,1129)]	23.583085
222	[(15,2485),(17,2036),(32,2326),(39,1421),(55,805),(62,4314),(77,4324),(82,4495),(84,230)]	31.623693
223	[(6,3044),(20,703),(24,1968),(25,1890),(27,559),(44,4723)]	21.466883
224	[(14,3130)]	20.990250
225	[(6,2664),(15,4325),(18,710),(20,701),(29,2407),(46,3219),(55,769),(60,879),(63,3865),(90,1107)]	20.737726
226	[(6,2241),(31,1105),(46,3432),(47,3231),(63,3945),(68,3267)]	20.782901
227	[(7,1292),(17,3850),(25,2026),(30,876),(40,2134),(89,4525),(92,1732)]	19.245933
228	[(11,3310),(16,4242),(30,3484),(37,588)]	18.574944
229	[(2,2099),(16,1827),(25,1656),(32,3091),(36,407),(39,4775),(59,359),(60,2606),(62,4040)]	18.959963
230	[(42,745),(46,4371),(63,2059),(80,2102)]	18.050144
231	[(0,492),(11,1423),(68,213),(71,4440),(72,2912),(82,4306)]	19.591622
232	[(6,317),(17,3063),(36,15),(48,770),(62,4706),(74,4261),(89,828)]	21.334496
233	[(13,47),(23,2655),(38,769),(44,975),(49,1438),(56,59),(74,228),(86,4480),(90,1201)]	18.780811
234	[(5,1429),(37,4408),(62,3939),(77,534),(92,945)]	18.914840
235	[(1,903),(18,3686),(69,3392),(73,3676),(78,2698),(91,181)]	17.904472
236	[(14,436),(80,279),(84,2089)]	18.361939
237	[(6,712),(14,2449),(16,3305),(20,2309),(22,344),(29,2556),(64,671),(73,2141),(88,3649)]	32.888108
238	[(4,1660),(9,2624),(34,466),(35,4752),(52,3834),(64,1054),(68,655),(70,3672),(81,89),(89,1056)]	32.670079
239	[(47,2786),(76,197),(85,3131),(86,2310)]	18.403510
240	[(9,3281),(29,3355),(43,3660),(63,1580),(64,2677)]	19.249131
241	[(0,892),(1,3996),(14,3276),(22,231),(36,3997),(40,4472),(48,1388),(59,2801),(68,2872),(70,309)]	19.635252
242	[(5,2894),(39,1643),(44,2928),(60,2651),(74,2915)]	19.600579
243	[(1,18),(2,4374),(6,2376),(22,452),(46,118),(51,4443),(58,1141),(75,152)]	18.215752
244	[(2,1464),(8,3570),(18,281),(23,3754),(56,3959),(77,4197),(83,4728),(87,4000)]	18.246753
245	[(0,1493),(2,3439),(41,172),(48,503),(56,2074),(67,2716),(69,4329),(76,1599),(80,2521)]	18.179533
246	[(27,3297),(41,3130),(63,775)]	18.208056
247	[(0,261),(16,4709),(61,4499),(66,2574),(76,2139)]	18.096588
248	[(6,1485),(11,2586),(20,682),(33,4153),(67,4184),(83,693)]	18.899031
249	[(51,3943),(64,2251),(67,4503),(79,1013),(92,3858)]	18.441811
250	[(24,868),(42,4643),(51,302),(57,4165),(66,2002),(81,827),(86,1155),(91,1696),(92,484)]	18.204301
251	[(15,1120),(47,2929),(54,2899)]	18.283750
252	[(11,3764),(20,3053),(54,1818)]	17.942391
253	[(11,754),(35,491),(71,1303),(72,991),(77,4242)]	18.221245
254	[(28,4407),(46,3296),(68,2614),(88,2732)]	18.546749
255	[(0,2142),(6,961),(18,2517),(19,2511),(39,3463),(42,4139),(51,21),(55,2438),(87,2919),(91,4654)]	19.187906
256	[(6,888),(7,703),(39,384),(47,2223),(51,2571),(55,3833),(56,2566),(72,2703)]	18.187740
257	[(0,2590),(15,4463),(34,2787),(43,1708),(51,226),(65,2779),(70,3292)]	18.707779
258	[(20,3662),(56,387),(57,2678),(87,1315)]	18.355876
259	[(43,1414),(78,1378),(81,2141),(90,737)]	18.205536
260	[(19,3230),(25,187),(34,3256),(40,2661),(60,2281),(68,1372)]	18.031397
261	[(7,1777),(9,1012),(58,2493),(75,3229),(87,4090)]	17.944334
262	[(1,2758),(7,4749),(10,4052),(19,476),(21,1307),(28,2),(30,3533),(52,1774),(59,3721),(72,3702),(74,4476),(75,4498),(84,1046),(88,978),(92,759)]	19.531851
263	[(21,544),(27,4076),(34,3692),(40,180),(49,4720),(57,4597),(59,4009)]	18.245916
264	[(8,1695),(10,11),(15,1337),(16,1341),(52,318)]	18.165338
265	[(16,644),(22,1188),(52,3406),(59,1611),(60,4050),(69,3627),(71,2570)]	17.874222
266	[(15,197),(20,1720),(41,1132),(65,4084)]	18.877452
267	[(4,84),(16,2413),(19,4797),(23,4571),(31,1887),(32,4444),(36,997),(64,554),(76,3298),(89,923)]	18.610827
268	[(12,894),(31,887),(47,2165),(80,2199),(90,3642)]	18.336875
269	[(9,1226),(26,592),(34,1072),(39,176),(48,592),(50,4014),(73,3219),(76,211)]	18.096012
270	[(4,3419),(28,138),(52,1243),(54,2474),(70,1455),(71,4648),(90,2597)]	21.193826
271	[(6,4612),(12,2531),(48,2995),(87,2489),(88,4245)]	18.377997
272	[(20,1150),(40,3304),(71,2376),(76,2751),(85,905),(90,3368)]	19.050299
273	[(4,3883),(16,2797),(39,3569),(64,2681),(65,2314),(71,2425),(73,1169)]	25.610151
274	[(4,119),(13,2257),(27,4594),(36,1120),(48,1378),(53,4391),(90,1773)]	20.883329
275	[(33,2074),(39,3184),(48,4638),(89,2870)]	18.274392
276	[(19,4180),(34,4637),(55,3952),(71,4033),(83,1506)]	18.920138
277	[(28,1709),(30,4051),(46,1528),(48,3734),(67,3283),(75,1553),(77,4309),(88,3799)]	18.416886
278	[(1,2363),(15,1243),(36,2947),(44,648),(53,3984),(55,427),(56,4395),(68,3279),(87,3986)]	18.592175
279	[(15,1991),(16,3473),(38,3585),(39,595),(52,240),(58,1550),(66,430),(82,2191)]	18.258327
280	[(23,2149),(44,2791),(45,2294),(73,289),(90,698)]	18.890899
281	[(1,1399),(23,3960),(65,4139),(69,980),(88,2382)]	18.687272
282	[(0,3748),(6,3643),(30,2241),(38,2205),(66,3413),(79,1473),(87,433),(90,976)]	19.900124
283	[(2,1104),(5,4174),(51,2035),(75,3418)]	18.381041
284	[(19,2091),(36,2734),(69,3536),(76,3436)]	18.433862
285	[(9,2282),(31,1988),(32,1823),(33,2069),(69,347),(82,1296),(90,1717)]	18.169552
286	[(6,2872),(8,309),(19,1974),(24,2385),(79,2865)]	18.519352
287	[(3,4033),(29,2796),(42,90),(56,4270)]	17.906097
288	[(2,3832),(41,3885),(46,1770),(59,2576),(63,2211),(69,250),(80,2369)]	18.221843
289	[(2,1353),(11,2825),(30,2997),(65,4766)]	18.098726
290	[(2,1163),(18,1337),(41,2832),(45,2053),(49,1919),(52,1252),(55,4404),(61,4002),(79,3374),(83,2764)]	18.072801
291	[(6,4745),(22,3703),(32,49),(37,1623),(75,3411),(76,1655)]	32.781177
292	[(17,4296),(24,2277),(31,978),(56,3526),(61,1285),(86,97)]	23.847210
293	[(30,4192),(63,1027),(76,3237)]	18.182308
294	[(2,3935),(38,2753),(44,1916),(58,3960),(70,2649),(84,4154),(88,1094)]	18.464841
295	[(11,2806),(49,561),(76,488),(90,3494),(91,2165)]	18.601446
296	[(10,1955),(28,1018),(30,4548),(46,2064),(57,1480),(69,4627),(75,1952)]	18.019894
297	[(61,3767),(71,4041),(77,2141),(81,4569),(92,4730)]	18.175045
298	[(17,2271),(26,2980),(30,1482),(43,148),(70,1209),(71,4218)]	18.542025
299	[(20,965),(25,2692),(29,4471),(41,4141),(43,2389),(45,4048),(73,402),(84,2684)]	19.033669
300	[(8,3652),(63,474),(86,4423)]	19.128843
301	[(45,4055),(78,3554),(83,1276)]	18.338077
302	[(12,2061),(24,2404),(33,1479),(45,1004),(60,3889),(62,3167),(73,168),(92,4418)]	18.428651
303	[(24,1111),(33,3878),(42,290),(52,3202)]	18.382581
304	[(14,3240),(35,2656),(58,3234),(78,3515),(89,954)]	18.158198
305	[(18,2389),(52,569),(59,3433)]	18.011527
306	[(18,555),(20,3746),(50,362),(58,900),(61,2160),(63,762),(76,3027),(78,343),(85,1728)]	18.443105
307	[(2,3622),(26,778),(30,4121),(47,3376),(54,2242),(60,3419),(77,110),(86,1905),(88,1022)]	17.922002
308	[(10,460),(26,720),(57,426),(62,555),(64,3746),(70,827),(81,3354),(86,255)]	18.047389
309	[(13,2567),(28,2678),(43,3384),(58,2720),(77,3751)]	17.899579
310	[(33,3472),(42,3179),(45,3790),(59,885),(80,1200),(82,4589),(84,3098),(91,55)]	18.160686
311	[(2,2468),(4,3161),(5,4039),(16,2862),(55,1372),(58,4536),(62,3080),(89,3427)]	19.432528
312	[(35,2303),(42,342),(68,4760),(70,793),(81,1533),(90,785)]	19.003419
313	[(10,4487),(28,542),(39,1079),(41,814),(54,523),(63,2152)]	21.263767
314	[(9,2354),(14,3899),(41,1935),(43,4731),(49,958),(60,750)]	18.208969
315	[(9,778),(12,3977),(14,1977),(35,527),(66,147),(67,3477),(84,2911)]	18.545779
316	[(3,3064),(4,98),(14,637),(16,2314),(33,1126),(34,2328),(42,1511),(48,4289),(60,3301),(63,1461),(78,139),(80,3256)]	17.873508
317	[(3,3453),(20,1584),(33,4472),(44,2262),(54,59),(69,4722)]	18.000988
318	[(1,4479),(22,259),(57,2924),(63,46),(82,4182)]	17.907167
319	[(7,3144),(70,1927),(81,4473),(83,3890)]	18.658684
320	[(38,198),(50,1879),(55,3730),(62,4743),(73,2425),(75,1169),(92,603)]	18.379932
321	[(24,2183),(57,2123),(64,2732),(85,2141)]	18.148770
322	[(10,3938),(13,2062),(33,3578),(43,3733),(45,2429),(58,3533),(67,4747)]	17.850943
323	[(9,4277),(24,4785),(30,2491),(35,3351),(36,3565),(38,4621),(76,2616)]	20.849272
324	[(11,4492),(18,3923),(46,975),(47,534),(80,4721)]	17.968178
325	[(21,2030),(24,3817),(38,3621),(43,1201),(47,2464),(77,4458),(84,4515)]	22.863725
326	[(1,3862),(32,2805),(39,1291),(46,1053),(62,549),(64,4543),(66,2191),(78,489)]	24.550980
327	[(9,3306),(30,3378),(49,4426),(51,1372),(55,3169),(64,1775)]	18.385595
328	[(13,4390),(43,1607),(86,850),(89,4017)]	18.252895
329	[(2,3508),(4,2090),(5,4776),(7,1674),(11,4553),(12,2892),(16,2225),(19,1218),(45,209),(61,4282),(83,2685)]	18.043131
330	[(23,1470),(34,1455),(42,1797),(47,1392),(52,2228),(59,1067),(85,2055)]	18.741354
331	[(0,3610),(18,186),(27,3704),(30,776),(36,4481),(37,2090),(42,1783),(44,3653),(75,1874)]	18.721345
332	[(13,4446),(23,4181)]	18.350884
333	[(2,12),(7,259),(13,625),(55,83),(76,997),(90,3658)]	18.311220
334	[(11,4210),(52,2094),(78,4430),(85,1148)]	18.036124
335	[(11,2355),(16,1225),(44,3387),(46,3205),(68,4388),(72,3091),(84,340)]	19.796631
336	[(16,3582),(19,4465),(23,1321),(61,3734),(62,2058),(69,3185),(70,853),(79,2081)]	18.298949
337	[(22,114),(23,3549),(39,4755),(45,1536),(83,2239),(86,3892)]	18.210736
338	[(1,1700),(5,2292),(11,3590),(19,3331),(21,285),(43,426),(49,4228)]	18.350242
339	[(7,787),(27,2788),(46,4004),(56,3910),(85,706),(86,4315),(90,604),(91,2763)]	17.987770
340	[(30,4444),(47,827),(54,3077),(61,1850),(63,2579),(88,4659),(91,573)]	17.965837
341	[(2,1354),(33,4289),(37,2998),(45,1019),(51,3501),(61,3986),(67,4621),(76,4572),(87,3101)]	18.255260
342	[(13,2431),(18,3829),(73,3587),(79,87),(85,3682),(87,3182)]	18.928350
343	[(29,4302),(31,3168),(35,3316),(46,4495),(48,230),(55,2256),(68,453),(70,2626)]	18.125016
344	[(7,2087),(33,1055),(56,619),(59,657),(70,1861),(78,866)]	18.047242
345	[(12,4113),(27,1187),(30,990),(38,3842),(40,3019),(55,2471),(77,3121)]	22.768491
346	[(10,3012),(12,816),(20,265),(26,1719),(29,2562),(43,4079),(58,3902),(64,1712)]	33.523157
347	[(0,3369),(5,150),(20,3653),(23,1033),(24,3465),(33,3175),(42,3114),(71,3782)]	18.584811
348	[(2,246),(4,674),(8,4361),(30,3258),(34,2197),(38,3613),(41,1008),(71,1159)]	18.434820
349	[(3,4117),(31,174),(44,740),(45,335)]	17.966802
350	[(1,3026),(10,4399),(17,1682),(27,380),(37,3005),(70,1260),(89,256)]	18.072332
351	[(0,216),(29,2138),(43,1521),(80,2390),(89,4520)]	18.044187
352	[(1,3417),(23,3693),(62,2272),(78,3395)]	18.555644
353	[(1,4242),(5,1601),(10,2998),(23,4373),(39,2498),(45,2598),(64,4353),(78,4572)]	19.144099
354	[(23,150),(26,4473),(67,3018),(68,2306),(80,4552)]	18.365734
355	[(8,4638),(33,1171),(39,2918),(67,1051)]	18.836868
356	[(36,4586),(38,4506),(42,4362),(52,1836),(66,3111),(76,3469)]	18.194273
357	[(2,39),(3,3297),(4,3253),(30,4154),(33,2284),(37,3903),(42,3514),(49,3649),(55,2531),(87,1216)]	18.530882
358	[(0,4301),(13,3318),(37,2705),(56,455)]	18.206276
359	[(17,3004),(61,4202),(72,3189),(77,1006),(79,4802),(90,216)]	18.030598
360	[(27,291),(31,661),(66,4378),(75,3769),(84,3480)]	17.913077
361	[(7,1967),(18,1205),(25,203),(31,4338),(33,2907),(37,3018),(67,2530),(70,1988),(73,364),(92,1866)]	18.008495
362	[(18,3610),(19,2232),(51,2266),(59,4388),(63,4361),(68,4276),(80,2434),(82,242),(87,3546)]	18.025166
363	[(5,3905),(10,1799),(11,3770),(27,4623),(46,1812),(62,2700),(65,1680),(73,2595),(86,2712),(91,3506)]	17.939479
364	[(1,1842),(55,4548),(58,1710),(82,1903),(85,3731)]	18.285444
365	[(1,1624),(2,3021),(71,3589),(72,580),(89,2986),(90,4473)]	17.985652
366	[(52,2871),(69,3221)]	18.150651
367	[(5,4673),(28,3426),(56,4803)]	18.049998
368	[(28,1870),(31,2115),(41,3851),(46,4310),(75,1523),(82,339),(87,2944),(92,137)]	18.293347
369	[(10,1903),(17,2835),(38,2410),(44,4386),(50,2983),(52,3893),(65,1574),(66,3777),(88,3904)]	18.004190
370	[(7,3113),(18,1189),(21,4196),(24,1902),(29,1335),(45,3671),(50,53),(51,396),(59,2547),(65,685),(77,2542),(79,2800),(85,2567),(89,3868)]	18.142699
371	[(33,3621),(43,4640),(48,2381),(57,1983),(58,3386),(66,2166),(69,4229),(79,4579),(92,2556)]	19.677156
372	[(9,4044),(25,4314),(29,3453),(32,3991),(35,1800),(39,4793),(40,1807),(41,631),(46,4111),(52,4588),(53,2459),(62,740),(87,1402)]	18.357463
373	[(23,4685),(24,531),(46,3318),(47,1167),(56,3363),(58,4539),(60,4054),(73,4375)]	18.206784
374	[(37,240),(54,3880),(56,84),(59,312),(60,303),(65,4228),(80,1991),(81,3473),(83,776),(89,435),(91,1622)]	18.259697
375	[(4,2932),(10,3296),(17,2471),(42,500),(75,504),(77,387)]	18.801258
376	[(6,3854),(9,516),(17,3791),(27,1862),(38,345),(44,2339),(57,3543),(61,1306),(64,4619),(77,3271),(80,3357),(90,2130),(92,4322)]	21.005708
377	[(11,2704),(16,1395),(28,1280),(37,3700),(40,3573),(48,1986),(51,2309),(68,2644),(85,821)]	18.518901
378	[(13,4762),(24,93),(36,1596),(45,2747),(48,694),(51,3336),(58,2513),(73,1809),(87,3680)]	25.376622
379	[(22,2489),(23,4245),(44,4491),(68,2162),(75,353),(89,4719)]	21.186529
380	[(43,4303),(59,1145),(60,2790),(64,409),(69,3286),(81,528),(88,1939),(92,1020)]	18.902233
381	[(4,1330),(13,3329),(18,3233),(44,4568),(50,2885),(53,3551),(64,3858),(76,3947),(83,3370)]	18.786583
382	[(12,4026),(67,2666)]	18.192153
383	[(6,3873),(30,829),(71,91),(77,1408)]	18.723974
384	[(11,4790),(24,1128),(25,3380),(29,3949),(44,4696),(49,1331),(65,1894)]	19.303595
385	[(17,2239),(34,3820)]	17.999710
386	[(11,692),(14,944),(17,1744),(30,818),(37,4323),(56,3914)]	18.102608
387	[(66,4011),(67,4220),(89,3114)]	18.970260
388	[(16,1274),(17,4209),(26,3928),(90,2579)]	18.385598
389	[(23,1923),(34,975),(37,3473),(88,2651)]	18.476223
390	[(37,4047),(38,264),(48,3318),(56,4392),(77,130),(78,2009),(87,3284)]	18.252398
391	[(11,42),(28,2414),(56,714),(72,842),(74,4541)]	20.441784
392	[(2,606),(10,3302),(33,2959),(47,1742),(64,3654),(65,860),(67,1396),(70,2596),(71,3114),(83,4159),(88,635)]	18.273912
393	[(2,3139),(31,3308),(38,480),(52,658),(53,2173),(66,3735),(74,2188),(81,1899),(83,1674),(86,1959)]	18.273020
394	[(5,510),(11,4660),(19,1279),(33,3959),(66,2286),(67,3895),(76,3783),(82,4523),(85,3545)]	18.383380
395	[(16,4356),(33,903),(39,3751),(44,2240),(87,4307),(89,2994)]	18.275550
396	[(9,1521),(16,2116),(20,4081),(24,3420),(28,261),(34,3633),(37,4158),(61,905),(81,3516),(92,3728)]	18.443587
397	[(44,2850),(82,4280)]	17.977958
398	[(0,825),(19,3275),(23,1098),(24,4042),(46,1338),(55,3773),(69,2819)]	18.393413
399	[(1,2737),(21,1715),(29,199),(34,1864),(61,3201),(85,4552)]	18.348962
400	[(17,2311),(26,479),(33,403),(47,1541),(59,2461),(77,1167)]	31.549859
401	[(11,761),(18,1398),(27,4558),(35,2260),(66,2584),(70,1137),(74,4442),(87,2409),(91,463)]	25.040757
402	[(49,3243),(54,860),(63,3430),(67,3650)]	18.037502
403	[(6,3283),(10,2487),(35,3916),(49,1965),(91,3412)]	18.292855
404	[(0,3164),(2,4797),(11,2711),(14,861),(33,3480),(90,2683)]	19.191603
405	[(20,2832),(22,2486),(24,370),(55,4474)]	19.210352
406	[(24,608),(36,1664),(44,1731),(59,3530),(61,1462),(72,4228),(79,3850),(86,2072)]	18.420260
407	[(10,4107),(14,2718),(30,913),(37,2285),(38,3380)]	18.196678
408	[(24,1536),(57,2128),(60,4245),(67,628)]	18.523946
409	[(18,2999),(21,3644),(45,2147),(51,2905),(55,2996),(63,336),(73,3798),(84,3039),(92,2845)]	19.305881
410	[(30,1957),(35,1303),(40,3482),(50,3159),(68,2542),(84,3957),(88,4419)]	19.595233
411	[(7,300),(11,2065),(29,4),(30,2871),(46,1083),(65,1148)]	19.169338
412	[(37,1565),(59,3274),(61,4402),(72,611),(83,4059)]	21.032602
413	[(26,2664),(43,180)]	18.191163
414	[(5,2048),(16,2544),(49,3736),(56,2638)]	17.962499
415	[(4,1418),(35,2287),(67,4046)]	18.124732
416	[(9,2881),(17,2482),(33,4076),(36,1504),(46,441),(82,3230),(92,4502)]	18.156420
417	[(19,1425),(24,1800),(42,539),(56,394),(73,1389),(77,4223),(84,1652),(86,1977),(92,168)]	18.968399
418	[(1,4125),(16,2006),(56,2302),(60,3251),(61,2728),(67,2970),(69,2273),(80,3625)]	18.213899
419	[(17,1061),(21,2201),(33,632),(40,2355),(42,1855),(48,1725),(59,3815),(60,1276),(76,4203),(78,699),(87,4074)]	18.268893
420	[(4,3379),(30,4091),(32,3438),(35,4774),(70,1353),(71,3742),(74,3226)]	18.481951
421	[(19,2799),(26,76),(29,603),(31,1140),(40,2475),(47,1852),(66,4463),(68,3629),(81,1442)]	17.951577
422	[(9,1455),(14,2222),(22,4303),(23,1819),(26,715),(27,562),(29,4177),(35,4711),(44,644),(59,3429),(92,3521)]	19.209248
423	[(3,1074),(8,1258),(19,1111),(23,1618),(47,4017),(66,2075),(86,810)]	18.281325
424	[(0,4311),(4,2798),(6,2973),(23,3182),(31,1021),(34,2477),(35,3846),(55,3634),(72,2899),(79,1896)]	19.015458
425	[(32,2225),(37,1127),(77,3713)]	18.242058
426	[(27,1271),(53,4070),(56,2845),(59,1689),(92,589)]	18.062929
427	[(67,604),(68,2465),(89,1379)]	21.195472
428	[(6,1006),(66,497)]	20.749902
429	[(1,2854),(8,1988),(16,4047),(24,39),(25,3297)]	18.942666
430	[(1,4310),(5,4456),(21,3663),(28,1193),(29,1841),(48,517),(54,99),(56,2486),(58,370),(60,2939),(77,4344),(81,4419),(83,3440)]	24.568609
431	[(18,835),(30,2462),(33,4801),(44,4781),(45,1593),(46,822),(56,2348),(63,3804),(72,98),(74,4520),(84,966),(90,386)]	21.313365
432	[(25,818),(50,3879),(51,4291)]	18.187988
433	[(22,2818)]	18.336911
434	[(2,1566),(19,2829),(43,1045),(52,2983),(54,3893),(75,116),(92,2900)]	19.300346
435	[(4,4326),(13,2174),(19,1520),(35,2984),(37,3863)]	18.976862
436	[(6,59),(40,1180),(43,1268),(54,1560),(66,1328),(81,560),(85,941),(89,4671)]	18.202177
437	[(11,4180),(16,3393),(21,4645),(23,1935),(29,4056),(31,400),(34,1927),(53,2948),(69,2568),(75,4406),(87,2095)]	18.168380
438	[(0,2737),(14,175),(29,4049),(40,2033),(42,417),(64,3821),(78,3208),(81,1869),(92,116)]	18.276201
439	[(15,4369),(36,1416),(51,4181),(57,515),(87,3975),(89,3331)]	18.112586
440	[(7,3099),(43,4751),(51,3489),(58,582),(67,2927)]	19.546336
441	[(20,2294),(25,553),(53,4616),(75,705),(79,912)]	18.432167
442	[(21,2225),(71,1969),(77,319),(88,1914)]	19.397573
443	[(25,2544),(41,1189),(56,3873),(62,4566),(72,659),(79,3020),(85,3016),(89,1796)]	18.167282
444	[(0,700),(28,1199),(29,3198),(64,1639),(91,1950)]	17.952202
445	[(25,3780),(27,2395),(37,1364),(64,1814),(68,2789),(74,4466),(85,2748)]	18.113041
446	[(10,1817),(20,4000),(52,1123),(72,2440)]	17.809183
447	[(8,1754),(12,3451),(40,3482),(55,716),(59,4769),(70,450),(77,2595),(87,3556),(89,4701)]	18.424167
448	[(11,2292),(13,483),(14,3039),(27,4768),(68,2786)]	18.324741
449	[(12,399),(22,4362),(41,1427),(42,1187),(43,4616),(73,2936)]	18.090512
450	[(7,1748),(21,1774),(38,4774),(48,2062),(72,859)]	18.067887
451	[(15,1460),(26,2749),(28,2805),(35,4786),(45,2148),(46,3714),(48,3324),(56,4493),(82,4584)]	18.174165
452	[(36,3190),(41,4395),(46,2912),(50,4200),(65,43),(83,407),(88,1507)]	18.593713
453	[(19,1193),(20,1841),(27,3208),(48,1661),(51,1536),(71,574),(78,1245)]	18.041362
454	[(11,1006),(42,777),(82,1195)]	28.069220
455	[(0,3629),(29,3279),(33,4574),(53,3851),(55,2381),(65,4354)]	28.510855
456	[(10,3715),(37,2054),(38,4074),(57,4412),(68,2133),(72,970),(83,1679)]	18.441711
457	[(5,56),(35,2709),(43,1800),(60,3429),(77,1953),(79,135)]	18.667049
458	[(0,833),(2,756),(26,109),(53,125),(75,1965),(84,806),(86,2836)]	18.603146
459	[(22,4044),(25,4014),(32,2389),(35,934),(66,947),(68,4234),(83,2508),(90,373)]	18.180203
460	[(0,4211),(4,3780),(7,594),(13,3281),(21,3757),(26,3594),(27,2114),(29,2758),(38,722),(74,1755),(89,2140)]	18.928873
461	[(3,2198),(9,1381),(17,1224),(23,1117),(51,552),(65,432),(71,758),(75,4386),(80,1702)]	18.282731
462	[(7,2910),(14,4141),(33,950),(41,1224),(45,3292),(60,2976),(84,928)]	18.385919
463	[(22,1935),(36,3525),(51,2641),(57,3084),(58,2567),(73,2937),(82,22)]	17.894438
464	[(5,3803),(15,4142),(22,3053),(24,4504),(32,3880),(46,3541),(69,1500),(78,2320),(90,75)]	18.310444
465	[(16,2401),(17,626),(21,2852),(34,2853),(41,1821),(63,1110),(73,4130)]	17.977013
466	[(19,2064),(28,4153),(89,958)]	18.103748
467	[(7,1317),(17,2580),(22,1757),(28,927),(30,1310),(31,4424),(42,2910),(70,3451),(74,1467),(92,2129)]	17.953827
468	[(22,229),(29,927),(37,686),(62,3575),(73,1384),(83,4147),(91,1963)]	18.337694
469	[(0,1971),(11,139),(15,522),(65,3844)]	18.106616
470	[(11,492),(33,1184),(36,4521),(38,4241),(45,4045),(46,3581),(59,2975),(62,3229),(71,2646),(92,2463)]	18.501368
471	[(11,4744),(34,882),(64,3140),(74,4481)]	18.671011
472	[(22,4663),(25,2462),(31,2641),(57,3849),(63,268),(64,823),(71,2575),(75,4209)]	18.461946
473	[(1,3923),(21,2285),(22,3380),(47,186),(55,2768),(58,2774),(60,4464),(84,4625),(87,1294)]	18.658382
474	[(14,1744),(30,114),(31,3549),(34,432),(56,120),(70,1480)]	18.201409
475	[(52,2649),(82,3334)]	18.241927
476	[(17,272),(25,3851),(61,663),(62,2316),(80,1),(84,1439),(85,2163)]	18.029416
477	[(6,2022),(25,4459),(33,945),(37,188),(38,3839),(70,3897),(71,2618),(73,4325),(75,657),(80,4075)]	18.128263
478	[(3,2039),(5,3527),(8,4555),(25,2983),(31,3577),(65,1524),(76,3554),(84,40)]	18.463685
479	[(23,3945),(38,3222),(47,2459),(56,426),(66,4028),(81,897)]	19.447706
480	[(3,2979),(14,3785),(19,4731),(24,1663),(31,4664),(33,1755),(37,569),(40,104),(56,1894),(61,1916),(64,251)]	18.258063
481	[(5,1031),(22,3790),(35,1527),(39,1015),(45,3770),(56,400),(61,407),(75,167),(77,309),(80,4226)]	21.212143
482	[(8,118),(12,2646),(20,298),(37,310),(43,841),(90,1194)]	23.350664
483	[(7,285),(12,2864),(29,3847),(50,1901),(55,2392),(83,1469)]	23.901873
484	[(5,732),(6,1938),(19,1980),(30,1952),(36,953),(50,2862),(51,1116),(76,2206),(82,4318)]	20.258588
485	[(1,731),(8,4312),(53,259),(60,4351),(63,1084),(79,1092),(81,4422)]	18.587374
486	[(19,1427),(37,796),(47,3362),(60,2666),(66,3564),(75,435)]	18.589982
487	[(7,462),(13,1590),(30,3201),(58,2496),(64,1148),(72,375),(90,2332)]	18.053339
488	[(37,4519),(56,1958),(60,2093),(65,4779),(71,2345),(72,3515),(83,4316)]	18.860671
489	[(8,3608),(19,3217),(32,1457),(42,4099),(44,3719),(51,3723),(65,1922),(70,3368),(76,565)]	18.284554
490	[(2,2368),(5,3567),(8,2656),(15,2955),(20,1569),(21,2878),(87,4555)]	18.266525
491	[(5,41),(11,4510),(15,1985),(47,1690),(62,1976),(70,4113),(87,2555),(91,3152)]	18.072291
492	[(6,3674),(21,3969),(25,3997),(38,887),(55,260),(70,3038),(76,1042),(85,781),(90,3967)]	18.503160
493	[(0,3694),(6,807),(16,1102),(53,1136),(57,4623),(87,2499)]	18.350533
494	[(6,1935),(44,2391),(79,1053),(81,1690)]	18.213424
495	[(37,3086),(41,2719),(70,1317),(87,1092)]	18.040758
496	[(7,3027),(13,941),(20,318),(28,4715),(45,2271),(56,2713),(69,3228),(82,213)]	18.651134
497	[(8,208),(39,2034),(48,423),(57,1122),(68,4330),(69,2907)]	18.623695
498	[(2,2421),(6,458),(11,2753),(18,2791),(19,2294),(24,494),(45,3225),(55,2382)]	18.500577
499	[(9,2262),(16,4602),(20,2567),(36,1177),(40,1359),(52,2837),(57,2646),(67,1503),(79,4658),(87,3784)]	18.451707
500	[(0,4709),(5,2390),(19,3125),(46,4783),(52,3738),(58,4320),(66,803),(76,3558)]	18.888597
501	[(49,788),(54,1572),(60,498),(67,3477)]	18.735931
502	[(10,815),(19,4037),(22,2688),(37,4274),(38,4668)]	18.182125
503	[(8,1507),(26,3363),(28,4539),(42,472),(81,635)]	18.459972
504	[(55,3225),(77,3488)]	18.136592
505	[(26,557),(43,4219),(51,1515),(54,2871),(77,981),(89,3975),(92,838)]	18.336407
506	[(10,1725),(35,1920),(56,4606),(58,712),(92,2224)]	18.693309
507	[(50,1827),(51,4024),(77,4752),(82,4584)]	17.829052
508	[(32,3812),(46,4305),(53,1817),(59,1447)]	18.888316
509	[(3,4024),(6,3164),(11,4510),(12,3319),(14,2400),(42,3391),(47,2448),(51,3951),(52,571),(66,3213),(91,875)]	36.789131
510	[(4,485),(31,283),(43,1820),(49,2048),(51,1407),(61,643),(63,1247),(68,1571),(69,352),(74,4655),(81,1485),(89,3984)]	20.516763
511	[(3,1450),(9,4702),(10,2467),(23,2647),(41,4478),(47,2816),(60,766),(62,1823),(63,2069),(64,2227),(76,1678),(86,601)]	19.298211
512	[(25,1987),(28,2717),(52,1431),(61,3357),(84,740),(85,335)]	21.541935
513	[(25,568),(33,3826),(58,4622)]	19.160172
514	[(2,2555),(4,1380),(26,3769),(32,3655),(39,4037),(52,3529),(84,4309),(87,2183)]	18.438274
515	[(18,4157),(28,1769),(34,1838),(37,1558),(63,1212),(73,3239),(80,1860)]	18.143584
516	[(19,2949),(31,3885),(34,770),(46,3464),(84,3609)]	18.167282
517	[(35,3614),(74,3695),(81,4353),(91,2800)]	18.191037
518	[(1,1582),(5,326),(36,511),(65,530)]	18.985288
519	[(54,1163),(76,323)]	18.286787
520	[(0,3886),(25,3609),(31,528),(39,4296),(41,4204),(67,2330),(82,4261),(90,1301)]	18.189260
521	[(5,823),(8,3181),(12,4731),(24,993),(43,4728),(65,2402),(77,3403),(85,2763),(86,4344)]	18.458950
522	[(0,2348),(1,621),(5,895),(9,2720),(13,80),(51,552),(79,2474),(88,986),(91,918)]	18.217609
523	[(2,3493),(24,1004),(31,535),(34,3980),(41,2967),(52,509),(54,2257),(68,1521)]	18.313898
524	[(1,3012),(6,2966),(22,1182),(36,2453),(57,1157),(59,845),(61,333),(66,3455),(70,1780),(75,2071),(79,340)]	19.182833
525	[(1,4678),(19,2059),(25,3154),(32,1533),(38,257),(44,2381),(51,2779),(75,4486),(79,4033),(83,3338),(92,2875)]	18.293495
526	[(5,3112),(8,3797),(57,4697),(69,3559),(76,2171),(79,3096)]	18.003414
527	[(24,4594),(27,671),(36,2554),(43,882),(54,3241),(56,2324),(63,3350),(68,4656),(70,615),(74,216),(76,1841)]	18.048391
528	[(2,661),(46,1761),(48,1216),(55,48),(70,436),(74,3557)]	18.656848
529	[(3,2403),(6,3069),(21,4507),(31,4405),(41,4256),(49,1948),(67,3733),(84,1331)]	18.465825
530	[(21,119),(35,3434),(40,557),(45,619),(62,724),(72,1508),(78,3746),(85,2984)]	18.803237
531	[(0,924),(11,4194),(44,1740),(47,221),(48,1036),(60,4296),(65,527),(68,3747),(70,2881)]	20.390081
532	[(0,1850),(2,2881),(14,3472),(33,1112),(37,961),(50,364),(65,1133),(92,2516)]	19.638365
533	[(12,468),(56,1209)]	21.201535
534	[(6,4116),(7,2010),(8,858),(10,4538),(22,1812),(51,1985),(65,1123),(90,1216),(91,3180)]	24.362066
535	[(3,3648),(11,4678),(26,1236),(37,2300),(59,3704),(74,3099)]	22.810481
536	[(10,3709),(58,750),(64,3157),(76,131),(92,2596)]	20.383042
537	[(19,1076),(31,4057),(47,2111),(60,279),(65,4099),(72,2155),(78,3152),(85,3983)]	19.234751
538	[(17,1515),(21,328),(34,375),(42,1552),(48,4730),(49,2600),(80,1305)]	19.179653
539	[(9,4471),(21,1681),(37,1558),(41,3371),(44,1757),(50,3753),(57,2587),(74,162),(78,2093),(79,517),(80,854),(87,2144)]	18.321468
540	[(43,4135),(70,1458)]	18.294360
541	[(18,1988),(30,2110),(41,4652),(54,1275),(75,2615),(82,2619)]	18.459576
542	[(23,1055),(27,1838),(71,2500),(75,1748),(80,4346),(87,4724),(90,4144)]	18.591972
543	[(13,674),(15,1161),(39,2232),(67,1488),(73,3033),(87,2575)]	18.245245
544	[(10,1251),(17,4027),(50,2002),(54,2818),(58,1140),(61,2856),(72,2592),(92,3352)]	18.695433
545	[(8,4136),(14,4471),(33,3403),(52,3649),(71,1368),(74,4268),(77,2121),(86,871)]	19.205833
546	[(2,399),(31,514),(36,863),(53,914),(58,854),(59,899),(77,668),(88,4641)]	18.781640
547	[(24,242),(53,3619),(54,4503),(64,1790)]	18.273709
548	[(4,1486),(24,3246),(26,2224),(39,1754),(57,2603),(79,2099)]	18.153627
549	[(2,3083),(4,848),(30,4661)]	18.173773
550	[(7,2757),(11,3996),(14,26),(20,220),(23,1663),(28,3108),(45,4021),(60,2249),(72,3561),(74,1659),(75,4595)]	18.640677
551	[(3,2852),(18,2668),(34,1270),(36,1555),(79,4356)]	18.225334
552	[(8,2915),(17,115),(34,2934),(36,1578),(45,2593),(52,3737),(92,3334)]	18.202785
553	[(20,2007),(22,1698),(58,4076),(71,3958)]	18.214928
554	[(19,310),(20,4054),(25,4494),(42,1970),(71,2692),(73,943)]	18.101831
555	[(3,2254),(10,4524),(37,2446),(45,1542),(58,3749),(61,753),(65,872),(69,1347)]	18.328723
556	[(4,745),(10,39),(13,1296),(33,3692),(39,2755),(43,2546),(52,1100),(61,4699),(74,4539),(75,1744),(77,3417),(84,2602)]	18.581398
557	[(1,3486),(4,4314),(66,3450),(88,4440)]	19.792651
558	[(3,308),(21,3642),(34,4549),(41,2368),(54,991),(60,2952),(83,547)]	19.140350
559	[(5,4546),(32,2478),(36,1034),(54,4606),(65,2891),(73,2015)]	29.101844
560	[(30,63),(59,3491),(72,1590),(87,4137)]	18.581692
561	[(34,737),(46,3058),(62,1002),(73,219),(74,4693),(82,1310),(83,4424),(87,805)]	18.370557
562	[(0,4344),(8,3013),(16,1708),(37,2356),(86,4156),(92,618)]	36.988130
563	[(21,1763),(37,848),(53,59),(59,1419),(75,1258),(90,3508),(92,2090)]	21.119184
564	[(26,1997),(28,1703),(39,4695),(41,3812),(52,1685),(79,1025)]	18.797440
565	[(1,4324),(23,1314),(51,3456),(55,286),(70,1520),(89,687),(92,2486)]	18.175251
566	[(9,2160),(28,2536),(33,3252)]	26.493151
567	[(36,1480),(55,31),(73,1157),(77,863),(81,3077),(90,4158)]	18.693126
568	[(5,2304),(14,4424),(16,3571),(47,2570),(51,4708),(56,3833),(57,4023),(74,139),(77,1999),(79,4605)]	18.611567
569	[(13,3697),(46,1081),(47,2346),(52,3768),(68,3681),(69,1884)]	19.053285
570	[(5,1779),(17,2075),(28,3258),(35,2272),(51,1182),(64,2929)]	18.777735
571	[(5,3473),(35,3631),(45,1344),(48,3328),(53,1395),(57,2552),(59,4330),(60,2907),(80,3495)]	18.532983
572	[(14,3100),(22,2609),(23,4003),(38,3506),(56,2346),(60,4501),(92,2277)]	18.273725
573	[(10,1278),(32,2604),(53,4670),(67,4348),(69,2706)]	18.409157
574	[(10,4675),(29,343),(32,3225)]	37.242197
575	[(0,1800),(7,1488),(17,4416),(21,4798),(42,1296),(60,1055),(62,1102),(71,2800),(75,2975),(84,1808)]	32.151329
576	[(8,4049),(23,1620),(32,3255),(35,2639),(46,4306),(61,1054)]	18.511734
577	[(2,235),(28,5),(42,701),(48,877),(63,4764),(73,1197),(76,1335),(80,3683),(83,1121)]	18.218525
578	[(1,2044),(9,3273),(17,262),(18,3853),(23,4069),(32,1607),(69,2639),(71,392),(80,1023),(84,802),(86,2800)]	18.205256
579	[(15,1447),(52,4803),(63,3488)]	19.269801
580	[(16,4400),(19,2925),(42,2281),(52,3381),(65,2977),(70,1263),(74,3899),(80,1258),(82,1028),(86,1678)]	18.640137
581	[(18,4785),(24,2699),(25,3960),(67,4417),(78,2541),(79,1320),(89,4384),(92,691)]	18.249043
582	[(9,4696),(19,1097),(36,882),(45,508),(52,727),(64,4407),(65,1886),(67,1958)]	21.386761
583	[(3,555),(10,3155),(28,1697),(43,3682),(47,4778),(57,568)]	21.120293
584	[(8,119),(41,2839),(57,3550)]	32.170062
585	[(25,58),(32,719),(55,592),(60,4770),(64,213),(87,1845),(88,3323)]	21.024737
586	[(19,3683),(23,1584),(27,1861),(43,1851),(47,1875),(77,767)]	18.854550
587	[(13,4289),(68,3385),(72,2158),(76,4507)]	19.557865
588	[(10,2857),(12,4675),(15,3365),(17,3772),(20,3971),(22,1647),(40,2117),(42,4269),(50,4284),(58,2480),(67,2853),(81,3892),(85,2742)]	18.823136
589	[(3,1539),(9,341),(17,766),(20,2454),(57,3989),(61,280),(73,410)]	18.413885
590	[(10,3103),(20,862),(39,2762),(53,904),(55,2073)]	18.219881
591	[(1,4724),(8,4597),(9,1541),(14,2037),(39,910),(46,3304),(62,2261),(64,836),(90,887)]	23.355385
592	[(1,2581),(2,1760),(17,3982),(28,1427),(29,609),(37,1751),(42,357),(72,723)]	39.390207
593	[(3,656),(9,3356),(10,2168),(53,341),(54,1993),(61,4034),(73,4124)]	52.407678
594	[(16,171),(18,1829),(21,3749),(28,1706),(39,3678),(46,1175),(65,701),(88,4023)]	46.879943
595	[(3,18),(10,1872),(51,3902),(65,3287),(90,887)]	52.277075
596	[(14,291),(18,1515),(32,952),(33,1434),(38,2371),(48,464),(54,3248)]	46.058266
597	[(15,2707),(34,3462),(35,4107),(45,292),(49,4716),(71,4375),(78,3533),(91,4661)]	41.085431
598	[(23,3015),(62,4023),(67,1676),(69,2586),(72,4413),(82,4571),(86,3533)]	48.998293
599	[(5,718),(11,2418),(12,3988),(15,4461),(17,4393),(19,3213),(25,2714),(26,1220),(60,2651),(87,4792),(92,1920)]	37.524497
600	[(6,3470),(11,1236),(32,4225),(49,1637),(52,2654),(76,754)]	39.485157
601	[(6,2874),(28,2474),(66,3868),(82,3541)]	37.123874
602	[(46,198),(48,1903),(50,4710),(51,4004),(57,602),(65,4566),(67,2184),(71,2563),(75,3675),(79,3863),(84,909)]	38.667890
603	[(9,3941),(17,322),(34,177),(37,1873),(51,2909),(72,1340)]	39.066845
604	[(18,463),(21,4724),(22,155),(38,2376),(41,667),(59,2969),(81,3021)]	34.586748
605	[(9,456),(10,1039),(26,2078),(49,27),(53,2791),(54,804)]	41.238996
606	[(33,2393),(55,3400)]	36.753173
607	[(11,943),(14,3135),(16,4014),(22,1045),(25,1172),(29,4320),(48,2631),(49,2796),(58,3641),(60,3616),(61,3156),(76,1430)]	36.504827
608	[(4,4663),(8,4381),(32,2977),(71,1345),(84,4567)]	38.551782
609	[(4,951),(42,1716),(50,1759),(78,1482),(85,3422),(91,1480)]	45.973415
610	[(30,270),(42,586),(51,2364),(60,972),(88,1425)]	36.869379
611	[(3,2993),(11,3067),(18,3670),(28,2802),(33,3532),(44,3816),(51,4659),(74,13)]	40.256982
612	[(9,4649),(23,2277),(52,2774),(55,3230),(67,742),(88,4559)]	38.948753
613	[(1,126),(4,3816),(11,921),(13,3879),(21,4092),(64,2775)]	38.641613
614	[(0,3405),(9,676),(18,2751),(29,4261),(54,3410),(65,4790)]	36.782345
615	[(6,4530),(21,3712),(24,3183),(34,4026)]	38.787084
616	[(20,3682),(39,3767),(41,2248),(46,4773),(48,3646),(53,1886),(55,3175),(79,2556),(92,4547)]	37.190629
617	[(3,2634),(10,731),(11,3546),(53,1008),(63,4657),(68,1248),(70,1719)]	36.347616
618	[(6,2851),(15,2799),(29,4697),(54,4577),(61,157),(65,1875),(75,3322),(78,2618),(83,1435)]	37.012834
619	[(22,4650),(29,1209),(35,2829),(54,985),(68,4763),(77,688),(92,2118)]	38.223415
620	[(24,4471),(42,3474),(46,4000),(52,4646),(61,1422),(64,569),(71,4731),(73,4446),(88,1133),(92,2359)]	35.437249
621	[(1,2752),(39,2652),(41,355),(51,900),(70,1888),(71,510)]	34.648627
622	[(3,1917),(32,775)]	35.891356
623	[(1,4583),(29,3532),(37,2174),(39,3444),(46,4591),(57,4728),(79,1947)]	37.123390
624	[(16,1604),(20,3480),(23,4298),(42,3034),(56,602),(57,1707),(58,3641),(65,654),(71,44)]	36.119602
625	[(0,364),(3,2611),(21,3077),(23,3488),(47,382),(52,3186),(55,2738),(63,3164)]	35.614421
626	[(1,2912),(10,4200),(34,3498),(45,3950),(50,235),(78,1282)]	36.354994
627	[(4,2672),(57,1810),(63,290),(71,2240),(82,4018),(85,2628)]	35.808857
628	[(0,3348),(17,2249),(24,4594),(42,4132),(48,1598),(49,1090),(51,4060),(56,3767),(59,582),(65,1052),(75,3130)]	36.103579
629	[(10,4086),(11,1572),(22,3723),(65,258),(81,3061)]	37.565631
630	[(4,606),(7,4721),(24,2407),(27,3538),(36,681),(60,1138),(67,1097),(75,119),(82,3910)]	39.033789
631	[(4,1183),(18,1597),(24,4588),(33,1929),(36,1419),(43,2985),(84,3109)]	38.550073
632	[(7,561),(9,3186),(18,498),(34,3132),(38,2649),(45,596),(51,1817),(56,2643),(72,3444),(74,1601),(80,1907)]	37.394679
633	[(25,167),(28,2865),(38,1830),(46,3896),(48,3836),(64,3189),(78,765),(84,1909)]	34.832397
634	[(18,1457),(43,4003),(59,3151)]	39.143478
635	[(27,4487),(41,1889),(51,2563)]	34.323036
636	[(22,2905),(23,171),(37,97),(46,3763),(47,1503),(66,1708),(69,1876),(78,3715)]	41.344447
637	[(9,2325),(13,3759),(14,4429),(27,3912),(33,866),(48,1365),(85,1920),(89,1811)]	38.293169
638	[(5,1342),(20,3774),(44,2786),(76,1592),(86,1761)]	40.504363
639	[(0,497),(20,4506),(35,574),(53,1853),(68,532),(73,2074),(75,4072),(78,2255),(85,1633),(87,2659)]	38.344437
640	[(7,2404),(26,315),(31,3149),(35,4253),(38,1259),(53,2420),(71,4623),(77,2101),(84,2999)]	38.983217
641	[(0,4372),(5,1923),(24,4795),(36,353),(37,1140),(69,1752),(71,2831),(76,1527),(85,1137),(90,402)]	43.151170
642	[(13,507),(21,2042),(37,1554),(47,3659),(49,3552),(77,3204)]	39.085616
643	[(0,3835),(39,3272),(51,3884),(59,1769),(72,1898),(90,4300),(91,3802)]	37.597651
644	[(0,3515),(17,3336),(36,2888),(59,2824),(75,4518),(77,2997),(89,847)]	36.428857
645	[(3,2982),(17,3727),(20,1831),(32,4772),(36,4221),(37,3732),(72,131)]	37.115097
646	[(62,701),(69,932),(77,3813),(82,4241)]	36.237499
647	[(14,483),(17,1482),(25,165),(37,2614),(62,4032),(72,3025),(83,3871)]	37.447036
648	[(14,4072),(27,161),(68,2843),(76,3590),(83,2620),(84,4801)]	36.212513
649	[(26,490),(27,4754),(28,3412),(49,2625),(78,4587)]	36.363131
650	[(0,1138),(7,1965),(36,1491),(56,4358),(61,1836),(84,1454)]	36.164411
651	[(5,4418),(22,2692),(66,301),(75,1421)]	36.223253
652	[(0,3241),(22,1799),(68,1642),(86,433),(91,3423)]	36.436907
653	[(5,368),(64,1838),(76,2666),(78,3210),(88,1506)]	35.965105
654	[(15,2811),(20,2419),(30,4696),(31,3987),(34,328),(50,2554),(65,777),(66,2745),(69,3680),(72,1297),(74,496),(80,4153),(91,4376)]	35.997503
655	[(12,3212),(19,3080),(32,1691),(67,2410),(70,1885),(85,2413),(88,4797),(92,4484)]	38.160557
656	[(18,1288),(41,3778),(56,2451)]	39.263529
657	[(30,2914),(46,1504),(52,2017),(55,3763),(56,1503)]	36.326285
658	[(8,4004),(23,3052),(34,2901),(53,2956),(63,3672),(66,4474),(85,408)]	36.438871
659	[(17,516),(20,17),(31,152),(60,709),(66,4643),(74,4351)]	47.185224
660	[(3,4170),(12,1366),(45,4333),(49,3927),(54,1464),(64,4700),(81,4571),(82,4229)]	38.819342
661	[(7,368),(17,650),(24,1484),(33,2630),(49,356),(57,1439),(58,2163),(67,114),(81,1351)]	37.282944
662	[(25,2790),(26,1542),(34,4552),(43,509),(60,2889),(84,2248),(88,4736),(92,2392)]	37.318182
663	[(27,807),(43,626),(66,3637),(69,246)]	38.921979
664	[(26,70)]	34.252384
665	[(3,1032),(20,1345),(43,3782),(64,3579),(70,1),(80,1164)]	41.598745
666	[(10,2619),(12,548),(17,683),(54,2287),(64,2934),(73,2231),(90,4779)]	37.925094
667	[(30,3106),(36,2471),(45,2479),(66,4317),(77,1872),(83,1815),(92,821)]	35.838676
668	[(0,667),(34,1694),(36,1452),(55,2132),(86,3297)]	35.737156
669	[(0,1448),(31,2180),(60,2318),(67,2198),(73,3724),(88,4149)]	35.749834
670	[(1,1394),(3,3264),(13,4802),(15,2936),(40,2082),(47,3161),(52,537),(60,2879),(92,4611)]	36.104245
671	[(0,1952),(17,1456),(20,4781),(21,1593),(22,822),(23,79),(49,2323),(59,2967),(81,2731),(84,4490),(85,3822)]	36.293807
672	[(19,2547),(22,3179),(27,1130),(67,391),(80,263),(90,3164),(92,1395)]	35.483975
673	[(13,2854),(27,143),(42,2730),(43,1267),(56,3815)]	35.154149
674	[(10,432),(20,4365),(25,309),(33,637),(35,74),(44,2371),(52,2872),(55,2865),(87,753)]	38.536503
675	[(10,578),(33,4351),(35,1015),(54,2121),(64,2007),(72,4054),(84,4265)]	35.537518
676	[(21,4017),(27,1612),(35,753),(38,1367),(51,501),(70,881),(80,4444),(87,2924),(89,3140)]	36.448313
677	[(3,2717),(5,1583),(6,4516),(61,3399),(72,268)]	34.856151
678	[(1,1129),(25,2473),(40,2445),(51,3958),(58,1295),(80,4329),(88,4347),(89,671)]	36.171133
679	[(11,1811),(14,197),(16,700),(45,1889),(61,240),(77,3849),(90,3720)]	40.020237
680	[(1,4394),(2,2057),(9,4561),(30,3951),(47,694),(49,2853),(68,67)]	38.279795
681	[(10,3426),(36,1162),(42,2700),(52,1479),(57,3962),(63,3283),(91,1698)]	35.539800
682	[(32,4753),(34,2766),(52,3258),(54,1710),(59,3935),(72,1098),(73,4042),(74,2457)]	40.560332
683	[(0,3637),(2,4461),(6,3304),(7,2559),(12,4762),(41,2034),(45,4113),(49,216),(57,807),(69,2761)]	37.845239
684	[(15,3594),(19,1703),(56,899),(61,3840),(70,675)]	43.908250
685	[(13,625),(16,4449),(22,2403),(33,625),(57,4424),(79,2919)]	38.972878
686	[(1,2745),(9,3611),(14,2909),(32,4309),(37,2121),(68,2874),(69,4550),(72,183),(81,1756),(91,1497)]	33.682573
687	[(38,4153),(40,4107),(61,2148),(65,4602),(79,426),(84,2082)]	35.586391
688	[(11,4673),(16,3205),(36,57),(40,454),(43,287),(48,3773),(61,108)]	41.829835
689	[(8,904),(12,596),(61,3632)]	49.835668
690	[(6,1006),(11,3712),(27,429),(48,3426),(79,3455)]	47.728288
691	[(15,430),(22,3301),(25,861),(30,2815),(40,2751),(51,4115),(64,3022),(68,3314)]	45.180324
692	[(1,2129),(8,279),(14,4509),(22,419),(23,1991),(24,3473),(66,4658),(78,1533),(79,2076),(84,2411)]	36.786305
693	[(9,3081),(16,180),(41,4018),(43,4054),(45,1975),(56,1287),(73,4090),(74,4398),(78,4559)]	39.613040
694	[(0,2249),(11,3466),(22,1538),(63,1694),(65,1452),(76,1002)]	40.093644
695	[(54,1782),(62,2010),(72,531),(84,2852),(92,4669)]	38.482575
696	[(17,3173),(32,447),(33,2100),(34,3418),(46,1558),(55,2581),(56,1760),(58,989),(65,2002),(74,3316),(82,2388)]	37.786409
697	[(10,4671),(14,3281),(46,929),(67,2422),(75,3836),(85,3054)]	37.535405
698	[(15,3703),(25,1569),(26,2878),(27,1821),(61,2180),(62,760),(71,540)]	37.644619
699	[(0,2427),(16,3605),(36,3671),(39,2438),(49,4451),(89,151),(90,628),(91,679)]	37.958876
700	[(5,744),(12,1466),(42,444),(53,2398),(71,821),(76,109),(88,1310)]	38.140690
701	[(2,4156),(9,2621),(21,2478),(51,1308),(82,4140)]	37.745983
702	[(6,2399),(19,3493),(34,4269),(71,2955)]	37.816778
703	[(34,3726),(51,909),(59,3027),(80,514)]	37.667865
704	[(3,3032),(21,2959),(34,1365),(44,4316),(46,2344),(50,3570),(70,1506),(75,4063)]	27.399357
705	[(38,4335),(48,3445),(52,3831),(91,3926)]	18.280637
706	[(14,2809),(17,1829),(26,2658),(33,493),(40,4134),(61,605),(64,1721),(74,1506),(75,3277),(92,2898)]	19.537013
707	[(26,2514),(27,2437),(48,269),(54,3347),(57,537),(61,1368),(75,4387),(90,3987)]	19.214284
708	[(23,3992),(31,2022),(60,225),(72,1401),(83,3517)]	21.679205
709	[(13,3077),(25,2838),(29,4530),(30,2284),(51,3648),(52,1606),(62,4531),(65,4408),(79,4225)]	18.403740
710	[(20,2482),(22,1381),(23,3503),(39,1198),(59,1750),(75,4443),(76,3208),(87,224)]	18.825698
711	[(2,3452),(4,2312),(16,1936),(26,1212),(36,2441),(41,4561),(44,3439),(47,4215),(56,1875),(58,2265),(68,151),(87,472)]	18.289490
712	[(10,1501),(34,502),(38,1872)]	17.993438
713	[(10,3211),(26,4047),(29,983),(36,4611),(37,1065),(50,1733)]	18.218103
714	[(48,837),(69,4553),(70,4393)]	18.239169
715	[(5,205),(22,1670),(23,2104),(32,672),(35,4158),(37,2049),(43,2264),(45,420),(77,2103),(79,913),(89,3416)]	18.613803
716	[(4,2949),(33,501),(38,2399),(45,2740),(87,932),(92,1479)]	18.001410
717	[(5,2639),(8,800),(20,1426),(33,4535),(82,1238),(87,4127),(88,790)]	18.401404
718	[(19,3660),(23,146),(45,3649),(49,3889),(60,1500),(79,2014),(86,2149),(87,969)]	18.221450
719	[(11,686),(29,3115),(87,4012)]	18.075968
720	[(26,4125),(76,2254)]	19.393702
721	[(5,2170),(15,3132),(17,1847),(31,2744),(43,2567),(58,1479),(64,490),(69,1327),(82,3033),(85,2901),(87,1205)]	18.440007
722	[(14,2250),(16,109),(20,558),(42,3792),(89,1450)]	18.190929
723	[(0,3162),(7,701),(18,1240),(22,743),(28,3875),(32,1856),(65,3161),(66,4039),(76,2180),(90,4724)]	18.230760
724	[(3,4806),(8,522),(12,3867),(20,1506),(21,3277),(23,2206),(63,3301),(84,4289),(87,3132)]	18.234359
725	[(9,2123),(16,800),(22,4302),(46,4549),(57,3136),(74,45),(89,302)]	18.353745
726	[(5,2987),(15,159),(22,1197),(45,3650),(49,1554),(56,918),(60,359),(89,4309)]	18.089676
727	[(7,3893),(20,512),(24,2992),(45,3738),(47,342),(51,193),(57,1397),(66,2123),(87,1399)]	20.343319
728	[(24,1888),(25,2161),(27,4668),(35,232),(81,3161),(82,4039)]	19.469724
729	[(21,4212),(31,2935),(40,3360),(47,2361),(51,861),(65,1651)]	26.620005
730	[(8,2820),(18,2249),(35,2664),(40,435),(42,275),(47,4099),(54,735),(78,2974)]	36.264450
731	[(2,54),(18,116),(28,893),(50,4243),(60,918),(66,3128),(73,4597),(74,1541)]	19.763720
732	[(1,4302),(13,97),(20,654),(29,527),(30,995),(31,349),(34,4139),(41,1149),(71,3783),(76,4545)]	21.420602
733	[(9,2096),(10,821),(29,4500),(43,2034),(51,2546),(66,2417),(71,4749),(89,3826)]	19.563922
734	[(9,757),(70,2353),(76,1274)]	18.301860
735	[(8,4717),(43,336),(57,2614),(80,3689),(82,2696),(84,472),(90,2616)]	18.399767
736	[(5,1233),(12,3054),(28,3911),(37,3272),(58,535),(64,1026),(66,1934),(73,567)]	20.578556
737	[(3,3146),(24,934),(36,1598),(41,3922)]	18.802262
738	[(6,3228),(18,70),(34,1101),(40,2007),(42,3926),(44,1376),(63,1613)]	18.238191
739	[(7,3815),(17,1856),(49,622),(52,2766),(71,2873),(74,4138),(78,3141),(90,3290)]	19.162258
740	[(3,3545),(9,1340),(16,4586),(23,4220),(47,2339),(54,234),(59,3763),(82,2013)]	19.181738
741	[(11,1160),(14,2351),(37,1552),(83,764)]	18.182288
742	[(34,932),(36,148),(46,3401),(54,465),(60,2246),(68,4479),(82,4520),(88,3364)]	18.362740
743	[(28,123),(47,3034),(89,3482)]	17.946206
744	[(10,4159),(31,4121),(38,4028),(40,285),(46,2288),(51,1039),(76,3801)]	18.207064
745	[(20,4486),(38,3345),(60,3361),(71,757),(78,3717),(89,938),(90,4319)]	18.205789
746	[(25,112),(45,2499),(50,2844),(52,1795),(58,4542),(62,1201),(79,4151)]	18.211949
747	[(36,1000),(59,3252),(72,1639)]	18.007306
748	[(11,141),(13,3579),(42,2151),(68,519),(79,2324),(82,2861)]	18.032335
749	[(0,3146),(4,2749),(11,1985),(20,4698),(27,2512),(82,616),(86,104),(87,600),(91,1839)]	18.211158
750	[(17,1402),(23,2492),(39,1619),(41,2016),(65,3577)]	19.312090
751	[(34,2302),(40,1836),(63,1533),(65,1573),(68,3044),(87,1416),(92,1518)]	18.921646
752	[(2,3496),(13,2481),(20,1125),(28,4431),(31,880),(40,3033),(49,2946),(59,2861),(60,1907),(77,3709),(92,1836)]	18.783561
753	[(20,3482),(45,650),(50,3710),(73,597)]	18.830248
754	[(11,3825),(14,1773),(19,4380),(24,806),(34,3134),(42,2437),(63,2782),(91,2427)]	18.314406
755	[(17,1322),(57,3405),(64,1297),(92,3784)]	18.377528
756	[(15,1143),(17,936),(23,2196),(27,111),(32,3993),(87,1649)]	18.096442
757	[(5,1154),(9,1091),(42,1723),(81,1512),(85,2343),(89,4357)]	18.070575
758	[(2,490),(3,4754),(4,3412),(18,1117),(35,1337),(43,1260),(45,504),(46,2183),(64,1389),(74,900)]	18.757255
759	[(9,4380),(17,2941),(20,1956),(32,621),(42,2731),(47,2055),(48,1756),(72,2080),(75,421),(83,4026)]	18.112598
760	[(1,2658),(45,1328),(66,722),(67,4705),(76,1435),(80,4284),(87,4200)]	18.730936
761	[(0,3778),(13,610),(16,3710),(44,1409),(92,755)]	18.934307
762	[(5,4379),(12,2920),(19,3356),(20,2168),(57,996),(69,4217),(73,1301),(76,3708),(88,3753)]	18.722257
763	[(17,1369),(54,3282),(59,296),(65,763),(72,796),(79,3682),(88,1358)]	18.531580
764	[(29,3488),(35,1234),(38,4363),(41,54),(59,233),(84,584),(92,4583)]	18.358985
765	[(35,130),(36,2009),(92,144)]	18.276719
766	[(10,541),(39,1380),(41,1236),(55,2005),(68,1970)]	18.807831
767	[(3,4388),(21,3410),(44,1115),(47,39),(87,887)]	18.073701
768	[(18,2192),(27,3183),(39,1421),(61,562),(64,3755),(78,2663),(82,4298)]	18.230856
769	[(17,2513),(87,2741),(91,1149)]	18.262635
770	[(31,2278),(50,4672),(53,489),(62,2861)]	18.551862
771	[(62,4205),(92,2034)]	18.594982
772	[(10,3845),(29,3195),(50,4377),(62,4111),(71,157),(80,4355),(91,2484)]	19.278348
773	[(0,137),(2,1595),(6,3455),(11,4658),(20,3945),(23,3891),(33,4590),(36,4095),(40,2529),(47,2259),(74,2259),(80,471),(83,1988),(84,1823),(85,2069),(86,973),(90,3969)]	18.615004
774	[(19,1288),(54,454),(75,663),(78,4542),(79,88)]	18.239222
775	[(17,913),(33,3317),(35,4573),(59,4167),(78,843),(91,2534)]	18.182965
776	[(1,3022),(27,561),(31,1819),(40,2055),(41,1756),(56,2255),(60,2545),(89,1644)]	18.638013
777	[(11,3810),(32,4333),(55,1688),(58,1641),(62,2272),(67,589),(78,2573),(81,1900)]	17.985984
778	[(3,3217),(7,244),(32,1564),(45,4454),(62,2510),(75,999)]	19.123825
779	[(52,339),(56,2840),(57,3456)]	18.334261
780	[(43,2156),(45,3518),(53,4234),(56,1887),(57,2855),(71,4120)]	18.390339
781	[(17,2321),(20,3552),(34,3105),(37,517),(44,270),(57,69),(70,4271),(75,1678)]	18.511758
782	[(3,1968),(4,1890),(17,3385),(43,3672),(46,4474),(49,1253),(61,3693),(67,4534)]	19.638482
783	[(7,2554),(17,3831),(20,1422),(26,1645),(66,4455),(71,277),(92,112)]	32.202030
784	[(0,1802),(14,3077),(15,543),(27,1745),(42,2654),(57,4605),(60,775),(63,2705),(73,1249),(76,3752)]	32.877924
785	[(0,3860),(15,4399),(28,4268),(53,4355),(75,2003),(84,975),(85,534)]	20.455031
786	[(13,1855),(25,2969),(40,2848),(41,946),(55,675),(57,1530),(61,1643),(66,1594),(70,94),(73,1091),(79,1348),(87,4093)]	18.568217
787	[(16,1572),(25,342),(31,2734),(80,1962)]	18.528484
788	[(14,4057),(21,4322),(42,3652),(72,3065),(75,2695),(79,1106),(90,4391)]	18.234541
789	[(46,2520),(85,3841)]	18.045339
790	[(54,3568),(61,2605),(69,4662),(82,300),(92,4222)]	18.704101
791	[(33,640),(46,2704)]	18.531868
792	[(11,1804),(28,1289),(65,1916)]	19.050994
793	[(10,1519),(17,622),(23,4436),(30,2412),(34,2982),(51,15),(63,4199)]	19.103441
794	[(2,3688),(19,4723),(46,3051),(67,4258)]	18.705624
795	[(11,1899),(25,3664),(56,1239),(60,3284),(67,4499),(68,3261),(77,4373)]	18.637661
796	[(2,229),(11,4595),(33,3677),(34,267),(51,2350),(53,1946),(74,218)]	18.269541
797	[(17,3749),(32,3149),(43,4747),(50,2315),(56,4594),(61,1129),(84,516),(88,4014)]	18.690401
798	[(14,2797),(20,2163),(26,3700),(38,3163),(45,1350),(48,1929),(68,4412),(89,2593)]	18.783195
799	[(21,3331),(24,1325),(27,36),(52,2095),(60,9),(66,1998),(67,1528)]	18.661849
800	[(6,179),(14,2689),(27,3125),(37,3608),(39,4236),(41,173),(74,677),(80,2749),(82,2805),(91,4093)]	18.943491
801	[(2,2933),(21,1632),(23,6),(27,2031),(64,1124),(84,362)]	18.148631
802	[(1,3624),(19,981),(29,987),(41,2883),(44,49),(51,1935)]	18.363915
803	[(2,770),(10,3728),(13,4156),(15,3913),(20,1240),(21,3453),(24,3388),(32,802),(35,3573),(58,2053),(63,739),(88,336)]	18.261899
804	[(1,2476),(16,1901),(37,4505),(45,4789),(50,1475),(51,2810),(59,4402),(64,4776),(91,2480)]	18.865803
805	[(14,135),(16,92),(32,2654),(33,3205),(74,3212),(76,3121),(77,2420)]	18.338420
806	[(37,2549),(48,1585),(89,2460),(92,772)]	18.364504
807	[(9,1804),(14,2264),(16,3040),(22,4076),(24,1922),(35,563),(40,4642),(43,2948),(65,3355),(75,1920)]	18.187580
808	[(12,2347),(20,2974),(29,3880),(32,2143),(56,4635),(69,3557),(79,3113)]	18.271718
809	[(2,375),(13,4686),(21,3048),(59,4564),(78,2918),(87,2706),(88,2428)]	21.281765
810	[(6,1054),(9,3815),(11,3999),(22,217),(47,1378)]	18.856966
811	[(26,2298),(32,3050),(34,4474),(40,1444),(91,3200)]	19.376284
812	[(7,2225),(32,547),(65,495),(73,4258),(74,3060),(79,2122)]	18.903640
813	[(15,3562),(44,1237),(53,1378),(76,3393),(84,1011),(86,3136)]	21.212499
814	[(43,2956),(58,1272),(63,469),(75,3142),(81,2472)]	18.282744
815	[(9,10),(16,789),(19,4008),(22,1773),(35,377),(36,842),(56,4394),(80,3915),(87,651)]	18.325498
816	[(1,4360),(11,230),(27,1518),(56,1283),(72,1250),(90,3421)]	17.952064
817	[(30,2043),(33,3517),(41,2714),(44,3225),(68,769),(77,495)]	18.571086
818	[(14,4100),(20,1886),(38,3258),(49,840),(55,4626),(75,1900),(77,1548),(80,681),(83,2822),(92,517)]	18.154149
819	[(4,951),(6,1924),(35,1909),(37,585),(78,3186)]	18.231055
820	[(14,4300),(17,4257),(70,1774),(92,3867)]	18.291454
821	[(15,403),(61,2072),(65,909),(77,0),(79,2266)]	18.288005
822	[(5,670),(13,2388),(30,1894),(45,2855),(54,2751),(59,2359),(71,1912),(79,288),(88,3809)]	17.978169
823	[(1,1770),(13,2397),(16,579),(34,3252),(39,4720),(46,1606),(54,2314),(56,889),(75,3872),(85,144)]	18.125481
824	[(0,4520),(9,1295),(36,730),(44,4134),(45,4485),(87,2578)]	18.615109
825	[(1,299),(2,4021),(5,3495),(31,1083),(40,4227),(42,684),(57,2934),(63,970),(65,3702),(82,238),(83,3815),(84,1276),(89,3229)]	18.148963
826	[(1,1506),(2,3277),(4,2206),(36,1157),(79,3665),(82,2971)]	18.159902
827	[(21,4197),(25,3324),(43,3652),(65,1923),(85,3663)]	18.046353
828	[(3,3034),(5,1741),(13,3179),(24,1786),(49,3686),(62,1458),(78,4678),(84,1348)]	18.620515
829	[(30,2070),(38,1309),(42,2808),(46,3228),(69,34),(86,418),(87,1603),(89,1990)]	18.228331
830	[(31,2680),(33,2011),(50,339),(67,3839),(76,1428),(81,3687),(82,2031)]	18.764544
831	[(7,1650),(19,1249),(65,1130),(89,119)]	20.437888
832	[(5,3228),(63,989),(85,4664),(88,2017)]	19.275713
833	[(0,2010),(30,4572),(57,319),(70,1300),(85,4121),(88,2415),(89,3609)]	18.334519
834	[(11,4477),(20,821),(26,1134),(28,3265),(41,938),(42,4319),(49,183),(55,4523),(63,3962),(68,39),(69,3297),(86,51)]	20.585715
835	[(7,2410),(14,2579),(16,4712),(17,3342),(45,1715),(56,4101),(69,2336),(71,2904),(76,920),(90,509)]	24.540633
836	[(0,3392),(18,3012),(24,972),(34,3189),(38,1384),(45,4368),(52,3247)]	22.052232
837	[(0,4163),(16,1207),(20,1655),(26,1618),(37,2343),(42,2291),(61,3796),(69,532)]	32.109331
838	[(19,766),(37,2470),(63,70),(65,1201),(83,1701)]	28.048206
839	[(8,453),(14,2388),(42,4293),(76,1569),(77,2878)]	19.300632
840	[(3,3816),(15,375),(26,1641),(45,2615),(48,4078),(51,1313),(62,678),(78,3087),(87,345)]	18.440946
841	[(24,4173),(31,3482),(43,4500),(46,3526),(74,2988)]	18.911073
842	[(14,2196),(15,889),(35,4163),(42,1133),(84,787)]	18.148583
843	[(7,1825),(16,762),(22,385),(24,3546),(40,208),(48,4525),(59,3007),(83,1891),(88,2789),(91,1259)]	18.967542
844	[(17,3404),(43,1270),(48,3428)]	18.861960
845	[(16,4391),(84,1874),(87,676),(91,198)]	18.266868
846	[(13,3928),(31,437),(39,734),(44,2710),(49,861),(53,2644),(64,1382),(72,2891),(90,1822)]	18.374067
847	[(38,2109),(67,2527),(77,836),(82,4425),(84,3790),(89,2105)]	18.238823
848	[(6,3803),(35,3504),(49,218),(54,271),(60,1753),(74,299),(75,4021),(81,1632),(92,2420)]	18.071093
849	[(12,2774),(14,4464),(21,4243),(39,2609),(40,4003),(51,2761),(73,736),(82,3029),(86,1999)]	18.183640
850	[(6,4303),(22,1353),(40,4060),(41,1239),(43,2576),(47,1614),(53,2513),(62,38),(82,1760)]	17.812236
851	[(33,560),(38,1372),(55,3989),(76,3709),(77,293),(78,4033),(87,555),(89,4552)]	18.856927
852	[(4,1744),(10,4280),(26,352),(40,3057),(65,4470),(79,4617),(85,1112),(86,1786),(88,3570)]	18.103187
853	[(14,2097),(28,1766),(30,182),(46,1365),(58,2367),(60,116),(66,877),(75,3062),(88,4721)]	17.968503
854	[(3,1096),(16,491),(23,1070),(33,3424),(48,3117),(53,3675),(55,4154),(69,2112),(74,2361)]	18.550712
855	[(15,1713),(25,3312),(37,438),(38,3148),(45,1726),(53,2875)]	18.420577
856	[(8,1739),(16,1789),(25,4797),(47,1985),(51,4679),(73,1962)]	18.307802
857	[(27,3708),(32,3061),(50,3347),(60,1554),(66,2082),(88,3923)]	18.453952
858	[(4,2996),(14,305),(34,2886),(66,1859),(74,2482)]	18.393605
859	[(28,1551),(29,2304),(30,43),(50,2479),(69,1018),(79,3592),(81,2505)]	18.075198
860	[(56,1899),(65,1301),(71,2596),(86,687)]	18.973646
861	[(8,1052),(17,2546),(52,1996),(65,3499),(72,2614),(89,113)]	18.559486
862	[(8,1373),(12,956),(15,335),(22,1591),(33,2542),(69,692),(72,1629),(89,3921)]	19.036903
863	[(0,2225),(4,4385),(34,3371),(39,2070),(56,3414),(71,107),(74,3573)]	18.187663
864	[(7,3088),(9,1672),(17,4463),(31,3286),(49,2042),(85,1942),(92,2833)]	18.332273
865	[(3,4144),(10,3395),(38,4628),(52,987),(92,2856)]	18.523867
866	[(49,298),(55,655),(68,976),(76,2693),(87,987)]	18.195041
867	[(0,4132),(12,2001),(75,2405),(89,1012)]	18.367417
868	[(3,4135),(27,2790),(28,1542),(50,1321),(59,1961),(81,1298)]	18.416644
869	[(2,610),(8,3413),(21,1835),(28,2185),(38,4573),(61,538),(79,3340),(82,497)]	18.204117
870	[(8,4796),(9,3403),(14,425),(20,4508),(22,1154),(58,3392),(65,4198),(87,3481)]	18.796471
871	[(3,1210),(14,2989),(45,3371),(59,1640),(65,2837),(72,43),(76,1449)]	18.317523
872	[(2,100),(16,3956),(25,2887),(43,4671),(46,2115),(70,1425),(77,4298),(79,1966),(81,4128),(85,1540),(89,2929)]	18.255831
873	[(35,3101),(53,1403),(66,4502),(77,829)]	18.277984
874	[(14,674),(36,1065),(69,2427),(72,3466),(81,2156)]	18.181308
875	[(1,3851),(25,650),(27,4806),(40,2405)]	18.529257
876	[(26,3594),(48,2789),(57,1062),(76,3999)]	19.325704
877	[(49,457),(71,1204),(76,41),(92,3092)]	18.891451
878	[(15,4741),(19,3446),(41,927),(44,4617),(62,2616),(67,240),(76,4587)]	18.097167
879	[(6,931),(14,3401),(64,1543),(66,2045)]	18.444040
880	[(16,793),(17,3855),(18,1016),(45,614),(70,1912)]	18.352620
881	[(14,3845),(18,3618),(28,4358),(34,2194),(67,1624),(68,3021),(76,2210),(77,4339),(81,3545)]	18.475447
882	[(5,1451),(17,47),(36,1782),(47,1905),(57,1625),(76,4119),(80,2695),(82,3214),(85,609)]	18.526230
883	[(13,724),(16,1289),(28,101),(36,4096),(54,2763),(55,4344),(62,3137),(76,3615),(91,3765)]	18.273985
884	[(14,3462),(21,2153),(23,1748),(24,1858),(37,1483),(38,4670),(45,2906),(72,285),(82,826),(86,4045),(92,47)]	18.108976
885	[(63,3760),(68,2793),(79,4141),(88,2304)]	18.031685
886	[(1,4116),(2,2010),(52,4714),(67,3205),(73,3561),(75,3592)]	18.466233
887	[(2,2318),(9,1001),(19,3770),(52,2234),(80,2816),(82,1334),(91,841)]	23.848416
888	[(5,2965),(6,3612),(12,2456),(16,4135),(20,3273),(45,3350),(50,710),(57,638),(70,475),(84,2822)]	20.717795
889	[(29,1572),(36,4703),(40,1471),(42,2323),(46,1312),(69,760)]	21.358160
890	[(10,4187),(13,1780),(26,4059),(27,1567),(31,2452),(49,3763),(50,1503),(60,4044),(80,3375)]	20.144887
891	[(3,159),(15,1182),(19,2397),(27,717),(42,403),(63,2661),(64,2739),(66,2151),(71,328),(76,2699),(78,3153),(88,3861)]	24.024792
892	[(4,1029),(15,1510),(38,2581),(39,1760),(41,4107),(51,1993),(63,2735),(70,4090),(71,3837),(76,1671),(92,3801)]	33.059063
893	[(4,4713),(18,3192),(36,2487),(37,988),(41,1274),(53,604),(75,3300),(92,903)]	18.993268
894	[(9,4772),(16,2686),(18,2298),(58,3296),(63,341),(71,2170)]	18.850699
895	[(5,4708),(10,398),(13,862),(17,3616),(18,3156),(32,4495),(45,4520),(49,4662),(61,3371),(68,3404),(71,354),(72,4486),(76,4033),(79,688),(87,3313)]	18.339671
896	[(21,2601),(22,3807),(46,4295),(60,4118),(91,1623)]	18.299360
897	[(9,1364),(49,1760),(76,1853),(90,2169)]	18.901572
898	[(13,1145),(16,1457),(43,2509),(64,106),(72,596),(75,4748),(82,1241)]	18.615444
899	[(7,2896),(8,2121),(19,1710),(28,2841),(36,2300),(42,2801),(66,730),(70,4329),(86,968)]	18.245216
900	[(5,2037),(11,160),(23,2908),(38,3113),(62,424),(63,509),(80,3558)]	19.176217
901	[(4,1076),(7,2996),(36,303),(48,3729),(56,4282),(68,2451),(70,4091),(71,459),(78,2781)]	18.493123
902	[(2,1317),(9,531),(37,801),(41,2081),(62,3722),(88,93)]	18.217103
903	[(21,4290),(64,705),(65,4654),(67,105),(74,3539)]	18.231523
904	[(32,1107),(48,3592),(53,3263),(60,3201),(63,1082),(68,996),(77,4302)]	18.441525
905	[(3,3362),(7,790),(15,2127),(38,4102),(44,342),(54,168),(71,842),(72,3757),(86,4625)]	18.624488
906	[(39,881),(40,183),(49,3193),(57,1411),(76,2395),(77,4669)]	18.769184
907	[(15,1144),(16,2293),(40,639),(57,3681),(68,4280),(83,4797),(90,4292)]	18.656852
908	[(9,4613),(22,4581),(33,4442),(34,1030)]	18.751202
909	[(17,2643),(37,1950),(38,4478),(43,3369),(46,1476),(51,3437),(64,3473),(69,1475),(70,2810),(77,2229)]	18.645965
910	[(13,2506),(47,3641),(77,87),(91,1796)]	18.681383
911	[(27,4680),(37,2697),(38,2345),(42,2812),(45,4181),(47,1305),(49,61),(63,486),(69,1274),(89,3240),(92,1677)]	20.007074
912	[(12,2281),(36,3605),(50,3779),(69,808),(80,961),(91,2914)]	18.995341
913	[(79,1968),(80,1890)]	22.680259
914	[(6,3899),(15,734),(51,1608),(60,4801),(77,2995),(83,3495)]	19.161246
915	[(17,4514),(32,2933),(46,4804),(55,398),(59,333),(62,1426),(69,3176),(75,3059),(76,3965),(90,1071)]	18.228134
916	[(54,1299),(78,4710),(79,4004),(89,2979)]	18.119568
917	[(6,1178),(10,828),(17,3998),(38,3979),(53,988),(56,343),(63,3818),(66,2826)]	18.025988
918	[(3,438),(4,3148),(14,666),(18,4443),(20,340),(26,1933),(37,1269),(50,445),(51,1692),(53,2442),(80,4604),(88,1348),(90,579)]	18.268446
919	[(12,1165),(15,4110),(27,1754),(28,542),(33,854),(41,1027),(44,3117),(82,685)]	18.468165
920	[(0,4543),(21,4375),(51,1502),(57,2744),(59,1069),(66,3734),(77,144)]	18.508953
921	[(37,1646),(43,2282),(78,4026),(83,4000),(91,2035)]	18.054786
922	[(17,1036),(18,2305),(37,4569),(80,2900),(92,1608)]	17.931477
923	[(30,893),(33,3383),(60,3452),(74,3819),(82,2983),(89,4588),(90,2459)]	18.215100
924	[(3,3653),(18,2525),(21,1396),(33,606),(60,2569),(69,228),(72,477),(91,1202)]	18.070695
925	[(5,178),(7,2541),(67,4108),(78,1540)]	18.053130
926	[(8,1761),(31,1744),(74,3123),(89,1733)]	18.113179
927	[(2,3512),(22,4703),(72,251),(75,2266),(81,820)]	17.956874
928	[(7,679),(10,3574),(18,4711),(24,2066),(28,1498),(43,4028),(50,3076),(51,443),(53,2854),(57,346),(70,4075),(90,4122)]	18.926391
929	[(10,312),(11,303),(27,4337),(41,3652),(45,3825),(68,1348),(82,4780)]	18.151029
930	[(8,4290),(37,4413),(40,3599),(46,4708),(71,2922),(72,68),(81,2243),(83,3367),(87,2788)]	18.126300
931	[(2,2601),(3,3807),(5,1630),(18,415),(35,848),(50,4793),(51,1807),(63,665),(73,29),(90,2682),(92,3036)]	18.206024
932	[(22,2141),(80,2263),(91,2898)]	18.094321
933	[(34,2686),(35,4253),(92,3299)]	18.452255
934	[(0,4471),(15,4251),(18,575),(25,3098),(36,547),(54,2248),(56,304),(72,2772)]	18.244581
935	[(3,162),(37,2527),(68,3949)]	18.322771
936	[(5,1897),(26,3592),(33,1327),(40,3318),(41,1167),(51,2426),(62,2010),(74,1970),(87,2205)]	20.542792
937	[(6,1499),(12,3844),(39,528),(77,1442),(80,2704)]	18.038387
938	[(10,4314),(11,4066),(22,2875),(59,656),(76,139),(83,2123),(88,1262)]	18.337471
939	[(6,1502),(26,1666),(31,3163),(33,3695),(65,2966),(72,3836),(74,2629),(75,362),(92,193)]	26.167483
940	[(13,1687),(16,3525),(56,2299),(71,4587)]	19.837837
941	[(17,4038),(53,3059),(66,1600),(83,3899),(92,1360)]	21.243356
942	[(1,229),(4,3437),(25,3254),(31,634),(55,3068),(61,4379),(73,1076),(81,2631),(82,2796)]	19.603591
943	[(33,3632),(35,4284),(46,2584),(55,334),(63,3999),(80,1992)]	20.178709
944	[(32,2933),(47,4610),(49,4531),(53,388),(67,1800),(87,4768)]	21.044158
945	[(9,3150),(28,775),(44,2037),(47,4726),(71,1009),(72,3538),(78,2908),(81,4362)]	27.021207
946	[(25,239),(44,3259),(68,1835)]	30.180285
947	[(15,3492),(16,323),(20,3566),(34,661),(56,2542),(62,3895),(77,4721),(86,2999)]	18.456177
948	[(4,4115),(6,3379),(13,668),(20,3223),(25,1461),(37,2499),(75,1509),(77,836),(85,2624)]	18.410408
949	[(5,2181),(13,4389),(57,1250),(75,3921)]	19.127591
950	[(4,4244),(24,4523),(26,2389),(29,4248),(52,3201),(64,4618),(84,4160)]	18.790213
951	[(3,656),(22,2844),(38,3556),(62,2516),(90,10)]	18.290839
952	[(11,3302),(18,1441),(27,2922),(36,2722),(37,2660),(51,2905),(66,3113),(79,577),(83,957),(84,486),(92,951)]	18.943418
953	[(21,4259),(32,1345),(37,1658),(67,1856),(86,1268)]	18.802264
954	[(3,179),(21,3741),(25,4107),(60,3377),(69,2924),(70,1283),(87,2954),(92,1004)]	19.881085
955	[(12,2569),(20,1572),(25,1514),(30,2664),(50,2962),(58,378),(88,501)]	18.961950
956	[(2,1761),(9,1219),(60,4012),(64,1780),(68,166),(84,2199)]	18.379729
957	[(22,1330),(34,3156),(56,345),(63,3578),(74,1755),(77,2707),(87,2860)]	18.982614
958	[(10,1372),(11,3261),(23,2498),(33,1793),(44,2063),(45,4594),(59,622),(68,1848)]	18.331352
959	[(22,4371),(29,525),(51,179),(53,2655),(54,1446),(59,2866),(67,1504),(84,656),(88,4806)]	18.222335
960	[(22,4037),(27,2488),(30,4427),(34,2332)]	18.605821
961	[(20,153),(33,4159),(49,338),(60,4383),(84,2766)]	18.481818
962	[(7,2937),(14,1642),(32,1063),(35,3248),(64,3084),(68,4401),(76,3239)]	18.317031
963	[(5,1174),(19,2785),(31,1987),(41,4769),(43,4372),(88,947)]	18.471120
964	[(7,4480),(20,1351),(28,225),(32,1903),(36,3664),(37,4442),(57,155)]	18.159447
965	[(0,952),(9,1853),(25,2432),(32,3851),(40,1759),(53,3812),(63,3611),(64,4434),(75,3090)]	18.054703
966	[(4,1096),(20,3695),(24,852),(33,1053),(63,1923),(92,3597)]	18.874644
967	[(16,4045),(28,3071),(56,4765),(58,209)]	18.393448
968	[(12,1821),(17,781),(25,2568),(45,821),(56,2440),(63,3016),(77,2819),(80,4727),(89,3172)]	18.225605
969	[(38,1439),(42,164),(48,3502),(49,607),(51,1442),(54,2334),(59,543)]	18.330032
970	[(18,1065),(36,2364),(55,2633),(58,4453),(64,3657),(67,1484),(72,2693),(78,3376),(79,3851),(84,904),(89,1552)]	19.573205
971	[(34,4364),(41,4300),(87,3218)]	22.001647
972	[(5,1086),(12,970),(14,152),(22,4246),(48,4122),(75,1052)]	31.083195
973	[(3,2941),(17,3080),(42,773),(52,388)]	21.030530
974	[(1,3348),(2,4228),(40,1480),(45,215),(60,2412),(70,1041),(71,1142),(87,3112)]	20.561826
975	[(0,1086),(4,4645),(61,3668),(85,2077),(88,3295)]	19.115167
976	[(0,2557),(36,3370),(85,3699)]	19.348811
977	[(0,2025),(3,3563),(29,1455),(30,4648),(73,2971),(84,337)]	18.438743
978	[(5,2869),(14,867),(31,3095),(34,1173),(44,2394),(90,3774)]	18.409729
979	[(12,3233),(17,2052),(27,2621),(35,2172),(39,2938),(51,1249),(60,2150),(64,7)]	18.316533
980	[(21,2713),(27,3797),(29,3600),(54,2900),(88,1992)]	26.062342
981	[(22,4749),(26,896),(49,595),(59,4058),(81,3405),(91,2892)]	18.359178
982	[(21,3964),(65,3492),(67,2834),(81,2832),(86,1955)]	18.668108
983	[(1,4260),(6,1353),(11,1029),(16,4376),(44,3861),(47,2390),(54,425),(64,4671),(77,2735),(79,189)]	18.259048
984	[(17,758),(18,919),(70,247),(78,2045)]	18.385451
985	[(29,2056),(37,3961)]	18.223734
986	[(4,828),(16,357),(24,855),(34,2176),(49,131),(63,4506),(82,59),(85,822)]	21.921629
987	[(34,336),(45,724),(77,4593),(87,2064)]	18.336828
988	[(0,2246),(5,3302),(9,1492),(32,1471),(42,4591),(43,106),(46,1859),(58,1050),(66,3874)]	26.052002
989	[(33,1),(44,285),(51,583),(77,4695),(79,2627)]	42.080461
990	[(1,1050),(24,455),(31,2135),(65,4398),(72,407),(83,952),(88,4381)]	25.415201
991	[(33,4458),(45,230),(71,3382),(91,1048)]	21.025938
992	[(8,242),(13,2041),(15,1937),(17,2838),(25,288),(35,1160),(37,3817),(48,1274),(51,3832),(68,4805),(88,3640)]	19.333836
993	[(19,4285),(63,3600),(72,376),(78,1341),(87,3596)]	18.807401
994	[(21,1172),(31,4237),(53,1900),(70,1334),(88,284)]	18.341722
995	[(66,602),(68,4709),(73,4174),(83,265),(91,3615)]	18.379396
996	[(0,1971),(8,3495),(20,2463),(58,4455),(65,1811),(68,197),(69,984),(74,3780),(83,3615),(88,1121)]	30.138541
997	[(25,378),(32,2940),(43,2820),(53,2437)]	40.090960
998	[(11,184),(42,3308),(43,2645),(44,3028),(60,208),(67,1858),(90,3749)]	19.393954
999	[(12,2164),(34,701),(44,3195),(46,920),(48,831),(59,122),(60,1380),(80,591),(87,43),(90,3136)]	18.665106
