ruleset_index	matches	time_ms
0	[(4,2439),(8,153),(39,812),(66,1820)]	30.896543
1	[(3,1836)]	32.198540
2	[(13,1198),(17,1665),(20,1653)]	30.357990
3	[(55,1149),(82,2128)]	34.357409
4	[(64,1153),(91,1299)]	35.644232
5	[(15,1782),(23,2032),(87,7)]	22.806268
6	[(3,2085),(24,2704),(36,2471),(39,119),(62,1192)]	15.001921
7	[(20,535),(55,1837)]	14.642519
8	[(13,1223),(57,2635),(70,2508),(76,770),(90,827)]	14.416169
9	[(17,347),(48,871)]	15.683239
10	[(49,774),(82,2415)]	14.664540
11	[(3,2566),(34,583),(39,912),(48,1040),(60,64)]	15.464529
12	[(36,640),(43,2693),(60,1895),(74,2521),(83,247)]	17.547076
13	[(13,2068),(17,2790),(25,1292),(31,2243),(36,2654),(58,473),(63,1141),(73,287)]	21.692395
14	[(31,1713),(46,1816),(55,1754)]	27.965141
15	[]	14.656262
16	[(32,2384),(65,1663)]	15.010234
17	[(2,276),(19,1688),(22,389),(57,1538),(72,392)]	14.632894
18	[(70,1280),(91,2904)]	14.695702
19	[(68,822),(76,1197),(81,678),(87,635)]	15.163982
20	[(14,2380),(20,1693),(42,1173),(45,2516),(60,850),(66,3),(71,1112),(73,1719),(79,2921),(81,1675),(86,1520),(90,20)]	16.475201
21	[(46,1873),(73,974),(86,1043)]	16.409596
22	[(17,1074),(45,2152),(47,2397),(56,2469),(73,932),(85,1602)]	14.848590
23	[(49,1487),(89,355)]	15.214637
24	[(4,1732),(19,2446),(46,2335),(61,2585),(82,1558)]	14.954700
25	[(12,2601),(22,117),(80,1436)]	18.221474
26	[(19,682),(34,1685),(47,416)]	16.068046
27	[(27,591),(34,592),(75,762),(92,88)]	14.662515
28	[(7,1476),(29,2176),(53,1418),(64,2687),(68,2029)]	20.226566
29	[(35,1729),(48,1466),(55,1344),(57,1863),(91,2050)]	14.740046
30	[(4,1123),(11,1557),(56,909),(67,79),(70,1980),(84,1433),(89,1737)]	14.867405
31	[(65,665),(84,1013)]	14.748579
32	[(26,906),(31,142),(73,1042),(87,1127)]	15.239078
33	[(21,1041),(26,2438),(48,2948),(73,222)]	15.596803
34	[(69,1495),(73,383)]	16.482463
35	[(0,548),(5,7),(13,967),(26,311),(35,714),(40,828),(52,1017),(58,341),(69,2286),(71,2561)]	15.279065
36	[(12,1727)]	14.621926
37	[(5,1133),(34,1217),(69,311),(85,363),(92,713)]	15.050329
38	[(2,1120),(13,2572),(21,1676),(23,2355),(38,1955),(40,387),(45,2516),(60,2267)]	14.500997
39	[(1,2659),(57,2804),(72,2279),(78,74)]	15.990068
40	[(13,338),(34,168)]	14.970800
41	[(10,2963),(54,1246),(91,523)]	15.589738
42	[(11,1040),(47,2190),(50,1803)]	14.620672
43	[(28,1548),(29,655),(67,70),(87,2480)]	14.362340
44	[(4,547),(79,773),(91,2789)]	14.718135
45	[(9,1928),(29,2756),(31,2293),(57,227),(80,2579),(88,822)]	14.597378
46	[(12,1601),(24,398),(47,2243),(50,770),(84,1491)]	14.459191
47	[(6,1488),(11,1948),(18,2678),(20,1296),(30,1090),(61,1629),(64,2111),(79,1827)]	15.254153
48	[(24,1894),(32,1783),(42,426),(83,2664)]	14.238982
49	[(5,578),(10,1358),(64,2032)]	15.918778
50	[(4,1045),(27,636),(37,864),(42,1702),(83,526)]	16.412222
51	[(17,2004),(40,1035),(47,2836),(62,2760)]	17.103479
52	[(34,223),(38,2925),(71,357),(83,274)]	20.675876
53	[(12,2555),(20,1831),(80,1425),(84,618)]	15.528655
54	[(7,2610),(52,2595)]	14.757928
55	[(7,2190),(9,100),(27,2485),(37,1204),(55,1255),(69,2200),(92,2258)]	14.927747
56	[(21,778),(42,1344),(61,2721),(78,1948)]	14.491908
57	[(1,263),(15,1981),(18,1097),(54,1232),(62,882),(92,1503)]	17.355507
58	[(8,1535),(22,1025),(35,441),(58,733),(63,1216),(68,863),(70,2752),(90,2319)]	19.348554
59	[(18,323),(37,1462),(39,640),(79,1079)]	14.942383
60	[(7,311),(39,1661),(52,932),(65,2886),(77,931),(88,2496)]	14.407175
61	[(13,824),(18,1221),(38,2456),(75,2339)]	14.396364
62	[(15,2079),(25,1960),(26,761),(27,1374),(29,14),(82,2294),(89,580)]	14.351299
63	[(23,1),(41,1098),(75,2334)]	14.541282
64	[(6,2535),(33,2860),(52,1031),(62,2169)]	16.247475
65	[(59,474),(60,2673),(62,2389),(71,2351)]	15.153908
66	[(14,342),(35,2558),(49,1816),(59,1393),(66,2226),(71,2672),(72,667),(83,483)]	14.840848
67	[(3,71),(47,1423),(65,2584)]	14.782968
68	[(8,518),(38,2174),(61,1366),(79,475)]	14.370630
69	[(0,2340),(23,1674)]	14.286040
70	[(2,2277),(25,2580),(35,928),(41,1205),(82,1504)]	14.876139
71	[(23,318),(77,1436)]	14.612303
72	[(7,2066),(39,1552),(40,573),(54,1815),(77,1437),(82,243)]	14.459239
73	[(48,2089),(59,2011),(65,2186),(77,13)]	14.175326
74	[(7,2563),(11,1809),(30,582),(49,192)]	14.583144
75	[]	14.497883
76	[(13,1479),(14,97),(53,2520),(64,1548),(70,2371),(81,437),(88,785)]	17.933786
77	[(9,413),(14,1217),(23,2367),(72,1187)]	14.559843
78	[(32,2126),(34,215)]	14.343590
79	[(1,1515),(3,2438),(19,1272),(44,2720),(85,1696)]	20.439688
80	[(6,494),(11,655),(70,392),(89,1192)]	29.309199
81	[(3,601),(6,1936),(23,1448),(27,1060),(40,702),(79,898)]	15.466082
82	[(2,751),(72,958)]	14.370025
83	[(31,2915),(39,300),(44,273),(60,465),(64,1686),(92,483)]	14.533172
84	[(15,2536),(28,1401),(50,1547),(82,2224)]	14.774078
85	[(16,797),(17,2321),(64,2945)]	14.407931
86	[(0,223),(25,2792),(41,1100),(54,1045),(58,2156),(63,1712),(73,2848)]	14.161654
87	[(18,2048),(19,2570),(50,1126),(56,1471),(64,655),(69,966)]	14.313502
88	[(65,143),(77,1316)]	14.173642
89	[(19,2652),(39,810),(42,1376),(72,243),(81,529)]	14.401364
90	[(16,2019)]	17.221441
91	[(28,82)]	14.588739
92	[(78,2687),(88,569)]	14.497646
93	[(39,2183),(71,1145)]	14.275879
94	[(25,479),(40,2685),(42,2149),(69,705)]	14.317875
95	[(47,1835),(90,2812)]	14.197061
96	[(9,1031),(22,1559),(53,2926),(63,693),(68,1321),(71,1354)]	14.782063
97	[(35,1459),(41,1654),(70,910),(74,1933),(83,2783)]	15.608956
98	[(22,2956),(33,897),(42,927),(43,1532)]	14.547960
99	[(2,2324),(44,385),(75,947),(79,1569),(88,1706)]	14.189265
100	[(28,2746),(32,1930),(37,2821),(39,1425)]	14.944203
101	[(64,867)]	14.239623
102	[(5,2208),(35,1986)]	14.213259
103	[(27,1306),(32,2130),(38,691),(56,266)]	14.335525
104	[(1,2009),(34,2532),(48,2536),(73,2700),(88,1933)]	14.159154
105	[(36,773),(37,1725),(56,535),(78,1988)]	14.358837
106	[(39,1649),(43,1283)]	14.353929
107	[(70,2680)]	14.458218
108	[(23,1008),(55,2140),(87,1487)]	14.672390
109	[(5,471),(9,77),(13,1144),(53,2947)]	14.211458
110	[(14,2226),(29,2864),(32,355),(49,461),(55,2325),(69,1627),(73,1442),(84,1591)]	14.278802
111	[(30,1159),(33,1205),(43,1440),(76,350),(91,752)]	14.750583
112	[(26,2030),(40,2671),(43,694),(44,173),(76,1371)]	14.562605
113	[(24,2236),(51,2532),(54,269),(55,62),(75,338),(83,2775)]	14.374694
114	[(75,2432),(82,2045),(84,1643)]	15.397740
115	[]	14.853107
116	[(2,189),(24,2841),(44,618),(48,658),(58,1914)]	15.910616
117	[(17,2069),(74,2843),(80,668)]	18.276159
118	[(16,1738),(47,2955),(75,443),(89,2776)]	14.395480
119	[(17,2064),(19,53),(28,1666),(82,2531),(84,2511)]	14.335902
120	[(2,663),(36,1529),(45,1661),(48,1954),(57,2945),(61,1018),(79,1214)]	14.144052
121	[(28,538),(39,484),(46,1132),(59,1417),(66,1023),(72,1992)]	14.612009
122	[(24,1596),(48,1927),(67,840),(68,1405),(92,1849)]	14.459718
123	[(1,1576),(32,1519),(38,244)]	16.036058
124	[(5,270),(19,2025),(30,1768),(51,572),(84,1148)]	20.240039
125	[(4,1254),(23,2661),(49,1513),(63,1233),(82,1899)]	15.482794
126	[(7,1675),(40,1006),(61,1803),(65,2897),(72,2327),(76,2),(91,54)]	14.386873
127	[(32,2056),(70,1932)]	14.524571
128	[(15,123),(30,745),(35,2551)]	14.650849
129	[(20,2420),(26,2796),(39,144)]	15.112567
130	[(16,1403),(52,166),(83,2295)]	16.230988
131	[(37,1515),(48,293),(53,802),(62,1661),(65,994)]	14.315618
132	[(43,2526),(88,1480)]	14.446208
133	[(27,93),(81,606),(84,706)]	14.295963
134	[(2,1858),(26,2816),(31,2032),(33,2725),(37,409),(49,1227)]	14.418935
135	[(17,1486),(28,792),(60,910),(67,290),(81,2870),(89,2865)]	14.468632
136	[(4,2774),(12,2779),(20,871),(27,2870),(31,2429),(56,728),(87,2600),(88,2720)]	14.845665
137	[(28,926),(74,265)]	14.914991
138	[(45,2583),(51,2769),(52,1801),(54,2924),(70,906),(73,2589),(79,1362)]	14.651641
139	[(16,1141),(28,994),(33,758),(85,2115)]	14.501806
140	[(5,470),(18,2497),(35,1247),(50,2126)]	15.443384
141	[(38,1055),(54,2058),(60,835),(82,2937),(92,2215)]	14.504298
142	[(23,2856),(27,1106),(45,2809)]	14.294505
143	[(7,816),(17,2630),(19,2435),(32,1016),(45,1227),(47,2128),(75,710),(82,2023)]	14.917786
144	[(46,1130),(50,1836),(58,2744),(83,1916),(90,2222)]	14.277353
145	[(20,1289),(43,1453),(67,1623)]	15.110178
146	[(4,680),(50,1561)]	14.499470
147	[(25,1258),(57,1383)]	14.750581
148	[(7,2755),(21,1533),(26,2562),(32,2634),(62,86),(67,498),(72,1432)]	22.513799
149	[(9,676),(54,1456),(64,2689),(91,762)]	25.531905
150	[(4,2849),(5,157),(8,1268),(17,2555),(31,2380),(37,1913),(54,1615),(90,2717)]	14.809991
151	[(1,2293),(8,1131),(46,1955),(55,1620),(91,1638)]	14.443433
152	[(6,91),(38,2103),(92,1913)]	14.412159
153	[]	14.270530
154	[(5,1322),(37,1208),(54,1763),(55,1947),(56,975),(81,1494)]	14.441663
155	[(8,1228),(11,2149),(39,1597),(44,1716),(67,2254)]	14.282908
156	[(1,736),(21,2791),(24,455),(31,2550),(39,2135),(52,2947),(68,295)]	17.086927
157	[(21,1866),(26,2125),(58,2304),(76,2006)]	14.809215
158	[(70,2793),(74,2674),(84,2285),(92,690)]	14.677069
159	[(42,2822),(51,735),(60,956),(81,871)]	14.454784
160	[(7,318),(18,1058),(23,2507),(38,558),(39,1929)]	14.543421
161	[(9,517),(56,1940),(64,2101),(67,1442)]	14.303697
162	[(30,495),(37,1691),(70,6),(71,1736)]	14.530543
163	[(64,696),(69,126),(73,2728),(74,810)]	14.458821
164	[(8,1624),(46,532),(47,1261),(89,1078),(91,1156)]	14.695988
165	[(64,2565)]	14.194851
166	[(45,2626),(91,402)]	14.258254
167	[(6,1738),(9,712),(16,350),(54,2687),(61,2495)]	20.605493
168	[(15,2662),(60,1473),(87,2683)]	17.876545
169	[(0,2693),(20,2127),(75,1522)]	14.349877
170	[(0,2067),(5,2095),(21,1284),(39,1046),(54,2931),(56,2362)]	14.494593
171	[(2,1050),(6,342),(7,2554),(26,1737),(43,2461),(48,2445),(72,2249),(74,1811)]	14.186042
172	[(10,1458),(15,1443),(22,548),(49,2898)]	14.658868
173	[(42,2786),(57,97),(76,2337),(85,363)]	14.537234
174	[(4,2463),(14,178),(28,535),(31,2684),(83,863)]	14.824624
175	[(3,585),(53,2086),(80,1288),(85,159),(87,1335)]	14.220415
176	[]	15.129643
177	[(14,2443),(57,211),(58,2437),(72,776),(75,2431)]	18.342531
178	[(3,1394),(5,1083),(22,2823),(26,442),(50,2074),(53,1936),(81,1108)]	19.824663
179	[(43,160),(48,1135),(63,1855)]	14.602381
180	[(6,556),(21,2139),(35,920),(44,339),(45,1978),(51,1923),(75,1575)]	14.418942
181	[(8,2962),(9,2801),(16,1092),(23,561),(31,2689),(40,1186),(46,2490),(75,2033),(76,685),(78,2510)]	14.504251
182	[(3,492),(45,112),(53,2099)]	14.444826
183	[(5,2957),(22,2572),(27,1832),(39,405),(48,1611),(51,715),(59,2138),(90,427)]	15.157816
184	[(10,1459),(22,538),(35,206),(50,556),(57,2129),(91,2867),(92,1404)]	15.332144
185	[(3,2960),(31,876)]	16.714507
186	[(1,1235),(11,1057),(18,2809)]	14.573716
187	[(7,1000),(12,2737),(31,1418)]	15.356961
188	[(36,1617),(45,2074)]	31.006869
189	[(17,143),(26,731),(41,1097),(50,817),(55,1892),(63,2716),(66,993)]	30.663043
190	[(3,2243),(14,2678),(18,2281),(29,1386),(49,47),(58,136),(79,1907),(88,1484),(89,439)]	14.901668
191	[(33,62),(40,918),(58,2903),(78,2314),(81,2526),(85,2573),(92,1038)]	14.664120
192	[(0,1738),(3,461),(20,839)]	14.363840
193	[(3,2898),(27,1379),(30,1146),(43,2872),(46,343),(60,1045)]	15.202554
194	[(17,2758),(22,2952),(37,397),(40,648),(60,826),(76,541),(89,1964)]	15.933834
195	[(30,1340),(32,2834),(59,685)]	14.804762
196	[(6,2107),(28,317),(69,912),(73,2170),(76,2693)]	14.791230
197	[(7,888),(28,189),(70,128),(76,412),(89,216)]	14.409221
198	[(55,1396),(66,1157),(89,591)]	14.575637
199	[(4,2647),(27,131),(49,1156),(85,111)]	14.399223
200	[(9,1572),(52,509),(90,2523),(91,786)]	15.403398
201	[(0,791),(22,1797),(33,974),(51,957),(67,2534),(90,944)]	14.293231
202	[(49,629),(55,1191)]	27.595647
203	[(12,1431),(34,2418),(37,1114),(45,2638),(66,1144),(67,534),(77,1955)]	14.902417
204	[(22,1831),(53,566),(63,178)]	14.370962
205	[(16,443),(30,2527),(77,71),(87,2905)]	16.523682
206	[(37,2303),(67,1385),(90,226)]	14.641751
207	[(33,1378),(37,2539),(42,2779),(48,1084),(51,224),(88,2476)]	14.653697
208	[(4,1757)]	14.293870
209	[(26,1792),(45,1477),(62,2058),(70,1325),(80,1271),(92,309)]	15.319265
210	[(25,2701),(43,1139),(62,468),(73,478),(76,1569),(91,46)]	14.506667
211	[(34,936),(52,1405),(71,1330),(81,2285),(84,1786)]	18.751536
212	[(7,262),(37,2390),(42,1241),(58,389),(88,2327)]	41.366655
213	[]	57.378985
214	[(14,148),(21,1460),(40,708),(43,1604),(59,1851),(64,904),(92,840)]	34.095088
215	[(13,1953),(20,141),(56,1324)]	16.354447
216	[(5,817),(7,1366),(9,487),(28,961),(32,502),(71,167),(86,480)]	14.540174
217	[(10,488),(28,1346),(53,2092),(60,2386),(69,387),(71,962),(77,400),(88,984),(90,501)]	14.534116
218	[(53,2909),(72,772),(91,2920)]	14.277359
219	[(33,2923),(45,1418),(64,2598),(89,1660)]	14.653915
220	[(6,2029),(68,1346),(73,2180)]	14.472661
221	[(1,53),(5,1466),(7,2584),(33,113),(38,2707),(45,1521),(49,2118),(61,2004)]	14.940964
222	[(2,2812),(4,2757),(5,1582),(15,399),(23,831),(27,63),(31,2775),(38,2354),(55,421),(74,1582),(87,2228)]	14.261216
223	[(24,2402),(34,2563),(37,444),(53,274),(82,3),(84,2652),(89,2198)]	14.678953
224	[(2,1184),(16,1907),(41,1787),(46,2630),(48,2435),(55,1766),(77,852)]	14.534312
225	[(16,1194),(22,2619),(45,174),(61,1441)]	14.300341
226	[(7,2742),(8,1828),(17,1931),(20,2240),(35,674),(40,427),(55,2033),(62,2637),(86,596)]	14.410580
227	[(36,944),(68,1071),(76,499),(83,2211)]	14.262944
228	[(49,971)]	14.364828
229	[(20,117),(27,2757),(32,493),(61,2157),(78,398)]	14.757470
230	[(10,1577),(40,928),(57,2580),(69,2414)]	14.589369
231	[(14,1983),(35,1243),(37,2347),(56,1498),(83,1262)]	14.367925
232	[(28,2400),(62,784),(66,167)]	14.431131
233	[(1,2337),(80,336)]	14.340084
234	[(22,1596),(66,2044),(91,2594)]	15.337669
235	[(36,2313),(41,243),(43,1898),(48,170),(66,1291),(78,2291)]	15.405310
236	[(14,2355),(26,23),(29,626),(60,291),(74,2111),(78,1712),(80,404)]	14.785338
237	[(4,2637),(64,899),(69,551)]	14.277608
238	[(2,2476),(43,1717),(49,1857),(54,1594)]	15.028685
239	[(12,2884),(55,391),(58,1490)]	15.243601
240	[(52,1075),(87,796),(91,932)]	14.857341
241	[(3,2963),(4,125),(18,341),(26,1581),(41,2513),(74,2411),(83,346),(90,2650)]	14.345508
242	[(39,495)]	14.942180
243	[(21,1357),(37,1792),(79,132)]	17.097177
244	[(19,1303),(51,1413)]	14.854857
245	[(10,2719)]	14.851572
246	[(18,1041),(74,2583)]	15.301027
247	[(20,1164),(78,370)]	20.286764
248	[(16,2728),(49,2767)]	15.559034
249	[(2,686),(4,2503),(89,2254)]	14.531512
250	[(1,1793),(6,433),(12,1739),(26,510),(36,377),(60,687)]	15.073120
251	[(35,2507)]	15.215791
252	[(12,1209),(15,2799),(27,1170)]	14.486004
253	[(84,1005)]	14.295586
254	[(22,108)]	16.537747
255	[(40,2861),(59,1790),(60,873)]	15.462255
256	[(4,1366),(5,2835),(13,2610),(27,2691),(28,2665),(30,496),(33,555),(53,2227)]	15.061440
257	[(15,2311),(21,2837),(26,429),(44,887),(60,1837),(66,107)]	14.494970
258	[(23,226),(62,2814)]	14.677974
259	[(26,2310),(31,2120),(35,2558),(66,2149)]	14.880517
260	[(16,346),(38,673)]	14.539678
261	[(30,2581),(75,995)]	14.869453
262	[(51,2716),(74,2828)]	14.609833
263	[(27,77),(35,480),(77,2790)]	14.475750
264	[(1,1841)]	14.422214
265	[(10,140),(83,2610),(84,182)]	14.454012
266	[(39,2852),(62,104),(70,2610)]	14.516965
267	[(18,2597),(59,1419),(63,178),(74,2516)]	14.400379
268	[(10,2111),(16,2690),(53,413),(59,1053),(61,1705),(63,1117),(84,1877)]	14.314713
269	[(22,2802),(34,1781),(58,1077)]	14.340553
270	[(11,773),(14,2714),(22,246),(46,2155)]	14.381895
271	[(0,2022),(22,296),(58,1561),(72,182),(92,64)]	14.444984
272	[(23,60),(49,1578)]	14.453417
273	[(24,720),(32,2717),(42,1437),(45,2224),(65,1507)]	14.390516
274	[(11,462),(28,85),(65,1280)]	14.280281
275	[(13,2479),(15,2918),(58,525),(61,2294),(76,438),(78,1407)]	14.409451
276	[(7,1651),(20,622),(21,744),(46,1633),(67,1984),(82,715)]	14.345492
277	[(21,1288),(53,39),(71,1473),(72,268),(83,1575)]	14.248749
278	[(4,1967),(78,700)]	14.681560
279	[(5,2951),(23,2045),(27,2161),(36,2886),(52,2421),(82,373),(89,985)]	16.076241
280	[(29,125),(33,1089),(65,2608),(67,2224),(78,443)]	31.286139
281	[(18,555),(26,246),(66,1725),(79,2070),(85,599),(92,272)]	19.437862
282	[(11,1714),(46,2058),(47,2722),(54,78),(63,2323)]	16.684559
283	[(8,136),(19,2411),(22,2293),(29,2740),(47,722),(49,1430),(61,977),(91,88)]	16.369060
284	[(5,5),(14,209),(15,1991),(34,236),(40,379),(45,1749),(74,1732),(76,736),(92,2290)]	16.871885
285	[(20,815),(58,2139),(81,1468),(87,169)]	16.821062
286	[(11,2581),(15,1437),(29,973),(43,868),(72,365)]	17.562422
287	[(13,670),(19,1934),(27,2718),(31,1758),(55,2210),(73,2878),(77,1853)]	18.885771
288	[(13,2273),(41,907),(72,2833),(79,1542),(83,2129)]	16.386741
289	[(1,369),(3,1595),(32,1642),(55,1826),(86,1535)]	16.258607
290	[(28,336),(61,688),(67,2808),(91,2905)]	16.346163
291	[(24,678),(44,149),(49,2755)]	16.253652
292	[(2,2288),(11,785),(29,2400),(43,405),(67,1161),(84,2870)]	16.859653
293	[(15,1447),(26,2070),(33,2093),(34,805)]	16.168061
294	[(10,1985),(33,886),(79,71),(87,2051),(91,1498)]	16.584363
295	[(51,10),(78,1397),(92,2459)]	16.098389
296	[(5,155),(23,1231),(41,1320),(78,237)]	16.262733
297	[(2,2858),(78,456),(92,1658)]	16.464974
298	[(76,530),(78,1267),(81,746)]	16.597354
299	[(9,2415),(40,197),(45,1247),(70,2737)]	16.823397
300	[(39,1585)]	17.117523
301	[(0,1820),(16,1220),(31,2021),(36,1942),(41,1902),(46,218),(54,1850),(59,724),(64,1256),(88,160)]	16.326700
302	[(20,383),(73,1181),(78,2804),(79,1537),(84,391),(92,1006)]	16.192668
303	[(6,732),(10,342),(23,662),(26,294),(28,2399),(36,1457),(40,1647)]	15.891715
304	[(17,2875),(63,2064),(71,2494)]	14.818286
305	[(0,936),(3,1218),(45,2967),(66,2324),(84,2021)]	14.494611
306	[(9,1220),(26,839),(50,1179),(79,1453),(84,2892)]	14.770430
307	[(63,1485),(65,742),(73,1500)]	15.822745
308	[(6,2114),(9,89),(40,962),(56,2899)]	14.697758
309	[(42,1697),(48,503),(64,2027),(88,778)]	15.132390
310	[(0,2134),(15,895),(58,1902),(77,1797)]	20.747196
311	[(8,1117),(14,2935),(24,613),(38,218),(44,2827),(54,185),(74,2192)]	16.574793
312	[(10,2043),(18,1401),(19,2332),(70,286),(75,1816),(87,1613)]	14.730979
313	[(6,2853),(13,453),(42,1893),(43,2133),(44,1935),(45,2210),(50,621),(73,1530)]	15.972603
314	[(3,2623),(13,2395),(53,689)]	15.050934
315	[(15,2780),(17,800),(47,1315),(75,2926),(79,1184),(83,1939)]	18.591999
316	[(16,1507),(39,2950),(40,781),(68,2022),(84,673),(92,2838)]	16.310264
317	[(18,958),(24,2367),(42,2285),(50,1489)]	15.532382
318	[(23,2693),(53,1027),(87,1271),(90,1729)]	14.941604
319	[(37,283),(54,1197)]	14.955057
320	[(1,1841),(46,2438),(48,2672),(57,1406),(80,2496)]	14.523159
321	[(27,2743),(32,2561),(51,565),(55,2722),(79,2831),(81,1630)]	14.424303
322	[(1,112),(4,1950),(7,1351),(26,2707),(59,842),(70,749),(83,2310),(90,1115)]	14.574461
323	[(10,2392),(35,1472),(45,2239),(50,1816),(56,1407),(64,2735),(66,1860),(91,2647)]	16.073199
324	[(12,2524),(31,146),(36,392),(64,492),(85,1512),(87,0)]	14.640876
325	[(15,2765),(20,1969),(21,832),(35,777),(77,2683),(87,318)]	14.726035
326	[(24,830),(40,925),(66,373)]	14.567649
327	[(25,538),(29,2954),(39,1574),(47,1402),(50,185),(77,713)]	14.840906
328	[(9,1145),(45,2965),(61,1227),(62,1451),(91,677)]	14.922263
329	[(59,122),(60,2199)]	15.188424
330	[(90,2796)]	14.356741
331	[(42,998),(47,2539),(48,91),(76,2752)]	15.618170
332	[(2,1665),(5,1653),(25,566),(30,1161),(63,2654),(82,747),(86,2298)]	14.598721
333	[(0,2174),(73,1120)]	14.444477
334	[(21,545),(44,463),(89,1718)]	14.550666
335	[(16,289),(43,1272),(59,2800),(66,444),(72,493)]	14.734246
336	[(3,2327),(5,1009),(10,2040),(15,351),(66,2714)]	14.368953
337	[(33,1481),(79,287)]	14.536906
338	[(2,1650),(14,1559),(28,2531),(62,2270),(86,1750),(91,1522)]	15.071040
339	[(13,1089),(57,735),(77,572),(88,2336)]	16.229992
340	[(6,2455),(7,36),(11,532),(12,1261),(19,2069),(26,1512),(39,175),(65,2886),(90,929)]	14.543794
341	[(54,2530)]	14.318577
342	[(0,2118),(10,2292),(16,851),(56,616),(58,1577),(64,986)]	14.566543
343	[(21,2659),(53,1240),(80,2482)]	14.660842
344	[(39,2665),(43,1699),(46,1965)]	20.748808
345	[(1,846),(25,1217),(75,2021)]	29.087713
346	[(72,1744)]	14.797269
347	[(3,670),(6,797),(34,738),(42,765),(67,1411),(68,1747),(88,1648)]	14.292791
348	[(33,2481),(44,2022),(73,2812)]	17.271178
349	[(42,370),(65,2453)]	21.134089
350	[(5,1738),(33,1656)]	14.668155
351	[(19,667),(66,155),(73,46),(80,511)]	14.375824
352	[(17,298),(23,2864),(64,1445),(73,2959),(74,1585),(81,638),(92,2673)]	14.324075
353	[(12,2838),(25,1955),(31,349),(62,1495),(63,1496),(64,867)]	14.393926
354	[(21,670),(34,2006),(54,1971),(57,1020),(58,1026),(64,2299),(74,203),(75,1050)]	14.600588
355	[(16,641),(23,1016),(25,2868),(27,1288)]	14.593195
356	[(0,564),(21,1652),(49,88),(58,1861),(75,2649),(84,2015)]	14.351104
357	[(59,2074)]	14.497827
358	[(6,1950),(33,1069),(38,317),(58,1858),(59,1281),(62,667)]	14.385816
359	[(24,4),(33,1624),(34,1098),(67,38)]	14.386499
360	[(0,1436),(26,2797),(51,2350),(61,814),(63,2749),(65,2699),(72,515),(86,1031),(88,2774)]	15.128210
361	[(63,1993),(65,258),(71,2189),(91,1767)]	14.455704
362	[(15,1787),(55,2888),(74,1277),(85,2880),(86,1768)]	14.838333
363	[(7,2186),(8,2849),(9,1875),(53,1976),(60,1208),(72,2504),(83,1644)]	15.723064
364	[(43,160),(62,400),(67,1407),(80,960),(84,900),(86,730),(89,442)]	15.111127
365	[(53,2498),(67,1305)]	14.804703
366	[(28,180),(42,2739),(62,1992)]	14.672218
367	[(15,529),(24,724),(59,2365),(60,1602),(79,1579)]	14.913769
368	[(35,1363),(52,1229),(69,2909),(85,2168)]	14.494712
369	[(13,2118),(81,2260)]	14.468562
370	[(1,1372),(18,1631),(55,1715),(59,863)]	15.182760
371	[(79,2397),(87,23)]	14.820007
372	[(57,2041),(63,2264),(68,1237),(73,2657),(82,2138)]	15.039182
373	[(14,1478),(30,1035),(77,2673),(89,1594)]	14.550507
374	[(37,2421),(40,973),(46,2643)]	16.716262
375	[(22,747),(43,2707),(59,50),(65,1624),(69,1193)]	20.097069
376	[(4,1156),(35,2212),(66,1892),(87,1531)]	15.131942
377	[(21,1710),(25,1951),(27,933),(85,1004)]	14.442626
378	[(19,1508),(25,1059),(27,351),(28,1048),(36,1299),(49,2791),(67,482)]	14.910931
379	[(1,1753),(38,718)]	14.811973
380	[(23,892),(27,446),(38,711),(47,525),(60,2788)]	14.538060
381	[(9,470),(27,2226),(29,344),(84,2630)]	14.228771
382	[(22,2371),(26,2484),(48,2659),(49,681)]	17.089701
383	[(3,1245),(18,336),(33,925),(84,2103)]	14.628108
384	[(2,392),(38,463),(68,2760)]	14.293534
385	[(14,1352),(44,1870),(45,233)]	14.278563
386	[(0,1679),(4,2648),(6,1104),(39,417),(43,1416),(58,1785),(92,1342)]	15.598015
387	[(2,1931),(10,2518),(18,2137),(68,2303),(76,2218),(82,2754),(89,765)]	14.869479
388	[(43,1898),(49,1037)]	14.577211
389	[(1,1747),(16,2379)]	14.451767
390	[(14,2433),(26,898),(77,1975),(80,2838)]	15.934250
391	[(13,1422),(14,486),(63,2145),(68,1399),(82,2129),(90,703)]	14.226795
392	[(44,1393),(54,545),(63,1351),(70,1213),(71,765),(75,821),(83,647)]	14.390524
393	[(69,2536),(73,1415),(88,2755)]	23.487695
394	[(4,1723),(32,945)]	14.724823
395	[(23,2350),(47,1194),(58,2181),(86,220)]	15.596392
396	[(44,2918),(52,645),(83,2589),(84,1613),(87,1459),(88,2060)]	14.548758
397	[(7,2441),(21,431),(28,2881)]	14.469126
398	[(4,36),(12,2333),(15,1182),(22,234),(67,2032),(70,280),(72,2363)]	14.870788
399	[(11,2673),(13,2389),(24,372),(31,2647),(50,930),(56,1488),(78,281),(79,1868)]	15.345445
400	[(4,431),(16,1446),(18,807),(67,640)]	15.120561
401	[(43,1301),(47,2626),(92,153)]	14.446758
402	[(10,408),(15,554),(68,2524),(69,1033),(80,2056)]	14.488044
403	[(12,869),(62,2471),(85,612)]	14.640984
404	[(10,1584),(26,330),(35,1031),(37,2774),(55,509),(58,793),(83,2159)]	14.309628
405	[(35,2931),(38,1558),(77,1117)]	14.293656
406	[(11,1295),(12,1718),(15,1057),(34,167),(75,1997)]	14.139591
407	[(32,2963),(33,125),(58,2877),(73,1609),(75,1438)]	14.546009
408	[(37,2561),(44,943),(89,2882)]	14.566196
409	[(14,1772),(17,368),(34,1382)]	14.582671
410	[(13,257),(89,2607)]	16.923943
411	[(35,104),(49,1274),(53,521),(66,125)]	17.474174
412	[(12,424),(14,1258),(30,223),(68,1776),(86,2364)]	35.387424
413	[(56,2228),(75,2332),(89,1406),(91,2768),(92,1726)]	15.891434
414	[(3,412),(27,102),(47,2677),(62,1088),(89,1973)]	19.101066
415	[(30,356),(40,126),(75,1821),(85,2183)]	14.365820
416	[(9,903),(18,1450),(33,77),(68,1388),(88,976)]	14.916571
417	[(19,467),(32,476),(70,1314),(71,2079),(92,1181)]	14.650133
418	[(55,417),(56,753),(72,606)]	14.595285
419	[(9,1826),(38,1075),(54,2290),(71,1532)]	14.466958
420	[]	14.470640
421	[(3,1096),(12,794),(34,1616),(37,896),(40,798),(52,2700),(59,1480),(66,2311)]	14.510601
422	[(21,2881),(75,214),(85,147),(89,353)]	14.546739
423	[(13,2243),(53,728),(69,543),(81,1828)]	14.450129
424	[(2,1363),(7,597),(74,1231),(78,548),(79,693)]	14.236968
425	[(74,398)]	14.424129
426	[(13,2758),(23,2656),(48,1228),(54,612),(69,1319),(75,1203),(77,1501)]	14.668372
427	[(4,2836),(14,100),(19,2896),(26,2201),(64,40),(65,2336),(70,1013),(88,643)]	15.553184
428	[(4,2519),(42,576),(44,2578),(49,267),(71,48)]	16.886913
429	[(21,2158),(36,2423),(74,435)]	16.194233
430	[(74,1897),(92,145)]	16.299105
431	[(46,679),(64,665)]	16.286886
432	[(15,1869),(32,1505),(37,1693),(62,494),(82,1707),(86,5)]	16.651353
433	[(8,1399),(19,1746)]	16.500739
434	[(44,761),(56,2329),(63,1278)]	18.293751
435	[(31,1542),(38,2891),(74,1629),(81,1995)]	16.149420
436	[(1,803),(10,98),(31,559),(61,1598),(89,1015)]	14.740326
437	[(9,702),(12,622),(29,2465),(49,2194),(74,2039),(85,2962)]	14.316875
438	[(17,2718),(18,2638),(35,1215),(37,2920),(39,163),(47,1130)]	19.140836
439	[(1,2657),(6,2140),(43,2366),(53,2798),(69,186),(75,2543),(88,2875)]	18.943577
440	[(0,1776),(10,2105),(33,1664),(50,352),(52,1447),(82,1211)]	15.058856
441	[(23,2895),(44,1633),(46,1850)]	14.592738
442	[(42,1634),(57,134),(63,2671),(69,60),(87,22),(92,1827)]	15.652619
443	[(16,438),(39,2955),(41,1631),(59,2576),(69,1452),(72,1994),(80,842),(82,2116)]	14.995405
444	[(5,770),(14,1556),(22,2603),(50,2536),(55,486),(75,342),(89,741)]	14.410315
445	[(41,1008),(43,2743),(66,2183),(90,2478)]	15.210848
446	[(3,2446),(39,392),(64,2711),(69,2844),(72,1908),(82,982),(88,1093)]	15.719347
447	[(61,820),(83,2756)]	15.043952
448	[(0,2553),(12,2100),(41,2068),(42,1648),(80,536)]	14.402796
449	[(13,2035),(14,1354),(40,894),(58,1359),(66,191),(74,2704)]	14.983088
450	[(7,2523),(8,786),(16,2148),(20,2505)]	14.211723
451	[(19,2269),(76,567)]	16.346934
452	[(17,2965),(33,1220),(58,1888),(59,1173),(72,2098)]	16.577996
453	[(8,327),(36,2576),(69,1275)]	16.674339
454	[(8,2769),(25,1070),(36,2263),(40,1461),(62,2110),(87,2703),(88,2578)]	16.438510
455	[(40,2360),(44,1211),(68,1359)]	16.823367
456	[(46,1322),(49,821),(80,1568),(87,2127)]	16.636944
457	[(14,1966),(16,2621),(49,2944),(57,10),(78,301)]	15.500210
458	[(7,2422),(24,2687),(44,4)]	14.339091
459	[(43,2861),(46,2885),(58,112),(69,990),(70,2200),(76,2167),(86,1547)]	14.567127
460	[(32,2754),(39,2369),(49,1221),(52,194),(63,710)]	14.286450
461	[(13,2223),(71,1911),(89,80)]	14.559280
462	[(4,20),(13,197),(31,2159),(37,61),(43,435),(74,2234),(75,834)]	16.312189
463	[(6,2306),(11,965),(43,1836),(56,1177),(78,2596),(84,2244),(87,598)]	16.508796
464	[(17,2804),(25,2194),(31,2548),(71,1191)]	14.408734
465	[(2,173),(5,2432),(15,2351),(26,1849),(46,762),(80,1582)]	14.971639
466	[(2,1635),(13,75),(27,723),(66,1838),(77,1019)]	14.953254
467	[(14,136),(79,2659)]	14.588049
468	[(23,367),(45,2643),(67,338),(78,850),(83,2063),(86,829)]	14.593006
469	[(44,1029),(59,249),(73,2040),(75,1934)]	14.415819
470	[(12,1552),(27,1376),(38,2628),(62,995),(76,762)]	15.227743
471	[(0,2075),(8,228),(54,613),(63,1851)]	14.311951
472	[(17,1271),(39,2965),(88,857)]	14.882305
473	[(25,937),(43,557)]	16.759006
474	[(9,236),(83,2348)]	15.098581
475	[(3,2485),(10,604),(39,143)]	14.302007
476	[(1,2368),(20,824),(28,1945),(62,1513)]	14.504625
477	[(0,1508),(23,1718),(27,2860),(63,2501)]	23.195103
478	[(45,2277),(48,2418),(52,1728)]	25.160069
479	[(2,1284),(11,565),(22,2637),(46,799)]	15.146519
480	[(43,2590),(58,1148),(81,1576),(89,2708)]	14.857611
481	[(3,981),(67,100),(79,2893)]	14.467479
482	[(9,2256),(14,2707),(81,213)]	14.207461
483	[(6,1327),(8,2943),(17,2705),(25,1408),(35,985),(45,22),(48,2581),(51,2595),(66,500),(70,1297)]	14.467420
484	[(32,2670),(65,246),(92,402)]	14.185254
485	[(20,1028),(26,2289),(54,2693),(87,2651),(90,1438)]	15.055856
486	[(8,2889),(15,395),(50,463),(68,2259)]	14.734083
487	[(12,850),(40,683),(58,1021),(75,1431),(87,2656)]	14.555949
488	[(15,46),(20,578),(21,1125),(24,2882),(61,2795),(87,1620)]	14.832496
489	[(0,710),(31,1137)]	14.594193
490	[(5,537),(31,2331),(72,2629),(77,922)]	14.832299
491	[(33,2349),(45,2328),(73,1650),(79,1934),(89,1108)]	14.924039
492	[(16,1673),(20,282),(49,793),(54,2734),(69,1324),(81,1963)]	16.650522
493	[(84,2000)]	15.206711
494	[(22,1393),(39,2082),(43,1356),(47,2338)]	14.529052
495	[(25,2033),(33,259),(59,2583),(76,1973),(92,1603)]	14.606465
496	[(28,2866),(64,114),(73,1690),(91,2228)]	15.009958
497	[(18,1402),(19,787),(43,2028),(52,922)]	14.471079
498	[(2,128),(30,1587),(42,2600),(64,1186)]	14.463096
499	[(13,2597),(35,2781),(51,2684)]	14.384348
500	[(5,511),(33,2925),(48,1636),(50,1392),(90,547)]	15.302985
501	[(6,2265),(27,2868),(36,606),(39,44),(78,239),(80,2059)]	14.743028
502	[(9,2502),(13,55),(48,209),(49,1991),(70,506),(78,1649)]	15.105677
503	[(7,1187),(19,2116),(42,485),(71,1076),(85,2298),(90,362)]	20.058124
504	[(33,19),(38,160),(90,1737)]	16.756178
505	[(0,217),(56,1817),(67,529),(90,2065)]	14.568340
506	[(28,2040),(56,1460)]	14.477700
507	[(6,2049),(56,801),(76,968)]	14.643732
508	[(12,1183),(21,552),(34,2824),(70,605)]	14.955212
509	[(21,2200),(27,1103),(37,4),(43,2070),(61,233)]	15.457798
510	[(38,324),(47,412),(66,1576),(88,1043)]	15.798568
511	[(10,748),(22,2270),(87,1550),(92,2014)]	15.100028
512	[(32,606)]	15.146695
513	[(0,28),(9,1610),(10,1592),(18,2007),(22,2263),(53,226),(59,1474)]	16.206053
514	[(1,2163),(23,2135),(33,1701),(36,317),(49,2964),(76,361),(83,2254)]	15.273580
515	[(9,1680),(14,1684),(20,461),(36,904),(65,411),(67,1499),(76,1037),(85,2228)]	17.512642
516	[(12,879),(26,1865),(31,907),(51,754),(57,1264),(69,892),(73,2576)]	15.135732
517	[(4,2565),(67,879),(72,2569),(81,867)]	15.172896
518	[(0,672),(7,616),(9,2047),(10,984),(25,302),(33,1372),(80,1277)]	14.757824
519	[(8,122),(46,988),(72,2707)]	14.674371
520	[(16,1660),(44,2754),(62,1697),(69,220),(92,2945)]	14.542641
521	[(8,2020),(19,2906)]	14.771864
522	[(5,2346),(18,1411),(19,1747),(40,1328),(52,2542),(54,545)]	14.701165
523	[(20,1079),(51,1657),(53,2650),(90,1188)]	14.338622
524	[(6,763),(38,1171),(50,221),(53,1613),(69,2525),(70,1724),(77,1644),(78,2909)]	14.527758
525	[(7,28),(11,1485),(36,2483),(46,611),(52,107),(76,614)]	14.274012
526	[(10,2555),(31,922),(36,1639),(49,1332),(61,2552),(92,1171)]	14.830673
527	[(1,1760),(5,1121),(27,899),(70,2585)]	14.482508
528	[(41,462),(54,1689),(57,1607),(67,1379),(70,2355),(84,319)]	14.821489
529	[(22,943),(63,1899)]	14.827794
530	[(36,1294),(58,339),(71,176),(76,211)]	14.367317
531	[(20,940),(24,1638),(39,869),(51,285),(53,2665),(70,903),(87,2242)]	14.424927
532	[(2,903),(48,2090),(49,2618),(52,123),(57,1112),(59,1719),(86,1989)]	14.198188
533	[(18,2077),(43,615)]	14.394083
534	[(83,503),(88,1498)]	15.162889
535	[(13,409),(40,2236),(67,2032)]	14.905198
536	[(14,2782),(78,2550),(92,1213)]	14.526740
537	[(60,404),(69,1982)]	14.694801
538	[(10,1645),(48,1658),(86,2362),(88,1703)]	14.481236
539	[(14,2662),(35,2246),(66,2247)]	17.880272
540	[(1,1813),(36,877),(46,2476),(56,2106)]	15.187313
541	[(52,830)]	14.444980
542	[(8,2229),(9,2230),(62,674),(75,2523),(76,786),(78,673),(87,836),(89,2737)]	14.776468
543	[(32,412),(50,2182)]	14.861788
544	[(8,2945),(13,1434),(23,1788)]	15.585321
545	[(48,2494),(75,136),(78,582)]	26.105714
546	[(3,587),(33,2414)]	23.597424
547	[(4,1632),(5,1182),(10,477),(17,1124)]	17.491297
548	[(18,2201),(27,2771),(61,1131),(72,2504)]	14.717430
549	[(4,2510),(50,634),(70,2728)]	14.690157
550	[(26,833),(50,1342),(83,691)]	14.590544
551	[(7,913),(9,956),(25,805),(57,2161),(58,2648),(90,2949)]	14.450109
552	[(1,1103),(38,241),(54,1392),(70,1944)]	14.457646
553	[(4,345),(10,649),(37,1499),(45,2033),(58,77),(65,121),(72,2901)]	14.336933
554	[(1,1662),(11,2642),(28,2398),(40,2267),(57,1890),(60,1229),(74,585)]	14.234475
555	[(1,1155),(22,1680),(24,621)]	14.707294
556	[(0,2898),(12,1337),(16,2563),(17,1910),(89,985)]	14.699489
557	[(0,668),(29,2144),(40,860),(79,711)]	15.479874
558	[(23,2587),(86,220),(87,1260)]	14.284068
559	[(12,1300),(19,1955),(53,698),(54,1460),(68,2066)]	14.474378
560	[(4,2265),(47,204),(70,1258),(73,2639),(77,1217)]	14.715747
561	[(6,771),(29,2644),(39,1388),(52,2014),(63,2661),(77,1664),(78,648),(87,421)]	14.739031
562	[(24,295),(27,687),(36,616),(48,1989),(56,1403),(58,540),(60,24),(65,2565)]	14.333045
563	[(14,2300),(22,1970),(37,2510),(40,1529),(45,842)]	15.674935
564	[(16,1512),(23,114),(80,1621),(82,871)]	16.332413
565	[(17,1954),(34,1968),(36,2910),(62,544)]	16.892967
566	[(56,2528),(71,447),(87,1253)]	16.046011
567	[(3,2741),(12,2884),(20,199),(28,2245),(48,970),(79,1451)]	16.591529
568	[(43,1511),(62,29),(81,1314)]	19.820781
569	[(5,1134),(7,764),(19,1906),(44,1753),(48,2659)]	15.392982
570	[(7,2611),(18,1340),(27,674),(43,1977),(45,255),(60,838),(75,2917),(76,583),(79,2568),(83,2580),(90,2001)]	14.582933
571	[(2,1790),(17,724),(26,1656),(72,1681),(82,1545)]	15.287056
572	[(27,2279),(32,2075)]	14.543561
573	[(9,2109),(10,343),(45,1821),(64,1624)]	15.378014
574	[(24,2359),(25,1128),(30,1453),(36,305),(63,186)]	14.648584
575	[(12,814),(19,2796),(23,1197),(24,2542),(39,876),(41,1322),(46,1106),(54,204),(80,1140)]	16.947178
576	[(11,614),(87,978)]	15.322685
577	[(38,1053),(52,1420),(74,1365)]	15.092711
578	[(9,1252),(10,2297),(18,2055),(28,1702),(29,393),(65,1973)]	14.396675
579	[(10,823),(39,944),(42,2716),(47,2520),(85,20)]	14.580299
580	[(41,10),(45,2830),(62,1373),(83,1822),(89,2471)]	14.661315
581	[(12,2136),(77,2378)]	14.548674
582	[(4,2663),(24,519),(32,841),(48,520),(61,2070)]	15.228720
583	[(10,2729),(24,1955),(27,2350),(40,1753),(63,1435),(92,2600)]	15.257764
584	[(23,209),(47,2058),(59,1030),(62,1872),(68,618),(82,822),(90,1144),(91,534)]	14.774138
585	[(57,2253),(87,1349)]	14.349998
586	[(10,1956),(22,1644),(43,1484),(50,538)]	15.178279
587	[(29,2393),(46,942),(64,2472),(65,2594)]	15.399981
588	[(1,2528),(19,34),(22,996),(87,2109)]	15.518583
589	[(5,1801),(7,2905)]	15.349474
590	[(44,884),(48,1102),(83,2341)]	14.368717
591	[(1,836),(36,1695),(41,2758),(67,2097),(72,2608),(79,2505),(81,2135)]	15.727562
592	[(2,2635),(51,2770),(81,919)]	15.938299
593	[(4,1063),(44,2636),(46,2208),(74,2869),(86,2738),(90,2608)]	14.873195
594	[(0,885),(10,1057),(61,2190),(73,2414),(82,1176)]	14.392635
595	[(5,596),(6,1068),(9,303),(15,1095),(22,2865),(48,1296),(62,2509),(77,1921)]	14.557979
596	[(48,560),(88,1573)]	14.839627
597	[(14,542),(38,2552),(54,2337),(74,2537),(75,2370),(82,104)]	15.034644
598	[(0,123),(44,1571)]	14.581040
599	[(9,2966),(27,1796)]	14.657995
600	[(62,2003)]	16.009173
601	[(18,2324),(36,338)]	14.508120
602	[(62,237),(71,1700)]	15.412550
603	[(6,1226),(8,2403),(16,158),(25,2478),(32,2023),(36,2394),(58,260)]	14.838528
604	[(2,2004),(6,2779),(21,836),(33,1279),(41,2125),(46,2131),(54,2511),(91,1828)]	17.407160
605	[(22,2076)]	14.867775
606	[(22,0),(33,2857),(44,1129),(60,48),(77,1419)]	14.399681
607	[(12,585),(26,2557),(34,1888)]	14.830927
608	[(0,2345),(35,1296),(45,2638),(78,317),(88,2927)]	14.773699
609	[(29,2704),(35,368)]	16.690827
610	[(7,1070),(18,2375),(48,2701),(72,1296),(88,467)]	14.298777
611	[(47,1726),(57,2810),(64,1070)]	14.610201
612	[(13,1464),(30,2349),(38,672)]	24.128757
613	[(22,692),(88,1398)]	25.930238
614	[(2,1205),(12,9),(14,846),(41,2837),(51,2762),(80,732),(90,1861)]	14.653512
615	[(16,2201),(17,2950),(27,2673),(36,516),(70,629),(88,1857)]	14.507686
616	[(2,563),(80,2922),(85,769)]	14.488822
617	[(19,908),(28,277),(45,1753),(79,590)]	14.334497
618	[(0,2944),(14,619),(31,1904),(39,291),(82,1495)]	14.305618
619	[(41,2455),(59,266)]	14.315625
620	[(21,2127),(42,2914)]	14.976389
621	[(24,806),(31,2282),(36,1347),(37,151)]	14.352332
622	[(15,773),(35,263),(40,1434),(53,921)]	14.624749
623	[(24,609),(42,1368),(48,1375),(75,2087)]	14.433528
624	[(22,1031),(23,854),(30,616),(51,1922),(61,75),(67,1057)]	14.757162
625	[(65,149),(67,1864),(81,2829),(86,1495),(90,383)]	14.923124
626	[(26,323),(30,2210),(58,555),(62,2685),(72,598),(89,772)]	14.438432
627	[(5,1835),(18,2508),(21,912),(24,1716),(62,645),(80,2101)]	14.558589
628	[]	15.030019
629	[(25,2565),(57,2894),(60,2724)]	14.410097
630	[(12,1626),(83,735),(90,2823)]	14.706573
631	[(2,2177),(56,1046),(58,454)]	15.688694
632	[(8,596),(30,857)]	15.781285
633	[(2,1716)]	20.890445
634	[(9,2327),(10,1628),(16,1750),(17,1137),(46,2295)]	18.388833
635	[(30,453),(38,2033),(51,1700),(87,380),(88,2177)]	15.189441
636	[(30,547),(34,509),(63,2463)]	15.123232
637	[(18,2684),(19,2751),(32,79),(36,156),(50,94),(60,678),(62,411),(70,123)]	15.069690
638	[(8,2009),(34,2761),(90,391)]	14.612866
639	[(5,1449),(33,1275),(62,1242),(68,1670),(88,822)]	15.365669
640	[(59,1973)]	17.491906
641	[(35,410),(57,674),(61,12),(68,113)]	15.757670
642	[(23,2516),(34,2603),(47,41),(79,364),(84,263)]	14.354227
643	[(15,2367),(21,1310),(26,1005),(35,717),(49,1324),(68,831)]	28.172792
644	[(37,1065),(45,1430),(78,615)]	30.220553
645	[(5,2882),(7,248),(61,389),(78,1438),(80,2548)]	30.617487
646	[(18,657),(26,1464),(29,1689),(37,2251),(79,1269),(82,2628)]	29.882642
647	[(13,2100),(42,1435),(59,504),(61,759),(64,2696),(76,2178)]	30.554133
648	[(45,1868),(52,148),(70,414),(89,76)]	29.368668
649	[(6,687),(10,2483),(19,1903),(26,1395),(46,2453)]	28.555021
650	[(16,2680),(23,1955),(50,910),(64,1571),(74,1942),(81,233),(85,1892)]	27.788983
651	[(5,1006),(25,1118),(37,1095),(38,1716),(61,1128),(85,151)]	27.893544
652	[(3,1622),(5,1967),(66,975),(74,2286),(92,962)]	28.105024
653	[(87,715)]	31.553071
654	[(21,287),(23,718),(38,909)]	26.130886
655	[(0,1709),(35,2031),(36,2503),(87,2597)]	29.128207
656	[(4,771),(35,2157),(40,527),(59,2588)]	30.011704
657	[(2,113),(9,1616),(16,2184),(25,1607),(65,2081)]	29.255945
658	[(11,2133),(49,256),(67,2041)]	28.941572
659	[(13,1987),(34,285),(85,392)]	29.133368
660	[(1,1898),(8,1449),(78,2158),(91,1587)]	30.167771
661	[(16,1439),(42,1962),(44,2840),(80,401),(86,2265),(92,313)]	29.952470
662	[(25,2788),(33,676),(44,1515),(55,1411),(56,1747),(89,879)]	32.093053
663	[(53,2790),(59,646)]	29.688451
664	[(10,1480),(35,2042),(48,1396)]	29.448871
665	[(1,1469),(2,1485),(30,2419),(55,2675)]	30.700262
666	[(9,799),(23,466),(28,699),(58,1266)]	29.579751
667	[(43,2619),(61,623),(92,1004)]	33.133574
668	[(0,2125)]	32.541324
669	[(0,1876),(24,294),(47,156),(77,2591)]	28.810711
670	[(6,2204),(16,2704)]	29.402032
671	[(2,2135),(22,679),(47,2009),(71,1095),(72,1716),(86,2515)]	38.499149
672	[(9,773),(13,1111),(19,863),(63,2068),(79,2525)]	29.671763
673	[(8,2093),(39,2224),(61,2954),(64,749)]	31.249781
674	[(5,1296),(67,371),(90,773),(91,1725)]	28.842719
675	[(23,877),(27,429),(58,2228),(68,2506),(92,2749)]	29.129250
676	[(1,1439),(4,290),(11,2506),(31,1673),(33,733),(43,274)]	28.345608
677	[(35,2451)]	28.150101
678	[(2,457),(12,1720),(19,424),(28,1652),(44,2577),(89,899)]	28.427310
679	[(24,143),(39,1827),(49,362),(53,514),(59,1306),(61,2421),(67,626),(90,2526),(91,2416)]	28.790783
680	[(2,993),(4,2556),(6,604),(12,349),(71,847),(77,2862),(82,1688)]	28.071307
681	[(9,966),(44,2268)]	28.546081
682	[(26,1675),(38,1840),(57,1762),(77,312)]	29.095612
683	[(22,645),(32,247),(39,1713),(78,111)]	29.174113
684	[(27,2334),(40,906),(55,413),(88,1099),(91,316)]	28.310165
685	[(26,236),(36,1208),(51,2507)]	27.625800
686	[(7,2344),(17,477),(23,2474),(27,1848),(28,1233),(31,2254),(45,2673),(50,501),(64,2429)]	28.012330
687	[(48,1263),(62,1388),(69,1002)]	28.864895
688	[(27,810),(38,1058)]	28.362303
689	[(35,2333),(40,2242),(58,1839)]	28.236751
690	[(39,901),(47,966),(57,816),(63,142)]	30.819075
691	[(53,2414),(63,2813),(78,50)]	29.158252
692	[(8,404),(39,2516),(43,471),(50,2414)]	30.314666
693	[(9,569),(11,992),(15,1194),(25,2727),(70,991)]	31.678377
694	[(2,1940),(11,1998),(29,2261),(56,1940),(77,2661),(89,2442)]	28.847975
695	[(6,1257),(10,650),(17,757),(63,1813),(65,1656)]	28.486887
696	[(56,2635),(86,1570)]	27.875208
697	[(5,1056),(6,1287),(10,1015),(20,1033),(39,2627),(42,2636),(51,1420),(63,1553)]	31.045987
698	[(38,104),(44,712),(53,892),(92,2085)]	30.135801
699	[(0,2258),(13,197),(19,2195),(49,1754),(54,386),(67,279),(80,774)]	33.348032
700	[(4,1309),(10,165),(12,1671),(18,310),(19,267),(26,2330),(35,1556),(45,238),(71,1004)]	34.039509
701	[(26,39),(43,332),(61,1531),(65,1893)]	29.120657
702	[(47,2288),(55,1244),(84,891)]	28.741792
703	[(15,2323)]	28.616784
704	[(30,425),(84,1371)]	29.491322
705	[(8,2668),(11,160),(42,2509),(58,2775),(61,1222),(65,926),(84,1674)]	29.506737
706	[(64,788),(86,1099)]	29.071487
707	[(39,935),(88,1055)]	30.282527
708	[(1,859),(22,689),(44,843),(72,2615),(82,1136),(85,140)]	30.805621
709	[(6,2316),(7,2288),(58,1242),(77,1749),(87,88)]	29.203160
710	[(39,1784),(42,1963),(57,1648),(69,2184),(80,146),(84,74),(86,2025)]	28.457896
711	[(15,1514),(31,816),(59,122),(87,485),(92,217)]	29.306210
712	[]	28.879086
713	[(8,1933),(19,1672),(22,1682),(39,1381),(89,807)]	28.928638
714	[(22,2204),(30,397),(39,710),(42,1110),(54,360),(79,2109),(81,1565),(88,242),(91,2956)]	30.186285
715	[(20,1961),(26,105),(41,403),(46,2570),(56,2204),(67,2599),(70,1886)]	29.700369
716	[(27,924),(36,2552),(52,2783),(77,2884),(83,1246)]	29.014299
717	[(6,901),(30,1300),(35,1785),(39,865),(58,2869),(81,1220)]	28.886124
718	[(8,2009),(14,1665),(58,2850),(69,1839)]	28.918494
719	[(5,1149),(42,340),(65,2406),(81,2141),(83,550),(92,1548)]	30.082562
720	[(2,1642),(36,1345)]	29.869679
721	[(18,1027),(23,1183),(35,843),(62,609),(64,1395)]	28.748058
722	[(15,818),(69,2522),(80,2332)]	28.535769
723	[(11,2821),(36,320),(64,2441),(90,836)]	29.057717
724	[(15,60),(25,383),(35,2952),(75,1569)]	30.639575
725	[(82,2427)]	28.966785
726	[(4,2324),(68,64)]	28.690126
727	[(39,2854),(65,1477),(76,2960),(86,409)]	28.443009
728	[(11,1099),(21,164),(30,191),(34,252),(71,2622),(78,2431)]	29.393006
729	[(4,2848),(8,2782),(19,1089),(21,1978),(28,2165),(52,27),(72,2110),(88,1356),(90,809)]	27.495259
730	[(20,1940),(22,1941),(33,1159),(36,2401),(37,656),(42,601)]	31.204400
731	[(1,2531),(9,115),(13,1172),(35,786),(63,737)]	32.927367
732	[(6,2277),(35,1725),(38,1262),(57,1336),(74,359)]	33.146456
733	[(1,1823),(10,1004),(13,2656),(21,1685),(48,1043)]	31.499938
734	[(7,2211),(14,1662),(19,2210),(37,2088),(70,1234)]	39.242122
735	[(17,512),(26,2584),(75,530),(84,485),(87,2381)]	29.040665
736	[(0,502),(28,837),(55,88),(85,1785),(87,2351)]	29.467927
737	[(39,1117),(57,2305),(64,1127)]	30.906616
738	[(20,852),(48,1319),(50,1853)]	32.034647
739	[(39,542),(75,1368),(82,1233)]	30.865805
740	[(7,610),(22,1581),(24,2303),(25,2946),(31,1966),(63,1350),(83,2404)]	37.938846
741	[(9,2102),(14,1736),(24,1497),(67,2835),(92,2803)]	28.477763
742	[(63,1695),(76,1214)]	28.426128
743	[(10,1003),(11,1273),(28,1564),(46,2096),(63,1296),(82,2542),(91,1614)]	27.743488
744	[(5,60),(9,1778),(10,647),(32,2566),(36,1357),(39,1327),(42,1819),(60,1531)]	27.710207
745	[(21,614),(25,1881)]	27.460305
746	[(5,2139),(6,575),(23,2275),(70,111),(80,2072),(82,2007)]	28.587249
747	[(27,1038),(48,2670),(64,292),(82,2281),(90,2074)]	29.618571
748	[(33,2439),(36,1077),(61,255),(65,1961),(92,742)]	39.920830
749	[(29,973),(75,3),(82,8)]	42.380704
750	[(7,530),(21,1791),(31,1641),(36,960),(50,1420)]	34.491017
751	[(7,2891),(18,813),(20,162),(23,1814),(33,611),(34,753),(64,202)]	29.040417
752	[(37,1269),(80,1095)]	28.679245
753	[(24,831),(34,2361),(44,1439),(53,2534),(82,1345),(90,1827)]	31.924531
754	[(30,1364),(48,2540),(68,395),(91,2258)]	26.063690
755	[(36,1526)]	31.601188
756	[(16,882),(38,616),(41,2524),(75,255)]	36.645547
757	[(25,1076)]	32.614800
758	[(2,1395),(7,1961),(16,826),(24,437),(90,330),(92,1523)]	28.540040
759	[(10,1859),(19,1755),(29,565)]	28.634872
760	[(5,2007),(8,1698),(33,27),(58,332),(75,1495)]	29.204569
761	[(1,1901),(24,20),(28,1933),(43,1398)]	27.124594
762	[(34,870),(71,1400)]	33.759720
763	[(38,95),(39,2271),(42,2310),(56,1548),(78,2390),(86,750)]	39.352146
764	[(59,2257),(80,2784)]	39.303875
765	[(35,1975),(38,2838),(42,59),(45,2204)]	42.140646
766	[(47,233),(75,246),(79,2942)]	42.197407
767	[(19,2146),(92,535)]	43.335193
768	[(25,576),(38,2354),(63,835),(82,854)]	41.005603
769	[(16,1388),(30,1755),(36,134)]	36.157276
770	[(14,2730)]	30.006728
771	[(34,821),(39,1123),(43,1432),(87,90),(89,2670)]	28.107371
772	[(5,234),(49,1274),(73,917),(85,710),(87,2251),(92,754)]	30.282978
773	[(19,131),(35,1698),(89,282)]	31.033732
774	[(6,1366),(7,2835),(15,2224),(40,430),(52,1058)]	30.605063
775	[(48,663),(53,1900),(59,231),(69,5),(75,142)]	29.694690
776	[(4,2356),(8,2663),(10,2394),(39,1929),(42,554)]	29.481142
777	[(25,2075),(35,2010),(54,1444),(73,1644),(74,2909),(77,527)]	29.522898
778	[(25,396),(34,340)]	29.422739
779	[(17,706),(18,248),(27,2566),(30,1990),(69,1172)]	29.285343
780	[(81,2246),(83,162),(91,140)]	29.608154
781	[(4,532),(15,1255),(24,391),(46,2470),(47,2215),(69,101),(82,1879)]	29.809697
782	[(3,2402),(19,649),(41,1734),(61,2864),(71,1585),(87,1161)]	29.415273
783	[(49,1988),(69,912),(78,1546)]	29.447846
784	[(3,1708),(20,1175),(27,2698),(34,1582),(43,618),(64,317)]	29.506800
785	[(14,2224),(26,1693),(33,1938),(45,1253),(48,1590),(61,1059),(71,451),(73,1812),(74,2487),(78,2276),(87,2196),(91,2784)]	36.092350
786	[(1,1506),(54,1461),(61,495),(78,383),(85,852)]	25.939528
787	[(48,1342),(49,2534),(56,2540),(67,2399)]	14.453698
788	[(5,764),(16,1615),(26,403),(76,2460)]	14.297582
789	[(30,1592),(35,2193)]	17.338488
790	[(10,2281),(19,1964),(25,1723),(50,1257),(52,515),(77,2162)]	14.553313
791	[(37,39),(88,2394)]	14.482112
792	[(10,508),(24,534),(49,2722),(59,1861),(71,1145)]	14.382215
793	[(19,2000),(23,780),(53,1457)]	14.491728
794	[(28,1842),(35,2891),(43,749),(83,1434),(90,2396)]	14.339121
795	[(4,2105),(16,2553),(36,612),(55,2282),(81,932),(89,2564)]	14.445007
796	[(16,1346),(21,1860),(38,2340),(48,1871),(71,2289),(78,136),(88,771)]	14.247180
797	[(50,420),(62,457)]	14.226427
798	[(6,2642),(61,1412),(77,733),(78,2547)]	14.364386
799	[(1,970),(4,2795),(10,2460),(16,505),(17,1421),(25,2027),(34,2468),(47,2568),(60,210),(80,1453)]	14.507457
800	[(0,994),(39,1107),(50,2604),(60,1617),(90,776)]	15.220967
801	[(55,2598),(65,987),(66,2444),(79,2485),(84,1179)]	14.291932
802	[(3,612),(39,2383),(92,767)]	14.762799
803	[(7,1815),(31,159),(60,884),(76,2093)]	14.706200
804	[(55,1895)]	14.642468
805	[(19,504),(22,2214),(37,928),(43,363),(64,2494),(79,1249)]	14.879395
806	[(71,1209)]	15.006137
807	[(22,77),(51,847)]	14.462699
808	[(4,1884),(28,2548),(92,1007)]	14.440230
809	[(29,335),(33,507),(44,9),(84,1659)]	14.708161
810	[(3,2069),(17,471),(29,212),(74,1655)]	14.334447
811	[(5,2966),(18,2129)]	14.522721
812	[(2,950),(18,339),(22,259),(48,470)]	14.890068
813	[(1,1037),(31,1587),(73,815)]	15.194036
814	[(27,394),(47,2043),(85,911)]	15.712402
815	[(89,615),(92,2316)]	14.998799
816	[(45,2724)]	20.086294
817	[(27,2779),(32,1136),(35,140),(38,395),(52,1739),(70,2759),(76,734),(79,67)]	19.881975
818	[(31,473),(40,78),(51,1961),(53,105),(63,778),(85,1230)]	14.924643
819	[(22,2475),(26,48),(30,809),(48,1201),(85,1937)]	25.461987
820	[(39,1045),(57,1250),(66,1639),(69,2716)]	23.441292
821	[(4,133),(25,302),(30,198),(53,13),(60,766),(88,524)]	15.461355
822	[(75,1537)]	15.095040
823	[(10,340),(41,2379),(54,1507),(92,1984)]	14.612246
824	[(16,2794),(18,2002),(28,347),(57,2956)]	14.566701
825	[(29,2388),(54,2189),(89,995)]	17.275896
826	[(20,1941),(42,1832),(79,2747),(90,691)]	14.621642
827	[(14,239),(18,1544),(51,1723),(52,1603),(63,1039),(75,838)]	14.458674
828	[(6,1186),(23,1483),(25,1766),(83,383)]	15.906533
829	[(1,2646),(9,42),(34,1739),(52,1775),(67,2227),(74,702)]	15.126797
830	[(3,2108),(16,732),(42,2732),(45,1622),(69,1788)]	15.466809
831	[(20,1017),(37,2658),(49,1359)]	14.653172
832	[(25,2073),(27,1068),(45,2411),(56,358),(59,535),(68,1751)]	15.632195
833	[(1,1813),(11,1506),(59,2576),(61,1859),(72,393),(81,2383)]	14.694479
834	[(5,1190),(16,2103),(20,1004),(31,1509),(35,147),(43,633),(51,2279),(64,682),(89,1779)]	14.823740
835	[(9,2689),(27,2276),(30,462),(80,2286),(82,2561),(89,1657),(91,1515)]	14.619149
836	[(10,1810),(11,2453),(41,2560),(68,1885),(80,648)]	14.452202
837	[(12,2622),(21,1069),(30,1955),(69,1670),(88,675)]	15.098045
838	[(7,132),(10,2081),(11,230),(12,1789),(21,598),(40,105),(48,1017),(78,2481)]	14.499756
839	[(4,1384)]	14.506867
840	[(20,43),(82,809),(85,931)]	15.602805
841	[(29,1314),(30,2079),(56,1652),(62,1909),(85,2758)]	14.376812
842	[(8,628),(9,999),(37,478),(66,2535)]	15.399970
843	[(23,1768)]	14.731583
844	[(26,1498),(38,2953),(53,2078),(59,1817),(84,2831)]	15.593367
845	[(0,1348),(3,463),(32,2351),(51,1125),(65,2482),(68,1175),(85,2752),(88,153)]	14.835797
846	[(3,2480),(50,706),(76,721)]	14.654467
847	[(19,1042),(49,2653),(50,876),(66,1801),(75,1351)]	14.660832
848	[(36,997),(82,1154),(84,103),(87,2872)]	14.736603
849	[(59,554),(73,1409),(75,1090)]	15.018914
850	[(5,2881),(24,483),(82,2635)]	14.536312
851	[(2,1358),(3,2753),(41,710),(43,2251),(66,544),(70,190)]	14.761826
852	[(41,2352),(60,2513),(67,1452),(87,1766)]	14.295889
853	[(3,1576),(13,2436),(37,2654),(50,1578),(78,2103)]	14.892620
854	[(29,1632),(30,1182),(32,1562),(56,783),(72,508),(82,54)]	16.050226
855	[(4,2381),(20,2697),(34,1912),(44,1836),(55,1137),(86,419)]	16.127691
856	[(3,2697),(24,2597),(50,2012),(60,1710),(89,2909)]	14.322281
857	[(9,1162),(47,1428),(57,2603),(61,113)]	14.363735
858	[(54,380)]	14.789438
859	[(4,1068),(20,2809),(27,45),(40,323),(64,2642)]	14.500533
860	[(8,2197),(25,1049),(39,2690),(71,1213),(92,869)]	14.298153
861	[(75,1238)]	14.457614
862	[(5,1918),(9,2902),(14,2641),(22,989),(59,1921)]	14.318919
863	[]	14.314788
864	[(17,2311),(35,2549),(57,2011),(84,2343)]	14.515736
865	[(20,1381),(37,1390),(65,2761),(68,1282)]	14.533685
866	[(4,2832),(39,671)]	14.749128
867	[]	14.305513
868	[(27,2788),(43,1207),(66,1636),(68,770),(81,941)]	14.449371
869	[]	15.215481
870	[(2,1295),(92,1425)]	14.781870
871	[(3,195),(8,1326),(12,2340),(26,1203),(36,934),(41,2517),(51,654)]	14.839601
872	[(28,2519),(43,1015),(54,1669),(70,467),(77,854)]	14.320998
873	[(15,1248),(17,532),(23,2599),(72,1055),(85,1123)]	14.235080
874	[(39,57),(48,359),(69,2258),(72,1998)]	15.269995
875	[(17,2859),(22,2223),(56,1326)]	14.595731
876	[(22,952),(33,83),(58,1810),(74,2901),(75,1081)]	15.132721
877	[(7,2105),(11,2578),(13,2080),(32,1937),(41,1454),(86,2910)]	16.211282
878	[(11,1678),(50,1716),(67,2421),(81,2950)]	14.407021
879	[(4,840),(5,1405),(35,794),(51,2521),(60,67),(67,1820),(72,657)]	14.828741
880	[(1,346),(7,785),(16,286),(53,24),(59,2116),(74,81)]	14.319260
881	[(20,2550),(65,1957),(91,498)]	16.884129
882	[(24,1028),(29,322),(41,536),(50,1359),(74,2620),(82,704),(87,2629)]	20.251514
883	[(41,1415),(69,2804),(75,1336),(92,2092)]	15.339153
884	[(19,524),(23,2523),(27,2222),(53,1236),(78,2804)]	14.899167
885	[(23,785),(33,2873),(41,2731),(78,197)]	14.584132
886	[(16,1630),(22,1979),(56,1821),(83,992)]	15.456649
887	[(44,2234),(45,834),(58,2155),(76,1165)]	26.721442
888	[(3,2317),(20,1252),(36,2270),(48,1502),(61,1821),(70,1427),(88,1803)]	24.797958
889	[(31,2652),(64,877),(72,2067),(90,869)]	14.703826
890	[(11,46),(13,1724),(89,2938)]	16.160801
891	[(18,2959),(21,2348),(38,1653)]	14.432683
892	[(10,2534),(15,1722),(20,1441),(39,2635),(46,864),(58,1771),(61,331),(89,2376)]	14.524453
893	[(55,51),(60,842),(63,721),(75,2625)]	14.677853
894	[(29,1519),(51,544),(53,1675),(55,1843),(56,2468),(84,2887),(89,2668)]	14.493858
895	[(55,444),(71,329),(73,614)]	14.675635
896	[(23,965),(44,1333),(80,838)]	14.640824
897	[(33,2034),(49,2635),(69,1993)]	15.540954
898	[(29,1381),(42,1684),(51,1728),(52,1118),(64,468),(67,2144),(84,2233)]	15.611714
899	[(67,2428),(77,2194),(81,1715)]	14.592825
900	[(40,1380),(43,1555),(54,2472),(56,120),(64,2650),(90,2436)]	15.040302
901	[(16,2825),(21,1610),(22,1592),(24,312),(55,2199),(63,337),(66,676)]	14.409842
902	[(29,1904),(44,2808),(72,913),(74,956),(80,1465)]	14.502345
903	[(15,2245),(42,924),(45,713),(90,2173)]	14.592755
904	[(25,2262),(40,732),(50,1017),(86,2636)]	14.484484
905	[(2,2117),(9,654),(54,1181),(65,1458)]	14.587622
906	[(50,607),(51,479),(67,261)]	14.514280
907	[(2,1936),(60,1921),(79,567)]	14.519473
908	[(4,757),(57,2855),(73,183),(81,2302),(89,217)]	15.273465
909	[(10,2957),(13,2784),(35,1385),(59,1786),(62,1256)]	14.359619
910	[(4,430),(22,414),(34,320)]	14.768998
911	[(0,2634),(11,841),(18,1428),(19,2373),(20,1454),(25,2780),(29,1346)]	14.515769
912	[(18,1184),(24,159),(59,950),(60,1302),(64,418)]	14.220137
913	[(15,942),(28,1491),(50,1103),(79,2402)]	15.436200
914	[(13,2646),(18,2624),(37,1560),(80,180),(92,803)]	15.522396
915	[(6,1319),(12,2120),(34,1157),(53,105)]	15.028351
916	[(28,1572),(77,1012)]	17.602344
917	[(9,1825),(15,663),(48,2741),(51,1008),(55,1692),(71,2170),(77,2163),(88,278),(89,2137)]	14.503620
918	[(27,347),(30,2600),(49,2601),(53,2934),(81,487)]	14.312542
919	[(7,2390),(26,1579),(37,1147),(46,1452),(52,227)]	14.414149
920	[(5,1734),(13,119),(18,150),(52,1944),(59,2029),(72,337),(74,2456)]	16.796321
921	[(3,581),(20,2536),(56,716),(72,139),(84,1639)]	15.190475
922	[(3,246),(13,1048),(51,2675),(57,1847),(59,407)]	14.294907
923	[(6,498),(10,1514),(13,2501)]	14.208457
924	[(29,1090),(63,1635),(73,257),(85,2949)]	14.331263
925	[(17,460),(20,2381),(24,757)]	14.354504
926	[(12,904),(20,35),(25,1128),(38,339),(80,95),(92,42)]	14.427086
927	[(14,304),(56,928),(63,970),(70,12)]	14.207037
928	[(3,630),(21,1412),(28,2805),(42,197),(75,2136),(89,2956),(90,1733)]	14.747352
929	[(75,2255),(92,2293)]	14.153524
930	[(20,1644),(49,2122),(68,1153)]	14.926121
931	[(0,229),(15,901),(35,2510),(76,2551)]	14.632685
932	[(13,348),(33,674),(45,1239),(72,1031),(84,1228)]	14.244370
933	[(21,149),(24,579),(53,205),(63,2082),(65,1288),(73,284),(88,838)]	14.289688
934	[(14,745)]	14.526252
935	[(0,1861),(38,1185),(50,265),(71,2763),(85,4),(90,1919)]	14.412622
936	[(1,2569),(45,337),(49,1152),(52,1862),(63,1813)]	14.999543
937	[(19,102),(32,2190),(37,293),(44,1036),(58,2263),(75,804),(79,2467),(87,272)]	14.358622
938	[(5,1745),(24,2517),(26,2336),(35,144),(60,722),(63,866),(82,1477),(86,827)]	14.490932
939	[(2,1622),(65,763),(75,1179),(80,1300)]	14.284135
940	[(14,2137),(25,216),(78,790),(82,92)]	14.687660
941	[(32,2719),(43,234)]	14.356146
942	[(2,367),(36,251),(42,2760),(91,626)]	14.409089
943	[(24,2158),(62,1081)]	17.320270
944	[(10,2331),(18,1203),(36,2273),(41,227)]	14.908696
945	[(30,138),(65,371)]	14.446710
946	[(3,2337),(31,855),(40,1635),(42,1641),(66,2852),(73,2014)]	14.531965
947	[(0,396),(11,2187),(23,1984),(42,100),(61,1165),(91,1170)]	18.984298
948	[(18,1217),(31,1061),(47,1832),(50,238),(59,2022),(78,2141),(82,366)]	18.277279
949	[(7,2129),(50,2727)]	14.502096
950	[(5,43),(6,750),(41,1267)]	14.723322
951	[(4,1063),(15,1110),(24,175),(47,1548),(52,1925),(65,2113),(66,2115),(88,1884)]	14.259231
952	[(42,1530),(56,1091),(86,1586),(91,2035)]	15.546570
953	[(18,1158),(24,1880),(74,1298),(83,961)]	14.666705
954	[(22,39),(38,1734),(48,268)]	14.326155
955	[(50,206),(54,2046),(68,1686),(90,211),(91,2437)]	20.566200
956	[(62,46),(64,1724)]	30.792696
957	[(0,1214),(24,140),(39,1480),(42,1916)]	16.298696
958	[(18,963),(27,1827),(38,1878),(46,85),(64,431)]	15.028648
959	[(3,308),(11,234),(24,2907),(66,2080),(70,124),(85,722)]	14.644708
960	[(2,1953),(8,2218),(16,2489),(39,2696),(47,1072)]	14.454718
961	[(16,680),(30,378),(33,647),(37,1263),(45,2174),(64,336)]	15.075015
962	[(10,689),(13,1774),(34,2659),(63,1177),(70,720),(71,2213),(84,805)]	15.333270
963	[(55,1138),(82,762)]	15.259879
964	[(43,2917),(44,583),(58,1044),(62,1124)]	15.814434
965	[(8,1740),(21,2872),(33,2517),(87,707)]	14.719331
966	[(12,2019),(18,2569),(79,2587)]	15.216255
967	[(1,707),(59,1492),(65,915),(75,627),(89,1232)]	16.065176
968	[(14,2178),(26,2452),(45,1004),(56,1908),(60,2793),(84,2748)]	14.512515
969	[(9,2721),(12,1646),(70,2854),(73,43),(87,1741)]	14.846251
970	[(10,2498),(26,2831),(28,1630),(45,216)]	15.600666
971	[(9,1785)]	14.988649
972	[(0,807),(3,940),(8,408),(17,285),(47,2956),(48,1733)]	14.754465
973	[(23,1151),(39,2255),(88,1500)]	15.308831
974	[(10,162),(61,327),(74,754),(89,2672),(90,667)]	14.654181
975	[(6,2573),(32,2425),(40,1684),(54,1367),(57,2166),(64,1951),(74,377),(76,2936),(86,334)]	14.273571
976	[(7,831),(14,2471),(22,992),(37,2630),(64,140),(80,938)]	14.532357
977	[(40,1925),(58,1350),(68,38)]	14.734284
978	[(1,146),(21,2936),(58,2366)]	14.602649
979	[(4,1067),(75,2848)]	14.397838
980	[(2,2275),(16,686),(50,1966),(59,337),(67,1187)]	14.360078
981	[(34,2755),(35,1588),(59,390),(62,1346),(70,2598),(88,2909)]	14.397732
982	[(69,212)]	14.227423
983	[(7,1595),(47,511),(64,1015)]	14.395985
984	[(17,1911),(34,2777),(79,1820),(89,1533)]	14.414458
985	[(45,1745),(52,1907)]	14.483546
986	[(3,1825),(30,1412),(43,1517),(65,883),(79,1329),(85,679)]	17.030474
987	[(20,931),(28,2933),(32,2819),(83,2861)]	14.588877
988	[(30,2933),(43,468),(52,2894)]	14.508620
989	[(8,1267),(13,665),(17,2606),(30,1294),(32,2645),(48,2956),(58,1423),(68,2591),(85,292),(87,839)]	14.179815
990	[(21,203),(29,2629),(33,1590),(48,2794),(62,2515),(91,2658)]	14.362658
991	[(10,1859),(16,829),(18,372),(24,2726),(33,2683),(60,1190),(83,506)]	14.187795
992	[(45,2569),(88,250)]	14.871158
993	[(13,1089),(20,251),(44,1837),(60,1990),(90,2534),(91,241)]	14.593021
994	[(4,340),(37,1388),(52,606),(57,214),(89,2201)]	14.805171
995	[(11,2825),(25,461),(52,2709)]	15.380560
996	[(2,1073),(33,2680),(34,2883),(71,1653)]	15.128700
997	[(17,2752),(34,1226),(36,2403),(40,2627),(82,1444),(83,2902)]	14.540636
998	[(24,1060),(25,2723),(48,253)]	14.464549
999	[(28,1406),(40,2060),(54,857)]	15.690264
