ruleset_index	matches	time_ms
0	[(3,2676),(8,3002),(11,1541),(65,2432)]	36.727190
1	[(25,3641),(31,262),(56,4241),(57,1952),(58,3524),(59,1435),(60,2652),(76,2022)]	34.016157
2	[(2,428),(11,3421),(29,1075),(35,271),(46,1648),(59,3758),(74,4239)]	41.589590
3	[(16,4061),(17,434),(45,1291),(66,3444)]	49.474418
4	[(1,1567),(3,4049),(21,4228),(37,2166),(40,841),(44,1594),(46,4309),(66,3566),(85,2089),(92,3649)]	62.840087
5	[(0,1218),(13,4523),(17,996),(23,4485),(40,942),(75,450)]	77.917036
6	[(33,3101),(47,4565),(92,3085)]	68.362620
7	[(2,275),(4,4243),(15,1367),(30,1423)]	72.330758
8	[(5,4267),(7,226),(14,2238),(15,3394),(18,3004),(34,4258),(66,1254),(78,692),(84,2877),(88,4132)]	50.966111
9	[(0,1028),(8,877),(13,1697),(16,422),(33,1235),(41,2030),(56,722),(80,67),(81,2769)]	40.138864
10	[(12,1654),(35,2587),(47,1292),(56,3377)]	37.434222
11	[(1,535),(28,3090),(47,904),(61,1550),(79,3524)]	36.521809
12	[(3,2512),(21,1228),(42,4112),(45,2099),(59,3530),(71,3451),(74,3972),(87,3709),(91,4369)]	36.659309
13	[(5,3772),(15,1188),(19,3204),(21,2861),(47,1462),(52,1581),(68,4113),(72,3709),(75,2122),(78,3791),(89,2208)]	20.427166
14	[(14,3306),(18,2117),(76,200),(82,3262)]	18.233208
15	[(5,3836),(10,2906),(36,595),(50,3398)]	19.192924
16	[(3,2051),(28,1420),(31,4424),(74,2838),(76,4350),(85,327)]	17.726843
17	[(29,4011),(34,1606),(42,4333),(81,2840),(92,1798)]	17.574099
18	[(10,1346),(42,2315),(58,1034),(73,4137),(86,2199)]	17.604522
19	[(28,3234),(43,395),(62,3940),(79,2064),(85,1677)]	18.372188
20	[(13,3245),(24,3701),(31,3183),(37,919),(40,3143),(45,3851),(68,1740),(87,458)]	17.852447
21	[(25,3206),(49,3350),(63,2312),(73,471),(83,294),(90,3578)]	17.610144
22	[(36,1367),(46,1143),(80,922),(83,3446),(92,4145)]	17.952212
23	[(10,2989),(36,1316),(42,257),(56,4494),(79,2498)]	17.455143
24	[(12,761),(29,4457),(37,2513),(62,1697),(66,3650),(67,3387),(75,2487),(83,388)]	17.836259
25	[(20,2519),(22,2753),(40,2747),(64,76),(76,1768),(88,3901),(89,3866)]	18.745475
26	[(11,417),(29,219),(38,1586),(39,3779),(40,1709),(41,1341)]	17.814842
27	[(54,525)]	21.224431
28	[(9,3374),(20,3565),(23,2292),(36,80),(68,890)]	18.121780
29	[(14,4405),(19,3838),(26,1357),(35,4481),(43,1227),(48,571),(58,2464),(62,2875),(71,3780),(79,2108)]	18.376527
30	[(7,1405),(10,4005),(20,1112),(28,2137),(29,1815),(41,824),(42,2203),(49,244),(61,2513),(67,933),(79,36),(88,1397)]	24.333012
31	[(13,439),(43,565),(56,2426)]	31.896702
32	[(15,3326),(17,1713),(48,631),(67,1117),(68,3056),(70,1578),(72,2611),(84,4494),(86,3620)]	18.173377
33	[(4,4265),(21,1032),(26,2472),(48,857),(61,2326),(73,4000),(78,199),(88,1963)]	17.734390
34	[(7,884),(19,2552),(39,1993),(42,3011),(61,3665),(80,214)]	17.803859
35	[(1,2060),(12,3283),(37,2010),(44,1427),(48,3460),(49,3852),(55,2751),(62,4367),(77,4185),(80,1276),(89,620)]	17.810144
36	[(2,1883),(17,854),(31,1825),(32,791),(44,616),(63,3822),(68,2158),(70,290),(74,4523),(86,1446)]	18.676831
37	[(23,3023),(46,3984),(57,2048),(78,2357),(86,222),(89,270),(91,1276)]	18.616713
38	[(14,3463),(16,83),(35,456),(43,3254),(45,3851),(64,66)]	18.563884
39	[(7,789),(8,3247),(16,1667),(40,2022),(44,1101),(47,3566),(64,2914),(75,2632),(81,187),(85,3826),(89,1356)]	17.599626
40	[(7,3550),(11,1253),(13,4396),(16,1484),(62,2051),(63,3067)]	19.891554
41	[(8,3504),(37,3816),(55,1620),(76,813),(82,968)]	18.370794
42	[(2,1619),(3,1036),(10,904),(13,1077),(30,1081),(32,3956),(55,4458),(66,3971),(74,500),(77,3068)]	18.026643
43	[(1,4547),(11,369),(14,855),(22,2085),(37,3780),(39,3051),(73,1163),(87,4067),(88,3828)]	18.358809
44	[(0,520),(34,3992),(51,1645)]	17.781461
45	[(9,145),(20,2575),(77,2151)]	18.069997
46	[(11,1386),(30,1212),(74,2435),(76,1)]	17.880650
47	[(10,3356),(17,3771),(25,1232),(31,2109),(47,3073),(53,3141),(54,2680),(55,3377),(90,683)]	18.724061
48	[(8,1935),(11,1839),(15,587),(16,1744),(18,706),(40,3899),(46,2573),(58,930),(78,2111)]	19.943862
49	[(2,3635),(3,1221),(6,2922),(7,1684),(64,4485),(69,1523),(73,2390)]	18.727834
50	[(9,3013),(18,372),(30,3530),(55,2629),(74,3969)]	17.660625
51	[(5,869),(30,1664),(35,58),(44,996),(51,964),(58,2798),(60,3789),(63,1323)]	19.184570
52	[(12,584),(36,173),(69,2985),(72,171)]	17.709752
53	[(2,23),(14,727),(15,1444),(19,396),(48,3378),(52,1333),(66,2948)]	17.852354
54	[(7,101),(68,1069)]	20.000058
55	[(2,3337),(21,2074),(40,1965),(58,3486),(90,1232)]	20.104654
56	[(28,2802),(34,1650),(44,2936),(47,1230),(50,4115),(67,2224),(86,1013),(90,3895)]	25.030759
57	[(9,3125),(21,3008),(38,1134),(40,2218),(49,826),(50,4330),(92,384)]	22.449658
58	[(4,1492),(10,878),(12,1106),(28,3178),(36,4329),(62,792),(69,4148),(72,1491)]	18.116588
59	[(5,2798),(7,2858),(14,12),(50,436),(51,4237),(70,2901),(77,4114),(82,719),(88,2223)]	19.274823
60	[(23,872),(48,3119),(50,2138),(51,4381),(63,551),(72,4490),(73,2426)]	18.327988
61	[(20,909),(47,1018),(58,2913),(62,2624),(70,4224),(75,4066),(83,3679)]	18.007247
62	[(2,2117),(7,4110),(30,1749),(47,3689),(49,3701),(81,3323)]	18.625617
63	[(1,623),(19,3738),(21,4367),(41,2220),(43,2853),(51,1331),(69,4188),(84,3481)]	17.796964
64	[(2,381),(5,2433),(21,844),(24,2064),(49,3931),(60,3930),(61,4463),(75,2430)]	18.785421
65	[(0,2738),(19,2704),(45,1522),(59,110),(66,2144)]	17.508743
66	[(7,3635),(11,1957),(19,667),(21,226),(37,4278),(59,295),(78,1452),(86,1217)]	17.942408
67	[(1,1555),(11,3205),(35,2740),(53,4295),(56,4038),(73,936)]	18.419201
68	[(0,4234),(28,4529),(45,916),(53,2597),(69,2750),(78,1995),(84,3205),(91,845)]	17.657191
69	[(7,2927),(16,2574),(57,2949)]	18.010322
70	[(3,2156),(7,2571),(11,964),(19,458),(26,1167),(54,2842)]	17.510021
71	[(31,4024),(54,4286),(62,2154),(84,2994),(91,4329)]	18.984292
72	[(5,3834),(13,958),(30,2543),(31,4526),(46,3249),(68,4238),(73,3706),(79,1403),(81,2007)]	17.635211
73	[(1,1967),(3,1653),(19,941),(25,1938),(44,2783),(51,1399),(55,394),(75,141)]	17.718855
74	[(9,2420),(51,4024),(75,3561),(80,2702),(82,3590),(90,4474)]	17.536941
75	[(21,2591),(22,2810),(33,3755),(55,1602),(58,370),(77,3958),(87,2578)]	18.019416
76	[(2,4126),(8,2040),(9,1440),(46,1020),(58,553),(68,538),(76,835),(83,1042)]	17.520247
77	[(0,842),(4,1165),(9,3516),(15,2683),(31,68),(32,342),(49,4556),(61,3930)]	17.811455
78	[(3,2786),(10,3547),(11,527),(15,1518),(21,871),(66,4137),(69,2910),(87,431)]	18.764355
79	[(1,1891),(3,2472),(8,2757),(16,3411),(17,4103),(23,1780),(28,2656),(33,697),(51,3189),(67,4472),(69,3902),(74,4548),(76,4498),(86,2836)]	17.715182
80	[(30,3953),(47,3874),(82,1415),(83,4275)]	20.800211
81	[(6,3918),(27,3360),(30,1636),(40,3163),(62,3207),(82,3202),(84,842)]	17.954576
82	[(5,2719),(40,2883),(56,450),(73,2514),(84,2807)]	17.599264
83	[(1,697),(2,2114),(46,4173),(73,4247),(77,1354),(81,2747),(88,4065)]	18.150487
84	[(11,850),(25,3278),(26,753),(61,1499),(62,112)]	18.268163
85	[(13,2729),(15,4433),(27,4478),(28,3441),(33,3405),(42,876),(43,549),(50,607),(67,4111),(73,1142),(90,3251),(92,2894)]	23.807253
86	[(28,595),(33,354),(34,3844),(42,362),(90,2377)]	31.461454
87	[(3,2434),(18,1828),(25,3634),(43,3907),(72,4450),(81,3863)]	18.058831
88	[(17,700),(27,2765),(35,334),(38,2206),(39,70),(40,4256),(45,2644),(72,261),(76,3780),(91,4197)]	17.552791
89	[(4,2492),(23,1624),(30,326),(34,4228),(48,104),(69,720)]	18.303134
90	[(24,2332),(30,356),(43,4555),(58,1008),(66,2865),(87,1938)]	18.442801
91	[(62,2471),(88,999)]	18.245417
92	[(4,3599),(8,3491),(11,2998),(22,3374),(30,1981),(49,2409),(79,3868),(81,4435)]	17.753810
93	[(2,428),(8,3314),(19,4009),(33,1344),(36,1803),(60,4176),(72,1249),(83,1562),(86,2105)]	19.934922
94	[(5,3834),(8,3076),(13,4078),(24,987),(41,812),(50,562),(82,3987)]	17.953586
95	[(1,3484),(26,2470),(30,2781),(32,4445),(40,840),(53,1517),(60,2160)]	18.491907
96	[(25,2639),(26,4475),(62,1407),(68,2909),(87,104)]	17.781355
97	[(8,2682),(11,724),(18,1624),(31,3434),(36,1797),(38,1473),(52,188),(66,4021),(84,585)]	17.947676
98	[(24,2965),(41,1990),(59,2536),(75,2572)]	18.502725
99	[(19,646),(52,916),(72,301),(78,453),(83,2793)]	19.075108
100	[(11,2607),(27,2745),(71,2547),(76,2258),(80,2455)]	18.571009
101	[(1,4319),(19,3907),(48,2564),(55,1440),(66,373),(71,2427),(73,41)]	19.108821
102	[(9,3478),(38,1904),(60,40),(70,2724),(77,74)]	17.788591
103	[(35,3985),(54,3724),(57,737),(72,30),(76,3192),(83,1140)]	18.106890
104	[(6,777),(13,4153),(16,1227),(18,3318),(22,1477),(26,1786),(29,1091),(32,1822),(51,2104),(53,1179),(74,401),(76,2762),(80,258),(87,1311),(91,339)]	18.385649
105	[(6,2072),(13,1339),(24,4169),(30,4021),(40,429),(53,3403),(71,52),(73,2041),(86,1587),(91,1297)]	19.325103
106	[(1,2547),(23,1766),(70,2819),(71,1436),(73,3420)]	19.043750
107	[(15,2288),(43,99),(81,1028),(88,3715),(92,4510)]	17.894728
108	[(11,1535),(15,480),(16,1889),(36,3180),(39,4562),(47,564),(58,3031),(59,2652),(88,1313)]	17.986553
109	[(5,2952),(8,2904),(11,3831),(20,31),(30,4491),(38,2653),(60,436),(88,1654)]	20.807739
110	[(25,3623),(29,256),(49,3233),(56,4386),(59,4509),(70,2600),(84,4484),(91,3645)]	23.592306
111	[(7,303),(34,21),(37,1913),(40,4380),(45,406),(53,4086),(70,2020),(81,241),(85,4378)]	20.560348
112	[(14,2832),(40,93),(53,1048),(60,1801),(64,2470)]	21.627823
113	[(37,1270),(43,96),(47,2999),(52,2486),(56,179),(75,4396),(78,1241),(79,4260),(83,2036),(87,4415),(88,4200),(91,3677)]	18.280977
114	[(2,3634),(17,2149),(43,4249),(49,4048),(82,662),(84,2379),(86,4451)]	17.887771
115	[(18,3871),(56,4497),(62,2937)]	19.248252
116	[(13,2484),(21,325),(25,1898),(39,2766),(55,4332),(59,1897)]	18.505478
117	[(6,3814),(28,1185),(69,2133),(71,2183),(73,2594),(87,2631)]	18.170457
118	[(3,1038),(18,4262),(52,1629),(55,2647),(69,1821),(76,337),(91,2850)]	19.228288
119	[(0,3460),(7,367),(8,1711),(10,241),(84,1031),(85,2001),(86,3081),(88,2931)]	22.410103
120	[(10,821),(11,2772),(14,2856),(53,3265),(60,4111),(74,44)]	17.689172
121	[(12,4365),(42,4223),(56,1728),(82,2763),(89,1869)]	17.535490
122	[(3,2371),(12,1969),(38,3690),(52,2431),(69,3603),(75,4438),(85,1876)]	18.794719
123	[(10,1663),(12,333),(29,1986),(44,70),(70,1473),(79,3556)]	17.761575
124	[(10,4558),(26,1023),(40,3078),(41,1375),(45,2492),(49,4389),(86,4013)]	18.089301
125	[(15,3518),(19,1275),(36,3316),(41,4291),(59,2858),(67,646),(72,3803),(88,1971),(92,4108)]	18.415308
126	[(3,3478),(12,3780),(26,3401),(32,2022),(34,2993),(43,2976),(60,3153)]	17.589371
127	[(5,216),(25,3803),(30,1214),(75,4062),(91,83)]	18.295657
128	[(40,2142),(58,433),(67,4142)]	18.152646
129	[(16,2954),(17,419),(29,24),(36,1365),(39,2077),(77,267),(80,390)]	17.711683
130	[(3,1898),(17,4065),(30,629),(36,3170),(47,2015),(54,2811),(62,833),(65,1065),(66,998),(75,2199)]	18.245574
131	[(0,1305),(6,79),(14,2252),(20,847),(37,1891),(44,2771),(72,2812),(80,3380)]	18.519306
132	[(0,299),(9,2919),(13,2440),(39,1559)]	21.052675
133	[(13,1475),(35,3611),(37,4323),(39,4477),(44,2830),(62,2014),(70,2146),(74,2766),(84,2970),(85,1055),(90,349)]	24.014019
134	[(31,4485),(40,60),(43,637),(74,4541)]	17.815088
135	[(1,3432),(3,2925),(27,3924),(33,1062),(42,4282),(65,3082),(75,2835)]	22.773688
136	[(39,814),(41,1214),(68,3955),(87,4401)]	19.190191
137	[]	19.092835
138	[(18,508),(57,966),(73,1761),(85,252)]	19.791089
139	[(37,4191),(38,3917),(41,573),(49,4222)]	36.160376
140	[(38,4183),(74,937)]	25.138489
141	[(12,2889),(39,2598),(46,1079),(80,1893),(86,2728),(91,1527)]	17.881000
142	[(10,1807),(27,3211),(40,2216),(55,1698),(60,4029),(74,2025),(84,4554)]	18.205949
143	[(8,3281),(13,2309),(15,2198),(19,4517),(22,3080),(34,1614),(50,1405),(51,2596),(65,4544),(79,3643)]	18.197478
144	[(17,3103),(22,4495),(29,4246),(47,4386),(57,950),(68,889),(73,2836),(91,3189)]	17.994231
145	[(9,4233),(10,3286),(28,3517),(53,2336)]	19.861281
146	[(16,3052),(31,3037),(60,2205),(90,2228)]	17.671387
147	[(1,518),(8,2070),(13,2792),(29,524),(43,1951),(48,2633),(65,2059),(80,3320)]	17.719182
148	[(0,1163),(6,1024),(7,1402),(37,1015),(59,4533),(63,873),(91,2823)]	17.523122
149	[(1,3637),(5,72),(14,840),(19,3261),(33,951),(90,2134)]	18.698074
150	[(30,3245),(57,4072),(83,2416),(90,1378)]	18.042126
151	[(9,435),(26,1476),(32,1670),(48,3869),(58,3951)]	17.912785
152	[(8,1784),(13,3891),(33,4022),(58,2852),(61,433)]	18.036930
153	[(11,4509),(12,3160),(21,3745),(33,3168),(54,2549),(62,3433),(90,3126)]	18.682355
154	[(4,4289),(23,3461),(44,1823),(47,1528),(51,19),(68,4552),(74,1475),(82,4526)]	18.550543
155	[(7,1889),(19,3688),(42,4493),(56,1266),(63,1188)]	17.777356
156	[(15,34),(59,708),(65,538),(68,3462)]	19.504488
157	[(9,2685),(17,3814),(26,732),(41,1785),(42,1830),(59,3330),(79,630),(89,2348)]	18.207719
158	[(21,2303),(31,2035),(40,1241)]	18.983082
159	[(49,203),(61,4198)]	17.624055
160	[(6,554),(19,2290),(38,4025),(44,3309),(76,3058),(82,2455),(83,4344)]	18.545542
161	[(3,1023),(12,410),(17,3871),(31,155),(44,1949),(47,1267),(48,2490),(65,3248)]	26.739532
162	[(1,3789),(11,2576),(15,1760),(19,4293),(24,678),(27,3225),(32,4326),(68,2461),(85,2670)]	19.375317
163	[(1,1216),(80,1566),(85,2434)]	19.488975
164	[(6,1936),(7,1335),(17,1672),(32,344),(47,815),(63,3869),(67,4028),(76,1623),(91,2261)]	18.473947
165	[(42,2916),(52,432),(63,2167),(67,376),(89,4280)]	17.589359
166	[(56,853),(76,365)]	17.553234
167	[(15,3709),(27,922),(28,1647),(33,3727),(59,3097),(61,3448),(62,2333),(76,817)]	20.031699
168	[(9,1596),(30,10),(38,1969),(40,4304),(46,853),(71,3316),(75,3169),(91,1084)]	18.021527
169	[(15,2872),(51,3605),(63,275),(71,4283),(84,2020)]	18.830685
170	[(15,3680),(27,317),(32,3080),(37,904),(39,1646),(52,3345),(84,4525)]	19.728999
171	[(27,1700),(49,390)]	18.781015
172	[(23,2060),(50,479),(59,322),(87,391)]	17.856517
173	[(22,4467),(40,2052),(44,576),(49,2114),(92,547)]	17.411789
174	[(7,4129),(16,1992),(33,333),(68,3424),(79,3658),(92,1844)]	18.469940
175	[(9,613),(55,1694),(69,2558),(79,1696)]	17.609611
176	[(16,2589),(51,3954),(60,2722),(64,3295),(66,451),(72,3825),(74,3219),(76,499),(79,3310),(84,3270),(86,3313)]	18.258635
177	[(3,405),(12,4170),(17,3521),(28,824),(29,2203),(52,1953),(53,908),(60,3947),(62,1145),(91,1323)]	17.689486
178	[(31,3717),(46,3878),(49,4227),(53,3918)]	19.210170
179	[(2,4450),(13,2238),(14,3394),(29,1269),(36,3792),(39,4326),(76,2014),(81,2708),(86,3178)]	18.148292
180	[(2,716),(39,373),(62,215),(77,1434),(85,370),(92,3186)]	17.875496
181	[(27,3814),(46,2534),(57,629),(59,1480),(90,4370)]	17.748333
182	[(6,1047),(10,1347),(15,3544),(43,4403),(45,2316),(50,2837),(66,3045),(80,4403)]	18.258858
183	[(8,611),(12,2046),(17,1897),(19,1459),(25,4340),(34,663),(47,3214),(59,287),(60,1607),(74,341),(78,1284),(81,626),(85,2514)]	18.443998
184	[(1,3826),(11,1797),(30,2456),(58,2347),(69,4148),(81,1882)]	17.920744
185	[(5,2358),(24,2765),(39,4199),(52,2525),(53,1593),(58,1254),(70,4282),(76,2625),(80,1274)]	21.375811
186	[(8,535),(60,2876),(64,3813),(90,889)]	18.183814
187	[(23,3401),(55,762),(58,669),(82,2744)]	19.741106
188	[(5,2075),(27,3017),(49,3601),(57,1597),(83,3187)]	18.969948
189	[(2,3685),(7,2834),(14,603),(16,2591),(27,3470),(33,149),(64,611),(66,1320),(69,757),(81,4565),(89,3275)]	17.780205
190	[(1,1361),(35,3038),(41,3418),(66,1994),(71,3652)]	18.426938
191	[(7,2933),(18,274),(92,2262)]	19.883238
192	[(3,3233),(21,4411),(22,2908),(23,1161),(61,3369),(64,3639),(67,2722),(69,3250),(78,658),(87,1288)]	17.688314
193	[(4,2420),(11,2042),(12,4489),(29,2540),(35,3584),(36,297),(38,1071),(67,4095),(69,1727),(73,1305),(74,700),(87,3529)]	17.544386
194	[(15,4432),(23,4253),(43,4051),(51,1313),(54,1746),(60,3469),(64,1169),(66,1799),(70,766),(86,932)]	35.666089
195	[(11,3681),(28,1376),(53,884),(61,4130),(64,2846)]	21.399014
196	[(1,903),(23,43),(32,2359),(38,2314),(51,4471),(61,1717),(68,2629),(74,4187),(81,2945),(83,701),(84,621),(88,247)]	22.613138
197	[(40,522),(91,3084)]	20.548014
198	[(17,4413),(36,3559),(39,4376),(46,4117),(68,526),(73,2798),(79,2407),(92,3262)]	18.926657
199	[(21,589),(49,2261),(62,4567),(69,2873)]	17.703502
200	[(6,1423),(13,43),(14,4091),(29,636),(30,3157),(33,419),(48,3363),(56,1145),(58,3232),(70,3349),(90,2734)]	18.763483
201	[(25,2547),(30,2889),(33,471),(40,3765),(69,1804),(80,2142)]	17.809254
202	[(2,2227),(14,3965),(35,3857),(39,3762),(60,1887),(65,2419),(76,3497),(79,2117)]	18.248114
203	[(29,926),(32,2805),(40,1469),(41,1201),(61,3037),(68,903),(69,3594),(72,3950)]	18.164173
204	[(6,2581),(16,3352),(39,2010),(48,3914),(56,4250),(60,592),(78,1255),(79,3640),(91,3193),(92,4419)]	18.825139
205	[(17,337),(23,1979),(42,2136),(53,3976),(75,1555),(81,3919),(85,2375),(90,4383)]	18.702982
206	[(23,296),(43,958),(55,1861),(62,3871),(67,459),(70,391),(89,2634)]	17.950598
207	[(1,502),(4,66),(19,3332),(23,1652),(25,958),(60,850),(78,659),(84,2638),(91,720)]	21.434094
208	[(2,3791),(62,2632),(82,3588),(87,37)]	19.008261
209	[(9,3899),(18,1871),(28,1284),(52,1405),(53,2596),(74,1560),(75,268),(79,3124),(86,1392),(88,2581),(90,4168)]	17.658726
210	[(19,534),(46,4216),(48,1548),(59,2381),(78,1586),(83,1861),(84,4340),(88,1942)]	18.617789
211	[(8,294),(11,3224),(15,4177),(48,3721),(49,2204),(53,3603),(82,751)]	19.140859
212	[(0,1834),(9,495),(10,635),(23,493),(47,2625),(51,1678),(56,1317),(85,4388)]	18.911597
213	[(19,2855),(24,3227),(51,526),(57,109),(68,217),(70,3396),(79,4349)]	28.813404
214	[(24,1202),(42,1396),(52,162),(81,4525)]	21.381195
215	[(37,1548),(45,2022),(47,2993),(53,4522),(55,540),(67,1538),(83,1417)]	18.261378
216	[(12,1228),(22,2948),(42,2255),(54,4051),(64,4519),(65,2954),(72,955),(73,918)]	17.903321
217	[(0,1192),(3,2581),(40,2947),(45,2898),(46,3314),(61,521),(65,1124),(76,2016)]	18.956514
218	[(7,3142),(12,678),(24,1430),(37,2460),(41,1230),(55,1283),(67,4216),(77,2232)]	19.118937
219	[(9,1092),(19,3765),(23,1799),(32,2719),(37,2450),(42,3701),(49,1477),(63,1926),(71,40),(77,2104),(90,358)]	18.985155
220	[(6,890),(11,1632),(49,4200),(52,1834)]	18.982663
221	[(5,571),(10,1269),(13,1571),(18,1723),(26,3319),(44,1084),(49,2301),(57,4453),(70,2213),(73,1218),(81,1531)]	18.057544
222	[(4,1146),(6,3995),(27,2968),(31,2036),(45,2543),(75,3995),(76,617)]	18.459334
223	[(10,4453),(28,2938),(36,3815),(51,4495),(64,210),(72,4161),(76,4118)]	18.590604
224	[(22,3657),(25,4072),(30,3596),(37,1721),(48,4517),(56,2793),(58,2880),(78,1830),(82,3904)]	18.079765
225	[(25,4387),(32,490),(33,1337),(34,2669),(43,304),(50,2302),(52,3274),(55,4348),(65,4167),(85,1337),(86,2669)]	17.823740
226	[(10,1999),(39,4353),(48,112),(60,4187),(65,264),(72,799),(74,3465),(86,4182)]	17.869801
227	[(4,2536),(28,2096),(65,2189),(78,441)]	17.709714
228	[(4,4374),(34,716),(47,3560),(64,2844),(68,3736),(82,2950)]	17.934242
229	[(20,2753),(25,2086),(27,1146),(59,2576)]	17.611687
230	[(11,1997),(12,3096),(25,1650),(35,805),(87,983)]	17.697430
231	[(25,1508),(33,1773),(47,547),(79,2848)]	17.657327
232	[(53,2290),(58,1939),(65,1479),(67,1304)]	17.540595
233	[(11,4061),(12,2933),(23,4530),(31,511),(38,4348),(45,1081),(53,2145),(62,492),(63,3489),(76,2047),(83,4209),(91,440)]	18.357031
234	[(26,1117),(33,3944),(35,2638),(52,3390),(61,408),(76,2376)]	18.743015
235	[(7,2193),(40,2007),(51,498),(83,1936)]	17.624833
236	[(18,763),(58,2291),(87,132)]	19.680528
237	[(13,2570),(28,3437),(56,3332)]	20.618092
238	[(16,3678),(39,1574),(49,902),(73,2903),(76,4038),(85,1433)]	18.457287
239	[(1,3234),(31,4199),(39,4137),(52,3130),(55,2319),(73,967)]	18.257083
240	[(21,3087),(44,426),(67,131),(70,3873)]	18.388708
241	[(4,978),(15,2751),(23,2232),(59,1993),(75,2631),(78,4159),(90,3760)]	18.577721
242	[(6,4458),(33,3266),(36,1714),(41,4326),(66,2023),(75,1256),(84,1880),(90,1654)]	18.142580
243	[(39,1284),(44,3544),(56,1252),(85,3398)]	17.433190
244	[(6,2187),(21,4198),(23,3556),(38,3048),(39,718),(40,1486),(47,1866),(51,3317),(54,4451),(60,4387)]	17.699939
245	[(36,2748),(54,3222),(62,3853),(70,2749)]	17.446516
246	[(9,4487),(13,1155),(18,1032),(24,3521),(38,1542),(39,1253),(47,2285),(68,1628),(80,77)]	17.731038
247	[(23,3416),(46,3038),(56,2058),(57,2035),(60,3033),(70,315),(73,3585),(78,3882),(81,820),(84,4416),(85,4513)]	17.859439
248	[(2,550),(6,20),(17,3184),(20,2462),(47,1136),(75,942)]	28.807462
249	[(20,3717),(77,3702),(82,361),(84,3536),(91,1192)]	26.695078
250	[(5,3019),(32,236),(53,3028),(66,4554),(68,3853),(77,2360),(85,1003)]	19.910881
251	[(7,3000),(27,2162),(38,363),(51,293),(54,1821),(62,1713),(65,3130)]	17.767039
252	[(51,170),(52,13),(55,3325),(63,67),(64,2769),(79,2900),(88,3970)]	18.400656
253	[(4,1920),(21,2827),(26,1959),(42,2691),(62,3897)]	17.585097
254	[(2,492),(9,3338),(24,1776),(33,2578),(36,2721),(54,2338),(56,1556),(58,856),(70,830),(76,3847),(77,3923),(82,212),(83,1224),(92,1248)]	18.227336
255	[(1,3792),(22,1361),(38,2825),(47,3127),(50,3108),(56,4413),(60,3910),(71,1253),(83,1858)]	18.020689
256	[(6,32),(9,1989),(13,101),(29,737),(35,2728),(52,63),(53,2678),(69,3853),(70,328),(81,3307)]	17.887809
257	[(3,4539),(13,2454),(23,2458),(31,3664),(55,1326),(70,1113),(73,3444)]	24.595732
258	[(22,2634),(34,2843),(41,2276),(46,2348),(67,3832),(80,1536),(84,3625),(86,661)]	18.507323
259	[(0,3083),(9,3796),(12,1068),(52,1089),(67,2466),(91,605)]	18.124317
260	[(12,3126),(30,391),(41,2096),(42,946),(62,1766),(77,806),(88,1529),(90,1609),(91,4369)]	18.388517
261	[(15,607),(16,444),(17,1799),(27,1724),(30,364),(41,3520),(45,169),(48,1361),(54,1240),(55,2869),(62,1363),(75,266)]	19.701418
262	[(19,3505),(31,4551),(32,567),(43,2371),(73,3235),(85,2512),(89,1282)]	17.899239
263	[(6,3517),(20,3920),(32,4413),(37,156),(40,1254),(76,2350)]	18.259547
264	[(17,2731),(23,3747),(57,1517),(89,1004)]	18.280150
265	[(25,1889),(28,253),(38,1169),(40,1799),(57,3981),(67,3284),(83,101),(84,3156),(91,3476)]	20.675507
266	[(24,710),(26,1062),(27,630),(33,2039),(47,1380),(53,2368),(54,2727),(70,101)]	24.998257
267	[(0,3482),(30,3102),(37,4055),(65,1992),(72,4436),(74,3851)]	18.607981
268	[(6,413),(29,1999),(47,620),(53,3516),(57,2338),(79,1970),(80,4338),(81,788),(89,4377)]	17.986363
269	[(9,751),(35,3354)]	17.980949
270	[(6,683),(12,4041),(22,4446),(32,465),(34,3013),(43,2744),(62,1247),(82,4353),(86,3849),(90,4415)]	17.943154
271	[(8,3631),(19,4308),(41,614),(52,2995),(54,1362),(59,2769),(60,3998),(64,3032),(70,3837),(72,3156),(75,433),(77,4087)]	18.223975
272	[(15,1635),(35,2721),(40,2105),(43,4534),(57,1136),(85,2759)]	18.320025
273	[(32,1378),(35,1033),(40,4259),(41,4305),(53,3869),(59,3854),(84,2385),(91,1068)]	17.754512
274	[(4,2623),(18,2378),(30,929),(63,390),(85,4109)]	18.282657
275	[(3,2806),(6,1053),(9,758),(10,3292),(11,286),(35,2793),(53,752),(58,3120),(60,3323),(90,3025)]	18.294152
276	[(4,1340),(18,4567),(58,982),(80,3598),(81,1264)]	18.071173
277	[(8,2812),(16,4207),(44,3828),(86,4115)]	17.542519
278	[(8,2275),(16,3271),(52,2684),(56,2888),(61,3068),(66,3586),(77,4024)]	17.740110
279	[(3,4142),(8,463),(23,662),(35,2582),(69,3492),(74,2214)]	17.976629
280	[(1,3899),(14,156),(24,383),(29,978),(42,167),(50,1657),(58,4524),(63,4230),(66,574),(79,337),(89,2032)]	18.609892
281	[(8,2222),(26,4446),(28,1574),(43,1947),(47,993)]	17.857568
282	[(58,1227),(79,430)]	17.611498
283	[(21,4125),(34,2216),(38,3935)]	17.704038
284	[(9,113),(46,790),(63,1536),(68,1604),(70,888),(87,2137),(89,2467),(90,174),(91,2720)]	17.485532
285	[(18,3272),(48,79),(57,1271),(70,3166),(77,2156),(81,1411)]	17.849892
286	[(2,2694),(11,364),(19,653),(28,4290),(40,390),(53,2119),(65,95),(67,3126),(91,2638)]	18.115624
287	[(14,1094),(41,2570),(43,1297),(53,3447),(54,1989),(62,1865),(63,1707)]	18.327265
288	[(44,3249),(47,2489),(61,3235),(63,3665),(72,2619),(79,2548),(89,1182)]	17.773857
289	[(36,1439),(38,2489),(41,3808),(44,4425),(54,3361),(56,470),(83,697)]	17.748086
290	[(12,3158),(14,427),(20,4205),(22,903),(25,3442),(41,336),(48,1673),(67,823),(80,1859)]	20.538141
291	[(2,753),(17,3744),(18,3437),(35,2896),(49,1402),(51,2674),(81,879),(86,1156)]	18.738672
292	[(25,1879),(66,1635),(81,1453),(86,452)]	17.641060
293	[(0,4407),(1,919),(22,1648),(35,4190),(58,1312),(74,1635)]	18.203469
294	[(12,2103),(40,3306),(55,807),(64,2993)]	17.940169
295	[(0,2510),(3,1308),(31,1920),(56,2605),(63,570),(66,2967),(70,1938),(91,620)]	18.051224
296	[(8,2325),(25,1493),(46,1050),(56,2540),(68,2431),(84,341)]	17.699193
297	[(9,1502),(25,2187),(33,1482),(37,1069),(54,3896),(63,1252),(65,3297)]	17.925412
298	[(12,2265),(36,4057),(45,1640),(56,241)]	21.824951
299	[(10,2725),(59,242),(60,3000),(67,901),(86,4031)]	18.260023
300	[(12,1133),(17,1959),(20,6),(55,3213)]	18.424574
301	[(48,1930),(66,1923),(77,3015)]	18.678715
302	[(0,4352),(5,4452),(39,17),(43,1172),(52,803),(70,42),(80,3079),(84,2319)]	17.905809
303	[(12,2332),(27,3589),(71,4063),(91,640)]	31.212400
304	[(4,3498),(75,2087),(76,3715),(80,4510)]	26.182547
305	[(32,148),(45,1442),(81,3248)]	17.840006
306	[(17,3457),(36,3675),(38,263),(48,949),(58,421),(68,3943),(74,1984),(81,60)]	18.157308
307	[(12,2768),(62,521),(67,2554),(68,2451),(83,648)]	17.814587
308	[(54,1820),(61,3457),(73,1266),(86,1034)]	17.889739
309	[(3,1051),(21,3203),(38,2380),(42,3986),(64,2577)]	17.866918
310	[(55,2516),(90,2247)]	19.661261
311	[(0,100),(2,623),(18,2644),(24,2614),(43,487),(64,2979)]	19.040354
312	[(0,3361),(5,3811),(8,3377),(62,2756),(84,1957)]	22.450164
313	[(29,4235),(44,84),(50,3726),(61,3223),(73,882),(77,3372),(85,2912)]	18.822578
314	[(1,3460),(27,1377),(37,537),(66,1315),(75,416),(84,1344),(88,4155)]	17.930150
315	[(4,3046),(10,4489),(17,973),(42,3541),(46,3435),(65,1892)]	17.543378
316	[(11,531),(14,4522),(26,1670),(30,1327),(51,614),(55,1230),(89,1102)]	18.383129
317	[(7,2466),(62,4544),(64,4184),(76,4347)]	17.697966
318	[(15,624),(22,4112),(28,2328),(37,2095),(46,2778),(48,3269),(51,2226),(57,2834),(90,4481)]	21.369733
319	[(8,1505),(23,1261),(51,3847)]	23.972276
320	[(5,1020),(46,2472),(61,3934),(65,3946)]	18.132968
321	[(1,2536),(5,284),(7,49),(13,2816),(14,3829),(20,311),(36,2378),(53,1137),(71,3591),(77,540)]	17.930186
322	[(1,2316),(16,2937),(89,2288)]	18.463511
323	[(18,1802),(27,3673),(32,4377),(89,2687)]	18.285152
324	[(20,293),(48,2622),(62,4466),(86,3476)]	18.783817
325	[(10,1261),(18,614),(40,663)]	17.939275
326	[(17,1252),(33,2840),(54,534),(58,197),(68,1330),(73,1060),(81,3584)]	17.623370
327	[(14,4461),(17,1819),(48,3670),(52,1382),(57,3128),(59,666),(60,2809),(63,3329),(73,4027),(88,3457)]	18.141348
328	[(2,3808),(20,1943),(24,768),(32,1363),(39,113),(43,2000),(66,4103),(89,2663)]	18.763488
329	[(16,524),(22,3245),(30,3681),(40,1189),(47,1120),(63,1739),(72,1755),(77,1623),(80,308),(89,850)]	19.477263
330	[(2,425),(13,2513),(20,333),(67,2887),(83,237)]	18.206834
331	[(3,2119),(14,2482),(38,3153),(53,2177),(61,2117)]	17.900724
332	[(17,1230),(24,2423),(43,1767),(51,3731),(82,1520)]	17.886826
333	[(7,4112),(28,2018),(33,1730),(38,1628),(49,1155)]	18.103133
334	[(0,550),(30,2026),(50,207),(62,2250),(70,2458),(77,1769),(79,1483),(89,1558)]	18.134324
335	[(19,3161),(21,4048),(22,2989),(24,2440),(27,4380),(31,891),(63,967),(80,609),(87,4113)]	18.192764
336	[(7,2793),(8,3798),(21,959),(37,697),(38,2114),(83,3470),(89,2505)]	17.701454
337	[(27,3361),(39,30),(41,348),(72,853),(75,450),(81,2122),(82,3538),(86,2127),(92,3531)]	17.559690
338	[(20,2135),(34,2295),(44,4133),(57,3631),(67,3907),(71,1617),(73,82),(89,968)]	18.273607
339	[(9,516),(28,4176),(46,209),(50,2074),(56,3623),(82,2457),(85,1639)]	18.172511
340	[(12,815),(13,4227),(32,748),(38,1083),(39,1319),(56,3934),(57,2460),(70,102),(76,164),(84,2607)]	18.313860
341	[(0,3798),(4,3493),(7,3994),(13,2852),(25,516),(82,2109),(87,969),(92,95)]	18.699571
342	[(0,2301),(41,3133),(59,1997),(66,596),(70,3690),(90,3482)]	18.479869
343	[(30,3464),(54,3225),(74,4294)]	20.696349
344	[(27,3996),(32,2201),(40,737),(60,2617),(83,4203),(88,2854)]	18.497355
345	[(23,1422),(31,1245),(70,1126),(79,1036)]	18.188126
346	[(30,4560),(34,136),(64,2867),(66,412),(73,2258)]	18.374328
347	[(2,2506),(18,4223),(39,2078),(41,3459),(44,2524),(46,1480)]	18.440921
348	[(16,2084),(21,3543),(45,1469),(69,2268)]	18.095009
349	[(4,4452),(9,1205),(13,2391),(42,3882),(48,3267),(51,379),(52,3606),(63,944),(74,4277),(79,3752),(91,2946)]	17.427695
350	[(0,2446),(32,2351),(45,3951),(89,3638)]	17.606399
351	[(13,1711),(15,1448),(27,1824),(33,2285),(54,2761),(75,3782)]	18.163418
352	[(6,1458),(23,256),(45,4149),(46,4105),(89,3307)]	18.231968
353	[(6,1229),(19,4377),(24,3129),(66,373),(74,3185),(75,63)]	17.560982
354	[(44,1067),(57,91),(70,1282),(82,2281)]	17.735723
355	[(0,1734),(6,2296),(61,495),(67,589),(69,2073),(83,3481),(90,3050),(91,3635),(92,1221)]	17.825175
356	[(26,3752),(38,1722),(51,3602),(76,1745),(79,3618),(88,4341)]	17.832479
357	[(7,3456),(24,1392),(52,2830),(58,4227),(60,3616),(69,3869),(74,699),(81,1808),(91,3819)]	19.236406
358	[(5,1642),(30,2402),(53,794),(63,2320)]	28.325406
359	[(25,475),(34,2220),(50,729),(76,1982),(77,4378),(79,1725)]	27.436997
360	[(14,4151),(40,243)]	18.283577
361	[(4,548),(7,2976),(14,1354),(90,3026)]	17.845023
362	[(1,2894),(13,1630),(24,1883),(33,3675),(35,263),(44,2496),(49,1231),(56,869),(92,1022)]	17.816269
363	[(4,4243),(25,1959),(35,4306),(67,185),(70,3067)]	18.369242
364	[(31,3098),(76,2799),(82,2205),(92,1009)]	19.137239
365	[(17,845),(33,3346),(38,1470),(41,1337),(75,2165)]	18.479576
366	[(32,781),(53,63),(66,693),(84,3948)]	17.864314
367	[(8,2157),(46,4403),(82,3161)]	17.765341
368	[(3,4102),(30,580),(34,3885),(36,1979),(49,3893),(53,4192),(56,3314),(62,2318),(89,2492)]	18.237530
369	[(10,2205),(13,2301),(25,1438),(32,1563),(48,4321),(51,1531),(58,2781),(66,4075),(68,4533),(70,2966)]	17.756102
370	[(15,1317),(24,1454),(38,2525),(41,1019),(57,2372),(60,4148),(71,1275),(73,2771)]	18.425532
371	[(1,2544),(16,4008),(27,3889),(31,3994),(44,1835),(57,62),(65,1019),(72,1925),(85,547),(91,3437)]	19.266898
372	[(13,565),(33,3273),(42,1897),(77,2084),(82,287)]	24.964319
373	[(76,3053)]	18.855461
374	[(0,3132),(16,756),(22,1555),(39,4290),(43,2807),(44,2415),(50,1854),(58,2283),(63,556),(77,3082),(91,57)]	17.474171
375	[(1,1807),(12,1494),(13,2690),(16,1813),(21,4486),(22,1520),(36,3386),(45,4042),(64,1335),(78,2835),(79,3488),(80,1795)]	18.134720
376	[(4,2261),(20,2470),(55,4244),(61,1274)]	17.381065
377	[(18,3007),(91,3030)]	18.907380
378	[(1,2961),(14,76),(41,3217),(44,2662),(51,1099),(67,3534),(73,1389),(84,257),(92,3646)]	18.084962
379	[(10,3399),(18,1835),(20,217),(69,2427)]	18.180864
380	[(0,3460),(24,920),(36,1510),(47,3120),(55,726),(61,3206),(70,2470),(77,2493),(82,138)]	17.876247
381	[(1,3967),(8,2474),(28,3213),(40,517),(50,1884),(75,3167),(90,967)]	17.922197
382	[(2,2157),(3,766),(18,1797),(25,756),(47,3645),(57,3763),(62,3769),(65,4317),(73,4223),(74,3978),(76,1867),(79,3025)]	18.023115
383	[(25,3959),(58,55),(59,4010),(60,2260),(65,3218),(73,1311),(74,2664),(79,4022)]	17.959083
384	[(9,2479),(59,3431),(73,1457),(87,3976)]	17.679953
385	[(3,137),(16,3538),(22,1887),(25,3111),(30,3272),(35,4043),(70,3886),(81,3208),(88,555)]	18.277988
386	[(10,1539),(30,2973),(92,4312)]	17.507314
387	[(1,1769),(5,2509),(33,3620),(34,1477),(46,1277),(51,1324),(83,3965)]	17.680070
388	[(27,4100),(38,1579),(63,3846)]	17.885063
389	[(2,3227),(13,4252),(30,726),(52,3937),(55,2158),(70,4254),(76,300),(83,4326)]	17.495746
390	[(3,3718),(21,906),(45,2362),(79,1178)]	17.934210
391	[(29,431),(50,2350),(67,1808),(71,1810)]	17.715194
392	[(5,4011),(7,964),(10,1309),(18,2059),(22,3202),(38,2265),(44,295),(70,9)]	17.460612
393	[(16,2302),(21,2755),(23,1333),(33,1715),(50,1048),(54,3895),(58,1318),(63,530),(71,3862),(75,3834),(80,1995),(85,637),(88,1402),(90,2674)]	17.910541
394	[(16,3345),(39,3653),(77,1715),(82,951)]	17.785899
395	[(28,400),(45,830),(87,386),(92,4339)]	17.765166
396	[(16,3001),(20,467),(61,2759),(83,1761)]	17.464048
397	[(64,2672),(73,222),(91,4200)]	20.070427
398	[(10,2337),(21,86),(28,1091),(43,746),(62,1603),(67,4485),(85,392),(91,448)]	18.280893
399	[(1,3751),(2,3014),(10,3053),(38,1318),(71,2471)]	19.762772
400	[(2,2634),(12,347),(18,739),(22,1942),(25,414),(51,3698),(69,1464),(84,2266),(89,1328)]	19.081306
401	[(29,1093),(31,1074),(33,2537),(50,1409),(55,2986),(71,2101),(92,3002)]	18.655545
402	[(1,2090),(2,3362),(6,149),(31,4216),(36,1586),(38,2700),(85,2849),(91,3063)]	18.173485
403	[(0,3289),(15,874),(52,682),(73,2636),(89,1860)]	17.532312
404	[(14,2299),(21,3533),(30,1915),(57,4470),(67,2188),(70,2191),(81,2370)]	18.236159
405	[(9,429),(20,336),(21,4020),(26,4360),(28,3039),(39,388),(74,4059),(78,2334),(87,1035)]	17.775460
406	[(12,1558),(18,1986),(24,2478),(28,357),(46,1298),(58,4181),(70,556),(89,841)]	17.697950
407	[(17,2056),(18,208),(33,978),(39,1308),(45,4336),(54,2492),(83,548)]	17.991627
408	[(6,4209),(46,3615),(84,4015),(86,4450)]	17.831801
409	[(13,405),(26,322),(27,647),(37,4409),(40,4042)]	17.635383
410	[(21,4453),(71,881),(78,1268)]	17.663662
411	[(3,393),(24,3219),(31,63),(38,2738),(52,4051),(54,182),(55,3683),(66,978),(90,1968),(92,938)]	22.079224
412	[(4,2570),(52,3023),(69,3256),(77,2601),(88,4164),(92,507)]	18.106422
413	[(3,3278),(4,753),(9,1796),(13,930),(43,1254),(72,4408)]	18.240599
414	[(33,513),(37,2690),(41,1104),(56,1672),(68,2338),(89,649)]	35.246355
415	[(11,2435),(14,4035),(20,151),(21,1275),(69,2203)]	20.056039
416	[(10,3865),(20,2821),(32,2904),(53,2130),(85,3589),(91,3778)]	17.915676
417	[(4,71),(15,2511),(22,1130),(39,3380),(66,4513)]	17.692637
418	[(17,1572),(22,1230),(26,1317),(33,1494),(34,3450),(53,228),(58,3363),(73,1831),(89,3979)]	18.351823
419	[(10,4121),(29,2033),(31,3823),(34,2052),(43,2029),(44,3207),(69,3913),(74,2066),(84,3258),(91,4362)]	18.213799
420	[(7,371),(9,2321),(25,2615),(38,376),(73,1836),(90,1916)]	17.925125
421	[(14,4391),(15,1493),(18,2587),(19,3532),(27,2146),(45,3548)]	17.527561
422	[(0,2119),(27,4366),(40,1106),(42,3146),(64,392),(67,4480),(75,1076),(90,1966)]	18.468971
423	[(4,296),(11,1361),(26,2183),(47,2663),(52,647)]	17.794395
424	[(14,719),(19,2682),(66,3689),(72,1821),(84,1585),(87,3654)]	17.697542
425	[(0,712),(32,524),(47,1835),(56,703),(64,1257),(65,1328),(82,4013)]	21.622259
426	[(2,1967),(4,2845),(18,276),(41,3587),(71,3146),(73,2163)]	23.676525
427	[(17,2033),(34,195),(37,3129),(40,1228),(49,1493),(52,4162),(55,111),(61,3757)]	18.795249
428	[(1,1694),(4,1832),(6,4378),(30,2130),(37,672),(45,2868),(67,4233),(72,956)]	18.127756
429	[(15,4121),(26,1182),(29,3744),(30,3437),(42,3933),(51,3328),(65,3771),(71,2353),(74,2217),(85,2311)]	18.119612
430	[(36,2784),(47,843),(49,393),(51,2072),(66,2491),(68,1366),(72,1898),(85,206)]	18.760752
431	[(17,3326),(29,4070),(52,570),(83,4553),(84,3353),(86,1359)]	19.191180
432	[(5,2876),(13,1504),(21,1400),(25,2973),(28,4060),(59,1183),(64,3323),(71,1125)]	18.429027
433	[(1,2030),(7,1808),(25,1433),(30,2785),(37,3830),(40,861),(49,2180),(57,2287),(72,1781),(86,2616)]	17.740134
434	[(10,2158),(15,1172),(32,2292),(53,1531),(57,2796),(72,522),(75,3884)]	17.626839
435	[(11,3409),(14,1173),(18,4506),(30,3850),(31,2548),(48,4113),(75,3244)]	18.617350
436	[(24,4388),(41,4307),(58,2409),(59,3256),(68,3131),(71,3130),(72,275),(74,4243),(79,4156),(80,2543)]	18.213332
437	[(1,1478),(9,3163),(36,1318),(45,1247),(53,366),(64,660),(68,3981),(71,2180),(73,4363),(77,2733),(89,2166)]	18.856164
438	[(0,3751),(5,2321),(25,66),(50,1734),(57,3993),(66,97),(86,1678),(92,3884)]	18.099557
439	[(8,1127),(15,139),(19,1748),(22,4061),(59,3873),(72,3195)]	17.774436
440	[(5,2312),(15,1371),(37,3779),(42,2144),(48,3942),(70,2913),(84,2714),(89,2927)]	17.577029
441	[(19,3452),(23,3621),(26,356),(36,4118),(37,2639)]	17.537495
442	[(9,1144),(21,524),(63,93),(74,544)]	18.313143
443	[(3,675),(22,2844),(36,808),(62,826),(63,4330),(67,4521),(74,2527),(82,3151)]	18.419685
444	[(9,3497),(21,4212),(29,3719),(46,1859),(71,229),(77,2332)]	17.529377
445	[(14,3262),(17,2852),(50,2884),(88,593),(91,2395)]	17.534191
446	[(11,19),(15,513),(34,1207),(52,1426),(84,540),(85,1818)]	17.858180
447	[(49,685),(52,2252),(61,3906),(70,2717),(81,4359),(86,1424)]	17.923164
448	[(9,615),(49,1533),(67,2583)]	17.800210
449	[(10,2810),(15,1882),(17,756),(28,569),(47,3577),(60,3749)]	17.607574
450	[(7,2734),(14,1458),(15,1198),(22,3059),(23,3999),(62,2876)]	18.296182
451	[(3,1886),(10,1428),(18,1290),(29,2840),(68,164),(79,4513)]	20.469113
452	[(0,4270),(28,3892),(41,2888),(53,734),(70,1429),(76,2997),(78,2026)]	18.531976
453	[(23,820),(34,1612),(58,3249),(76,2540)]	19.310132
454	[(5,2821),(11,4378),(12,3316),(49,4024),(66,2113),(71,1753),(89,2868)]	17.899229
455	[(25,4454),(51,1008),(57,668),(76,4419)]	18.234584
456	[(16,2083),(33,1065),(65,3796)]	17.967400
457	[(2,3816),(45,1226),(65,392),(84,573),(89,3149)]	17.896635
458	[(9,1029),(45,475),(55,1965),(60,1128),(63,3062),(88,2847)]	17.907058
459	[(9,4422),(19,4422),(20,1937),(37,3846),(58,2316),(74,889)]	18.436202
460	[(86,4552),(90,146)]	17.920795
461	[(35,1905),(51,844),(56,2047),(70,2366),(74,1302)]	18.456744
462	[(2,4381),(9,3311),(28,60),(43,2217),(45,1113),(54,3419),(67,1038),(75,2082),(82,3355),(91,2905)]	17.945370
463	[(1,3138),(20,4313),(40,2940),(60,3664),(62,2738)]	17.642913
464	[(4,3173),(28,2332),(35,633),(44,4059),(87,1916)]	17.746253
465	[(1,4323),(28,455),(34,3696),(38,1893),(53,1697),(58,3769)]	19.606735
466	[(5,2386),(11,1003),(16,3112),(19,1050),(43,948),(44,4391),(45,1493),(56,2622),(74,987),(83,1244)]	18.301894
467	[(2,191),(9,2243),(44,433),(74,2942),(78,3645),(90,1667)]	17.844875
468	[(13,2095),(21,822),(67,4396)]	18.425115
469	[(23,2568),(25,1095),(29,3787),(35,3138),(62,1890),(67,253),(69,3600),(80,3222)]	29.821921
470	[(0,648),(17,2141),(44,3608),(50,1224),(52,2762),(62,266),(81,2356)]	34.903502
471	[(12,3761),(14,1214),(20,2417),(28,827),(34,1291),(37,1633),(47,2129),(51,1265),(54,2614),(68,3263)]	18.765348
472	[(16,3124),(65,2303),(81,436),(86,4317)]	19.607831
473	[(16,4237),(35,1898),(52,2346),(58,4397),(84,2210),(85,2390)]	18.399676
474	[(5,778),(54,83),(67,1585),(78,3143),(89,329),(91,986)]	17.653908
475	[(10,3776),(15,932),(17,848),(26,3057),(38,898),(47,355),(51,1837),(68,2295),(73,3569),(75,2307)]	17.718510
476	[(1,2760),(4,688),(17,829),(23,1008),(37,5),(38,1790),(54,4543),(85,1346)]	24.181848
477	[(10,936),(23,1558),(38,4036),(64,4515),(68,3945),(76,2617)]	24.111673
478	[(28,2350),(30,1613),(44,2575),(69,4478),(82,4501),(88,3746)]	25.446675
479	[(26,1283),(61,23),(75,4060)]	18.066981
480	[(24,3080),(27,756),(35,4080),(47,1467),(49,2104)]	23.726451
481	[(27,396),(39,3389),(80,3247)]	17.711475
482	[(5,1299),(23,132),(37,2752),(43,2055),(63,1464),(81,2361),(89,1351)]	18.812304
483	[(14,18),(19,2967),(48,364),(53,4079),(62,2655),(74,2097)]	18.945320
484	[(9,4494),(11,117),(60,2602),(65,4446)]	26.331178
485	[(21,707),(37,1524),(53,4112),(70,2420),(82,3546)]	18.750192
486	[(1,187),(7,1344),(9,1045),(15,4325),(56,2580),(61,4043),(79,3679)]	17.817812
487	[(36,0),(50,3371),(71,821),(82,3208),(88,2341)]	18.707490
488	[(5,824),(6,2203),(17,3782),(26,1055),(35,1943),(63,2908),(80,1663),(89,221)]	18.592745
489	[(11,4232),(14,544),(27,3304),(39,4045),(58,2257)]	17.769552
490	[(0,3835),(4,2636),(28,3449),(68,689),(74,1226)]	18.838432
491	[(10,415),(21,1065),(29,3239),(69,1682),(75,1910)]	18.255866
492	[(18,1483),(27,3232),(44,3338),(61,4360),(83,15)]	40.083467
493	[(4,1414),(8,3098),(10,1760),(18,1850),(54,1765),(55,1959)]	32.201870
494	[(1,2421),(9,4560),(22,295),(44,2659),(63,2871),(73,2990),(80,4316)]	17.601629
495	[(1,231),(14,3449),(40,2221),(74,1539),(76,649),(88,4096)]	17.506693
496	[(25,1369),(40,908),(63,2939),(73,2413)]	17.525406
497	[(6,1491),(11,673),(21,3084),(29,1739),(33,3833),(36,1213),(37,200),(49,2224),(64,2030),(77,2642),(78,1940),(85,3807),(91,3818)]	17.738489
498	[(10,1971),(42,4401),(53,2905)]	17.486899
499	[(41,2048),(43,3213),(50,4556),(65,2452),(86,2372),(90,2110)]	17.632824
500	[(20,1108),(31,37),(42,2208),(52,4563),(68,1937),(70,558),(80,1157)]	18.322050
501	[(18,1875),(30,967),(32,1024),(37,1831),(44,2175),(52,4444),(61,1632),(65,691)]	20.655596
502	[(33,1233),(57,382),(72,3129)]	17.880031
503	[(19,3151),(31,2866),(65,1590),(70,4516),(87,3387)]	17.575523
504	[(6,3593),(8,4125),(18,2023),(41,980),(52,2864),(73,3023),(78,3104)]	24.290233
505	[(13,2690),(19,2271),(39,2661),(53,3279),(58,1152),(59,2349),(68,971),(72,3142)]	21.913132
506	[(0,133),(26,3798),(29,518),(83,2436),(88,2566)]	17.354851
507	[(29,1223),(38,856),(48,1724)]	17.643161
508	[(7,4081),(20,1161),(27,632)]	17.411625
509	[(35,4336),(36,2399),(42,118),(63,1562),(77,2117)]	18.002460
510	[(13,3287),(38,4131),(54,1233),(60,966),(72,1806),(75,3496),(81,20)]	18.475654
511	[(16,4179),(36,1446),(61,1705),(72,3858),(88,43),(89,4091)]	19.321251
512	[(8,2125),(15,967),(72,3183),(74,1126)]	18.092277
513	[(4,1640),(28,814),(76,79),(81,3800),(90,2195),(92,4018)]	39.225505
514	[(1,907),(3,2590),(5,2191),(14,3030),(30,4290),(32,334),(73,4228)]	39.856199
515	[(8,399),(20,3233),(27,2137),(41,4216),(43,1548),(64,775),(65,3252),(77,2520),(84,2012)]	40.040635
516	[(5,3166),(30,760),(42,2330),(46,773),(91,506)]	47.469757
517	[(12,3626),(59,4509),(62,2912)]	55.528152
518	[(30,48),(56,3920),(69,1900),(74,4321),(89,557)]	20.332769
519	[(15,373),(33,201)]	18.097823
520	[(4,4065),(32,138),(62,3986),(73,438)]	18.405264
521	[(21,3847),(22,3923),(24,1545),(48,3238),(67,510),(70,4270)]	20.619907
522	[(11,1496),(25,309),(27,996),(42,501),(51,844),(58,1895),(63,3976),(67,3128),(82,1727),(84,3178),(88,2020)]	23.865064
523	[(9,3446),(22,1837),(42,3734),(53,3760),(79,1383)]	19.064049
524	[(12,2117),(21,4275),(30,4128),(33,3935),(56,3739),(62,3070),(63,4261),(67,3717),(71,3809),(84,1316),(91,2947)]	19.896781
525	[(5,4523),(10,521),(21,86),(22,1100),(53,4425),(55,2774),(67,3966),(76,3990),(90,501)]	18.153409
526	[(6,4427),(11,609),(14,127),(17,2310),(23,4265),(26,2731),(75,504),(84,1736)]	19.422709
527	[(1,1787),(2,1650),(10,458),(25,2855),(43,1291),(69,4400),(73,483)]	18.841592
528	[(13,399),(16,2535),(43,3509),(57,1689)]	17.569385
529	[(9,2694),(25,1680),(39,175),(40,1512),(57,899)]	17.708382
530	[(0,2514),(21,2623),(22,1803)]	18.160053
531	[(14,1140),(27,4337),(71,3865),(73,2842)]	37.950710
532	[(4,3155)]	37.288115
533	[(19,991),(27,1964),(46,201),(69,1283),(84,2540)]	36.978870
534	[(14,3340),(20,425),(25,2221),(40,3793),(65,1426)]	39.455781
535	[(8,1321),(15,4473),(23,582),(25,2722),(34,3035),(41,1129),(57,1589),(63,461),(64,89),(67,4485),(87,4037)]	37.431803
536	[(3,1133),(24,1010),(53,1905),(66,1043),(74,3267),(83,2372),(92,9)]	37.866647
537	[(28,1984),(39,234),(54,2424),(69,4077),(76,1815),(81,461),(87,719),(92,1039)]	33.390400
538	[(0,3215),(5,1172),(38,1336),(52,3811),(64,3183),(88,3691),(89,1903)]	34.655236
539	[(32,4145),(65,688),(76,4172),(80,4474),(88,1246)]	39.446496
540	[(1,2246),(9,1134),(15,3680),(58,848),(60,3121),(65,98),(72,2399),(81,294)]	34.145242
541	[(0,2134),(24,1736),(66,171)]	36.436468
542	[(1,3046),(22,2201),(33,960),(43,4032),(48,1582),(58,4566),(75,2734)]	35.332434
543	[(10,2622),(15,654),(59,4483),(64,2901),(71,3228),(88,1352)]	35.184609
544	[(10,2557),(31,4121),(34,575),(43,1366),(50,4554),(62,2918),(72,2081)]	35.663128
545	[(0,1857),(4,1607),(21,1919),(24,867),(25,4235),(31,1104),(36,3764),(49,2092),(55,2830),(60,3525),(61,3395),(62,3995)]	35.429299
546	[(24,376),(25,968),(30,281),(44,1001),(55,965),(58,4474),(62,1115),(74,811)]	35.734128
547	[(19,899),(22,186),(42,2555),(55,1271),(77,3965)]	35.458505
548	[(1,3842),(8,1823),(52,2216)]	35.914460
549	[(8,3338),(14,679),(17,4266),(19,4539),(56,4032)]	35.442169
550	[(23,3080),(31,1543),(35,2737),(41,3113),(50,4312),(57,4175)]	35.389666
551	[(26,4190),(37,3753),(42,2325),(43,3618),(45,210),(62,24),(72,2292)]	38.569875
552	[(0,1300),(5,1872),(6,2615)]	39.784599
553	[(22,2274),(53,437),(71,4154),(83,1823)]	42.737745
554	[(2,4019),(10,1021),(19,2752),(24,3199),(88,650)]	37.458410
555	[(17,650),(21,399),(24,3726),(32,1253),(40,3899),(43,785),(44,2464),(54,4299),(89,3705)]	38.128101
556	[(1,2420),(11,3915),(44,4553),(45,2918),(62,4100)]	33.397558
557	[(13,1606),(17,361),(43,449),(54,2058),(63,1735),(82,508),(86,1898),(90,3203),(91,478)]	33.868323
558	[(3,1388),(5,734),(30,3482),(32,1473)]	34.863237
559	[(16,456),(21,3869)]	39.689509
560	[(20,3056),(42,45)]	38.282478
561	[(0,2386),(5,988),(14,3160),(16,4497),(23,3952),(35,605),(42,795),(45,779)]	34.640758
562	[(11,1271),(24,3462),(31,3048),(46,2987),(50,1720),(61,3703)]	34.510325
563	[(0,2113),(18,4299),(20,4301),(28,4351),(36,3108),(60,214)]	34.040721
564	[(19,2643),(22,2939),(43,23),(48,1738),(60,1875),(80,1674)]	34.097812
565	[(0,617),(32,178),(56,3038),(65,3465)]	34.098328
566	[(2,2931),(8,2110),(33,1677),(66,1456),(68,873),(73,651),(76,2201),(80,276),(82,1895)]	34.226106
567	[(11,536),(51,4305),(65,2364)]	36.154753
568	[(29,253),(37,2234),(52,1712),(62,2899),(67,3513),(89,3531)]	34.263744
569	[(39,2522),(52,2373),(66,373),(82,483),(85,2782)]	34.262943
570	[(3,4209),(9,842),(15,346),(30,203),(47,2344),(92,1202)]	36.452410
571	[(29,3286),(58,4351),(74,3663)]	37.274605
572	[(3,3143),(22,4152),(60,338),(74,903),(79,682),(80,1643),(87,1517)]	37.365941
573	[(43,1251),(59,4336),(68,1661),(70,2295),(82,1281),(86,2518),(92,4491)]	37.293755
574	[(15,568),(45,2202),(55,293),(76,3000),(87,2025),(88,3729)]	33.591981
575	[(14,2962),(29,1850),(33,3190),(36,2784),(46,3211),(64,1850),(84,1121),(89,483)]	38.091877
576	[(1,558),(9,89),(11,3990),(23,2529),(35,153),(36,1458),(40,1497),(42,351),(47,1405),(51,4408),(67,2558)]	33.645695
577	[(31,2202),(36,2294),(49,2948),(67,1944),(80,360),(88,2429),(91,887)]	39.318327
578	[(0,1009),(24,1349),(32,2000),(40,182),(47,4151),(65,649),(69,153),(70,1458)]	36.551875
579	[(1,3167),(24,1831),(31,286),(43,611),(55,2004),(65,4358),(70,2453)]	35.982428
580	[(8,1960),(27,4176),(37,2290),(45,3198),(47,3723),(52,3582),(53,1492),(56,4147),(61,2664),(77,168),(79,292),(85,1726),(92,50)]	35.235915
581	[(2,4344),(3,4487),(14,1931),(28,2701),(43,4321),(58,3634),(78,3009),(79,793)]	39.624266
582	[(24,4335),(36,1291),(40,4236),(71,2317),(73,3992),(88,4546)]	44.973689
583	[(0,1564),(4,1996),(23,3129),(28,2980),(46,677),(60,4037),(92,4401)]	39.534162
584	[(8,2623),(45,1901),(62,2225),(86,3332)]	36.199307
585	[(4,2118),(41,1861),(66,1424),(80,1130),(87,4208)]	35.009365
586	[(0,3745),(1,3729),(19,360),(41,3960),(64,1626)]	35.688122
587	[(17,4386),(37,37),(48,2715),(54,4351),(81,472),(84,3253),(85,2956),(87,2453)]	35.309812
588	[(0,2325),(10,375),(28,2503),(30,3770),(48,4340),(67,3696),(76,3249),(81,2127)]	40.531554
589	[(4,2041),(39,2295),(43,1967),(45,2492),(51,4221),(63,2306)]	40.141246
590	[(5,4205),(14,1850),(16,56),(23,1039),(30,1959),(40,211),(51,2031),(52,1709),(55,3549),(62,2628),(69,3159),(91,1447),(92,4391)]	39.861051
591	[(46,2105),(48,560),(56,3908),(64,2468)]	39.159198
592	[(35,3319),(37,912),(72,3957),(75,862)]	36.397388
593	[(4,4101),(17,191),(29,2405),(32,3426),(34,2031),(40,3635),(48,2320),(84,2583),(88,2827)]	35.830556
594	[(1,2732),(11,208),(38,3728),(53,2470),(81,4218),(87,845)]	40.897674
595	[(5,4182),(21,2101),(28,982),(32,3127),(37,2950),(39,102),(75,475)]	36.665247
596	[(4,458),(21,4116),(26,4333),(41,3707),(65,744),(72,2545),(83,2773),(85,300)]	35.476646
597	[(34,4095),(48,3940),(55,2476),(74,1445),(76,1302)]	35.655085
598	[(4,1681),(11,2360),(18,3367),(28,2071),(41,4204),(54,2181),(61,845),(67,2140),(73,3429),(84,2930),(91,3495)]	36.389076
599	[(4,1141),(16,3370),(30,1462),(31,2310),(50,4162),(67,1540),(82,3196)]	36.836132
600	[(5,3898),(18,2817),(24,4330),(46,3983),(57,4223),(91,1564)]	33.897092
601	[(11,3959),(22,4004),(23,1078),(32,4008),(36,4396),(72,4188),(88,3282)]	35.683142
602	[(17,2971),(43,2133),(44,1327),(48,2205),(51,209),(64,3555),(65,826),(66,4330),(71,3767),(78,4257),(80,1871),(90,1841)]	35.245482
603	[(34,4346),(37,2680),(41,3523),(48,517),(51,3527),(54,244),(82,441),(90,1658)]	34.808094
604	[(5,1192),(14,4355),(41,732),(50,1474),(54,1031)]	35.163350
605	[(7,3177),(8,141),(19,2116),(33,565),(35,3397),(38,2642),(41,2213),(56,1187),(78,1790),(87,1041),(88,1396),(90,131)]	34.284403
606	[(5,1297),(6,1356),(53,3520),(61,956),(64,3212),(66,2302),(72,505),(92,1798)]	38.925349
607	[(1,2816),(2,3829),(87,3703)]	35.689627
608	[(7,3847),(8,2053),(16,3515),(27,515),(31,3375),(64,3504),(75,553),(79,3263),(92,3700)]	39.937133
609	[(16,458),(20,2511),(51,85),(63,3249)]	35.512397
610	[(43,221),(55,1866),(66,2068),(92,4539)]	34.228054
611	[(10,2126),(19,2562),(39,640),(46,2113),(50,2315),(66,270),(75,1935)]	46.618645
612	[(24,1879),(52,4397),(60,2691),(81,1597),(82,1946)]	38.569420
613	[(11,3101),(23,1693),(24,4268),(29,1106),(47,2407),(66,2182),(70,1092),(80,576),(86,3871),(90,4121)]	37.295776
614	[(52,4240)]	35.081992
615	[(5,3612),(8,3946),(38,2531),(41,3408),(47,1195),(53,3586),(86,3510),(88,902)]	36.651250
616	[(5,1498),(29,2489),(32,3130),(33,1372),(41,3152),(46,2009),(52,2321),(60,1533),(72,1559)]	36.111225
617	[(9,2467),(39,2202),(46,1055),(59,1371),(65,250),(68,80),(86,1569)]	34.980677
618	[(15,3532),(16,3997),(42,679),(61,1347),(64,2562),(66,1093),(67,1914),(74,596),(80,2216)]	37.268277
619	[(0,710),(64,4564),(67,3928),(71,1712),(73,272),(92,3955)]	38.125464
620	[(9,3748),(53,804),(65,192)]	37.481593
621	[(24,4334),(51,421),(74,3227),(79,4175)]	42.212280
622	[(46,461),(81,1826),(82,249),(91,753)]	34.926354
623	[(0,3805),(19,936),(47,1022),(55,13),(60,1276),(62,1126),(66,3204),(69,4126),(73,2858),(74,3404),(76,3903)]	34.795256
624	[(16,4423),(17,3357),(32,1874),(45,455),(52,2463)]	34.167304
625	[(13,1715),(19,403),(54,3154),(79,2326)]	35.102334
626	[(0,3215),(27,3577),(40,1691),(47,3945),(80,956)]	38.157178
627	[(20,2629),(33,1606),(72,3762),(77,3686)]	38.810455
628	[(5,4136),(11,1302),(14,4175),(20,2290),(34,2219),(44,2972),(62,4471),(72,3550),(92,475)]	37.421418
629	[(2,3306),(4,29),(9,1158),(14,4231),(47,104),(56,2116),(61,316),(67,403),(72,701),(77,4092)]	36.992495
630	[(0,641),(51,1102),(55,4209),(75,2623),(78,2442),(82,3623)]	35.182024
631	[(7,3270),(22,2531),(23,776),(32,1818),(39,3966),(51,2218),(56,1646),(60,2824),(75,2776),(81,2354)]	37.278516
632	[(8,4182),(14,1640),(45,1219),(46,475),(57,3363),(66,1912)]	38.690141
633	[(5,1335),(13,4123),(22,172),(74,2608),(75,2254),(84,2818)]	36.598500
634	[(11,1488),(54,1260),(57,639),(66,2546),(67,3425),(71,2850),(85,157)]	36.689878
635	[(1,403),(5,4328),(17,1597),(19,801),(22,3473),(42,3387),(46,1239),(51,3767),(77,2841),(90,1137)]	38.204631
636	[(6,1654),(11,1460),(36,1453),(37,452),(38,323),(54,200),(58,825),(59,3229),(80,4137),(87,2429),(92,2481)]	37.301671
637	[(32,933),(42,2174),(55,2986),(62,3252),(73,1743),(74,1851),(78,4406)]	37.096185
638	[(3,3146),(5,3439),(32,77),(66,2142),(71,1555),(90,2319)]	36.484964
639	[(7,2849),(15,536),(20,1722),(28,200),(49,949),(70,3306),(75,10)]	36.162471
640	[(6,127),(9,1515),(16,3216),(59,649),(61,1857),(67,4261),(72,643),(73,2668)]	42.277557
641	[(29,2365),(49,1247),(50,1355),(52,4274),(84,2298),(86,1308)]	46.127641
642	[(19,2054),(20,509),(23,3851),(33,4212),(40,621),(42,1376),(44,3536),(92,4186)]	40.706780
643	[(6,1553),(7,2332),(18,779),(31,1404),(54,1970),(79,3169)]	18.341958
644	[(17,1099),(32,930),(60,3867),(81,4232)]	26.137421
645	[(30,946),(40,2589),(68,2432),(74,186)]	17.439622
646	[(0,1824),(6,2669),(15,1511),(25,301),(46,1440),(51,4478),(52,3441),(72,521),(73,3179),(76,3318),(78,230)]	18.673375
647	[(4,2869),(9,1266),(49,4150),(62,1708),(68,2790)]	18.849435
648	[(5,1743),(14,10),(19,537),(37,1323),(64,4443),(66,976),(83,1269),(86,1571)]	17.735628
649	[(22,1225),(38,3576),(61,2634),(71,1010),(80,2905)]	17.541512
650	[(9,4453),(12,1265),(65,5),(89,3169)]	17.723454
651	[(18,351),(23,580),(41,1335),(80,1671)]	17.832536
652	[(2,464),(56,3619),(62,4232)]	17.929408
653	[(6,2654),(24,4103),(33,1603),(52,605),(56,1225),(65,3440),(73,565)]	19.799219
654	[(84,1939)]	18.915152
655	[(34,1135),(41,2430),(74,4336),(75,2399),(77,1983),(80,3266),(81,3514)]	17.703605
656	[(10,2657),(71,4337),(76,4035),(87,3826)]	17.756177
657	[(5,4371),(8,799),(21,3610),(25,1689),(69,4082),(75,4049)]	17.589642
658	[(2,3540),(8,209),(21,3848),(47,517),(76,2806)]	17.631322
659	[(38,2702),(48,1939),(69,2342)]	17.545435
660	[(9,2620),(18,1172),(19,1471),(26,4364),(61,1793),(79,2517),(85,903),(92,1921)]	17.462881
661	[(3,3953),(9,695),(21,868),(24,2829),(39,1543),(45,1186),(52,3153),(58,1346),(65,4467),(90,1267)]	18.024348
662	[(4,2751),(10,2710),(44,1891),(63,2546),(64,3425),(74,4529),(84,3152)]	17.531267
663	[(7,2878),(15,3813),(22,3844),(29,3098),(49,825)]	17.803286
664	[(17,319),(29,300),(56,4255),(63,3644),(73,4248),(77,1260),(84,1321)]	17.482016
665	[(5,4313),(17,2267),(32,2320),(40,1233),(41,2072),(46,1741),(47,1294),(68,1734),(79,2994)]	18.175035
666	[(15,657),(26,433),(41,488),(78,3881)]	17.602403
667	[(3,2097),(6,3720),(57,4557),(69,2377)]	18.128862
668	[(0,732),(6,505),(15,2781),(28,738),(55,755),(70,908),(77,2890),(83,1236)]	19.509849
669	[(3,3772),(17,3987),(25,3589),(29,970),(32,1734),(50,2815),(89,1919),(91,1636)]	17.956324
670	[(2,1294),(13,1725),(19,152),(40,2154),(42,916),(45,4298),(60,1166),(66,3220),(82,55),(83,4010)]	17.695765
671	[(15,1951),(18,3548),(34,3979),(38,3149),(48,514),(51,2808),(58,2531),(60,3734)]	17.336287
672	[(18,3806),(28,4014),(40,4460),(41,3708),(65,1188),(72,1446),(81,3536)]	17.496167
673	[(10,1634),(32,1578),(35,780),(42,3022),(54,4271),(78,2608),(79,2254)]	17.501694
674	[(4,754),(20,1546),(21,3050),(22,3635),(33,4522),(37,1752),(68,3155),(76,3815),(88,2476)]	17.564648
675	[(7,3369),(29,2290),(35,3389),(36,3121),(41,876),(45,2044),(57,2012),(83,2687),(84,2857),(91,1552)]	18.311721
676	[(2,3818),(7,178),(21,2663),(23,2028),(36,2476),(52,1611),(69,5),(82,748),(87,2834)]	19.240457
677	[(10,445),(20,1765),(21,1959),(49,729),(64,4565),(77,3844),(80,947)]	17.957536
678	[(0,1531),(24,3160),(41,2873),(46,4462),(51,4154),(84,2498),(90,4263),(91,4394)]	18.597721
679	[(18,1701),(27,3808),(36,2521),(41,3127),(46,3387),(81,303)]	17.837130
680	[(2,1320),(6,3776),(8,2062),(15,120),(49,3696),(67,3950),(69,1066),(91,3414)]	23.101202
681	[(24,960),(35,3423),(51,4201),(89,2637),(91,2274)]	20.393677
682	[(7,4098),(14,3536),(49,3945),(55,2732),(66,2865),(82,2240),(85,618),(92,2572)]	18.466750
683	[(3,3370),(6,2105),(8,2504),(13,76),(16,422),(46,2669),(61,161),(67,703),(84,3683)]	19.058148
684	[(4,1333),(55,3516),(78,3519),(79,388),(87,2649),(89,2522)]	19.404470
685	[(12,3103),(34,3903),(44,355),(45,4466),(69,3595),(70,3365),(71,1414),(90,3606)]	18.415884
686	[(14,3527),(41,3176),(70,3615),(89,3489)]	18.075004
687	[(13,1857),(22,2290),(26,3225),(48,447),(52,2087),(53,2799),(67,596),(84,2154)]	17.657989
688	[(1,2446),(4,144),(9,4257),(31,482),(57,3692),(66,3216),(88,2755),(90,3107)]	17.680260
689	[(10,2071),(12,1219),(14,1658),(23,3256),(49,306),(66,765),(67,4030),(70,1803),(90,4373)]	17.490771
690	[(6,4378),(17,3264),(82,4108),(83,3145)]	17.713005
691	[(12,2671),(25,2299),(59,2746),(85,541),(89,3597)]	19.603480
692	[(5,24),(28,4035),(35,2179),(39,3851),(43,2952),(72,1524),(82,3048),(89,3748)]	18.367313
693	[(10,4496),(16,1254),(19,49),(22,2578),(33,472),(58,2404),(61,3456),(83,4561),(86,1051),(87,4374)]	17.937942
694	[(10,3477),(31,2087),(33,1435),(34,2652),(35,1071),(40,2964),(45,2457),(52,708),(68,544),(73,1606),(85,1626),(86,4116)]	18.414748
695	[(10,476),(22,1916),(48,1438),(59,1730),(63,2246),(80,759)]	19.753947
696	[(2,1202),(65,4554),(67,3853),(90,2745)]	18.839621
697	[(5,1070),(16,1262),(55,858)]	33.187183
698	[(21,3053),(49,788),(56,3309),(87,698)]	25.307019
699	[(20,3484),(47,852),(89,2099)]	17.613645
700	[(8,4155),(23,290),(27,3676),(49,428),(68,3025),(75,35),(87,3881)]	18.586855
701	[(0,604),(30,216),(32,2106),(64,3697),(70,4188),(81,2785),(82,4171)]	18.563630
702	[(5,2345),(27,4502),(32,3369),(39,3757),(58,227)]	18.012308
703	[(0,1397),(2,764),(42,2859),(54,2604),(57,1984),(71,1810),(76,748)]	18.307119
704	[(16,3447),(20,1359),(32,3097),(76,2207),(79,3702)]	17.839860
705	[(1,4478),(6,3078),(21,837),(58,2036),(87,1101),(88,2652)]	18.063278
706	[(16,3790),(24,2008),(82,3674),(85,2649),(89,4035)]	18.621090
707	[(4,1064),(5,1444),(16,4038),(33,2311),(68,244),(89,2598)]	21.691202
708	[(14,847),(18,3262),(29,2590),(42,194),(46,3058),(50,3771),(61,2874),(73,2515),(74,1056),(76,722),(80,2192),(90,314)]	18.467796
709	[(6,2367),(8,18),(10,1534),(20,1102),(44,2644),(54,4496),(67,3997),(80,2098),(82,722)]	18.424002
710	[(3,957),(34,3707),(39,4518),(46,4273),(83,1703),(90,4065),(92,841)]	17.731569
711	[(28,2776),(37,942),(39,1994),(40,2166),(49,2035),(52,1484),(63,2070),(66,763),(68,2099),(80,193),(83,3267)]	19.140716
712	[(1,132),(4,4193),(5,2046),(20,2380),(41,3971),(69,2832),(70,1685),(76,3752),(80,1259),(85,130)]	18.273912
713	[(1,1236),(25,4121),(27,4172),(30,2788),(34,4249),(41,515),(51,2405),(56,2040),(64,724),(69,278),(70,1988),(89,739)]	20.946733
714	[(16,795),(41,2982),(83,1202)]	18.924808
715	[(5,3189),(8,2245),(9,819),(16,603),(20,1390),(44,3875),(59,3685)]	17.778058
716	[(14,4306),(37,2345),(42,1062),(55,1008),(66,3876),(67,69),(90,521)]	17.855644
717	[(5,153),(23,4330),(26,3963),(27,61),(44,2497),(53,369),(70,814),(73,2461)]	17.962765
718	[(40,4296),(50,1282)]	17.445615
719	[(2,1555),(28,1706),(73,1404)]	17.892612
720	[(14,1792),(27,2847),(47,1542),(78,2738)]	17.724436
721	[(1,4339),(13,580),(25,3510),(31,585),(57,4201)]	19.552068
722	[(27,3705),(32,3280),(36,1268),(43,4262),(61,2578),(83,820),(87,922)]	17.821164
723	[(16,1439),(23,2742),(77,1734),(80,1770),(86,1330)]	18.045748
724	[(41,681),(58,103),(82,3600)]	18.761790
725	[(0,3243),(5,1154),(26,2739),(29,1089),(30,233),(35,2783),(36,2650),(50,2851),(57,833),(73,3803)]	19.253109
726	[(16,1381),(39,1232),(42,3742),(60,2576)]	19.547927
727	[(17,3649),(21,3294),(37,1043),(45,4563),(51,3472),(60,234),(64,2676),(69,4193),(89,60)]	18.720557
728	[(3,2325),(5,1540),(10,2649)]	17.865193
729	[(36,3855),(45,3466),(51,2299),(67,1212),(70,2390),(77,3876),(78,69),(82,2255)]	19.884903
730	[(8,3337),(11,3850),(21,1784),(23,3636),(43,3616),(51,310),(53,2586),(61,3406),(63,627)]	18.669863
731	[(17,809),(18,3884),(65,4531),(67,2326)]	17.785009
732	[(5,1431),(7,2156),(13,452),(24,4428),(55,2959),(56,3735),(72,1715),(85,1271)]	20.469668
733	[(2,95),(4,3126),(20,1139),(28,821),(29,2772),(50,1160),(52,4553),(59,642)]	25.042867
734	[(11,2375),(53,4105),(57,2784),(87,2850),(89,3289)]	17.857514
735	[(16,341),(22,3481),(29,539),(46,4284)]	18.189149
736	[(2,2473),(8,1026),(30,1439),(33,4216),(45,3023),(53,2202),(71,3937),(77,3263),(83,3118),(92,1349)]	17.929688
737	[(67,2966),(72,2213),(75,1218)]	18.392499
738	[(4,166),(11,98),(26,2958),(49,3564),(57,2158),(65,3343),(74,465),(78,4286),(80,3761),(84,1474)]	17.916145
739	[(9,2175),(32,3768),(53,4294),(65,1103),(89,1448)]	17.993669
740	[(2,245),(14,955),(44,4225),(62,3789),(65,1225),(68,3447),(75,255)]	17.535997
741	[(5,86),(7,1163),(9,3106),(27,29),(28,3185),(87,1743)]	17.825856
742	[(6,3920),(14,2125),(48,872),(62,1331),(91,2757)]	17.473136
743	[(21,864),(37,760),(60,335),(77,2109),(92,1794)]	19.632330
744	[(1,1972),(35,3685),(77,3846),(82,4033)]	18.161944
745	[(5,4070),(6,1259),(21,3990),(23,2665),(46,1756),(64,76),(90,3433)]	20.151010
746	[(0,4293),(18,536),(38,83),(58,705),(60,3513),(85,87),(88,1984),(89,2406)]	17.779960
747	[(0,1044),(5,2174),(27,2262),(28,2336),(58,4466),(59,1677)]	17.593128
748	[(3,2986),(5,2733),(44,1752),(50,3543),(56,1598),(65,1390),(83,989)]	17.842889
749	[(28,4290),(34,458),(38,3376),(90,3186)]	17.487672
750	[(1,1060),(54,2311),(59,224),(64,1613),(82,2117),(85,15)]	17.778422
751	[(9,2387),(13,306),(26,2433),(39,994),(45,3565),(53,4379),(90,2168),(92,1171)]	17.416178
752	[(3,3020),(4,316),(22,107),(35,1652),(38,3228),(55,4051),(61,971),(67,811),(91,994)]	31.609393
753	[(12,937),(14,3339),(17,761),(31,2048),(35,233),(55,4209),(61,555),(70,1862),(83,2533),(92,103)]	24.056547
754	[(2,1107),(6,412),(43,2574),(56,3246),(66,3373),(68,4325),(84,37),(92,3455)]	17.750880
755	[(7,2897),(10,583),(38,4340),(48,2164),(63,3168)]	18.710064
756	[(1,3074),(12,3892),(80,50),(87,4545)]	17.778990
757	[(15,1955),(16,4133),(52,2186)]	17.687556
758	[(1,2374),(7,1390),(8,4308),(16,3469),(26,1042),(27,4411),(28,925),(34,3762),(60,2670),(74,421),(77,1253)]	17.852978
759	[(14,592),(22,568),(66,4196),(71,1412),(86,148)]	18.046143
760	[(3,3998),(14,1589)]	20.416986
761	[(1,2870),(7,137),(48,221),(79,1816)]	18.230896
762	[(1,2298),(24,3011),(29,24),(41,1268),(43,115),(61,546),(66,563),(79,2119),(86,1959)]	18.234456
763	[(0,970),(19,1136),(28,4103),(33,1289),(37,2226),(38,4520),(51,3731),(60,538),(61,3336),(81,3366)]	17.668672
764	[(13,3739),(30,3104),(31,539),(38,2740),(67,945),(81,1482)]	17.736260
765	[(37,1178),(42,213),(55,1278),(61,1356),(76,2895),(82,4525)]	17.622237
766	[(6,3176),(15,3619),(40,2191),(45,1887),(75,4446),(88,232)]	17.822800
767	[(19,4537),(63,2122),(74,2469),(82,2916)]	18.239474
768	[(41,4384),(61,4366),(87,505)]	18.136225
769	[(3,4106),(31,1075),(45,1133),(65,4085),(77,1064)]	18.497213
770	[(56,3584),(63,989)]	17.601050
771	[(48,2330),(49,272),(56,3526),(65,2064),(68,1342),(69,3685),(74,1504),(81,1456)]	18.313318
772	[(21,2615),(26,1890),(31,2873),(35,745),(38,3822),(45,175),(46,1512),(50,3454),(59,1542),(71,1347),(82,1681)]	18.012792
773	[(40,3303),(45,4387),(46,1559),(58,4005),(59,2181),(63,2660),(64,2076),(69,1910),(73,1704),(77,2327)]	17.713294
774	[(17,2521),(42,1132),(78,705)]	20.696315
775	[(24,2207),(53,3312),(77,3557),(92,3914)]	18.850161
776	[(19,442),(20,2443),(32,3461),(38,554),(59,1581),(75,1457)]	18.617140
777	[(3,1448),(14,3305),(31,4468),(66,3660),(72,1217),(76,1283)]	18.480818
778	[(9,3023),(19,1733),(28,4404),(30,4295),(45,3221),(49,724),(54,1095),(66,2208),(67,3942),(78,1157)]	18.421629
779	[(1,2733),(9,1996),(17,2970),(23,1266),(32,2406),(36,3341),(55,834),(75,3989)]	18.397859
780	[(2,3554),(31,3081),(52,737),(55,3102)]	18.048586
781	[(24,2319),(26,1910),(36,843),(38,393),(40,2072),(50,4407),(56,2991),(71,2438),(82,1933),(87,3675)]	17.942024
782	[(13,339),(27,4094),(30,1743),(55,2323),(61,256),(72,2665),(77,824),(78,2203)]	18.070961
783	[(6,4295),(12,2947),(38,834),(53,1165),(60,1476),(68,2629),(87,4241)]	18.081267
784	[(20,3181)]	18.251977
785	[(18,4384),(24,4002),(72,1616)]	17.936132
786	[(18,760),(56,709),(63,4326),(72,3574)]	23.349281
787	[(18,1740),(28,3104),(38,2018),(48,4312),(60,1573),(84,407)]	21.860191
788	[(6,4352),(10,3976),(44,4054),(52,1223),(64,44)]	17.851905
789	[(2,2633),(29,1656)]	18.582673
790	[(4,656),(29,2432),(33,3765),(37,34),(40,175),(57,450),(88,3270),(90,3313)]	18.200120
791	[(59,937),(75,2288),(89,220)]	19.062300
792	[(38,1536)]	19.462883
793	[(6,1931),(39,1568),(81,668)]	17.933331
794	[(10,1141),(31,160),(37,2549),(60,3230),(67,3613)]	18.082871
795	[(38,2687),(40,2002),(42,1963),(45,111),(61,2108),(69,2558)]	18.903564
796	[(19,1638),(47,2626),(81,3770),(87,988),(89,218),(90,305)]	18.103322
797	[(21,3428),(38,935),(46,4203),(50,3922),(52,1449),(73,1503)]	18.542076
798	[(0,2804),(1,2023),(5,1021),(20,1346),(32,3072),(36,46),(78,1190),(86,2687)]	18.163058
799	[(6,3791),(8,646),(19,121),(25,2577),(60,4331)]	19.389379
800	[(47,4246),(49,3511),(54,4058)]	18.971220
801	[(5,3206),(8,2854),(13,1964),(45,3387),(52,4555),(67,225),(70,1605)]	17.867603
802	[(13,3210),(22,1667),(37,191),(39,4001),(53,345),(80,2003)]	17.500630
803	[(15,913),(69,3054),(91,4284)]	17.659920
804	[(8,1874),(12,2180),(20,3430),(23,827),(25,461),(40,1363),(46,4160),(61,3364),(72,31),(84,3838)]	17.484660
805	[(29,1307),(53,3725),(56,606),(90,1136)]	18.019855
806	[(23,108),(31,716),(77,2177),(87,3264)]	17.770786
807	[(15,3875),(39,1811),(43,366),(56,1624),(77,3438),(78,2345),(85,2482),(92,3557)]	27.043350
808	[(11,877),(14,1497),(16,351),(49,1968),(53,4439),(54,1180),(56,1341),(60,4381),(77,1186),(90,1978)]	28.050840
809	[(12,4385),(35,3759),(66,2391)]	17.802624
810	[(17,2952),(23,3930),(28,3259),(29,3487),(64,3517),(68,357),(74,4392)]	20.041802
811	[(15,3387),(19,2672),(22,1072),(64,4333),(89,1851)]	18.349440
812	[(7,524),(23,2075),(57,2348),(73,3613),(87,3642),(88,668)]	20.683764
813	[(6,1298),(8,2306),(36,3797),(39,725),(66,170),(86,833)]	20.984063
814	[(24,1572),(32,2575),(38,3976),(53,3070),(61,400),(76,1480)]	18.882948
815	[(48,3940),(50,3350),(76,3232),(92,2367)]	17.598771
816	[(4,1978),(15,534),(19,3125),(27,1171),(53,2653),(67,325),(86,2097)]	17.760467
817	[(2,3241),(15,2629),(18,1204),(38,4325),(68,4348),(80,3347)]	17.750554
818	[(8,3929),(17,1589),(18,4050),(19,2321),(51,1390),(77,2400),(85,686),(87,3648)]	17.756257
819	[(2,4031),(5,3342),(22,4211),(34,4382),(35,2818),(41,3113),(45,4371),(52,3328),(66,203),(73,2006),(88,2441)]	17.633532
820	[(55,2919),(56,2038),(59,3196),(71,3059),(83,3390),(88,1583)]	18.157759
821	[(4,1348),(19,1132),(50,4105),(64,66),(76,961)]	18.161562
822	[(19,1733),(40,398),(68,947)]	17.905890
823	[(17,1814),(20,431),(25,2613),(33,4466),(34,1677)]	17.469609
824	[(36,1007),(40,1773),(72,3285),(83,3741),(92,3584)]	17.744197
825	[(8,1613),(9,1310),(66,3235),(86,3923),(88,590),(89,266)]	17.673278
826	[(18,631),(33,294),(61,1259),(79,477),(80,1823),(83,192),(86,52)]	18.633073
827	[(3,987),(16,1357),(18,3136),(26,953),(33,70),(35,1365),(46,2912),(83,1443)]	19.953816
828	[(16,1068),(26,2793),(32,691),(85,2514)]	17.827887
829	[(12,1671),(43,4376),(54,748),(57,1129),(59,1140),(61,1522),(67,2678),(74,3163),(86,4319),(89,750)]	17.921368
830	[(5,1538),(60,3347),(65,4464),(67,4036)]	17.610782
831	[(25,2809),(63,535),(66,4014),(82,2133),(85,2785),(89,2623)]	17.877526
832	[(2,4033),(22,7),(55,1800),(62,2924),(65,128),(72,1907),(73,4532)]	17.510382
833	[(1,2246),(18,2835),(26,1303),(76,3132),(81,4001),(82,4164),(88,893)]	17.610857
834	[(12,4190),(14,3841),(19,1334),(28,2922),(34,3547),(42,3433),(46,1275),(55,951),(62,1915),(90,723)]	18.062423
835	[(34,3675),(41,1174),(52,499),(70,4040),(91,1891)]	17.562577
836	[(32,2553),(70,4221),(87,2586),(92,486)]	21.034765
837	[(1,1459),(17,4254),(24,1981),(64,1037),(66,4460),(67,3708),(90,1025)]	17.904648
838	[(23,3327),(33,1630),(37,3820),(38,491),(44,2587),(58,2412),(68,1776),(76,4158),(87,2564),(88,58)]	17.719060
839	[(24,1573),(30,3952),(44,3533),(50,909),(61,1712),(72,1528),(79,1598)]	23.339204
840	[(14,821),(39,3186),(71,2701),(73,2436)]	20.791441
841	[(9,3000),(42,821),(43,2772),(70,3938),(73,1151),(77,809)]	17.920715
842	[(26,1887),(29,3111),(34,768),(47,1375),(72,3225)]	18.205486
843	[(10,2937),(18,3641),(22,528),(35,660),(36,4213),(81,1967),(82,626)]	17.576314
844	[(34,3254),(51,103),(58,3141),(74,408)]	18.282307
845	[(0,1783),(28,1987),(49,1257),(68,3181),(88,3002),(90,1913)]	17.610975
846	[(3,4067),(14,4100),(49,2299),(50,2970),(51,1055)]	18.466431
847	[(7,1377),(20,2031),(23,4249),(25,1384),(30,2015),(41,1478),(59,2409),(63,3637),(77,2468)]	17.887078
848	[(15,3564),(41,539),(57,768),(70,3679),(71,2133),(72,1327)]	18.943174
849	[(2,1297),(8,919),(12,4397),(29,154),(38,2200),(39,4152),(64,1321),(83,275),(89,1927)]	17.908802
850	[(10,2363),(64,538),(77,2223)]	17.941977
851	[(0,2040),(11,679),(21,4330),(39,802),(53,1586),(57,2273),(84,1564)]	17.693835
852	[(28,2782),(51,1944),(57,4238),(91,998)]	18.018129
853	[(7,2519),(16,731),(60,3884),(72,1423),(83,3142),(87,2596)]	17.921057
854	[(2,4307),(24,1306),(33,545),(37,2615),(57,288),(64,1039),(73,3293)]	17.553068
855	[(3,1170),(25,1775),(30,919),(34,204),(48,3689),(50,3701),(63,1890),(77,4509),(91,33)]	17.754753
856	[(45,423),(46,374),(77,2139),(86,2114)]	17.875206
857	[(14,417),(36,1370),(39,398),(44,3737),(49,1596),(55,3725),(64,4371),(66,2154),(68,3713),(69,3523),(90,293),(92,2315)]	18.181039
858	[(15,3950),(17,1430),(18,2011),(23,4200),(28,2639),(29,4475),(33,4044),(38,1741),(51,1213),(64,549),(92,3107)]	17.713640
859	[(22,1576),(31,1758),(72,468)]	17.268253
860	[(2,2241),(5,4417),(6,137),(21,429),(54,3904),(57,1078),(71,9),(89,2382)]	17.646667
861	[(11,944),(18,4553),(57,737),(74,4417),(92,1379)]	17.873533
862	[(18,187),(26,4352),(30,3934),(68,1539),(90,480),(91,1889)]	17.916360
863	[(0,524),(3,3809),(11,1287),(17,455),(30,462),(32,3754),(46,489),(48,2062),(54,2184),(57,846),(77,2253),(84,1925)]	34.163502
864	[(11,3426),(14,3949),(23,989),(45,408),(53,3416),(74,2792)]	20.962191
865	[(19,2065),(27,466),(38,2811),(40,3659),(42,872),(76,3984),(88,3478)]	18.230921
866	[(13,3076),(29,1789),(70,3512),(78,745),(79,2560)]	18.241704
867	[(4,3067),(8,2116),(13,3795),(26,2814),(27,1848),(49,4321),(66,4056),(81,415),(87,2353),(92,2521)]	18.838839
868	[(18,3637),(21,2969),(75,2928),(85,4437)]	19.832602
869	[(0,1456),(33,1910),(54,120),(83,4233),(91,2489)]	18.007798
870	[(18,2366),(43,590),(50,4187),(60,3235)]	17.540172
871	[(0,148),(5,2743),(30,2466),(43,806),(56,2350),(58,1613),(73,4251),(77,2755),(87,1785),(88,1830)]	17.881154
872	[(1,1843),(3,1214),(4,2139),(28,1832),(55,2553),(91,3545)]	17.660108
873	[(35,969)]	17.421794
874	[(11,2622),(24,86),(27,2337),(32,2885),(35,2999),(46,1715),(77,689),(86,2096),(87,946),(90,2480),(92,2170)]	18.087180
875	[(6,1244),(10,4371),(13,1887),(23,2064),(39,2500),(45,4531),(47,4072),(76,2256),(91,3607)]	17.413353
876	[(5,906),(15,1015),(36,2499),(51,4451)]	17.717028
877	[(12,2868),(34,3915),(58,3823),(65,2937)]	17.439501
878	[(21,330),(30,4074),(36,3608)]	18.192871
879	[(6,3603),(9,820),(34,1040),(49,4013),(51,3972),(56,4257),(61,3347),(86,2975),(92,3176)]	18.057890
880	[(22,2657),(44,2153),(50,4463),(59,3151),(66,1754),(80,2731),(91,171)]	17.980899
881	[(6,3670),(29,4532),(50,2493),(59,3018)]	19.635063
882	[(16,2933),(22,2092),(25,707),(58,3176),(82,4449),(88,3806)]	18.394167
883	[(24,1543),(61,1813),(62,652),(72,1478),(81,4352),(83,4142)]	18.264343
884	[(14,4095),(23,2734),(35,3345),(44,1014),(66,1866),(85,3608)]	17.535637
885	[(19,132),(60,225)]	17.809944
886	[(20,1013),(22,3773),(39,4234),(88,2724)]	17.528996
887	[(1,1788),(41,2418),(45,2082),(67,1779),(75,380),(91,2055)]	18.602720
888	[(54,3374),(87,3153)]	18.074389
889	[(6,981),(16,41),(41,514),(75,2539)]	17.540554
890	[(1,3874),(55,1014),(64,3140),(65,926),(82,3088),(91,2325)]	18.553894
891	[(10,211),(12,1096),(34,3257),(48,3517),(50,2537),(55,3489),(59,94),(73,3048),(82,4116)]	18.002025
892	[(0,1529),(31,4158),(32,203),(69,3104)]	18.439544
893	[(20,3306),(26,3424),(43,1172),(44,1471),(62,1983)]	24.003560
894	[(42,253),(55,378),(81,1960)]	21.172171
895	[(11,3958),(35,2826),(62,2287),(73,3990),(82,2660)]	17.692240
896	[(17,3149),(21,248),(46,2389),(63,4144),(66,4385),(84,4407),(92,109)]	18.261967
897	[(0,2865),(2,3226),(4,1223),(7,3648),(29,3061),(36,3403),(41,408),(46,2131),(66,1744)]	19.551473
898	[(4,2839),(25,1316),(46,2939),(72,1219),(73,475)]	17.590382
899	[(18,4158),(26,423),(42,1993),(44,2762),(51,1393),(55,2148),(66,1007),(75,1131)]	18.411291
900	[(0,3217),(31,3507),(35,2721),(48,3507),(50,2449),(52,3071),(64,3760),(77,4564),(84,2519)]	19.170606
901	[(13,207),(18,1637),(29,4230),(31,2348),(42,3348),(60,2560)]	28.504738
902	[(4,605),(17,3319),(26,1681),(30,3604),(44,823),(61,3958),(76,4044)]	17.517798
903	[(10,3159),(60,1871),(69,1600)]	18.332434
904	[(44,886),(46,2453),(70,4042),(78,3464)]	17.383350
905	[(20,3594),(63,2465),(83,2863),(86,2210)]	18.313315
906	[(12,1421),(45,1478),(59,1463),(70,3483),(74,370),(91,1913)]	18.055957
907	[(2,3918),(22,3507),(26,2815),(35,3460),(43,3245),(52,2094)]	17.829573
908	[(2,3419),(10,3363),(11,4406),(14,2275),(38,848),(41,3666),(58,2349),(59,246),(71,2416)]	18.817588
909	[(22,1404),(35,459),(52,1872)]	29.620244
910	[(18,569),(39,812),(50,3812),(60,1994),(66,521),(90,4275)]	19.121797
911	[(30,3471),(65,575),(71,994)]	18.183470
912	[(15,3832),(19,2767),(29,1264),(51,1971),(56,2913),(68,559)]	20.731429
913	[(3,3886),(17,2715),(21,1415),(25,4309),(38,824)]	18.284003
914	[(0,3067),(24,3008),(33,648),(73,2789),(87,3502)]	18.126114
915	[(1,1115),(8,3146),(10,2163),(23,2245),(24,819),(54,3165),(60,3070)]	20.044530
916	[(1,532),(14,3188),(56,2178),(65,991),(79,209),(82,1343)]	18.894506
917	[(37,2249),(49,675),(66,3085),(77,907),(80,482),(82,2992),(86,2300),(87,2693)]	40.922422
918	[(5,3747),(30,4401),(38,3003),(41,1039),(54,4433),(65,2743),(80,1525),(91,1814)]	45.477456
919	[(15,1513),(33,4474),(47,67),(48,2769),(71,4258),(74,3793)]	22.033550
920	[(2,1045),(28,4162),(31,515),(34,2457),(46,1807),(57,585),(59,890)]	17.943472
921	[(57,2218),(87,3650),(88,3387)]	17.712352
922	[(3,4446),(8,147),(11,2144),(23,4367),(33,3860),(52,3035),(89,3149)]	17.681963
923	[(2,3370),(14,4515),(21,1880),(39,1413),(83,1128),(84,1206),(88,776)]	18.542698
924	[(1,4223),(4,3054),(8,2628),(16,2959),(19,120),(20,3843),(30,2109),(40,3361),(82,3504),(91,3655)]	17.860391
925	[(5,1507),(7,3009),(14,1017),(22,2706),(29,1196),(45,4294),(60,2116),(71,181),(82,2861),(92,1413)]	18.216913
926	[(0,1161),(5,3499),(17,369),(27,3243),(47,3765),(56,1424),(78,2395),(80,4520),(85,3435)]	17.985545
927	[(0,4037),(14,4447),(31,2693),(38,3542),(43,267),(53,2142),(66,3520),(84,4039)]	17.718060
928	[(12,3348),(34,3278),(35,753),(65,1553),(83,3234)]	29.418238
929	[(6,3359),(14,1494),(21,3048),(39,2145),(44,3984),(65,4053),(75,125)]	18.252118
930	[(1,1122),(24,2289),(25,887),(28,368),(40,4062),(53,1912)]	18.573754
931	[(2,248),(9,4183),(10,1796),(41,3158),(47,2376),(65,2385),(69,729),(81,1326),(88,4033)]	20.265945
932	[(3,2015),(43,2756),(49,2110),(85,3268)]	19.000376
933	[(33,267),(85,3741)]	17.696866
934	[(5,1551),(7,237),(31,4037),(41,3232),(49,2249),(54,3152),(59,317),(67,3970),(70,3048),(71,718),(77,499),(80,2953),(83,601),(92,1331)]	17.555424
935	[(19,2827),(39,4379),(45,3302),(62,1447),(90,1644),(92,4162)]	18.134203
936	[(7,1262),(10,3707),(28,2610),(63,2246)]	28.922048
937	[(14,253),(16,3600),(17,792),(23,3230),(33,2096),(34,946),(54,1859),(64,4307),(75,3503)]	38.678485
938	[(3,4469),(15,1443),(17,1400),(35,2077),(51,3858),(52,3591),(66,4478),(80,4114)]	38.548829
939	[(17,3681),(19,3034),(22,2660),(26,855),(35,1105),(42,3819),(92,3472)]	43.829418
940	[(1,131),(9,3149),(12,197),(42,2420),(54,202),(75,2994)]	41.144285
941	[(66,26)]	26.186412
942	[(34,2317),(35,3568),(84,2025)]	19.254960
943	[(19,2304),(29,167),(36,4538),(50,1503),(80,4219),(81,302)]	18.236607
944	[(29,4304),(48,4524),(59,4074)]	18.407988
945	[(10,410),(48,3165),(59,1660),(67,1080),(92,1257)]	18.460182
946	[(4,4233),(5,3286),(22,983),(28,4255),(53,596),(60,1210)]	17.979694
947	[(13,1667),(20,2846),(26,1533),(35,2708),(46,3212),(87,1428)]	18.165159
948	[(27,3557),(31,4542),(33,2011),(60,1469),(75,1235),(77,2468),(81,2384),(84,1587)]	17.695541
949	[(9,2374),(14,2002),(15,1216),(20,2512),(21,3938),(38,3650),(71,2509),(76,480),(77,1889)]	20.275057
950	[(10,3756),(17,2285),(24,951),(62,981),(67,1999),(90,3455)]	20.624309
951	[(4,4101),(24,1319),(34,262),(53,3538),(75,3406)]	19.969208
952	[(11,1309),(26,1861),(42,882),(69,358),(74,535),(80,2312)]	19.854434
953	[(5,846),(28,4482),(33,4452),(37,3171),(55,3436),(57,3125),(71,4438),(73,2219),(78,36),(85,129)]	20.217049
954	[(5,4120),(16,828),(53,805),(69,2834),(83,4175)]	19.855916
955	[(13,3187),(38,1213),(43,682)]	19.988381
956	[(5,3529),(9,1077),(28,1522),(29,4159),(32,3279),(42,1711),(48,2837),(56,46),(79,4163),(83,1970),(84,4338),(87,3926)]	20.415408
957	[(13,1898),(30,1015),(45,1334),(64,883)]	19.887513
958	[(17,3158),(43,2026)]	17.901228
959	[(36,3954),(45,254),(53,4530),(74,3605),(75,3625),(77,661),(78,2635),(92,3264)]	18.319284
960	[(18,962),(19,2892),(37,4184),(42,1216),(45,2776),(58,2306),(75,3987),(90,4531)]	19.704345
961	[(21,924),(26,1429),(37,447),(61,3442),(73,1417),(76,603),(78,24),(81,4063),(86,23)]	17.637617
962	[(5,4218),(36,28),(37,929),(81,3929),(88,2253)]	18.679850
963	[(2,3798),(4,1653),(17,803),(28,2125),(32,4193),(53,3854)]	18.693254
964	[(5,2372),(6,1277),(29,2874),(32,2205),(49,598),(54,1820),(75,436),(80,1743),(81,1851),(87,27)]	33.748767
965	[(18,2013),(29,3359),(44,3838),(54,4294),(70,2771),(85,1226)]	24.842116
966	[(73,3985),(81,2729),(84,3952)]	17.816308
967	[(3,272),(5,3381),(21,289),(30,4153),(32,3149),(38,327),(42,3102),(51,418),(73,3063),(85,2313)]	17.726138
968	[(42,1968),(51,2779)]	18.565239
969	[(3,4317),(22,1240),(23,2869),(26,1852),(27,3216),(54,2921),(55,1895)]	17.633165
970	[(56,2654),(63,4498),(67,2829),(71,3577),(76,3011),(83,1709)]	18.030020
971	[(37,4170),(53,3205)]	17.401998
972	[(0,739),(27,498),(34,4146),(38,2611),(41,3949),(42,1361),(44,414),(50,4557)]	17.769388
973	[(19,2343),(33,1567),(39,125),(50,3933),(53,1735),(63,15),(73,626),(79,2346),(92,3510)]	17.784820
974	[(20,3210),(36,3033),(39,2540),(55,846),(63,3067),(79,2578),(91,2320)]	17.564455
975	[(13,1415),(17,3160),(61,2696),(66,3296),(87,2342),(89,1001)]	18.251926
976	[(16,1499),(17,112),(48,3841),(53,1856),(56,71),(62,4098),(73,2327),(87,4373)]	18.756264
977	[(6,1271),(23,3328),(37,177),(71,2285),(90,463)]	18.087011
978	[(3,606),(25,2532),(27,3137),(46,3464),(72,3356)]	20.187453
979	[(10,1416),(14,1125),(21,1213),(30,4089),(49,3034),(61,1792),(86,4310)]	18.050513
980	[(57,171),(88,4219)]	17.498488
981	[(4,3463),(8,2823),(9,560),(30,4418),(34,1402),(63,3471),(68,1062)]	18.759836
982	[(16,3174),(19,2085),(25,2383),(32,4249),(39,2778),(47,1886),(63,1667),(69,3487),(81,336),(82,4020),(90,2416)]	17.964445
983	[(65,2605),(79,2683),(88,7)]	18.000986
984	[(9,3075),(16,3412),(21,3240),(28,354),(29,3844),(40,2586),(53,6),(63,436),(92,756)]	18.266477
985	[(20,4049),(74,4438)]	17.510531
986	[(17,531),(25,1736),(33,2702),(37,2672),(51,186),(61,2118),(63,1722),(89,168)]	18.656759
987	[(0,2707),(60,3169),(84,1151),(87,1050)]	20.498927
988	[(2,3285),(5,1309),(55,1273),(69,1328),(71,2100),(87,291)]	19.558934
989	[(18,925),(35,583),(43,2135),(64,702),(71,3277)]	23.105544
990	[(15,3490),(17,2694),(82,3409),(87,3847),(88,2053)]	19.951977
991	[(0,3144),(20,3879),(23,503),(31,1133),(55,724),(75,1606),(78,385),(89,2849)]	17.622059
992	[(65,2047)]	18.220184
993	[(11,371),(16,3877),(22,3878),(26,1804),(33,1548),(39,3708),(41,4344),(56,3199),(57,986),(61,2329),(79,2731),(86,3987)]	17.682913
994	[(8,3033),(22,2333),(30,613),(43,2380),(57,1076),(63,1852)]	17.821865
995	[(3,4281),(18,3301),(25,3233),(27,581),(30,2072),(35,983),(88,3043)]	18.580389
996	[(34,1286),(35,577),(79,2586),(85,3855)]	17.963435
997	[(1,1498),(43,3337),(52,454),(55,3169)]	17.627610
998	[(1,2690),(2,2844),(18,870),(24,3360),(30,778),(31,3258),(33,368),(47,2755),(65,699),(68,1345),(74,1236)]	17.619640
999	[(3,2275),(43,3840),(58,2602),(64,1448),(88,4251),(90,833)]	17.707878
