ruleset_index	matches	time_ms
0	[(1,4671),(2,1544),(4,1945),(5,424),(13,4867),(17,3720),(25,1531),(50,461),(55,2856),(59,5016),(69,3538)]	21.865324
1	[(10,2447),(15,3222),(45,3448),(47,2463),(49,2903),(55,3659),(69,1399),(76,2311),(78,5107),(79,5169),(80,1095)]	21.647979
2	[(0,5357),(26,5241),(31,3288),(32,1018),(51,4643),(53,3335),(63,4957),(92,5484)]	21.871865
3	[(8,1580),(10,2247),(19,1167),(21,5193),(26,1698),(42,5169),(43,1095),(44,2658),(73,4329)]	21.165106
4	[(18,1603),(24,522),(40,1641),(42,2926),(54,5204),(67,2711)]	22.316624
5	[(22,1275),(26,2493),(38,1303),(65,3043),(70,851),(75,1211),(77,3299),(85,974),(88,77)]	21.922244
6	[(1,1513),(2,711),(20,5511),(65,4762),(72,3162),(89,5311)]	21.323082
7	[(14,4457),(25,613),(32,3586),(37,997),(66,432),(68,3248),(90,3964)]	20.747932
8	[(5,4884),(13,2312),(25,3828),(33,4051),(50,1099),(57,2717),(73,2756),(91,1942)]	20.874276
9	[(3,1491),(10,437),(13,3533),(15,4006),(19,2518),(20,1147),(46,5543),(48,341),(77,3695),(90,3563)]	23.387101
10	[(2,3530),(5,1729),(22,6),(25,4573),(40,1560),(41,2467),(45,2564),(54,1599),(81,4655),(83,5473),(85,673),(87,718),(92,1170)]	20.655389
11	[(23,5740),(76,2990)]	20.933214
12	[(0,4253),(5,5443),(39,1666),(43,4394),(45,4775),(53,4497),(59,1331),(65,4098),(68,521),(81,4006),(87,2754)]	21.122108
13	[(0,4548),(1,1315),(12,894),(36,5052),(42,768),(72,2754),(90,1975)]	21.283085
14	[(1,3474),(8,702),(20,2018),(25,4203),(36,2431),(39,943),(42,3475),(57,3671),(69,3234),(74,4874)]	20.911687
15	[(15,5190),(17,1438),(18,4429),(30,2887),(34,4714),(42,5529),(60,1767),(66,1770),(67,196),(71,734),(90,799),(92,1371)]	20.535059
16	[(1,1102),(7,5730),(37,2024),(54,5687),(87,1636),(91,5532)]	21.141365
17	[(8,3937),(28,2653),(29,3759),(35,4175),(53,4238),(77,2978),(83,4992),(86,3599)]	20.728239
18	[(2,1718),(5,604),(6,5655),(29,4205),(34,4768),(41,4616),(42,4886),(48,564),(52,971),(56,1849)]	20.824517
19	[(1,658),(2,4041),(10,1893),(11,4620),(16,3698),(31,4053),(55,244),(70,4800),(89,5535)]	32.296772
20	[(9,5526),(11,3696),(34,1498),(40,3966),(50,946),(52,4359),(58,4275),(60,3869),(68,4977)]	44.763738
21	[(44,1145),(48,524),(82,3400),(84,3087),(92,1992)]	49.230876
22	[(0,2270),(26,186),(28,2479),(40,4821),(52,2381),(63,1384),(65,2534),(70,1014),(79,5509),(86,2271)]	42.594041
23	[(6,2671),(12,2367),(15,914),(42,5566),(45,3099),(92,5585)]	43.824847
24	[(1,1927),(3,4735),(5,3328),(12,2362),(16,903),(43,4134),(55,3937),(62,3533),(70,2179),(82,5562),(92,1276)]	41.900355
25	[(0,649),(16,291),(18,5012),(47,1710),(63,3643),(83,1375)]	42.820949
26	[(27,4928),(31,2107),(53,3898),(56,4944),(59,3821),(81,541)]	41.303092
27	[(1,4635),(3,3552),(22,562),(26,5322),(42,874),(53,1001),(63,552),(64,3022),(72,4550),(89,5612)]	43.745660
28	[(27,5249),(33,2580),(37,1976),(63,3945),(68,410),(83,5079)]	42.944718
29	[(1,1717),(20,710),(66,1187),(70,2478),(71,2615),(75,1486),(78,4104),(86,3739),(87,3251),(89,3858),(91,3398)]	42.332834
30	[(9,4501),(10,693),(12,3446),(20,4433),(21,147),(39,3199),(40,4946),(43,1068),(48,625),(64,4483),(86,3921),(91,4152)]	41.092005
31	[(0,2645),(43,1219),(74,1875),(82,1713),(84,3476),(92,3774)]	43.098370
32	[(12,5068),(25,416),(39,1828),(44,4894),(53,4249),(55,300),(59,2735),(77,1514),(92,688)]	40.923147
33	[(11,3066),(22,806),(26,1339),(33,3654),(53,1003),(63,761),(91,2010)]	42.231251
34	[(5,3527),(23,146),(32,4633),(45,4488),(48,4619),(52,3887),(92,2076)]	40.832749
35	[(6,77),(13,2069),(20,3191),(38,2334),(45,53),(52,5691),(82,3752),(86,3968),(91,2820)]	41.636310
36	[(13,2865),(33,3794),(66,2511),(81,3714)]	42.284232
37	[(39,2568),(50,4998),(54,5065),(60,1323),(92,960)]	41.569676
38	[(1,339),(7,1842),(9,2720),(10,4133),(19,2977),(42,1394),(58,4246),(62,2405),(74,3021),(80,4713)]	40.967270
39	[(37,1949),(40,2311),(48,5376),(57,1662),(60,5746),(62,143),(69,3740),(77,1249)]	40.765807
40	[(7,3597),(12,3263),(23,4957),(37,5249),(45,1141),(61,5377),(78,1756),(86,2016)]	40.975049
41	[(2,4134),(4,4097),(7,5387),(21,4779),(23,4745),(56,4479),(61,4683)]	40.559163
42	[(5,5465),(8,717),(16,5336),(52,5713),(63,1094),(66,2439),(67,5511),(69,3020),(70,4193)]	39.101272
43	[(10,3008),(23,2865),(37,2615),(50,2582),(67,2972),(74,3819),(89,651),(91,3506)]	39.909259
44	[(5,3657),(19,2125),(34,3132),(41,4555)]	41.263545
45	[(10,586),(16,2230),(24,2475),(26,3123),(28,5281),(33,3548),(35,538),(78,2789),(91,133)]	40.319614
46	[(22,2706),(72,883),(81,3652),(82,5238),(88,5305)]	45.569538
47	[(1,4558),(3,5123),(20,769),(26,2941),(35,3281),(48,5011),(51,2433),(89,4018)]	48.528147
48	[(2,3250),(37,4184),(66,3348),(92,2649)]	40.811803
49	[(2,5349),(16,3030),(23,557),(26,2066),(63,1150),(77,2239),(87,2537),(88,4220)]	40.041781
50	[(30,1331),(34,4916),(40,1582),(57,5504),(60,5595),(63,4726),(65,4266),(71,3076),(91,5342)]	39.698805
51	[(4,1864),(9,1565),(15,5421),(19,2686),(20,4839),(43,2543),(51,4160),(66,38),(72,2659),(75,177)]	42.628153
52	[(1,4108),(3,2866),(19,937),(37,2722),(42,1105),(49,3735),(60,3692),(73,3218)]	39.721193
53	[(7,5136),(8,1010),(21,5416),(37,2947),(40,634),(41,2281),(46,2343),(50,3342),(56,1054),(58,5094),(61,164),(62,4416),(68,1484),(81,2776)]	42.609038
54	[(4,3133),(8,5184),(15,90),(34,2999),(46,5630),(50,221),(55,3087),(60,418),(65,1888),(78,4747),(82,2199),(88,504)]	41.725062
55	[(18,5418),(27,5141),(50,5481),(53,2415),(57,2796),(64,1560),(65,2467),(77,420)]	48.305649
56	[(0,437),(12,2597),(19,4856),(28,572),(66,722),(67,4237),(71,3328)]	44.997682
57	[(4,2582),(12,1443),(18,1904),(22,2852),(38,1158),(65,1760),(73,1615),(87,5623)]	38.615247
58	[(3,4383),(13,4272),(15,4090),(17,2681),(58,2254),(60,4425),(65,1109),(67,4348)]	41.810523
59	[(0,5646),(7,1738),(20,4773),(29,454),(46,4993),(84,1853),(85,2268)]	45.293806
60	[(16,4529),(17,5388),(29,3435),(32,4905),(44,2045),(85,1795),(89,5786)]	43.629455
61	[(7,4210),(9,2988),(23,1548),(52,2607),(89,2654)]	41.015096
62	[(4,3041),(22,3579),(73,138),(79,1342),(81,2812),(87,5280)]	41.059168
63	[(13,104),(23,4102),(69,4705),(77,2091),(83,1834),(92,2789)]	39.858304
64	[(25,5772),(36,5699),(40,4135),(41,4714),(56,3555),(84,4966),(88,107)]	39.806457
65	[(2,729),(14,1429),(18,2359),(38,2568),(54,3291),(60,1861),(62,2072),(85,2104),(88,1935),(92,2595)]	42.145643
66	[(7,5349),(10,3401),(28,2200),(42,4426),(59,1962),(60,5663),(61,3338),(78,4577),(81,385)]	41.639623
67	[(33,2058),(43,5198),(47,4593),(90,1725)]	40.823716
68	[(1,2028),(3,5105),(21,2221),(31,2864),(37,607)]	40.842779
69	[(4,4460),(49,1258),(50,3183),(51,4434),(54,294),(60,1485),(62,4936),(65,1541),(66,76),(75,1337),(83,4415)]	40.613232
70	[(11,4160),(14,1162),(22,749),(35,2383),(38,3908),(39,1410),(47,5677),(55,5007),(59,2233),(69,1792)]	40.809322
71	[(9,925),(12,4206),(31,5798),(35,11),(36,4912),(50,3777),(54,5550),(70,1590),(74,251),(85,1152)]	40.953597
72	[(6,3709),(14,1113),(41,5321),(42,40),(57,4225),(66,2176),(88,5549)]	45.764727
73	[(20,2968),(33,5704),(60,1871),(63,2359),(71,5091),(86,563)]	42.962514
74	[(3,3036),(5,5045),(13,1792),(16,1351),(43,2104),(46,775),(51,5798),(55,5013),(57,4389),(62,1977),(64,3368),(79,1852)]	42.150538
75	[(33,5344),(39,1981),(51,4145),(54,5611),(63,4041),(92,1185)]	47.240204
76	[(12,1337),(21,2755),(29,1774),(35,2185),(45,1035),(48,5026),(53,3501),(79,4073),(86,1370)]	42.093956
77	[(0,2890),(7,3785),(29,2418),(33,4978),(42,3432),(52,4110),(66,2876),(77,4414),(83,4020),(84,3625)]	42.302896
78	[(0,4287),(3,2833),(15,3917),(35,1633),(39,1007),(48,2778),(62,5487),(86,5098)]	41.084880
79	[(0,1456),(3,1339),(13,2989),(49,3318),(54,1290),(56,2220),(63,4062),(72,5224),(82,1175),(87,5707),(88,5404)]	43.457374
80	[(9,1723),(24,2689),(26,5223),(28,938),(38,5685),(47,5737),(51,4545),(63,862),(73,5080),(78,2316),(79,3228)]	41.196785
81	[(10,1408),(12,4058),(15,1454),(20,4584),(21,265),(31,949),(38,664),(57,5442),(84,2890),(88,5187)]	41.664432
82	[(7,4969),(28,312),(30,5264),(38,3024),(39,682),(45,5137),(54,1827),(56,1211),(58,4175),(64,2484),(74,1938)]	41.000971
83	[(8,2970),(11,3732),(12,3657),(33,4445),(42,2011),(56,3323),(61,2618)]	41.193844
84	[(12,1217),(41,3066),(49,3824),(62,2396),(69,3432),(73,448),(86,477),(88,2403),(89,5271)]	41.733750
85	[(8,1969),(13,5701),(18,1998),(53,4406),(77,920),(81,5249)]	40.592887
86	[(8,2391),(52,2422),(56,4931),(68,5348),(75,2277)]	40.953478
87	[(2,2594),(17,1710),(20,4092),(33,2672),(42,1521),(61,5147),(73,660),(79,3912),(84,2046),(87,3166)]	40.975013
88	[(31,3378),(32,198),(47,2904),(51,135),(62,2868),(63,5223),(76,2615),(79,481),(91,3591)]	39.689954
89	[(0,3784),(15,2580),(27,450),(33,2437),(48,1926),(49,266),(62,5702),(63,1653),(71,4288),(73,1260)]	39.949922
90	[(15,2330),(16,3109),(33,1068),(69,1028),(70,4725),(74,4643),(80,5517),(83,5762)]	40.916153
91	[(3,3811),(10,4966),(19,565),(29,1047),(34,2207),(52,3351),(58,3998),(59,5539),(61,3285),(66,2580),(67,4481),(73,2848),(75,5660),(76,4517)]	40.782364
92	[(7,893),(8,2779),(35,4000),(39,3191),(41,2055),(45,4388),(55,979),(69,4727),(81,1421),(83,1859)]	42.041166
93	[(6,4821),(21,99),(27,5108),(34,5614),(42,3623),(44,4036),(51,3903),(61,5040),(91,503)]	52.466865
94	[(1,3295),(32,4880),(33,3120),(36,393),(39,3890),(41,2633),(44,1994),(49,4483),(90,5339)]	42.296877
95	[(5,5576),(26,5546),(34,3053),(35,3894),(42,19),(91,1903),(92,1271)]	43.666347
96	[(6,5644),(23,686),(37,2577),(68,1261),(69,2481),(73,3264),(87,1926),(88,266)]	47.059867
97	[(22,2270),(34,1011),(38,2136),(39,2455),(46,3935),(59,4011),(69,2202)]	59.574458
98	[(0,2932),(6,2267),(26,1814),(28,5315),(47,3225),(69,4181),(85,4358)]	46.428587
99	[(5,3027),(36,3757),(57,3861),(72,507),(80,231)]	43.929380
100	[(0,4936),(5,1682),(24,4175),(31,1126),(53,1206),(77,864),(81,3773),(82,4158)]	41.109754
101	[(18,1521),(21,2887),(27,4815),(42,3309),(62,4012),(67,2842)]	44.300042
102	[(19,718),(21,1561),(23,2457),(52,2995),(67,2759),(74,21),(86,4766),(87,4172),(89,701),(90,3488),(91,1175)]	48.212919
103	[(6,3951),(22,4212),(53,349),(54,853),(58,5734),(66,95),(76,2153),(82,4463),(83,1040)]	47.257052
104	[(21,3850),(26,4174),(27,4871),(31,125),(33,5),(42,5196),(71,4757),(74,2531),(82,4107),(83,1827)]	50.365227
105	[(9,3813),(24,4472),(31,5064),(32,2101),(39,603),(41,3693),(46,2487),(70,639),(71,5561),(76,2436),(88,1937)]	42.807808
106	[(8,3151),(22,4724),(52,3816),(65,10),(68,2649),(72,2143),(73,2579),(77,747),(92,3603)]	49.006775
107	[(1,5166),(24,1766),(48,2875),(50,5539),(62,3729),(69,5794),(73,5353)]	57.606988
108	[(0,3167),(2,5599),(17,5135),(33,5640),(42,5420),(43,5626),(49,40),(58,4631),(60,4845),(62,4180),(64,415),(74,2965),(75,847),(83,4856),(90,1227),(91,5199)]	46.856943
109	[(1,5617),(5,1177),(16,1195),(22,2596),(36,2030),(46,2841),(56,3494),(92,1083)]	44.693525
110	[(2,702),(4,5785),(5,1429),(23,1074),(36,3129),(44,4325),(50,4722),(57,4120),(75,1989),(79,3969),(80,4461),(85,4238)]	46.055684
111	[(2,5733),(79,3075)]	56.982518
112	[(16,5735),(18,2384),(20,2593),(23,4251),(24,4250),(28,1958),(37,1133),(40,2250),(51,3309),(62,4297),(64,5546),(82,149),(89,1214)]	60.771493
113	[(0,4834),(18,1763),(24,2309),(25,2917),(27,4621),(49,4262),(61,3771),(68,2401),(71,2476),(85,4576)]	76.459894
114	[(22,2945),(29,4731),(40,3039),(46,1085),(49,990),(50,2846),(52,4468),(62,2397),(82,4798),(86,5314),(87,1129),(89,4234)]	68.159091
115	[(4,679),(15,3427),(16,5688),(51,1771),(61,3304),(64,4273),(68,5781)]	70.516085
116	[(2,4960),(18,4929),(24,436),(26,3912),(39,1914),(46,2428),(52,2861),(63,3590),(80,4215),(87,4769),(92,4036)]	59.023672
117	[(5,3635),(18,2011),(19,2610),(31,3516),(33,5622),(44,583),(46,5395),(59,1788),(80,2602),(85,471)]	57.081049
118	[(5,299),(6,5560),(9,3390),(16,3033),(22,4018),(37,4717),(63,3828),(65,2479),(66,5239),(87,4856)]	47.585610
119	[(22,4508),(53,3412),(84,5666),(85,5436),(92,4249)]	26.140334
120	[(0,5144),(14,3593),(72,2533),(75,299),(76,5560),(83,1187)]	21.523756
121	[(5,5228),(27,4031),(43,2054),(58,3034),(67,547),(69,1028),(70,4725),(74,3543),(91,248)]	23.290154
122	[(5,4331),(16,2198),(19,3636),(28,2483),(43,3747),(44,3806),(47,363),(54,105),(57,884),(59,2506),(73,964),(90,3454)]	21.337615
123	[(23,3369),(32,3387),(70,2136),(80,4378),(90,3567)]	24.460899
124	[(5,3439),(7,48),(9,49),(48,2432),(55,2716),(65,4852)]	21.811510
125	[(1,3219),(8,3195),(24,3960),(28,1830),(46,4988),(59,1738),(64,3362)]	21.599608
126	[(8,2572),(12,2615),(17,3150),(27,3286),(32,2311),(37,3024),(40,2365),(41,2345),(44,643),(60,452),(67,380),(73,1970),(77,354)]	20.994136
127	[(0,1660),(8,4389),(19,4723),(61,3078),(71,1890),(79,2215),(85,4340),(86,4387),(88,3852)]	20.816558
128	[(4,1024),(13,4437),(59,4188),(87,3002),(89,1896)]	21.071004
129	[(3,2750),(6,5089),(11,5496),(22,42),(24,4491),(63,1683),(68,1463),(70,3251),(72,3858),(75,3623),(84,2992)]	21.416840
130	[(2,3823),(38,2149),(42,4378),(54,4428),(91,4468)]	21.256779
131	[(1,4842),(9,4594),(11,1937),(33,169),(58,339),(75,3950),(85,1927)]	23.833131
132	[(25,1798),(40,1916),(45,3614),(85,979)]	21.601318
133	[(2,2946),(12,4077),(15,2652),(17,796),(21,2075),(40,365),(46,955),(56,3290),(62,913),(74,1914),(80,4770),(91,5755)]	20.765933
134	[(0,3362),(17,1640),(22,2830),(39,5584),(41,2843),(42,3300),(54,5279),(76,2202)]	21.039374
135	[(7,661),(11,2472),(18,4091),(20,1620),(39,2917),(42,601),(49,4112),(59,2202),(63,5639),(77,359),(87,5791),(90,5828)]	21.271648
136	[(7,749),(19,2799),(20,341),(32,1966),(44,171),(53,4677),(61,346)]	20.767413
137	[(10,1748),(14,5423),(38,5382),(41,5771),(69,660),(75,3121),(83,3703)]	22.053054
138	[(5,3257),(7,4012),(16,4212),(19,5404),(32,5643),(45,4823),(64,4492),(73,5810)]	21.164580
139	[(24,4304),(34,3010),(40,1232),(44,4128)]	20.672374
140	[(9,3815),(37,3787),(40,5228),(67,4392),(76,4350),(92,2379)]	20.941511
141	[(0,520),(1,4835),(8,4854),(11,3901),(21,3892),(33,1208),(53,4207)]	20.892161
142	[(8,919),(12,4772),(18,2208),(19,1048),(22,845),(26,213),(30,3177),(44,3253),(71,4310),(75,514),(78,1817)]	21.541799
143	[(8,1844),(27,8),(57,2345),(68,369),(69,4812)]	21.045529
144	[(12,5313),(17,2088),(22,2064),(26,2534),(27,1561),(40,541),(53,1063),(58,910),(61,812),(62,2900),(63,5847),(64,1999),(71,2959)]	21.515628
145	[(19,1555),(32,3437),(60,1715),(66,4383),(73,4623),(74,222),(85,2036)]	20.823782
146	[(27,1319),(38,4987),(39,5002),(40,3567),(49,209),(51,822),(56,1195),(64,4196),(74,4389),(77,3397)]	21.342868
147	[(2,3402),(4,1905),(16,1330),(26,2598),(44,307),(52,773),(63,96),(67,3184),(79,5073),(84,1068),(85,3926)]	20.711251
148	[(5,5732),(7,5074),(15,5042),(17,2565),(25,2548),(30,2711),(32,1610),(40,981),(63,5586),(73,439)]	23.020581
149	[(7,1564),(10,1472),(18,969),(42,514),(84,4957)]	24.323488
150	[(2,993),(15,5017),(36,4583),(38,5170),(43,3022),(47,1486),(56,4509),(64,3438),(65,5473),(72,683),(74,2949),(86,1431)]	20.826849
151	[(14,3042),(30,4219),(34,348),(43,1781),(51,1539),(56,4151),(61,2518),(88,2852)]	24.146618
152	[(22,442),(33,1995),(36,1113),(91,4583)]	20.718606
153	[(2,4430),(4,3383),(6,457),(7,2019),(16,4727),(17,482),(21,3313),(25,4731),(30,2939),(35,1836),(44,2300),(46,1647),(74,4664)]	20.514063
154	[(6,4599),(17,4087),(25,141),(35,2206),(57,955),(62,5306),(73,870),(77,325),(81,4303),(91,1188)]	21.732479
155	[(4,2935),(9,3314),(21,4402),(26,1485),(49,28),(52,5226),(57,2521),(61,2203),(62,3730),(89,3442),(92,1635)]	21.113713
156	[(5,5317),(32,1843),(37,1329),(43,2031),(44,2747),(48,2501),(51,3017),(54,2546)]	22.752227
157	[(1,3732),(12,3000),(24,2113),(36,221),(49,1367),(65,4391),(82,2943),(83,4141),(88,3544)]	22.078433
158	[(27,368),(28,3516),(47,1973),(60,2198),(72,650)]	20.847090
159	[(24,2907),(37,1150),(45,3771),(46,1960),(53,5742),(57,390),(66,1108),(81,341)]	20.684388
160	[(20,3470),(43,2877),(92,3984)]	27.364662
161	[(5,5038),(45,3032),(53,2850),(65,3496),(74,3097),(76,3563),(79,4064),(91,5243)]	22.891808
162	[(2,639),(9,4215),(11,4432),(14,2267),(16,4815),(25,4126),(32,954),(42,1834),(47,5228),(50,625),(74,1346),(77,3654),(78,2112)]	20.371536
163	[(0,5233),(1,3829),(8,2124),(13,1663),(30,495),(36,85),(76,4882)]	20.554234
164	[(2,3839),(6,4568),(14,2140),(22,4173),(34,4110),(43,2274),(45,3285),(48,5621),(50,5361),(60,377),(89,2289),(90,4471)]	22.175969
165	[(14,909),(18,1554),(30,4420),(32,2426),(34,720),(39,1770),(71,3714),(87,492)]	38.558745
166	[(3,247),(10,2988),(18,4101),(23,46),(25,4935),(26,240),(48,775),(56,4059),(61,2101),(64,639),(69,1160),(72,2049),(81,4711)]	21.247133
167	[(6,3033),(10,3418),(14,734),(15,2754),(20,1477),(26,5509),(72,5326),(87,4318)]	20.677958
168	[(6,1596),(8,2324),(18,4344),(20,139),(34,2029),(46,4059),(50,3959),(52,3620),(80,3713),(91,2294),(92,3807)]	23.921204
169	[(0,4394),(19,513),(27,4524),(34,5784),(44,1103),(66,2542),(75,4007),(82,3356),(83,794)]	22.731884
170	[(33,5640),(40,4505),(42,4896),(45,4119),(68,98),(78,160),(84,5579),(91,378)]	21.115265
171	[(11,5245),(13,2951),(23,5438),(25,3118),(35,5527),(38,4865),(52,4851),(70,5048),(83,4149)]	20.522346
172	[(10,1280),(11,271),(12,1511),(28,4833),(30,3428),(54,4740),(62,5190),(64,4918),(70,1458),(85,4069)]	23.235431
173	[(1,3118),(5,5232),(21,389),(25,3622),(33,3781),(36,4923),(50,3352),(53,3853),(63,1808),(66,1983),(75,2276),(88,3975)]	20.855864
174	[(18,2937),(19,5231),(42,166),(43,4879),(50,4019),(68,654),(79,5375),(82,2293)]	22.361071
175	[(0,513),(16,4738),(17,571),(31,1105),(50,1175)]	20.883125
176	[(1,5530),(16,1553),(30,5415),(40,1673),(44,4561),(60,5609),(82,5168),(87,4969),(91,979)]	22.545174
177	[(0,5610),(2,3006),(10,4791),(13,1773),(19,5156),(21,2378),(26,3199),(27,4946),(42,1400),(47,3580),(54,4300),(60,144),(69,2929),(74,1367),(82,5620),(87,2319)]	24.131640
178	[(2,1440),(13,3148),(19,5153),(24,5247),(42,33),(46,3431),(57,4374),(77,3087)]	23.457700
179	[(3,660),(21,652),(31,700),(32,1413),(35,1818),(38,3298),(39,954),(43,525),(49,809),(53,4722),(54,5694),(65,3683),(66,5583),(70,2277),(73,1237),(76,913),(77,176)]	22.712745
180	[(26,328),(32,2021),(43,1055),(49,3142),(77,371),(79,1744),(88,1942)]	20.848323
181	[(12,4618),(19,412),(21,3487),(25,5414),(28,1263),(30,4468),(33,1786),(36,4223),(51,2783),(56,1123),(72,4131),(73,980),(76,1517),(87,4345),(91,3986)]	21.163168
182	[(12,5425),(19,5287),(26,4938),(33,564),(42,2496),(50,4657),(65,4153),(74,5633),(84,5522)]	20.893553
183	[(0,1283),(14,5418),(42,453),(44,2995),(46,1996),(50,4988),(56,5111),(76,2583),(86,1938),(87,2744),(91,5194)]	21.082063
184	[(21,4031),(30,3756),(57,4083),(75,2186),(77,4784),(78,5257),(86,641)]	20.534119
185	[(5,5605),(10,2702),(14,1533),(38,641),(42,4483),(56,4800),(61,1628),(70,601),(78,342),(92,4252)]	21.098636
186	[(10,4357),(29,4533),(40,4766),(61,4000),(82,3758),(87,3447)]	26.742420
187	[(2,423),(28,1832),(40,1867),(48,2766),(77,1651),(84,977)]	20.483676
188	[(48,2627),(67,942),(85,2465)]	20.870782
189	[(29,2182),(34,2299),(41,1904),(46,1400),(53,3783),(62,2914),(66,2459),(72,5214),(78,4605)]	20.931141
190	[(31,3586),(44,5450),(49,5095),(52,4091),(89,2468)]	21.699442
191	[(0,45),(10,3691),(19,3580),(24,3376),(51,42),(55,5603),(79,5523)]	20.956620
192	[(0,3033),(8,1499),(11,3240),(12,5011),(15,1841),(16,5675),(25,1750),(34,3368),(37,3092),(38,1749),(41,3436),(56,4311),(59,4982),(67,5609),(85,3407),(87,689)]	20.946593
193	[(47,110),(77,3794)]	20.561442
194	[(13,345),(31,4310),(62,4494),(64,373),(66,3242),(68,2937),(71,2666)]	20.888295
195	[(7,487),(17,2287),(27,5772),(28,2749),(36,1746),(59,1517)]	20.696497
196	[(4,2027),(19,2098),(26,3112),(63,558),(76,4394),(81,2082),(82,827)]	21.354000
197	[(12,3291),(14,4668),(20,5477),(26,2537),(28,4960),(29,3345),(34,83),(43,4044),(63,3631),(65,233),(68,106),(75,497)]	21.947023
198	[(11,3608),(13,3142),(27,3373),(29,1552),(30,4286),(34,5383),(85,4107)]	20.420184
199	[(3,4909),(5,26),(36,5629),(38,680),(41,880),(45,2696),(48,4926),(53,3857),(66,3383),(73,87),(79,885),(86,5750)]	21.141866
200	[(42,5531),(43,1440),(46,5600),(80,1217),(85,4050),(91,1575)]	21.794604
201	[(5,1549),(24,2485),(44,321),(63,3486),(64,1884),(81,1216),(89,942)]	22.460610
202	[(0,2248),(1,488),(16,4940),(22,5644),(25,115),(33,1295),(38,2167),(40,1985),(42,4246)]	22.002688
203	[(17,2767),(44,1099),(45,2604),(54,2774),(74,5704),(88,487)]	20.864173
204	[(3,2071),(4,354),(8,4075),(18,1020),(27,1334),(28,1902),(34,4832),(36,2818),(37,5508),(40,2334),(43,5630),(45,3679),(68,2821)]	21.630016
205	[(1,5727),(14,1791),(46,3847),(81,4226)]	28.126054
206	[(1,5503),(6,1121),(10,1099),(29,5022),(41,1005)]	27.120096
207	[(6,1596),(8,2823),(12,2904),(17,5552),(23,665),(26,1113),(48,2655),(51,4536),(55,40),(59,797),(66,2430),(67,2870),(78,877),(79,376)]	21.294491
208	[(8,5072),(25,3843),(35,4196),(49,2076),(71,2079),(79,3622)]	26.562319
209	[(7,4413),(13,4077),(38,4878),(43,1176),(70,2151),(71,4970),(72,3648),(81,1094)]	25.707407
210	[(4,67),(5,2079),(13,5338),(50,984),(56,5607),(67,4214)]	31.426086
211	[(14,3526),(39,4983),(43,5188),(45,1005),(48,3258),(49,5821),(62,5528),(82,2768)]	35.062880
212	[(9,4795),(13,2095),(41,5112),(45,2379),(51,2806),(65,4789),(66,4027),(67,4388),(74,3726),(81,5408),(83,2926),(89,1970)]	20.761871
213	[(12,2018),(25,1118),(39,4383),(41,5664),(45,2802),(47,677),(81,4979),(91,4682)]	25.215316
214	[(0,487),(19,2117),(24,4024),(46,1675),(64,2307),(81,5579),(84,3895)]	23.422784
215	[(0,967),(19,1107),(45,2311),(48,1906),(49,4257),(64,5549),(69,3618),(70,2775),(72,703),(79,5337),(81,1121)]	21.621550
216	[(61,160),(81,2739)]	20.992135
217	[(12,4799),(13,1191),(18,688),(26,3062),(28,916),(34,2953),(60,4168)]	20.843635
218	[(3,160),(15,3425),(20,2476),(28,3527),(35,2158),(61,420),(63,5498),(66,156),(75,2102),(90,3859)]	20.974218
219	[(23,3242),(35,4864),(36,1333),(40,5512),(59,608),(64,1655),(80,111),(84,5493)]	21.188041
220	[(5,1948),(6,410),(18,1915),(27,903),(51,4200),(68,916),(79,3413),(92,363)]	22.019542
221	[(16,3072),(18,313),(19,4598),(30,2946),(44,2294),(52,2820),(54,1446),(67,5676),(70,4095),(80,5046),(85,4363)]	21.705808
222	[(13,5037),(20,2625),(29,44),(35,3824),(44,3547),(46,1756),(51,5779),(64,3855),(90,53)]	23.402914
223	[(2,2492),(3,4436),(13,2603),(14,4108),(15,2955),(35,1462),(51,2064),(56,5412),(76,1889)]	22.850712
224	[(27,3179),(33,4666),(61,3900),(75,3356),(79,3753),(83,1513),(88,344),(90,4923),(91,3639)]	21.026189
225	[(10,3718),(23,1398),(39,2049),(69,1279),(75,2029)]	20.759139
226	[(2,5563),(8,4008),(37,3312),(41,5094),(48,2396),(77,4135),(82,3905)]	20.896402
227	[(0,5636),(10,1718),(24,3926),(35,942),(72,3167),(91,238)]	22.222936
228	[(3,349),(17,4388),(29,3381),(46,4063),(71,5153),(75,1454),(77,1683),(80,5262),(92,2650)]	20.869961
229	[(17,1583),(23,5220),(24,3405),(25,3471),(43,903),(48,2464),(57,4215),(59,4432),(63,2652),(65,4240),(83,1768),(84,3980)]	20.625069
230	[(5,2105),(29,1250),(33,1000),(34,2001),(40,2383),(45,1794),(61,407),(71,4319),(75,2272),(77,5644),(84,3798)]	21.670972
231	[(3,3845),(4,2506),(21,2585),(24,3287),(50,5430),(79,5069)]	20.477365
232	[(3,192),(12,2320),(16,1337),(44,2465),(54,3470),(56,4453),(67,1810),(71,3438),(87,5806)]	20.689702
233	[(26,3301),(31,347),(39,867),(51,2536),(55,136),(59,861),(62,3255),(81,1974)]	21.364870
234	[(6,5100),(77,4915)]	21.016443
235	[(5,5132),(10,5373),(42,1260),(47,5225),(58,5334),(66,5162),(80,2426),(81,1494),(83,4568),(84,3687)]	21.004533
236	[(4,1094),(8,931),(21,4014),(35,4827),(43,5385),(68,2101),(88,1204)]	21.123559
237	[(13,2048),(23,2119),(71,1302),(90,2319)]	20.301925
238	[(10,1937),(14,112),(45,2735),(53,2252),(56,4548),(59,2526),(66,1372)]	20.810660
239	[(5,2081),(8,2528),(13,3617),(44,1953),(46,187),(59,4061),(83,3480)]	22.215842
240	[(2,4935),(20,2269),(31,3133),(32,2010),(43,5418),(48,183),(53,3973)]	22.046948
241	[(21,2102),(32,839),(36,2326),(39,4684),(41,4280),(46,4770),(67,5031)]	21.678458
242	[(2,4313),(3,545),(9,1236),(24,844),(38,2632),(41,954),(51,3726),(73,2899),(77,2508),(79,3964),(82,1272),(85,2166),(87,2078)]	22.067265
243	[(9,3427),(10,5688),(11,2975),(27,138),(36,168),(40,1293),(51,3555),(59,2709),(61,3013),(72,3955),(78,897),(82,5119)]	20.899754
244	[(11,1329),(26,4267),(32,321),(36,338),(39,1646),(50,2027),(54,5314),(57,2823),(58,1398),(63,664),(66,5255),(71,2081),(91,1719),(92,5275)]	20.679615
245	[(7,3291),(9,4668),(38,2059),(56,5712),(64,4925),(68,4339),(71,1101),(78,3916)]	21.943029
246	[(6,5342),(11,101),(15,40),(19,806),(30,2086),(34,5782),(35,3897),(36,5428),(62,1823),(66,2520),(74,4823),(77,40),(80,2361),(81,1927)]	22.592221
247	[(5,2487),(7,2430),(60,1026),(66,4809),(67,2614),(71,4841),(78,1940),(84,433)]	21.281343
248	[(0,4888),(7,4938),(12,4338),(26,5114),(32,3300),(36,1994),(65,3547),(84,2298),(88,979)]	22.214158
249	[(6,5482),(26,300),(33,5138),(39,5361),(56,625),(57,2528),(66,640),(68,185),(74,2154),(78,2804)]	22.997745
250	[(0,227),(17,5283),(23,2920),(32,5389),(40,2150),(52,1354),(55,5132),(69,1858),(73,5493),(77,2352),(78,1589)]	27.429906
251	[(6,2787),(25,5103),(40,4346),(44,5258),(66,2624),(82,4153),(84,3841)]	21.434018
252	[(27,4171),(31,4680),(43,5156),(45,2378),(75,2635)]	21.372271
253	[(14,415),(18,3940),(35,2726),(36,2236),(63,2921),(82,629),(88,1389)]	22.852015
254	[(2,3255),(4,4495),(6,970),(9,5324),(10,5832),(15,5428),(26,779),(32,5266),(42,5188),(49,4807),(50,3681),(61,929),(64,3341),(80,220),(91,1488)]	22.020417
255	[(5,1000),(21,3012),(28,3192),(54,1244),(60,2513),(75,5092),(83,1803)]	21.999474
256	[(5,1361),(27,56),(43,2336),(65,1562),(86,1145),(89,5146),(90,424),(91,2199)]	21.931705
257	[(10,570),(18,292),(29,19),(37,4241),(79,2563)]	30.964603
258	[(4,1512),(10,3942),(14,2758),(25,3570),(29,118),(61,3434),(87,4170)]	34.881868
259	[(10,1027),(18,59),(32,4649),(36,5345),(54,1224),(55,1590),(59,3553),(64,3314),(72,2491),(88,5223),(90,938)]	21.406286
260	[(22,2287),(46,2953),(58,4636),(60,1173),(74,735),(75,3018),(79,5070),(82,3698),(89,1446)]	21.331337
261	[(6,3146),(8,2230),(11,131),(17,3242),(26,749),(67,1395),(75,816),(87,5480),(90,300)]	21.680879
262	[(1,2997),(16,4373),(22,5762),(31,3273),(46,5745),(63,4299),(68,1875)]	21.376165
263	[(25,5464),(48,506),(62,103),(65,1449)]	21.329368
264	[(4,5450),(9,4312),(23,4398),(41,4263),(42,4199),(48,3485),(50,4664),(67,4877),(76,598)]	21.228794
265	[(6,5346),(9,3944),(18,2218),(30,4570),(38,373),(40,3242),(73,3211)]	21.996559
266	[(14,3356),(32,4686),(35,4475),(37,1656),(66,1988),(71,5184)]	24.299566
267	[(57,5512),(69,326),(80,2560),(83,612),(84,41)]	21.276430
268	[(3,2577),(28,1196),(42,358),(46,1737),(60,662),(72,2387)]	21.540783
269	[(0,2865),(2,2775),(9,2768),(12,5292),(16,1284),(19,5835),(22,3169),(32,5014),(36,1471),(39,1759),(65,2719),(74,1294),(80,2813),(83,299),(86,4710),(88,5745),(90,2761)]	21.583304
270	[(2,2073),(13,1835),(22,1348),(29,1492),(30,2677),(35,1839),(70,2455),(83,1956)]	20.842227
271	[(11,3640),(13,1942),(18,641),(20,2762),(28,1967),(32,3806),(35,5635),(43,4396),(54,4309),(78,974),(82,5777),(88,2608)]	22.518683
272	[(6,5233),(46,3752),(48,4589),(87,2757)]	22.230680
273	[(22,5646),(36,2483),(62,3848),(64,5149),(77,1412),(78,612)]	21.156249
274	[(0,42),(1,1513),(3,5250),(22,5174),(40,3292),(49,3695),(69,2242)]	21.454890
275	[(4,4802),(10,3186),(33,5712),(45,3675),(54,2710),(60,2812)]	21.505565
276	[(22,1186),(25,4910),(26,4874),(47,3267),(49,4489),(58,2227),(76,485),(91,4475)]	21.656316
277	[(20,1614),(47,5072),(73,4035),(76,728)]	23.767861
278	[(18,2619),(25,283),(26,2511),(55,3930),(56,2699),(76,4735),(77,5798)]	22.235740
279	[(6,414),(8,3927),(23,4798),(30,1794),(34,1450),(38,2797),(42,2707),(44,3662),(46,2039),(49,1121),(67,1660),(76,4621),(84,3820),(87,258)]	21.093114
280	[(19,2061),(44,2328),(46,1860),(58,2588),(72,4685)]	20.667882
281	[(7,5652),(23,255),(26,1348),(31,788),(42,4782),(71,1200),(83,4322)]	21.804161
282	[(12,5501),(51,3834),(52,3336),(72,1453),(82,5754),(88,1526)]	21.079712
283	[(1,3792),(27,1551),(29,397),(44,2272),(56,1201),(72,2670),(85,615),(87,5007),(88,2458),(92,4177)]	21.119111
284	[(8,2014),(9,4646),(33,1988),(37,3855),(75,3328),(77,152)]	20.804502
285	[(17,5647),(65,766),(66,3003),(82,4599),(89,4695)]	21.728574
286	[(1,3078),(22,1407),(25,4762),(58,817),(72,1042),(83,4213)]	22.341934
287	[(10,571),(14,2212),(25,632),(32,3948),(34,3346),(41,2048),(48,2904),(50,4084),(79,3215),(87,5709),(88,747)]	21.155004
288	[(11,151),(13,4440),(17,1618),(19,489),(33,5359),(34,580),(40,2568),(56,2842),(64,3954),(81,1529),(83,4083),(88,2813)]	21.536726
289	[(2,385),(8,1358),(17,4552),(26,4612),(37,4245),(42,826),(47,3200),(71,4871),(78,884),(80,2506),(85,4378),(91,2022)]	21.561717
290	[(1,5295),(9,1297),(35,248),(36,3404),(47,4439),(51,1138),(59,60),(72,2596)]	21.184528
291	[(5,5211),(10,3576),(13,921),(25,3177),(37,5222),(47,74),(49,5074),(54,5537),(72,101)]	24.782087
292	[(64,3275),(79,994),(90,3912)]	21.857681
293	[(20,2429),(32,985),(39,2195),(46,5221),(67,4952),(78,1365)]	23.705154
294	[(58,255),(65,1906),(71,4588),(77,3064)]	29.264789
295	[(9,3147),(26,3004),(30,4591),(33,1129),(41,5363),(43,4172),(56,1320),(60,3724)]	22.306802
296	[(20,685),(24,2644),(31,1799),(58,647),(59,1050),(80,3543),(89,1602),(91,44)]	21.509561
297	[(17,5220),(21,90),(35,5742),(43,3562),(53,2948),(58,3872),(75,5612),(81,950),(88,5570)]	21.906495
298	[(8,5004),(12,3416),(15,3578),(23,2430),(29,1652),(55,3612),(59,2565),(73,1426),(82,2045),(85,834)]	21.328477
299	[(8,4655),(29,302),(51,3237),(55,3575),(73,5699),(82,4783)]	20.740384
300	[(13,4989),(14,2098),(27,1798),(68,1997),(87,1150)]	22.357498
301	[(7,1256),(35,3384),(45,3111),(48,3294),(62,4748),(67,2551),(68,1976),(74,3637),(83,2342),(88,525)]	20.820765
302	[(0,2),(1,5086),(4,3750),(30,2705),(58,4706),(78,1662),(81,2176),(83,5484),(92,2365)]	22.399349
303	[(4,4904),(19,126),(37,1488),(74,1845),(80,2775),(81,2394)]	25.830048
304	[(12,4070),(32,2301),(34,5506),(49,4564),(73,612),(75,1066),(89,2067)]	38.433090
305	[(11,586),(38,4228),(39,4693),(46,5556),(47,1659),(50,1720),(71,4571),(81,3496),(83,1370),(90,2357)]	20.984965
306	[(37,2372),(49,4276),(59,760),(64,1647),(70,5207),(84,5325),(89,1341)]	20.564741
307	[(0,4286),(11,2810),(13,2118),(16,1758),(24,5644),(69,3889),(71,2745),(72,1480),(73,1327)]	20.519402
308	[(1,4490),(15,4206),(19,3569),(30,4779),(31,5102),(37,3411),(39,5405),(53,1394),(84,1849),(88,5725)]	21.466557
309	[(8,4375),(15,2500),(16,187),(24,3237),(26,2187),(61,3527),(63,4378),(68,291),(70,2313),(75,1034),(77,3029),(81,652),(92,3007)]	24.151516
310	[(10,4850),(13,4651),(20,1934),(25,4612),(30,3556),(44,3014),(46,5498),(50,812),(55,5678),(67,4752),(68,1875)]	23.501836
311	[(1,1345),(13,3144),(26,2321),(34,1097),(46,5832),(48,418),(54,4893),(69,1994)]	21.343325
312	[(16,459),(17,121),(22,121),(27,3791),(33,1835),(38,448),(46,1839),(51,2259),(58,4031),(62,5044),(69,3321)]	20.683573
313	[(9,2412),(13,4454),(15,3157),(18,2170),(23,5732),(37,3167),(55,372),(68,1001)]	20.500101
314	[(7,5221),(15,2642),(42,2283),(54,1888),(55,1947),(63,2846),(65,2410),(70,3270),(81,3303),(86,406),(87,810),(92,2491)]	21.323630
315	[(4,1629),(7,5644),(17,228),(24,4198),(52,5802)]	20.967384
316	[(3,5060),(12,3026),(13,1841),(19,4819),(32,4060),(43,1674),(87,4139),(89,2139)]	21.870122
317	[(3,4422),(19,2838),(26,3030),(32,4684),(43,1268),(59,695),(74,4072),(80,72)]	21.970446
318	[(12,1508),(13,1947),(23,4394),(26,5526),(28,2622),(39,902),(43,1784),(53,908),(66,3813),(83,5085),(86,2003),(88,4601)]	21.725302
319	[(14,2210),(22,2891),(32,2127),(44,5650),(58,2482),(75,5761),(77,5597),(87,3065)]	21.114992
320	[(16,1743),(21,5453),(28,1522),(31,3659),(32,610),(46,1339),(77,4180),(87,541)]	21.410864
321	[(17,5597),(80,3952),(83,5612),(87,5285)]	21.716996
322	[(27,1128),(47,4871),(59,243)]	21.248842
323	[(14,585),(25,2417),(26,3557),(67,5552),(90,4909)]	20.507406
324	[(5,1715),(10,4256),(14,4324),(28,295),(34,5745),(35,5167),(43,3307),(47,4915),(54,170)]	20.743755
325	[(0,1118),(14,1931),(19,4141),(47,1368),(55,3556),(60,3973),(63,4680),(82,549),(89,24),(90,2279)]	25.409610
326	[(27,2510),(39,3863),(62,5630),(77,831)]	21.426358
327	[(1,2605),(4,3346),(15,1908),(37,3252),(50,4893),(65,3156),(77,960),(89,5512)]	20.893098
328	[(1,72),(15,586),(39,4646),(77,4907),(80,1161)]	20.727405
329	[(4,5312),(7,2843),(19,4883),(23,1114),(33,590),(44,1546),(71,1017),(88,797),(90,1217)]	20.785231
330	[(34,2455),(42,4794),(53,3140),(55,4377),(62,3210),(63,2803),(64,1424),(74,2186),(84,1848)]	20.814719
331	[(22,1295),(34,4895),(37,5312),(38,452),(43,4799),(46,2425),(49,5580),(51,3074),(54,2193)]	20.949076
332	[(20,1546),(21,1105),(32,1184),(33,1778),(43,2620),(48,1108),(50,4070),(63,5052),(68,4998),(73,2901)]	21.777396
333	[(5,5006),(18,3484),(26,5395),(31,1255),(43,4248),(72,339),(85,4749),(90,4743)]	22.247632
334	[(10,879),(39,1999),(43,1973),(62,5020),(63,4658),(80,3470),(87,3867)]	21.218296
335	[(11,4326),(21,990),(36,5277),(38,1144),(52,1334),(53,1902),(57,4166),(89,2479)]	21.103894
336	[(10,2205),(12,3910),(28,2388),(33,4176),(39,3352),(49,414),(51,3531),(53,735),(65,1835),(72,2597),(81,4206)]	20.589252
337	[(16,4660),(17,5041),(45,2931),(66,2827),(72,4059),(75,1211),(86,5256)]	21.148770
338	[(21,3429),(40,2483),(56,5690),(60,1206),(73,2815),(86,332),(91,4007)]	21.304630
339	[(8,1416),(24,3122),(29,5040),(32,731),(33,860),(35,4721),(60,3077),(74,4851),(92,2425)]	26.122554
340	[(25,24),(37,3473),(87,34),(88,2169)]	23.424493
341	[(1,2338),(17,2832),(78,4129)]	20.641846
342	[(3,2820),(16,983),(28,1008),(39,2409),(40,765),(51,4300),(61,404),(68,184),(69,5387),(75,126),(91,4968)]	21.316571
343	[(22,2956),(39,288),(72,492)]	20.899297
344	[(13,2639),(24,3943),(27,4103),(34,2411),(38,2097),(50,60),(53,3339),(58,1654),(63,23)]	22.147806
345	[(9,5518),(16,162),(19,1057),(50,4300),(74,4806),(85,1760)]	21.111194
346	[(10,1573),(13,4130),(27,4672),(38,2760),(41,994),(48,4450),(58,5057),(84,4063),(88,258)]	20.893787
347	[(9,4927),(14,2285),(16,5180),(19,4799),(45,462),(49,5121),(50,3889),(59,984),(79,2678),(81,4116),(88,2994)]	20.589174
348	[(1,1281),(2,969),(4,4916),(13,640),(63,3537),(74,1903),(85,4375),(88,1163),(89,4632)]	20.853211
349	[(8,3550),(15,3537),(29,3670),(42,1940),(51,175),(52,1396),(69,1783),(90,3654)]	20.765846
350	[(5,3033),(52,1469),(57,215),(68,4745),(77,2866)]	23.918737
351	[(20,2199),(24,3985),(29,2992),(71,1233)]	40.769756
352	[(14,5050),(15,5085),(16,3010),(24,1237),(31,5637),(36,3492),(38,3096),(43,731),(58,2647),(62,5246),(92,1861)]	22.088735
353	[(0,2525),(2,4388),(5,342),(37,3699),(54,2241),(73,2980),(80,1111)]	21.603805
354	[(44,3571),(46,506),(58,245),(63,1675),(66,598),(80,1472),(82,422),(84,2280),(86,5131),(91,1499)]	20.652023
355	[(1,5192),(24,2474),(33,4736),(37,3924),(61,4795),(81,311),(91,5349)]	21.425982
356	[(20,1478),(23,4979),(25,4609),(41,1578),(45,1623),(46,919),(59,4907),(67,3430)]	28.592912
357	[(8,1426),(10,742),(34,2846),(39,4296),(54,3640),(56,1942),(60,3108),(76,220),(86,2520)]	20.758226
358	[(37,3050),(48,1),(52,234),(55,453),(66,3798)]	20.574175
359	[(2,825),(18,5252),(21,3223),(30,4975),(32,5692),(46,823),(52,4802),(65,5217),(69,2140),(76,3201),(79,5351),(88,2155)]	20.682124
360	[(11,5201),(40,1593),(41,1035),(46,5777),(90,2050)]	20.865049
361	[(0,420),(2,5498),(11,4468),(12,2739),(15,1266),(42,4849),(67,5610),(72,1523),(84,1055),(87,5174),(90,553),(91,2035)]	21.811225
362	[(28,2108),(34,2372),(38,3323),(44,5218),(53,5437),(66,475),(91,3960),(92,927)]	21.297381
363	[(9,3680),(13,5318),(22,2098),(29,5253),(37,4129),(42,805),(61,2789),(64,1928),(87,4714),(91,69)]	20.715200
364	[(10,972),(22,2045),(32,2267),(43,525),(44,539),(45,5171),(52,2676),(58,5814),(71,4313),(91,491)]	20.632476
365	[(7,2946),(10,4409),(22,5638),(31,3707),(32,135),(37,4596),(49,2435),(50,780),(54,4937),(55,4140),(64,172),(76,1954),(81,3633),(83,2437)]	21.995128
366	[(1,2025),(21,2382),(41,1008),(42,2981),(45,2591),(55,3145),(59,1548),(60,4784),(63,1373),(65,1556),(87,1334)]	20.940027
367	[(6,726),(12,1488),(17,5502),(21,1047),(27,4269),(28,4756),(29,3734),(31,20),(42,1555),(45,2496),(68,2149),(77,3488),(83,4933),(88,5672)]	20.570261
368	[(0,4130),(9,1676),(19,1782),(51,5486),(80,3198)]	21.169570
369	[(9,5124),(26,4026),(29,2489),(37,1204),(40,491),(69,5174),(80,535),(81,308)]	20.758880
370	[(4,4305),(8,42),(18,1650),(19,3414),(50,466),(54,3008),(58,4348),(75,5377),(83,4092),(84,5133),(87,4240)]	20.648330
371	[(8,4746),(32,3443),(57,2302),(58,4506),(72,2351)]	20.740492
372	[(13,1219),(14,3662),(17,5528),(29,4422),(66,5415),(87,5496)]	20.650653
373	[(9,4683),(14,881),(16,829),(21,2758),(31,770),(47,5758),(51,5269),(69,1184),(70,1778),(77,1861),(88,5136)]	21.451016
374	[(0,530),(4,220),(6,4401),(28,1022),(60,102),(75,1809),(92,3371)]	20.400619
375	[(3,4772),(16,2772),(44,1128)]	21.173115
376	[(7,1682),(11,1352),(20,5546),(36,5575),(37,836),(50,688),(58,1658),(59,5508),(60,3741),(62,3948),(67,2462),(69,3074),(78,2540),(82,2150),(85,1047)]	24.046500
377	[(5,2805),(16,401),(18,1757),(45,5474),(66,1621),(75,2943),(83,4752),(84,1875),(86,278)]	21.203146
378	[(13,3643),(20,3045),(23,2826),(61,480),(66,1597),(74,4827),(84,5566),(87,3061)]	21.828253
379	[(2,2238),(15,2245),(23,2608),(30,423),(76,895),(87,4906)]	20.771029
380	[(9,3620),(11,174),(17,1340),(21,1881),(24,1679),(30,1326),(35,1701),(37,5240),(45,3965),(52,2663),(70,5546),(83,2397),(92,5476)]	21.183818
381	[(0,499),(10,868),(17,613),(24,5402),(31,5227),(46,687),(48,4978),(74,5229),(88,2154)]	21.222088
382	[(4,2666),(9,1087),(31,1050),(65,4553)]	20.802759
383	[(19,1974),(24,1412),(39,2731),(79,1995),(82,1113)]	21.135847
384	[(7,3963),(20,3427),(30,3151),(42,3959),(49,157),(55,924)]	24.269729
385	[(12,4162),(19,5309),(20,1143),(29,5647),(36,2095),(52,1113),(60,3218),(88,2863),(90,3433)]	29.501324
386	[(35,4495),(70,4575),(78,1363),(84,4058),(90,5115)]	21.080617
387	[(0,4355),(7,3885),(36,1249),(38,1046),(70,147),(85,4940),(92,2331)]	20.622398
388	[(8,810),(10,1138),(20,217),(21,984),(25,59),(40,394),(77,1430),(80,5820),(81,334),(88,3479)]	20.343750
389	[(11,749),(19,4199),(31,3307),(40,4621),(43,24),(44,2279),(61,4671),(67,2274),(77,1850),(82,3298),(83,954)]	21.810242
390	[(18,4811),(28,1014),(37,1077),(46,2554),(57,563),(76,57)]	21.291178
391	[(7,5599),(35,4381),(59,2150),(63,1732),(68,4057),(75,2373),(76,3847),(82,4083)]	20.585798
392	[(2,4297),(5,3759),(7,4160),(15,4047),(17,472),(25,609),(26,2062),(30,5179),(38,3416),(39,4484),(44,1962),(47,3494),(57,4746)]	20.696593
393	[(14,104),(42,3381),(43,5697),(68,2270),(81,711),(83,2843),(84,3300),(88,5074)]	20.624533
394	[(11,5743),(36,4199),(43,5224),(72,2810)]	21.001986
395	[(21,2000),(26,1311),(39,3029),(51,5012),(59,1205)]	23.594185
396	[(11,3616),(21,2627),(65,3881),(83,5810)]	21.790395
397	[(17,4476),(18,4658),(22,5265),(29,2741),(41,4934),(60,5326),(78,4807),(88,3867),(92,5448)]	20.559760
398	[(3,1032),(10,5571),(25,4427),(26,1167),(30,125),(57,4881),(59,266),(73,5356),(84,2187),(89,5134),(92,1609)]	37.555261
399	[(1,5795),(6,3967),(11,1861),(13,2072),(26,3747),(37,3310),(44,2427),(45,1574),(46,1570),(48,339),(49,1863),(50,2297),(61,5319),(68,3970),(70,3285),(77,2097),(85,1472),(90,2453)]	24.238396
400	[(5,5265),(30,426),(31,597),(34,1257),(46,4640),(47,4444),(49,5000),(53,860),(60,2325),(77,5758),(80,2122),(87,5568)]	21.293495
401	[(0,38),(52,2685),(60,1524),(66,5083),(70,3761),(72,1198),(74,169),(79,449),(83,2985)]	20.718640
402	[(4,5524),(47,495),(60,729),(69,2110),(75,3638),(76,5414),(87,2959)]	22.753964
403	[(1,3723),(18,4641),(52,1520),(54,607),(70,3188),(84,4216)]	20.681227
404	[(9,5354),(57,3508),(62,1242),(82,382),(86,1546),(87,1105)]	20.350882
405	[(12,3848),(27,3393),(29,3121),(30,3163),(38,5562),(49,3903),(61,3406),(62,2323),(88,5650)]	20.561267
406	[(23,1532),(31,490),(41,3557),(66,2830),(81,1163),(82,4632),(86,5704),(89,1641),(91,2926)]	20.368188
407	[(1,4686),(20,850),(58,852),(69,4603),(77,3928),(79,523)]	20.461009
408	[(10,1194),(22,3275),(24,2931),(33,5214),(59,2508),(60,2608),(87,660),(91,1450),(92,4846)]	21.015036
409	[(0,5207),(12,3006),(47,4311),(62,2005),(67,4318),(72,1003),(79,661),(84,1955),(85,2918)]	20.959620
410	[(3,1596),(5,2823),(6,1398),(10,1805),(19,5676),(30,965),(53,321),(63,3122),(65,1102),(71,4127),(91,5117)]	21.672356
411	[(4,5411),(10,1746),(18,406),(26,405),(36,2687),(45,2222),(46,3624),(80,3963),(83,3990),(84,1198),(89,3991)]	24.370718
412	[(2,5597),(4,2048),(23,4372),(32,939),(42,4882),(45,1287),(91,454)]	20.674907
413	[(10,3656),(31,3214),(34,4877),(85,3516)]	20.465237
414	[(5,2318),(6,5197),(8,3905),(30,3514),(33,3466),(48,126),(72,36),(77,2375),(87,2962)]	21.066811
415	[(3,4159),(5,4419),(24,2683),(39,3064),(49,1413),(59,390),(65,1236),(75,5407)]	20.363782
416	[(16,1884),(22,1379),(25,5809),(40,3291),(49,4425),(55,2640),(78,4332),(89,2837)]	20.770092
417	[(2,4424),(28,1744),(38,2170),(44,2626),(52,43),(64,151),(72,3677),(79,594)]	20.777668
418	[(3,5327),(16,5087),(30,4847),(43,1568),(48,5592),(49,4994),(60,310),(77,5816),(89,1819),(92,789)]	20.818410
419	[(1,1595),(2,2377),(21,5051),(24,3811),(25,3326),(39,3973),(40,4326),(45,4941),(55,2482),(60,2342),(67,5102),(86,5590),(90,364)]	20.584295
420	[(9,3519),(25,478),(32,837),(35,4549),(36,3903),(43,5590),(47,975),(51,1508),(55,4203),(63,5136),(70,385),(82,2739)]	20.497354
421	[(5,1623),(6,919),(7,763),(25,5282),(37,627),(45,1686),(72,2612),(77,863),(79,5147),(86,3992)]	20.707180
422	[(7,5243),(9,2455),(28,3069),(32,5153),(50,2128),(69,5070),(72,703),(92,5665)]	20.811765
423	[(6,2418),(10,3012),(21,1739),(34,1380),(36,4624),(38,1488),(42,3001),(43,3517),(44,4248),(81,4008),(92,4627)]	21.108470
424	[(42,5548),(59,2954),(62,1734),(82,2322)]	21.671258
425	[(5,3569),(6,4837),(12,2240),(34,3844),(45,2688),(55,145),(57,1934),(62,4487),(66,2763),(76,646),(87,5123)]	21.090019
426	[(17,3159),(26,5198),(33,3811),(40,5525),(58,5469),(79,4212),(87,5767)]	21.215995
427	[(22,2267),(39,3803),(43,3534),(53,477),(70,3476),(72,2953),(78,2274)]	21.360694
428	[(13,5128),(14,4778),(25,4010),(48,4116),(62,2969),(73,2891),(76,3603)]	23.083174
429	[(12,2170),(16,1077),(27,5346),(40,477),(50,787),(51,4037),(61,1488),(92,4876)]	20.517279
430	[(16,5027),(25,1664),(28,1241),(38,1849),(42,3748),(77,4025),(86,449)]	24.324735
431	[(28,4925),(85,5510),(86,455),(88,5732)]	28.610800
432	[(9,2665),(16,945),(61,3579),(64,2812),(80,1551),(89,1035)]	21.006324
433	[(8,4057),(11,1524),(29,3085),(35,4448),(37,3801),(44,3254),(56,78),(58,3073),(71,3651),(89,1237)]	20.945415
434	[(0,2907),(2,3418),(19,2475),(40,4131),(41,980),(58,2647),(71,592)]	22.609220
435	[(3,4755),(8,1090),(12,4662),(36,1286),(50,2479),(75,3838),(82,1385),(84,1267),(86,5703)]	20.932667
436	[(2,2861),(12,5355),(56,3540)]	21.190131
437	[(17,5527),(25,59),(35,3310),(64,5458),(66,5158),(74,296),(76,2016),(78,357)]	20.926084
438	[(0,5795),(4,3150),(5,3519),(15,1858),(16,1424),(18,2604),(36,3859),(39,1100),(64,3092),(67,1168),(75,1835),(82,5607),(86,2806)]	20.657868
439	[(0,4227),(9,2871),(11,784),(33,3675),(67,4847),(92,1685)]	20.999530
440	[(27,4992),(28,459),(31,351),(81,460),(84,2679)]	20.597783
441	[(7,3210),(23,4703),(29,542),(30,235),(33,2381),(36,1889),(43,753),(45,3267),(61,5637),(65,3740)]	22.920384
442	[(14,3106),(31,5792),(34,1364),(58,3572),(60,739),(61,3748),(63,2250),(65,2300),(71,997),(74,4930),(76,3602),(88,3023)]	21.479671
443	[(17,3388),(26,745),(33,1383),(41,1650),(44,760),(52,5331),(70,5523),(80,243),(91,3904)]	20.389541
444	[(15,4414),(26,4439),(29,93),(82,1230)]	21.183521
445	[(27,2780),(30,3747),(31,3806),(36,3452),(40,2371),(70,431)]	24.375942
446	[(9,4223),(14,1082),(15,3466),(42,4760),(48,10),(67,4656),(80,2683)]	37.027459
447	[(5,3493),(13,2954),(16,4989),(17,2098),(26,2167),(30,4788),(38,1016),(39,786),(55,5531),(68,29),(71,3199),(82,5281)]	21.634378
448	[(0,2957),(5,3885),(14,1955),(27,4405),(30,483),(42,2994),(58,367),(66,3321),(79,2688)]	23.327178
449	[(21,1578),(44,3417),(45,3561),(47,5748),(52,2336),(54,394),(55,2631),(65,5545)]	20.761825
450	[(8,1575),(10,2354),(35,59),(38,4549),(44,3213),(65,3516),(74,621)]	20.397184
451	[(31,4992),(86,1531)]	20.478533
452	[(14,521),(26,2233),(41,2699),(45,2094),(49,1898),(81,1868)]	23.605968
453	[(17,4377),(19,1241),(24,2123),(40,2891),(44,4968),(46,2570),(51,2931),(64,671),(67,5807),(90,3637),(91,3492)]	21.382677
454	[(4,3278),(15,1656),(16,3816),(35,846),(37,4390),(39,5289),(41,4850),(42,2704),(49,5798),(53,3030),(67,1458),(71,4327),(92,4806)]	21.368598
455	[(14,3421),(21,5358),(34,4727),(39,5187),(43,460),(62,2725),(64,5216),(67,5815),(73,3347),(83,4773),(91,4772)]	20.616521
456	[(5,153),(12,2431),(40,4612),(52,2836),(62,4260),(66,1027),(67,741),(75,2701),(81,803),(82,2656),(86,513)]	21.143667
457	[(7,5590),(9,160),(31,4965),(37,3344),(49,2376),(80,2264),(92,3162)]	21.040895
458	[(0,4488),(4,1234),(10,5209),(14,1592),(23,3945),(27,746),(30,2503),(49,4595),(51,1739),(59,2556),(60,2700),(78,870)]	20.715718
459	[(0,72),(16,770),(21,242),(34,494),(41,1675),(48,3828),(52,3978),(68,5734),(73,5770)]	21.939202
460	[(14,717),(21,4464),(28,2229),(29,2997),(53,4212),(59,1944),(67,5446),(85,1008),(92,2144)]	21.227333
461	[(7,337),(14,1779),(18,939),(24,2590),(33,5801),(43,5033),(48,4451),(69,89),(89,5693)]	20.778565
462	[(27,5584),(30,1930),(35,1781),(50,3005),(56,4788),(64,4520),(66,560),(73,5264),(91,2514)]	20.631485
463	[(10,362),(23,2750),(29,2501),(54,3392),(66,3976),(75,1837),(87,915),(89,4290),(90,2584)]	20.693202
464	[(10,4700),(17,1662),(60,2343),(61,5837),(78,4531),(88,4042)]	20.797453
465	[(35,208),(53,3533),(73,2066),(87,3641)]	20.701027
466	[(10,723),(12,3814),(43,4301),(64,3723),(75,4029)]	20.409691
467	[(20,894),(45,4188),(61,4406),(71,3589),(74,2784),(75,1612),(77,2317)]	21.938076
468	[(0,3155),(15,3004),(28,3574),(62,2386),(65,775),(66,3270),(73,1012),(75,3206),(78,3869),(80,3156),(82,4328)]	21.303642
469	[(8,4985),(13,2547),(15,1172),(23,3243),(46,3013),(48,5463),(52,5779),(63,2640),(71,602),(72,2109),(73,2205)]	20.698731
470	[(2,4377),(3,1333),(9,5341),(16,2091),(33,5208),(48,5004),(62,816)]	20.919855
471	[(29,307),(69,2022)]	21.014182
472	[(18,4601),(23,4858),(57,5455),(80,1),(86,4553)]	22.057498
473	[(11,1527),(32,5395),(37,2618),(42,5400),(44,2038),(50,2846),(71,1311),(87,110)]	21.348197
474	[(8,1988),(27,3558),(28,3725),(46,998),(57,52),(60,2575),(71,647),(72,5243),(78,3966)]	21.893803
475	[(3,5141),(10,2973),(12,3419),(30,5308),(42,1109),(47,1607),(55,5326),(59,1187),(82,375),(85,4167)]	21.018335
476	[(4,2692),(12,2942),(39,847),(41,1599),(42,5752),(43,5107),(44,5169),(45,1095),(52,4273),(58,2674),(65,638)]	25.028550
477	[(31,2947),(65,565),(86,1134)]	24.329040
478	[(5,5339),(16,386),(22,2935),(30,5577),(43,488),(49,2056),(53,4247),(54,4022),(61,970),(68,2210),(70,5456),(89,2953)]	20.644302
479	[(18,1666),(34,3902),(35,5234),(65,4585),(81,5495)]	21.119960
480	[(8,5564),(29,1068),(40,4173),(54,4745),(78,5311),(82,2032)]	22.136002
481	[(2,3250),(23,5498),(25,2626),(28,154),(30,536),(35,1742),(41,4515),(75,4551),(79,3277)]	21.707337
482	[(18,3035),(26,2078),(40,4857),(43,155),(46,1405),(53,5031),(58,5834),(59,3399),(60,1496),(66,5682),(74,2613),(79,2935),(88,3687),(90,2296)]	20.943983
483	[(7,3429),(28,1592),(36,3467),(40,2024),(66,1181),(67,5241),(80,2484),(85,4627)]	20.877996
484	[(2,4970),(7,3331),(17,1544),(38,5018),(42,515),(62,2652),(65,1348),(68,1884),(75,498)]	20.552802
485	[(4,5772),(9,3639),(13,348),(26,958),(31,5501),(40,3560),(51,4350),(54,4394)]	20.672625
486	[(18,4567),(30,4533),(36,5266),(37,1753),(45,3094),(47,3152),(62,2095),(86,327)]	21.639857
487	[(8,3404),(12,3869),(30,5319),(34,3378),(35,198),(38,549),(42,3978),(60,2866),(78,1347)]	23.133481
488	[(18,3800),(22,4781),(29,5501),(32,2315),(40,3910),(43,1710),(49,3397),(58,3407),(65,2937),(66,5231),(88,4151),(90,2077)]	21.755064
489	[(6,5007),(14,4930),(23,4207),(48,3786),(54,4266),(67,3839),(75,587),(79,300)]	20.794328
490	[(18,3351),(26,4831),(28,2742),(29,4439),(32,2958),(35,5294),(40,2108),(64,300),(89,4711)]	21.277059
491	[(26,5061),(35,1232),(50,1981),(63,3698),(68,336),(87,3830)]	20.917914
492	[(1,3638),(2,5414),(19,3470),(24,3069),(25,2326),(30,4415),(42,845),(44,5324),(45,5832),(52,2021),(63,622),(78,1790),(80,1171)]	20.794896
493	[(4,2347),(5,472),(9,2267),(12,3280),(13,1623),(16,1518),(33,3185),(63,3762),(80,4564)]	33.304926
494	[(7,2750),(17,1676),(22,1962),(23,5663),(24,3338),(35,3148),(59,2572),(60,617),(83,5548),(86,3028),(90,516)]	31.577801
495	[(14,2742),(15,4439),(20,5792),(54,339),(59,4823),(83,2643),(84,2712)]	21.013298
496	[(5,2817),(10,1011),(22,2012),(32,3138),(36,280),(42,4047),(46,2265),(61,4195),(64,2052)]	20.702967
497	[(1,4145),(3,818),(7,2042),(9,4982),(26,215),(31,2046),(44,4317),(47,1174),(48,722),(49,4237),(58,1711),(62,5622),(68,1262),(70,5830),(75,2641),(79,3203),(86,2872)]	20.977798
498	[(5,3857),(16,3404),(18,2328),(35,1676),(38,1054),(40,5094),(53,2514),(69,1337),(73,158),(78,5086),(85,2140),(92,2186)]	21.096328
499	[(5,5606),(8,2649),(11,2674),(22,2500),(29,617),(63,3360),(73,2222),(87,3283)]	21.058510
500	[(6,1298),(26,3405),(52,5569),(61,1918),(75,849),(82,2163),(85,4932)]	21.673414
501	[(2,2722),(10,5547),(11,3669),(25,1691),(35,4770),(69,1736),(74,3064),(76,1245),(89,258)]	21.016278
502	[(23,3837),(33,5587),(44,2247),(64,1358),(69,2929),(70,387),(80,1374)]	21.223402
503	[(6,5818),(37,3725),(48,3601),(73,1602)]	23.152756
504	[(24,5295),(38,525),(52,1741),(92,4152)]	20.761879
505	[(40,3722),(48,4619),(64,5076),(70,3948)]	22.247239
506	[(9,2104),(28,2205),(34,4711),(45,2522)]	21.691773
507	[(20,5280),(29,4222),(55,5320),(74,5240),(75,98),(76,4009),(78,2140),(91,2559)]	21.329810
508	[(27,2368),(32,3343),(40,3324),(56,4017),(61,487),(84,1030)]	21.399044
509	[(15,4728),(17,1529),(40,4570),(88,4340),(89,1729)]	22.525447
510	[(3,3308),(12,652),(15,3982),(16,4578),(20,2887),(40,2299),(46,497),(49,2318),(50,5197),(54,5587),(69,4835),(80,1880),(82,1997)]	22.269990
511	[(4,3434),(11,4964),(13,4792),(41,5206),(74,4143),(92,1321)]	23.944014
512	[(0,2389),(3,5318),(23,4544),(38,846),(56,3290),(62,3758),(64,3288),(65,1018),(87,2221)]	22.098228
513	[(5,5326),(32,2942),(35,4731),(37,4820),(41,917),(82,2873),(84,4669),(86,639)]	21.567462
514	[(0,4256),(2,3830),(17,2701),(57,1428),(78,3286)]	21.267598
515	[(18,1866),(36,2307),(39,3855),(48,5102),(52,2751),(57,2418),(58,1142),(59,2373),(60,3847)]	21.412054
516	[(32,2941),(53,4699),(67,3312),(81,596)]	20.933245
517	[(6,1833),(8,3852),(10,3227),(14,5130),(44,4069),(51,241),(85,10),(92,4252)]	22.135258
518	[(3,3613),(5,2071),(11,2657),(19,2666),(32,1349),(48,3998),(72,403),(87,196)]	21.088557
519	[(3,3127),(25,2480),(33,5573),(36,1804),(42,4543),(83,2610),(91,323)]	21.748583
520	[(0,1972),(29,2850),(55,3630),(72,1366),(73,3749),(75,2574),(77,944),(79,1996),(89,5770)]	23.041878
521	[(6,4878),(11,2283),(30,832),(54,684),(55,3779),(56,4616),(76,1432),(86,4025)]	24.500021
522	[(2,2939),(4,5481),(10,4665),(15,1220),(23,2753),(33,2632),(59,3560),(61,45),(87,794)]	39.924875
523	[(4,2774),(17,2963),(18,3884),(26,45),(29,4177),(37,3585),(65,825),(79,4523),(82,922),(85,628)]	24.246210
524	[(1,1573),(41,1341),(55,4241),(75,3840)]	23.298913
525	[(17,407),(26,5529),(43,3888),(62,2668),(73,703),(76,4204),(87,4436)]	21.982907
526	[(16,4441),(17,3665),(22,2061),(43,5231),(48,815),(51,3875),(72,580),(74,5333),(88,994)]	21.301408
527	[(12,486),(17,2497),(39,4066),(45,4844),(48,824),(49,312),(63,2407)]	21.616222
528	[(1,3612),(20,374),(38,3619),(43,678),(47,2520),(50,1129),(62,5204),(84,4099)]	21.371501
529	[(13,2369),(25,2979),(28,5285),(43,3359),(61,5188),(80,3535),(81,4649),(84,157),(89,3989)]	20.948923
530	[(20,5250),(26,4294),(32,2970),(33,4618),(39,1586),(52,4547)]	21.175716
531	[(7,103),(13,2356),(14,1040),(44,1248),(45,1694),(47,3554),(74,5007),(79,3515),(81,442),(84,3354)]	21.669471
532	[(8,714),(28,509),(62,4817),(88,2230)]	31.955846
533	[(3,5272),(14,3650),(19,3642),(21,5805),(36,1729),(39,407),(43,2126),(46,5573),(63,1336),(66,1303),(82,1790)]	21.787034
534	[(15,2221),(31,2583),(44,3211),(68,3560),(70,45),(73,5297),(75,5041)]	21.272188
535	[(0,5335),(17,2286),(25,5609),(40,2309),(47,1357),(52,1524),(58,3435),(63,3458),(66,1275),(76,5443),(90,2357)]	21.116001
536	[(0,4343),(1,3016),(18,5003),(21,4509),(22,1044),(60,1763),(84,4348),(87,3218)]	22.364115
537	[(9,405),(12,4934),(16,589),(24,5153),(37,1279),(54,1824),(73,3850),(81,3458),(83,5165)]	21.521732
538	[(11,5050),(67,4215),(69,5434),(75,3847)]	29.757888
539	[(9,302),(21,3712),(43,753),(65,2692),(69,4469),(83,3609),(85,4242),(88,5366),(89,5230),(91,301)]	51.457118
540	[(0,3268),(7,4409),(9,1158),(24,4387),(30,4711),(52,3916),(55,357),(57,1482),(60,5596),(64,3162),(67,4910),(69,2685),(71,5179),(88,1524),(92,5292)]	37.166376
541	[(10,2595),(22,1892),(27,761),(37,64),(42,3595),(55,2497),(62,4344),(67,3218),(68,970),(76,5811),(81,329)]	21.688924
542	[(1,1629),(5,4123),(10,5643),(24,2411),(32,3230),(36,5306),(52,3129),(57,1968),(71,971),(76,1575),(91,564)]	22.445450
543	[(4,3434),(11,1744),(13,4916),(23,5161),(58,2131),(65,1966),(71,573),(83,147),(85,298),(91,2461)]	20.897317
544	[(0,1860),(11,1968),(34,1289),(37,5621)]	21.013360
545	[(2,3091),(3,3448),(13,1705),(14,302),(18,580),(24,1510)]	20.777510
546	[(1,3411),(3,5793),(5,694),(21,2990),(36,4924),(41,1546),(62,260),(92,4763)]	22.219230
547	[(1,3331),(9,1043),(14,3093),(23,4706),(48,353),(51,3995),(70,5660),(73,3115),(79,5265),(90,348),(91,2927)]	21.877882
548	[(6,2781),(10,226),(20,3064),(37,159),(41,2921),(63,4643),(68,5251)]	34.103516
549	[(0,4724),(2,679),(8,5324),(24,3790),(25,2143),(30,575),(40,1174),(66,3003),(71,1644),(74,5702),(75,1653),(81,5217),(89,1750)]	27.995775
550	[(2,3423),(8,4180),(12,882),(26,3025),(56,4910),(72,1226),(76,3942),(87,1443),(90,2720)]	21.224148
551	[(16,3215),(17,2802),(39,845),(50,5041),(60,3803),(70,728)]	20.988640
552	[(0,4410),(6,478),(19,4115),(31,3316),(36,2124),(37,1974),(46,4671),(66,209),(92,375)]	21.637697
553	[(1,3633),(10,3988),(43,3436),(74,1532),(76,4391),(81,2781)]	20.976849
554	[(4,4260),(6,1775),(8,1469),(10,3190),(13,3770),(23,5346),(41,2799),(59,5486),(61,1325),(68,52),(72,5396),(80,4503),(82,1313)]	21.493863
555	[(58,635),(70,2095)]	21.091679
556	[(8,57),(12,1021),(13,4599),(19,5439),(27,5311),(49,3129),(83,1596)]	20.612982
557	[(0,2602),(5,2767),(7,2273),(15,4793),(78,2402),(80,3706)]	20.536196
558	[(6,3663),(24,1678),(32,2136),(57,1922),(88,932),(92,2646)]	22.151783
559	[(24,1942),(26,5621),(57,4153),(90,2525)]	45.842790
560	[(17,5657),(25,1896),(42,4265),(66,300),(69,3088),(71,2598)]	45.448400
561	[(25,2631),(34,938),(40,1048),(42,3322),(49,4595),(52,1321),(58,4968),(64,820),(88,52)]	45.859833
562	[(0,4025),(5,2688),(37,5723),(40,4285),(43,5321),(44,40),(63,4726),(71,4154),(74,5094),(92,2374)]	59.413133
563	[(1,1458),(16,2969),(45,243),(92,5312)]	76.130683
564	[(15,24),(23,2052),(29,1563),(31,4266),(41,3343),(66,5606),(79,5640),(80,5367),(82,341),(88,2098)]	49.726801
565	[(6,5746),(27,4243),(32,3366),(48,226),(52,2945),(63,3048),(66,3377),(78,4709),(80,100)]	46.070448
566	[(13,2621),(14,5438),(15,4011),(19,5643),(28,81),(51,3861),(62,4228),(63,4693),(64,291),(67,1120),(68,5586)]	43.703905
567	[(2,5473),(3,758),(13,3617),(30,931),(71,3087),(77,4924),(83,1950)]	43.158392
568	[(6,5470),(20,4689),(24,4184),(53,2408),(57,3455),(59,2163),(83,79),(84,2923)]	38.918395
569	[(30,4951),(31,2930),(38,4741),(45,2238),(49,2956),(77,1514)]	45.493765
570	[(9,2890),(31,5846),(35,5246),(54,998),(56,5276),(61,5258),(66,5278),(73,306),(92,4024)]	52.522031
571	[(22,1886),(48,4113),(53,401),(59,1262),(61,5830),(68,4319),(79,1245),(81,2519),(84,52)]	43.728396
572	[(3,3966),(25,5715),(37,644),(38,69),(42,3943),(51,3723),(69,5811),(79,1520),(84,5643)]	41.627807
573	[(1,1758),(19,5036),(23,1163),(24,3011),(43,3319),(45,5407),(62,789),(65,4681),(76,491),(90,5634)]	41.129847
574	[(8,5608),(46,4219)]	41.844529
575	[(2,435),(31,1147),(37,86),(42,4599),(50,5097),(51,3828),(53,3561),(62,1518)]	41.996238
576	[(11,4204),(13,2888),(68,402),(74,4786),(82,3076),(85,5098)]	41.183626
577	[(13,5711),(19,5135)]	41.193757
578	[(11,2663),(27,5176),(54,5705),(73,1387),(75,1061),(79,3950),(87,4252)]	41.122980
579	[(6,721),(8,3130),(11,4623),(12,222),(19,644),(21,2259),(22,849),(25,4629),(38,942),(47,3501),(60,2172),(68,126),(69,1982),(73,4290),(74,2584),(90,4746)]	41.010549
580	[(6,577),(8,3767),(24,1115),(32,5682),(42,1173),(56,2857)]	41.754923
581	[(9,2490),(25,255),(47,5348),(48,3628),(57,5713),(62,1355),(70,2808),(74,4719),(88,203),(91,1480)]	41.156152
582	[(13,2626),(22,329),(31,2964),(34,2690),(38,4844),(59,3192),(73,3132),(79,295),(89,4400)]	42.851825
583	[(9,204),(11,2456),(15,2345),(16,1469),(18,26),(34,3341),(54,2638),(56,5439),(63,1180),(80,0)]	48.560569
584	[(13,2607),(16,1428),(41,4431),(43,4520),(46,4207),(55,2572),(58,2451),(61,597)]	38.833421
585	[(6,3668),(31,2188),(38,4542),(39,1302),(52,3006),(53,5574),(62,216),(63,1788),(73,2023),(89,5526)]	40.663878
586	[(0,3313),(38,1279),(70,1504),(78,5543),(86,1527),(90,5600)]	41.343122
587	[(10,4425),(22,3977),(25,1692),(29,4361),(45,4678),(50,2147),(60,5244),(61,1779),(69,4819),(86,1982),(89,465)]	41.466851
588	[(20,2181),(29,153),(81,5256)]	40.188898
589	[(12,4690),(47,803),(64,3261),(68,3030),(89,1287),(92,4839)]	41.804720
590	[(6,4106),(24,4814),(56,5359),(57,580),(59,5333),(70,3672),(87,5039)]	40.218981
591	[(9,4444),(12,1090),(52,1420),(55,1840),(68,5183),(71,3544),(85,713),(88,4471)]	40.888953
592	[(2,2717),(3,3564),(10,2355),(34,2788),(40,2210),(44,4554),(52,2431),(68,4810),(87,4221)]	42.326878
593	[(11,1705),(31,4332),(40,5349),(55,4345),(62,595),(70,4367),(71,5010),(83,4201),(91,4877),(92,2694)]	41.201578
594	[(2,4609),(4,3207),(21,635),(26,1606),(33,3114),(40,5413),(44,196),(46,1795),(53,5546),(69,2431),(71,1428),(88,3455)]	40.324414
595	[(11,4351),(12,676),(14,1507),(23,5828),(28,2227),(33,2041),(48,769),(51,5057),(80,5750),(84,556)]	45.330065
596	[(7,749),(13,568),(32,2681),(38,3815),(43,4831),(57,1306),(60,5709),(61,747),(64,2666),(70,4821),(74,2765)]	47.793947
597	[(0,1143),(29,2623),(44,2178),(83,2687),(88,80),(91,575)]	44.965598
598	[(2,5192),(9,2279),(11,2352),(12,1589),(33,906),(50,3892),(62,3455),(70,4338),(72,2080),(89,3230)]	45.306291
599	[(7,2472),(31,3665),(33,4931),(47,5332),(51,3901),(89,5317)]	39.804517
600	[(12,3383),(13,3335),(48,3353),(63,4816),(64,784),(66,5047),(77,1424)]	42.834165
601	[(10,1412),(15,5457),(20,4228),(21,5602),(22,47),(38,4767),(52,226),(68,4442),(70,2648),(72,4705),(91,209)]	41.631471
602	[(1,2327),(17,5827),(28,2018),(54,249),(91,2761)]	42.668632
603	[(5,3741),(8,2889),(40,244),(56,3696),(59,804),(65,2339),(67,1543),(78,2173)]	41.327434
604	[(3,5521),(14,2057),(30,4872),(51,4838),(54,5666),(57,4768),(61,3324),(73,5708),(77,2547),(78,2852),(83,587),(91,4008)]	43.956001
605	[(9,619),(15,2313),(19,4365),(29,3754),(31,2533),(32,2452),(33,1219),(36,2562),(37,2507),(41,4095),(43,1724),(53,2328),(56,188),(61,3945),(75,3210),(81,185)]	42.866854
606	[(7,1110),(21,5371),(26,5538),(48,3558),(62,2891)]	45.361124
607	[(8,3515),(24,708),(35,855),(40,3901),(62,2850),(72,4698),(76,2203)]	43.734617
608	[(3,522),(9,2785),(11,5735),(16,1252),(35,769),(37,4216),(45,2604),(63,5387),(67,551),(71,2855),(80,2022)]	41.445906
609	[(0,5597),(2,4535),(4,5565),(34,2392),(51,4868),(59,40),(77,1652)]	42.470616
610	[(1,393),(18,3664),(31,3469),(38,4397),(44,2077),(54,2684),(57,4046),(58,5092),(60,4),(62,78),(65,1453),(72,769)]	42.814778
611	[(1,283),(24,528),(37,4845),(50,4886),(51,2169),(62,5245),(65,630),(67,5834)]	41.482247
612	[(3,3575),(13,2839),(54,64),(72,2116),(83,1872),(91,5714)]	41.862856
613	[(30,4272),(33,5717),(36,3469),(39,2001),(40,976),(44,71),(76,285),(88,1130)]	43.222421
614	[(4,699),(7,424),(47,1490),(49,2187),(87,850)]	40.862764
615	[(12,1500),(27,1861),(44,2880),(66,1250),(80,4175)]	42.338823
616	[(13,1816),(15,4214),(31,1039),(37,3717),(42,4793),(52,3519),(57,3053),(62,3167),(64,5599),(69,4596),(73,1916),(83,4890)]	44.571495
617	[(24,3424),(34,4189),(38,2920),(64,4995),(69,3440)]	41.736876
618	[(0,2376),(19,3844),(58,4826),(72,1798),(73,3324)]	42.063657
619	[(2,5291),(4,4842),(20,5474),(35,2475),(40,5378),(43,3231),(46,1523)]	40.951107
620	[(17,2279),(24,302),(34,1052),(53,1310),(61,3512),(62,4044),(70,2283),(75,3119),(77,502),(79,3696),(85,3228),(92,3187)]	52.933479
621	[(1,2829),(13,59),(14,5634),(15,712),(33,1222),(36,4048),(42,4366),(50,770),(52,760),(65,2545),(69,4764),(92,4885)]	46.389954
622	[(13,112),(33,5379),(46,3458),(49,4362),(79,1257)]	41.481267
623	[(0,1288),(3,4792),(17,1752),(40,1345),(47,927),(73,1738),(87,4828),(92,5264)]	43.773326
624	[(4,1197),(8,238),(27,3693),(38,4940),(42,303),(47,2243),(49,2557),(62,1338),(66,4357),(71,2902),(88,4282),(91,1352)]	40.889943
625	[(31,4841),(41,115),(44,3673),(54,1740),(71,2291),(77,4224)]	39.903218
626	[(9,1898),(17,5320),(25,312),(27,5748),(29,4225),(53,2998),(56,2821),(72,915),(75,1975),(79,276),(81,3493),(82,3163)]	39.669164
627	[(35,1087),(44,1608),(52,1806),(76,516),(77,4291),(84,4582),(89,5644),(92,1015)]	41.982905
628	[(21,3470),(48,2883),(72,3597),(77,3546),(83,4973),(84,5130),(87,1715)]	40.603657
629	[(7,2157),(47,1926),(48,266),(53,5144),(56,4365),(62,3311),(79,5146),(80,424)]	41.272699
630	[(4,4297),(5,527),(10,4698),(13,4434),(25,1928),(39,770),(49,3227),(51,2139)]	45.419917
631	[(1,1552),(15,1852),(16,2263),(21,1482),(37,4724),(59,1796),(66,968),(67,3733),(68,1688),(81,1165)]	40.757697
632	[(25,458),(48,2177),(59,980),(60,5151),(73,1345),(74,342),(78,1078),(83,2334),(87,145),(88,73)]	40.267730
633	[(14,3021),(16,5832),(25,4551),(48,5028),(54,5305),(59,4325),(69,4698),(84,4349)]	40.409372
634	[(16,332),(42,4423),(48,5088),(52,4757),(56,5101),(63,1512),(88,230),(92,1656)]	42.203788
635	[(4,114),(26,2412),(30,4454),(32,115),(40,650),(49,5204),(53,4693),(54,291),(56,3607),(70,3882),(77,2340)]	41.847063
636	[(8,3781),(19,2613),(31,3657),(53,5210),(68,4238),(71,1790)]	41.948627
637	[(11,4254),(20,5392),(22,1068),(23,3926),(29,3497),(37,3904),(53,4806),(64,1903),(80,1785)]	50.922923
638	[(6,413),(19,1604),(28,5321),(29,40),(32,2361),(63,3430),(65,2881),(73,419)]	46.622861
639	[(9,3957),(13,4954),(18,4221),(25,5),(27,5210),(29,1892),(39,2321),(73,5712),(74,623),(78,616),(81,3168)]	43.884369
640	[(10,839),(19,4929),(52,3341),(66,3262)]	43.543278
641	[(6,2841),(26,503),(34,395),(76,1742),(78,1023),(85,3761),(90,5699)]	38.506335
642	[(11,5262),(29,2565),(38,4409),(42,2749),(74,3841),(75,3004)]	39.793308
643	[(28,2814),(57,4540),(73,4496),(83,2969),(87,1591)]	44.676129
644	[(4,1737),(14,1002),(36,325),(78,2126),(82,2559)]	44.748832
645	[(21,4858),(24,5377),(25,2093),(40,1553),(44,4090),(48,3943),(55,5530),(56,4848),(60,5564),(62,8),(87,5353),(89,2958)]	48.012257
646	[(16,4082),(25,507),(26,2839),(38,197),(49,974),(70,1166),(74,3394),(79,2184)]	51.398997
647	[(0,4445),(5,1920),(42,1180),(46,880),(72,5159),(80,610)]	40.193579
648	[(62,5606),(80,1809),(87,1536)]	45.416055
649	[(15,2610),(26,5505),(29,3368),(31,563),(35,5048),(42,1001),(43,2637),(65,860),(80,2514),(86,4901)]	45.555778
650	[(4,150),(40,1570),(47,1519),(51,919)]	42.861135
651	[(2,3024),(5,2365),(26,5064),(35,3239),(36,2422),(68,432),(74,247),(92,3542)]	42.591310
652	[(2,2090),(3,3594),(6,5717),(14,1190),(18,1487),(21,1338),(27,1909),(34,5292),(67,955),(76,4583),(87,1526)]	43.539374
653	[(0,5846),(10,4098),(15,3973),(20,5111),(30,3088),(37,599),(41,1278),(42,941),(49,1714),(73,1219),(86,4988)]	45.138072
654	[(6,5468),(24,176),(28,3959),(65,2704),(69,3061),(73,1836),(77,1390),(87,417),(90,5755)]	44.218532
655	[(14,2276),(22,1035),(30,3737),(70,1322),(71,5247)]	45.582939
656	[(23,5838),(29,1155),(47,1739),(66,40)]	42.786291
657	[(33,2752),(35,499),(41,192),(49,3543),(57,2759),(60,979),(64,5403),(67,2663)]	35.600050
658	[(39,10),(49,4333),(61,458),(83,3985),(86,434)]	21.582806
659	[(0,2214),(4,712),(8,3709),(72,74),(79,2685),(87,5188)]	21.075653
660	[(5,4560),(9,5738),(14,3265),(41,2430),(42,2870),(51,2206),(68,1784)]	20.406123
661	[(43,2144),(44,3686),(51,1660),(52,452),(63,2936),(69,1467),(75,2337),(77,2915)]	20.684651
662	[(12,4935),(13,240),(34,1472),(37,5648),(46,4367),(47,5010),(68,4851),(69,2101),(82,3921)]	23.607833
663	[(2,3488),(3,1175),(25,5404),(30,4236),(34,2209),(50,5098),(54,4730),(69,969),(86,5076),(89,647),(90,1050)]	21.053499
664	[(0,2008),(20,2087),(47,3967),(60,3009),(82,84)]	20.530086
665	[(20,2855),(40,5587),(46,4030),(49,2891),(52,1527),(55,5540),(59,2801)]	20.579246
666	[(1,568),(2,813),(19,3520),(27,4188),(38,111),(43,3093),(47,105),(59,167),(84,3660),(87,4548),(90,2937),(91,5231)]	20.544881
667	[(18,1358),(29,2076),(44,1398),(48,5717),(51,3469),(85,1628),(88,3028)]	21.306297
668	[(5,304),(19,4430),(44,2388),(47,2933),(52,4350),(53,5447),(65,407),(72,4047),(78,343),(81,1036),(82,3297),(84,4651)]	22.996895
669	[(12,844),(18,864),(33,4145),(51,3200),(56,5588),(92,949)]	21.551959
670	[(9,2492),(10,4436),(13,5351),(17,2249),(18,3330),(19,441),(46,3526),(53,2010),(70,4754),(72,5196),(76,3041),(86,2472)]	21.519493
671	[(6,943),(7,5146),(16,307),(18,1686),(34,1819),(40,1834),(57,1482),(66,727),(68,3810),(70,1507),(86,68)]	21.442419
672	[(11,279),(38,5106),(76,3811),(84,5301),(92,401)]	21.421246
673	[(25,2958),(37,1089),(51,3240),(52,2840),(70,2512),(82,509),(87,2272),(92,3960)]	20.646970
674	[(5,769),(22,5349),(29,2639),(41,5042),(44,3815),(47,1486),(51,5031),(59,4656)]	20.919928
675	[(1,1901),(6,2944),(31,3013),(36,5596),(42,2079),(44,2918)]	20.693253
676	[(7,3366),(29,856),(33,2254),(46,5721),(65,5254),(67,331)]	20.778623
677	[(1,1016),(9,48),(23,2030),(27,1258),(28,3183),(29,3342),(34,4974)]	20.387173
678	[(4,2759),(27,1478),(36,4430),(38,3383),(44,3236),(55,5643),(79,4339),(92,1815)]	21.022175
679	[(1,1133),(3,2876),(20,2689),(22,5223),(58,731),(62,2961),(63,5812),(77,5455)]	20.724304
680	[(2,2459),(6,2973),(25,1402),(57,2613),(69,2535),(77,1056)]	21.008993
681	[(10,4756),(13,5606),(29,3679),(41,1905),(49,2138),(50,4423),(56,5114),(72,2157)]	34.100100
682	[(5,1233),(7,5435),(24,3738),(35,526),(43,4829),(54,5814),(56,2901),(64,1297),(86,1857)]	28.966157
683	[(12,3643),(33,5728),(37,4548),(38,1315),(56,472),(86,121),(92,3604)]	20.879314
684	[(11,458),(16,1842),(24,4589),(35,1788),(36,1479),(39,416),(71,4940),(74,5035),(81,4776)]	21.621785
685	[(0,906),(8,15),(12,2088),(16,3596),(44,1607),(71,2347),(78,2265),(81,1291),(90,1396)]	35.308617
686	[(7,1305),(29,2678),(33,395),(45,1861),(46,4958),(57,812),(65,1966)]	27.821042
687	[(0,1851),(5,21),(11,5639),(52,1066),(63,1048),(66,3324),(69,2253),(89,5117)]	20.655212
688	[(18,1365),(73,5762),(80,5471)]	20.823270
689	[(9,5763),(25,2676),(33,4502),(45,5385),(48,84),(65,1780),(68,5614),(75,5429),(87,3937)]	22.301185
690	[(1,4864),(12,2089),(14,2258),(16,1441),(19,244),(23,994),(48,4756),(51,5606),(65,805),(80,5280),(92,5005)]	21.316213
691	[(17,4517),(20,5116),(55,3659),(56,610),(63,2853),(64,211),(92,1934)]	21.294688
692	[(26,5092),(42,5163),(43,1177),(61,5620),(67,1306),(68,3805),(88,170)]	24.376065
693	[(0,3342),(45,2856),(49,2470),(56,1807),(73,5480),(76,4420),(77,5346),(92,1896)]	25.819612
694	[(23,1748),(31,1066),(41,4675),(44,4041),(50,856),(68,4930),(72,1030)]	20.690784
695	[(7,5247),(11,3191),(13,2055),(23,4042),(26,1870),(28,4256),(43,4462),(50,3528),(66,873),(80,3949),(85,1605),(86,5515),(91,1700),(92,1873)]	21.184293
696	[(1,4830),(2,4024),(26,4971),(56,2717),(58,3646),(80,4557),(87,2364)]	20.768761
697	[(20,2110),(22,2560),(24,4927),(31,3655),(36,5549),(46,1199),(54,4484),(68,5764),(75,5028)]	20.594133
698	[(10,4766),(20,3867),(35,2828),(41,4610),(42,2728),(48,2715),(55,2877),(57,4305),(59,4138),(66,2377),(91,2697)]	21.442109
699	[(12,2662),(19,2237),(26,359),(38,11),(40,3645),(42,83),(52,793),(55,5804),(61,2932),(64,4110),(68,4836),(73,4896),(89,4775)]	20.942705
700	[(4,70),(7,810),(12,5671),(36,4414),(43,1685),(46,4995),(77,2060),(83,2385),(92,3527)]	21.754329
701	[(1,249),(16,2431),(22,2017),(54,348),(68,3457),(70,4705),(80,3085),(82,1965)]	23.074351
702	[(24,1628),(31,2944),(37,2847),(38,928),(51,856),(77,3316),(83,5348),(89,5369)]	20.934076
703	[(10,4885),(19,241),(66,2263)]	20.467669
704	[(1,2193),(7,23),(8,4687),(11,680),(20,455),(27,1061),(45,611),(47,5498),(76,3220),(80,1229),(90,2119)]	20.719551
705	[(5,2713),(11,525),(23,5431),(24,1277),(34,5525),(44,1772),(51,4415),(56,4041),(66,1508),(67,1947),(79,3441),(90,1060)]	20.708892
706	[(15,2210),(35,2025),(57,5337),(65,4240),(82,704),(83,4073)]	21.366866
707	[(74,212),(76,133),(85,5592),(86,4994)]	23.836204
708	[(10,390),(20,2474),(64,1596),(71,3075)]	21.058314
709	[(9,5001),(20,2139),(31,5711),(59,3559),(62,4239),(71,4914),(85,578)]	22.283059
710	[(14,3795),(23,3653),(24,3563),(36,4874),(37,5257),(41,1171),(43,1273),(57,2994),(65,545),(75,3555),(92,1641)]	22.094889
711	[(1,135),(53,5597),(55,4535),(61,4644),(68,4775),(76,674),(78,1529),(89,2137)]	24.832807
712	[(30,5140),(35,4023),(41,2439),(42,5511),(61,191),(62,4081),(86,3183),(87,3337)]	23.288553
713	[(0,3297),(4,1623),(12,1617),(22,3103),(26,1077),(32,301),(60,4279),(63,2766),(83,548),(92,3233)]	20.829047
714	[(3,3217),(16,3322),(19,2012),(24,991),(32,5668),(46,4594),(53,3410),(67,3150),(77,4308),(82,4830),(83,4024)]	21.101193
715	[(42,1139),(47,4092),(65,3897),(66,5428),(78,2794),(87,5417)]	21.404920
716	[(1,1125),(39,729),(47,459),(53,4897),(76,1906),(84,1208),(88,1166)]	21.121522
717	[(7,57),(13,5599),(21,2817),(27,1812),(41,4458),(50,687),(52,294),(65,5361),(85,4249),(87,559),(89,5623),(90,3587)]	21.437124
718	[(17,2736),(19,5418),(31,3099),(41,4321),(62,4076),(67,1622),(76,3536)]	20.671856
719	[(13,708),(47,1527),(51,5457),(54,2858),(60,509)]	21.107441
720	[(10,20),(30,3380),(48,2320),(56,5651),(62,2492),(63,4436),(67,396),(73,4584),(77,2007),(86,5509),(89,2583)]	20.732115
721	[(7,3679),(18,908),(42,5133),(45,796),(64,5505)]	20.833621
722	[(24,3628),(41,4790),(86,5509)]	21.189938
723	[(25,624),(39,346),(51,509),(62,4318),(68,2394)]	21.071707
724	[(8,1172),(14,3486),(28,3619),(32,4679),(41,2628),(43,1448),(56,2597),(61,5116),(65,4872),(72,4862),(80,5513)]	23.237308
725	[(3,5465),(15,57),(20,4038),(30,5641),(56,968),(80,3428)]	21.108529
726	[(19,3699),(32,1547),(35,320),(40,2941),(60,4432),(70,1363),(74,4005),(77,766),(88,5521)]	20.418578
727	[(21,1178),(26,5599),(32,1572),(45,5569),(56,1696),(58,3911),(81,3799),(88,5584)]	30.359653
728	[(0,5611),(22,3621),(29,5545),(53,1549),(67,2177),(70,814),(76,3270),(80,3526),(84,2061),(87,2385)]	32.401123
729	[(13,532),(26,1149),(27,4233),(46,2235),(53,1020),(62,2951),(64,3938),(83,5237),(84,3475)]	23.140964
730	[(13,2284),(25,1848),(43,3108),(52,4525),(54,4246),(81,1395)]	21.463527
731	[(8,4417),(9,4942),(21,3099),(26,2647),(35,1575),(51,1222),(65,4855),(69,761),(74,4444),(81,823),(88,4251),(92,2462)]	20.777661
732	[(24,4742),(62,5004),(69,2434),(74,1308),(79,1168),(87,2209),(91,5102)]	20.618538
733	[(17,189),(18,3755),(25,2208),(26,1048),(30,294),(73,2394),(80,5446),(83,4450),(86,3912)]	20.883302
734	[(0,3218),(1,970),(4,1561),(6,2574),(31,3259),(58,86),(62,1576),(77,5270),(91,177)]	21.237379
735	[(12,145),(19,1823),(27,596),(28,5059),(32,1156),(42,5355),(79,1357),(88,4425)]	20.626025
736	[(1,2306),(11,5591),(16,5075),(39,3640),(41,4249),(54,4219),(56,4177),(61,5234),(62,3545),(74,1853),(75,2268)]	20.630009
737	[(1,2404),(12,5138),(14,843),(17,3260),(18,3874),(29,3673),(36,2883),(44,991),(52,1259),(71,5190),(72,4095),(80,5099)]	21.558561
738	[(10,3162),(13,4910),(14,4874),(15,5257),(39,3783),(41,1060),(58,2877),(70,966),(78,5550),(79,5580)]	29.383758
739	[(21,5780),(55,2409),(59,4335),(67,3332),(71,5683),(72,1991),(73,1828),(80,7)]	25.782145
740	[(49,2403),(70,3805),(72,3015),(83,2390),(91,1279)]	20.799793
741	[(6,5462),(34,2494),(39,3428),(42,5426),(46,3348),(50,3645),(53,599),(59,1923),(67,1361),(85,1699)]	21.677903
742	[(4,3806),(16,3925),(35,1166),(38,918),(41,3540),(54,143),(92,262)]	20.852364
743	[(14,3252),(30,1206),(44,3382),(47,303),(52,1764),(63,769),(69,2788),(74,2037),(75,3819),(88,786)]	20.457103
744	[(11,3928),(18,5082),(19,4508),(40,3429),(73,4382),(87,5680),(90,2841)]	20.818382
745	[(8,1771),(21,4204),(41,5142),(51,320),(57,367),(83,1495),(85,104)]	21.204681
746	[(15,1214),(20,599),(25,3606),(27,393),(29,642),(39,3274),(41,5779),(50,3870),(66,1074),(90,305)]	20.646651
747	[(1,484),(3,4177),(16,5414),(22,696),(46,1329),(50,714),(57,2738),(81,412)]	20.589151
748	[(12,4470),(31,3884),(33,1945),(34,424),(37,4984),(49,567),(74,4395),(75,1124),(82,1092),(87,224)]	20.848726
749	[(21,1826),(23,1895),(26,2782),(36,486),(47,5394),(49,663),(80,4104),(86,4173)]	20.580063
750	[(17,5496),(26,2834),(47,1550),(63,5467),(64,5577),(71,3378),(73,2180),(76,4669),(80,189),(81,544),(84,661),(89,1793)]	20.638186
751	[(0,3428),(3,4710),(4,2236),(12,84),(19,2102),(27,5267),(43,2333),(49,4760),(56,4974),(75,2434),(77,3065)]	20.607970
752	[(5,3311),(9,787),(11,4757),(18,4279),(35,665),(37,2184),(38,573),(59,1092),(79,2422),(81,5429),(82,1232)]	23.795477
753	[(17,2362),(34,5658),(35,5641),(60,2564),(61,2863),(70,3241),(84,1681),(91,972)]	22.336217
754	[(9,4968),(22,4427),(23,1167),(50,4236),(59,918),(61,2179),(71,3823),(81,3538)]	20.892984
755	[(0,3266),(20,4087),(23,4622),(36,5380),(48,508),(54,714),(76,290),(81,3696),(87,5538),(92,3283)]	20.555935
756	[(7,5534),(10,2233),(24,180),(30,1737),(33,2054),(43,4324),(49,823)]	20.703992
757	[(41,265),(43,5306),(50,336),(52,978),(62,251),(65,2864),(75,555),(77,1198)]	21.627688
758	[(2,5505),(19,2590),(21,1019),(32,5655),(48,3575),(51,5706),(63,3677),(67,4740),(81,3179),(85,2565)]	22.840344
759	[(41,2767),(46,1848),(49,4277),(59,5482),(71,670),(81,723)]	20.754867
760	[(4,3374),(34,1020),(38,5234),(39,3545),(49,1326),(50,856),(55,2683),(64,2392),(67,1879),(82,3382),(83,3334),(85,2939),(89,5155),(90,1126)]	20.573231
761	[(1,667),(4,5113),(12,1120),(17,4109),(22,4763),(43,1130),(65,751),(67,5801)]	20.952861
762	[(2,5331),(6,164),(7,4416),(21,1705),(33,4393),(36,4286),(46,226),(56,821),(72,5770)]	20.837988
763	[(10,2783),(21,2091),(41,4885),(64,4002),(71,5266),(72,1753),(75,4053)]	20.591578
764	[(0,4595),(10,1558),(20,4648),(54,3493),(55,3163),(66,2938),(71,3101),(90,1125)]	20.576343
765	[(0,4642),(2,1290),(9,1),(17,5328),(26,4154),(46,3897),(62,1110),(65,2867),(79,2959),(82,5579),(90,1855)]	20.472461
766	[(18,1562),(49,545),(51,3528),(54,1836),(55,4993),(72,2822),(75,1348),(77,4281),(80,4000),(84,3498),(85,1602),(89,4106)]	20.414217
767	[(16,1471),(26,4518),(60,2555),(77,5820),(89,140)]	20.442258
768	[(10,4762),(23,2626),(45,5715),(50,1890),(68,1285),(86,1933),(89,1255)]	21.142840
769	[(8,3754),(10,3176),(34,2635),(38,4316),(46,862),(49,846),(61,5527),(64,4865),(67,5422),(74,5024),(78,2413),(88,3825),(90,1801)]	20.534072
770	[(9,461),(17,4162),(22,4079),(27,2730),(30,38),(41,2701),(60,5117),(62,1092),(67,1594),(77,2908),(90,1590)]	20.689946
771	[(25,2366),(27,3041),(31,2366)]	20.663441
772	[(6,2005),(21,478),(27,2640),(36,1192),(54,4522),(57,33),(60,2675),(64,1784),(72,4933),(81,5401),(88,197)]	20.442483
773	[(16,2189),(32,2220),(36,355),(43,1398),(58,693),(62,5172),(79,286)]	21.557206
774	[(7,1361),(10,1910),(29,2081),(36,2505),(45,4686),(59,273),(60,3841),(63,2122)]	20.831652
775	[(7,5830),(12,4065),(24,3220),(28,3669),(40,2074),(43,2380),(51,1084),(58,4261),(61,2430),(73,3030),(85,2337),(91,360)]	35.307147
776	[(1,211),(4,470),(56,616),(83,2182),(86,4679),(88,710)]	25.747195
777	[(5,1047),(10,2684),(30,1569),(35,4192),(40,1668),(57,1468),(62,5246),(69,3549),(80,869)]	21.042423
778	[(7,1088),(15,2720),(22,5537),(25,4230),(40,4084),(52,1755),(76,4210),(79,2761),(84,1203),(89,5547)]	20.655799
779	[(12,3371),(24,2521),(30,4229),(33,305),(36,3329),(46,2832),(61,5438),(73,4232),(76,1020)]	20.866425
780	[(8,4277),(14,4370),(23,1045),(25,2512),(38,3291),(46,5200),(53,5734),(58,4115),(72,621),(75,351),(85,1284),(87,1600),(90,3944)]	22.167332
781	[(17,1537),(21,2176),(23,5484),(59,2796),(62,4623),(90,4247),(91,4251),(92,412)]	20.814860
782	[(12,4697),(18,4819),(19,3988),(20,1222),(23,2215),(54,1103),(67,4797),(84,5150)]	20.648965
783	[(16,4415),(18,4329),(20,3512),(21,4360),(22,993),(25,5425),(26,2152),(31,1615),(36,1722),(92,3606)]	22.039876
784	[(21,1562),(61,5379),(63,3050)]	28.492992
785	[(1,361),(3,2373),(5,1774),(12,1089),(21,1046),(36,2836),(40,2801),(41,4051),(54,5401),(56,5033),(65,5242),(72,1990),(81,3503),(85,4915),(92,4380)]	23.982022
786	[(2,4146),(6,2504),(41,5558),(43,4548),(48,1556),(53,5289),(60,2632),(63,954),(64,4959)]	21.132492
787	[(3,2231),(9,3625),(18,4977),(20,280),(32,3855),(44,4558),(45,118),(59,2813),(60,2053),(62,3662),(72,3066),(80,3590),(82,2905),(86,2676)]	22.063216
788	[(6,2),(20,2465),(46,4284),(52,4222),(73,3072),(74,3222)]	23.010731
789	[(28,1636),(43,733),(50,3073),(64,5633),(79,2023)]	20.957448
790	[(0,2424),(2,4611),(5,2266),(16,274),(22,5067),(57,1211),(59,404),(60,2964),(61,4991),(76,4031),(85,4166)]	21.193300
791	[(2,3540),(15,4232),(25,790),(42,3720),(44,67),(45,2079),(48,4574),(62,1754),(78,5311)]	21.236016
792	[(0,1306),(1,3805),(21,5828),(32,2497),(41,2233),(52,390),(69,1417),(73,4262),(79,5549)]	20.790850
793	[(46,1159),(47,4645),(54,1488),(62,3332),(87,3764),(90,789)]	21.074055
794	[(8,138),(14,844),(23,2519),(25,2557),(33,3459),(38,5633),(54,3139),(57,1594),(60,3521),(61,399),(66,4913),(67,1689),(72,4232),(77,4951),(78,2930)]	21.664580
795	[(7,4065),(10,1513),(11,711),(16,2957),(30,4989),(35,4216),(57,1304),(70,402),(74,203),(85,4279)]	20.942478
796	[(8,152),(16,916),(20,4675),(46,3384),(48,5191),(51,5441),(66,2949),(71,958),(75,2370),(90,626)]	20.723078
797	[(6,4610),(17,635),(21,501),(28,5635),(38,2348),(48,3645),(50,756),(51,3617),(65,4556),(70,86),(80,456),(92,579)]	20.412128
798	[(5,3190),(25,5013),(27,3872),(36,1065),(38,645),(50,2591),(56,4771),(58,2442),(64,3538),(77,2254)]	23.128295
799	[(3,4484),(12,1110),(20,2121),(28,2641),(56,5353),(70,4142),(74,4241)]	21.876844
800	[(10,3690),(18,2430),(19,2870),(30,247),(35,4542),(43,3280),(52,4027),(61,2571),(69,3240),(73,4271),(83,3272),(88,4446)]	21.172963
801	[(2,4196),(3,2596),(23,3529),(34,4317),(37,5637),(54,4467),(55,1655),(62,4479),(68,1391),(69,931),(70,4818),(79,5141),(83,4276),(85,5033),(90,4086)]	20.634077
802	[(61,3556),(86,4157),(89,1533)]	21.653193
803	[(15,774),(17,4870),(21,4422),(34,1771),(42,5469),(49,2696),(82,3065)]	21.949112
804	[(7,2219),(9,434),(25,3458),(57,1159),(85,710)]	23.239535
805	[(3,4655),(21,4673),(24,3193),(37,2383),(46,3975),(48,3994),(85,1951)]	20.790701
806	[(2,637),(4,739),(15,1258),(34,1969),(53,88),(59,5104)]	21.328976
807	[(27,233),(38,5030),(42,5026),(66,477)]	20.852132
808	[(30,3114),(34,897),(38,5679),(46,3928),(63,4197),(64,4905),(80,42),(87,5285)]	21.095275
809	[(9,3414),(11,1274),(13,2084),(25,3732),(26,3657),(36,3079),(40,2903),(42,1237),(64,467),(85,4738),(91,251)]	21.371188
810	[(4,2011),(12,4535),(13,35),(17,1177),(37,3275),(40,4834),(77,5229)]	21.923840
811	[(3,1126),(18,4083),(20,2536),(22,4692),(23,3437),(31,1090),(42,3480),(48,3717),(53,807),(74,4210),(81,5297)]	24.619387
812	[(2,4729),(34,2011),(45,768),(49,868),(52,3028),(56,3544),(73,1689),(77,5097)]	23.661770
813	[(7,606),(25,907),(50,660),(70,1349),(77,5527)]	21.842458
814	[(6,2051),(11,3399),(15,185),(31,4630),(36,45),(55,5088),(57,2682),(72,1340),(73,127),(79,2239),(88,1104),(89,1933)]	20.974674
815	[(1,2224),(7,4086),(42,3564),(62,1984),(74,1499),(86,403),(87,5271),(89,2126)]	20.758675
816	[(1,1554),(13,674),(21,2625),(51,2030),(58,4268),(64,1975),(68,4066),(69,428)]	20.820374
817	[(10,4377),(17,5504),(61,1155),(75,3881),(82,1621),(83,4790),(85,3929),(91,773)]	20.825543
818	[(1,4558),(18,709),(19,3519),(34,5176),(45,3867),(55,4519),(57,5825),(82,2273)]	20.600860
819	[(4,5565),(8,1935),(10,2221),(31,5593),(35,4349),(52,4037),(60,191),(61,2584),(85,4559)]	20.571164
820	[(0,2208),(12,5017),(24,362),(35,1594),(41,4931),(43,2825),(47,4959),(51,3882)]	20.420569
821	[(1,4647),(5,2898),(8,661),(31,4596),(34,5278),(48,4579),(61,5704)]	21.630092
822	[(38,4119),(51,2435),(52,780),(56,3657),(59,3187),(86,3659)]	33.266420
823	[(15,1079),(19,3425),(31,1457),(61,2515),(81,3903)]	28.051206
824	[(5,2887),(14,1473),(29,4439),(50,1161),(62,4922),(70,3751),(75,2635),(88,5742)]	21.046231
825	[(4,2860),(8,5577),(14,5534),(22,919),(30,2222),(31,3624),(38,4253),(46,2607),(50,2031),(77,1701),(84,2342),(89,816)]	20.808035
826	[(19,1635),(26,2694),(29,5196),(34,3087),(38,631),(46,4076),(48,3198),(53,1771),(59,4858),(86,5561),(92,1251)]	22.679522
827	[(15,5112),(22,2573),(29,1585),(41,846),(63,1716),(74,2522),(76,5258),(86,415),(91,4498)]	21.159805
828	[(3,303),(22,895),(41,3776),(52,3371),(53,235),(56,5428),(61,2685),(64,1539)]	20.700250
829	[(3,1571),(22,1134),(24,5151),(48,2510),(59,1040),(87,4275)]	27.523537
830	[(0,3454),(6,1346),(20,283),(36,1762),(43,1153),(45,3594),(55,349),(64,4423),(66,3394),(75,2263),(86,1652),(87,4574)]	24.448924
831	[(5,4871),(10,1767),(15,649),(16,281),(20,5691),(28,2150),(30,2248),(42,2043),(44,2158),(56,2629),(77,2112),(84,3085)]	20.830854
832	[(0,1353),(10,822),(16,3359),(21,2566),(30,1534),(32,3285),(40,3177),(47,4426),(63,3646),(68,3489),(76,4373),(81,936)]	21.475818
833	[(9,492),(20,359),(32,1111),(43,3198),(51,1414),(52,3943),(74,3296),(76,530),(79,2668)]	22.657561
834	[(2,1018),(8,1253),(11,5789),(15,4661),(21,278),(32,571),(77,1908),(81,19),(88,2557),(89,1098)]	20.519842
835	[(23,5175),(24,5559),(39,2299),(47,539),(58,5660),(59,4517),(78,2009)]	22.406702
836	[(9,3796),(10,3306),(14,3377),(18,1573),(23,2970),(24,4),(33,4314),(38,1012),(47,2041),(63,3389)]	21.110955
837	[(4,2408),(6,4043),(36,1071),(44,1648),(45,2074),(51,3068),(52,2044),(60,5054),(61,2659),(81,1293)]	20.895676
838	[(9,5403),(15,1973),(18,606),(21,915),(34,1338),(48,5691),(52,2157),(56,3970),(60,5257),(69,65),(81,3608),(91,1674)]	20.953011
839	[(0,3856),(9,289),(10,699),(20,821),(22,2028),(24,2053),(34,959),(36,2244),(65,3542),(83,2377),(90,300),(92,149)]	20.564806
840	[(32,5548),(46,5811),(48,1627),(64,1238),(79,2778)]	20.844722
841	[(8,2787),(16,1786),(18,5100),(44,294),(54,2242),(55,1478),(60,77),(67,4529),(68,5053),(76,1473),(78,5585)]	20.654367
842	[(6,2539),(24,5724),(67,3905),(80,754),(81,1729)]	20.509687
843	[(13,4225),(14,4285),(20,2887),(22,1535),(32,4966),(35,5458),(41,4982)]	20.389750
844	[(1,1806),(13,2787),(16,3392),(41,2034),(45,2339),(46,4607),(50,972),(56,3738),(75,1476),(91,1552),(92,4286)]	24.210677
845	[(12,3695),(54,4134),(73,3795)]	20.603241
846	[(11,1953),(19,4806),(40,5750)]	20.932925
847	[(11,5543),(13,2405),(49,3711),(56,1991),(83,3014)]	20.811406
848	[(5,1314),(18,1699),(20,4910),(21,4874),(28,2473),(37,2746),(64,4508)]	20.769593
849	[(11,1509),(34,1921),(43,4796),(44,1549),(45,2757),(50,4134),(55,1388),(68,247),(70,1417),(73,2213),(91,267),(92,1500)]	20.742761
850	[(1,5792),(16,1659),(17,1391),(22,385),(42,4696),(59,3765),(70,911),(82,2717),(92,3822)]	22.956021
851	[(14,912),(18,2947),(36,1139),(44,197),(49,2526),(68,4651),(89,1472)]	20.618416
852	[(20,426),(21,597),(26,4835),(33,5342),(34,3678),(46,2122),(60,4280),(80,4451),(83,1380)]	21.002038
853	[(0,4802),(13,4634),(26,657),(37,5052),(47,4704),(69,5354)]	20.829899
854	[(3,4493),(16,2726),(37,478),(39,5508),(46,1644),(65,2025),(92,5106)]	21.045607
855	[(5,4425),(19,4881),(27,2216),(62,4055),(80,1268),(86,4482)]	20.788118
856	[(2,2127),(7,1016),(8,3793),(21,1652),(73,3590)]	20.638714
857	[(0,528),(19,2511),(23,5837),(56,3835),(75,306),(92,4886)]	20.794602
858	[(38,4030),(55,4286),(63,67),(68,4214),(73,1884),(82,4662),(90,129)]	21.592292
859	[(44,5431),(45,1277),(62,1527),(70,3650),(75,2200),(83,438)]	20.855466
860	[(1,1384),(9,745),(16,3390),(26,3463),(42,1057),(55,1513),(56,711),(78,594),(84,423)]	21.240043
861	[(5,1704),(6,2576),(20,2209),(22,2530),(29,3705),(30,1763),(59,3622),(62,4145),(91,4753)]	20.528865
862	[(1,596),(6,2011),(12,275),(22,782),(26,2),(49,158),(62,92),(89,3309),(92,5135)]	20.852755
863	[(2,3520),(22,4367),(36,753),(38,3287),(42,1146),(60,141),(62,5),(64,5210),(80,2693),(84,2351)]	21.510355
864	[(0,5538),(19,4941),(58,1871),(67,4448),(69,4350),(72,3873),(77,5689)]	20.721408
865	[(8,5809),(11,3981),(14,2954),(31,5453),(32,5176),(38,4428),(50,3084),(51,3907),(54,3101),(73,4166),(77,2570),(79,636)]	20.736195
866	[(22,4295),(24,2534),(40,3937),(47,3035),(53,1372),(56,1103),(65,1279),(71,2150),(72,1030),(75,4561),(82,2766)]	20.722791
867	[(3,5644),(8,4365),(37,860),(42,238),(48,2016),(60,4486)]	20.967942
868	[(22,1032),(24,4313),(38,4358),(40,5835),(59,3289),(60,3140),(80,2613),(90,4979)]	20.629035
869	[(1,1120),(14,113),(26,108),(80,365),(90,2617)]	20.992824
870	[(13,1482),(15,5111),(74,2389),(80,2975),(88,4166)]	39.066587
871	[(4,584),(5,5034),(16,4460),(58,5577),(63,1435),(75,3733),(84,5068),(85,5555)]	23.673760
872	[(17,2834),(21,5189),(25,909),(33,463),(36,872),(40,146),(51,5136),(56,4314),(73,1105),(92,5778)]	20.672870
873	[(4,4509),(6,4905),(14,3005),(22,5428),(34,1405),(51,2208),(53,2395),(67,1186),(74,5816),(88,4796)]	21.010142
874	[(12,1744),(14,4916),(27,5571),(48,1308),(51,2380),(58,414),(59,5002),(60,3567),(74,306),(90,3391)]	20.940298
875	[(3,5320),(35,1997),(37,3809),(44,5532),(45,4855),(46,4509),(61,312),(67,3839)]	28.622500
876	[(4,4954),(27,1842),(51,5314),(58,3306),(65,4687),(67,1049),(69,4019),(73,3463),(82,33)]	25.659755
877	[(4,4019),(15,2977),(23,5107),(24,5169),(25,1095),(32,4559),(51,4058),(64,3304),(68,1486)]	22.584291
878	[(0,4812),(3,2075),(6,311),(14,2526),(40,3574),(59,171),(68,2961),(70,1790),(72,1171),(79,4587),(85,5080)]	20.786483
879	[(7,4992),(30,4372),(41,2592),(43,2547),(44,2852),(59,2214),(63,642),(90,2859)]	21.997107
880	[(18,4386),(28,4296),(33,4282),(46,3717),(64,304),(86,3367),(87,4853)]	21.271943
881	[(11,5164),(23,4595),(37,5568),(45,778),(48,2391),(76,892)]	20.732019
882	[(3,2503),(6,3371),(7,235),(12,4332),(14,4360),(30,2229),(49,733),(79,3222),(86,3370)]	20.956174
883	[(5,5086),(21,920),(29,3357),(43,2278),(49,379),(55,4025),(61,2772),(62,1912),(69,1662),(81,2)]	20.598106
884	[(3,4888),(18,842),(21,335),(32,1620),(33,3965),(53,3947),(62,3250),(65,2684),(72,3429),(78,1662)]	20.837950
885	[(5,4953),(8,1449),(38,4554),(48,3250),(54,4696),(61,4298),(65,2708),(71,771),(86,3056)]	26.332580
886	[(14,4672),(22,5032),(30,5680),(56,5407),(69,1216),(73,1226),(89,3388)]	27.389353
887	[(10,2280),(20,7),(26,3282),(43,5264),(65,4191),(91,155)]	20.933633
888	[(30,649),(41,5241),(45,2407),(56,4325),(61,5407),(64,4319),(65,3360),(71,1809),(87,452)]	20.727271
889	[(1,1698),(5,4438),(7,834),(33,5607),(59,4801),(75,5842),(78,2287)]	21.408198
890	[(1,5737),(8,3235),(52,4556),(72,3093),(86,4642),(88,1578)]	22.946853
891	[(64,776),(92,2590)]	21.836774
892	[(7,4804),(19,1608),(33,2993),(39,2717),(40,3564),(58,3317),(70,5480),(91,5628)]	21.293600
893	[(4,4150),(13,1095),(26,654),(60,243),(67,4154)]	21.570516
894	[(19,3562),(29,3387),(34,5698),(73,4112),(81,3767),(87,1714),(91,4001)]	29.715534
895	[(2,4526),(37,4446),(47,5193),(73,4204),(78,1148)]	22.693581
896	[(5,4091),(21,3481),(41,2330),(55,112),(63,5015),(79,2522),(83,699),(90,4715),(91,5222)]	20.795125
897	[(4,4222),(43,889),(49,2717),(50,3564),(68,287),(71,3167),(86,4583),(91,2702)]	21.580483
898	[(4,648),(33,789),(53,5064),(63,3960),(82,3058),(89,1828)]	23.122803
899	[(19,5814),(38,1869),(79,3523),(90,3713)]	21.274305
900	[(31,2329),(32,5622),(48,2329),(90,4634)]	21.461361
901	[(0,4363),(16,3939),(36,102),(63,229),(87,2715)]	35.859469
902	[(15,1473),(20,567),(31,3032),(38,1541),(39,76),(49,3381),(51,740),(53,4186),(85,3880)]	39.263340
903	[(32,2467),(43,4984),(45,960),(48,1963),(50,980),(51,5151),(57,120),(63,2275),(68,4541),(85,1179)]	20.984908
904	[(5,4284),(20,1583),(27,2880),(29,1477),(50,5691),(53,254),(60,5319),(69,3328),(75,4038),(84,3478)]	20.836655
905	[(3,3152),(24,1358),(41,3717),(49,581),(55,4072),(58,2277),(62,2443),(65,1280),(69,4702),(72,4464),(74,20),(80,2592),(84,2906),(89,3491),(91,4788)]	20.792289
906	[(7,1909),(11,2892),(17,5268),(34,3301),(41,5507),(49,961),(54,223),(55,22),(76,2780),(77,1873),(81,4927),(92,4060)]	20.766622
907	[(12,2170),(22,2329),(23,5622),(27,3200),(47,2218),(55,5234),(63,92),(85,620)]	21.887443
908	[(3,543),(6,3991),(13,1785),(21,1847),(33,169),(36,274),(40,2648),(44,3279),(45,4224),(57,1634),(68,3754),(79,5341),(90,1072)]	22.351599
909	[(0,2728),(7,3036),(11,425),(14,4380),(16,5258),(19,195),(31,5186),(36,3260),(38,5206),(45,5119),(77,178),(79,5694)]	21.337813
910	[(7,4782),(29,5733),(39,2633),(41,1111),(53,3053),(70,4796),(72,18)]	33.700517
911	[(0,1610),(9,2509),(10,2964),(15,3434),(27,3062),(29,916),(42,1459),(53,2861),(55,4484),(62,1029),(64,5397),(65,1289),(68,3639),(70,5270),(75,3139),(76,1193),(87,4070)]	21.095114
912	[(1,27),(5,5247),(9,1274),(12,1173),(23,1311),(27,1301),(48,5228),(59,4729),(63,5272),(92,1300)]	20.989111
913	[(4,4032),(14,4678),(18,2314),(22,1739),(43,2380),(56,1490),(74,5293),(84,2118),(89,2366)]	21.444132
914	[(1,3137),(3,1481),(7,2642),(36,4334),(40,4711),(45,1493),(49,5252),(55,4876),(70,1221),(73,4376),(84,2519)]	37.451816
915	[(1,260),(11,4569),(27,5042),(29,5637),(32,4196),(74,3370),(80,191),(81,2584)]	26.528346
916	[(18,5470),(20,1236),(48,4502),(60,3397),(65,3642),(85,4982)]	20.626915
917	[(6,2190),(27,3983),(33,438),(41,4286),(47,5473),(48,758),(50,2371),(68,1692)]	45.650325
918	[(5,4398),(13,537),(18,3555),(42,2025),(46,3012),(53,5009),(56,4555),(65,5034),(70,3382)]	44.893905
919	[(6,4513),(17,4047),(38,3852),(42,4477),(61,1534),(67,744),(70,4051)]	45.478344
920	[(33,4041),(44,1302),(54,2650),(59,410),(72,229),(75,2949),(82,5116),(88,2805)]	45.126661
921	[(9,3520),(18,333),(32,536),(45,117),(51,218),(52,1640),(74,1712),(85,4598)]	46.181477
922	[(3,1348),(37,950),(51,5540),(65,2324),(72,836),(84,1439),(86,3836)]	35.061137
923	[(11,3792),(17,4754),(22,2166),(23,5110),(29,327),(33,474),(44,4906),(52,2132),(59,135),(77,1373),(79,2935),(83,2700),(84,5808)]	21.529916
924	[(2,4799),(25,4951),(33,4297),(44,423),(80,3913),(91,3170)]	21.073914
925	[(12,3817),(28,2910),(55,5501),(58,843),(59,2134),(60,4365),(88,4812)]	21.839297
926	[(2,505),(12,2307),(16,3008),(21,5445),(51,5646),(52,2729),(62,1233)]	21.927715
927	[(7,4473),(13,2658),(18,3211),(19,3549),(24,4267),(56,2383)]	24.087219
928	[(13,2046),(20,4438),(23,2453),(30,4331),(41,2662),(48,3161),(50,5757),(62,2770),(63,1448),(91,413)]	20.767386
929	[(3,1096),(11,102),(28,2873),(37,4633),(49,5421),(58,3254),(66,5556),(67,0),(74,1313),(84,3225),(86,4115),(89,329)]	22.099099
930	[(15,179),(33,4323),(37,2080),(43,3256),(55,2939),(57,3790),(61,1133),(71,2036)]	21.247945
931	[(2,3481),(8,3787),(17,1599),(56,5694),(58,2464),(62,2542),(67,872),(74,3150)]	22.494478
932	[(12,4380),(43,5044),(86,489)]	23.788438
933	[(7,1605),(10,5635),(16,4718),(27,1312),(28,4769),(37,3232),(66,3638),(76,4504)]	21.161512
934	[(0,302),(10,5632),(22,5517),(23,1960),(52,3921),(71,1646),(74,5273)]	22.022568
935	[(1,4907),(2,3836),(4,99),(38,5729),(47,5103),(51,3121),(52,3163),(57,1050),(64,4747),(70,755),(83,1909)]	21.220125
936	[(14,2303),(17,2092),(41,5758),(45,229),(47,2636),(55,194),(64,4957),(72,5555),(73,2799),(77,5620),(83,1888),(84,5299),(86,2070)]	20.898349
937	[(1,762),(20,4652),(23,3521),(46,3938),(67,2668),(69,2727),(84,981),(92,2359)]	24.154728
938	[(1,377),(29,4178),(37,1727),(61,3196),(65,2210),(73,1418),(81,1752),(87,562)]	21.364906
939	[(2,3594),(15,512),(20,2914),(31,645),(39,2180),(67,1441),(72,5028),(87,2848)]	21.650678
940	[(6,4819),(26,200),(29,3752),(32,5553),(33,2476),(46,1212),(53,1876),(56,1864),(65,599),(83,1116)]	21.195926
941	[(7,975),(8,4689),(9,3663),(22,4199),(31,4668),(51,2291),(52,3370),(56,637),(61,3411),(68,5803),(74,3563),(80,4753)]	21.353796
942	[(11,273),(20,1755),(23,4266),(31,493),(40,4033),(89,1299),(90,2339)]	21.200761
943	[(4,3931),(10,392),(11,1840),(12,5154),(13,3919),(32,5212),(38,100),(42,4923),(46,5083),(54,5310),(81,4614)]	20.715257
944	[(9,4374),(32,4196),(33,2596),(36,4440),(48,2588),(49,4239),(63,5614),(72,1360),(75,2933),(78,5230),(87,4405)]	21.533773
945	[(14,2587),(18,726),(27,1823),(35,2120),(36,3805),(38,3015),(52,1311),(80,2667)]	21.664179
946	[(2,2276),(19,5000),(24,3219),(27,3297),(47,1991),(48,3395),(52,3324),(69,1847),(71,215),(73,1321)]	22.889510
947	[(0,4230),(4,966),(21,518),(28,3167),(30,567),(75,527),(89,3479),(91,4171)]	20.476098
948	[(3,2880),(8,4157),(9,3551),(10,1574),(11,1570),(31,4750),(41,2805),(58,593),(80,5216)]	21.165898
949	[(7,4083),(10,3868),(15,3829),(17,2381),(18,1270),(26,1571),(31,504),(36,597),(75,3309),(79,4359),(90,4129)]	20.826693
950	[(2,3667),(21,4880),(31,2711),(40,2607),(52,5319),(65,5328),(72,5350),(84,3866),(92,2001)]	21.068183
951	[(6,880),(14,4576),(22,3870),(25,1309),(29,5549),(37,3912),(48,4552),(52,5362),(58,4022),(74,5160),(79,4752),(80,1875)]	20.937458
952	[(3,1187),(19,995),(27,2036),(33,4854),(40,3723),(47,4311),(78,5516),(92,5565)]	20.972312
953	[(7,3348),(27,4828),(29,878),(32,2855),(50,2490),(54,3361),(55,783),(59,2625),(62,3286),(85,3906),(91,1565)]	23.761940
954	[(1,5722),(20,5603),(28,4826),(35,749),(56,5242),(78,2182),(91,2354)]	21.856204
955	[(4,2893),(16,3934),(43,1520),(49,5667),(72,201)]	41.783399
956	[(7,4702),(18,4763),(33,2473),(44,5534),(48,4657),(52,2800),(54,4826),(56,1065)]	25.539789
957	[(5,580),(7,5333),(12,3823),(15,2618),(27,561),(40,4447),(52,2851),(54,4843),(55,1145),(66,2737)]	26.164082
958	[(4,2730),(14,3021),(28,972),(44,5120),(50,4285),(54,3421),(55,2380),(75,5794)]	21.670201
959	[(0,3899),(3,1917),(19,2060),(24,2406),(31,119),(32,3350),(49,5722),(65,2574),(82,394),(83,2631),(86,3155)]	21.203092
960	[(0,3661),(17,3918),(18,2669),(32,3565),(33,639),(42,3829),(57,606),(76,864),(86,1963),(90,4855)]	22.693384
961	[(7,5301),(24,4715),(30,5062),(49,2886),(65,1558),(80,4478)]	20.930268
962	[(17,2926),(27,4189),(31,391),(44,3539),(52,2736),(60,4005),(74,3369),(91,2986)]	20.817309
963	[(3,2338),(5,446),(6,195),(10,2103),(12,1658),(25,821),(36,519),(38,2888),(47,1038)]	21.020903
964	[(25,3924),(34,943),(37,169),(47,4306),(48,5180),(68,3053)]	22.082985
965	[(0,2681),(45,710),(49,522),(53,3343),(57,1268),(59,3822),(66,808)]	23.831766
966	[(4,4493),(11,2330),(12,3109),(48,4786),(60,1090),(67,3087),(80,4231),(81,5701)]	21.058560
967	[(6,1822),(18,1272),(24,4049),(26,2180),(69,1986),(80,5269),(82,3038),(84,1116),(85,2260),(86,1784)]	20.941493
968	[(18,4704),(19,4987),(20,5002),(35,498),(67,2287),(81,4283)]	21.259212
969	[(3,4553),(5,3221),(7,1029),(24,1920),(56,3560),(71,4928),(79,3657),(85,3022)]	23.230482
970	[(15,80),(23,2969),(27,3952),(30,5612),(39,3465),(41,863),(47,607),(69,3561),(71,5748),(73,1486),(85,1225)]	21.529767
971	[(18,4414),(24,5811),(38,1773),(43,3618),(54,3517),(55,4248),(62,0),(68,38),(76,3714),(81,1628)]	24.864942
972	[(13,5048),(19,2577),(29,1250),(57,5404),(77,5801)]	21.423980
973	[(9,786),(26,1053),(44,2414),(60,4636),(70,2537),(71,4220),(78,3414),(80,1447),(84,2315),(88,1327)]	20.478163
974	[(28,2971),(36,1026),(41,647),(42,5243),(57,3348),(58,1324),(59,4381),(64,3137),(67,383),(75,4689)]	20.837486
975	[(1,4978),(14,1739),(21,1734),(29,2736),(48,1357),(50,5381),(65,4670),(68,1039)]	21.262884
976	[(10,5679),(17,2396),(25,3145),(41,2154),(62,5435),(63,3944),(71,2435)]	20.832947
977	[(23,4037),(29,2455),(33,503),(40,5362),(57,3565),(90,3927)]	23.865655
978	[(9,2451),(10,2592),(16,5158),(25,1137),(44,2611),(52,1463),(53,505),(54,3782)]	22.789905
979	[(11,613),(15,4078),(45,5518)]	20.894666
980	[(6,2501),(26,3923),(35,1401),(37,4379),(59,229),(60,1509),(66,5818),(86,2120)]	21.042381
981	[(11,3856),(30,193),(34,5074),(40,5328),(62,916),(67,4466),(69,4467),(70,1655),(79,707),(87,2838)]	20.937291
982	[(6,334),(14,5534),(42,5777),(50,2895),(78,1924),(79,4408)]	21.153055
983	[(6,385),(13,4390),(15,5289),(48,1298),(57,4686),(65,1320),(74,1027),(91,4663)]	21.157915
984	[(10,3475),(39,3420),(46,5636),(51,2963),(62,1)]	21.465875
985	[(5,4509),(14,1430),(30,4554),(32,77),(53,2651),(58,3210),(76,5444),(84,1047)]	21.171154
986	[(11,1704),(18,1234),(26,5092),(42,1758),(56,4217),(84,5768)]	21.612083
987	[(6,2387),(9,2791),(11,5715),(12,996),(28,1667),(33,5355),(49,858),(57,2761),(72,2500),(73,187)]	21.015133
988	[(8,697),(16,447),(30,1667),(51,5450),(60,2728),(63,1491),(83,1433)]	21.742434
989	[(4,2774),(6,2913),(7,2607),(15,715),(25,379),(44,3429),(58,4593),(61,1031),(64,2145),(66,4450),(73,2572),(79,5398),(81,4335),(82,5751)]	21.293318
990	[(18,3457),(46,1473),(50,762),(62,68),(67,1647),(70,917),(73,5045),(83,2681),(89,3792)]	22.188881
991	[(1,3820),(4,4471),(52,3518),(57,4514),(74,1030),(76,4175),(82,2929),(83,387)]	23.353330
992	[(6,2278),(7,2559),(15,297),(18,588),(30,1238),(56,2917),(79,5664)]	22.423435
993	[(6,5142),(22,3431),(32,839),(37,3833),(38,4061),(50,5426),(54,4420),(55,5346),(60,4229),(82,1166),(87,4125)]	22.017170
994	[(8,1026),(20,708),(28,3823),(34,3514),(38,1048),(72,1340),(83,5273),(84,2606),(88,2792)]	22.171987
995	[(3,5029),(10,1616),(11,3939),(26,4722),(39,2461),(40,3369),(48,2426),(54,95),(62,792),(67,5047),(90,4803)]	20.922520
996	[(1,122),(10,4154),(14,108),(78,4525),(82,1617)]	20.655967
997	[(0,5335),(2,3938),(5,4250),(22,5111),(36,2889),(50,1335),(52,5365),(59,681),(77,2639)]	21.756429
998	[(17,3000),(48,5205),(50,4959),(59,2042),(72,546),(75,4651),(88,855),(90,635)]	21.279528
999	[(13,469),(32,5236),(37,3634),(45,4359),(59,3049),(61,4107),(62,1827),(75,535),(76,4189),(85,1817)]	20.537856
