ruleset_index	matches	time_ms
0	[(30,2183),(37,1287),(92,3267)]	17.909280
1	[(8,1083),(13,2581),(37,2748),(62,3016)]	19.214743
2	[(5,380),(20,1260),(23,1576),(76,1060),(85,3942)]	17.640614
3	[(25,536),(44,1027),(62,1045)]	19.235028
4	[(50,372),(74,1347),(89,3323)]	17.917201
5	[(52,2281),(56,48),(73,3796),(81,1723),(82,594)]	28.773721
6	[(17,644),(23,118),(34,4008),(35,763),(62,3927),(69,722),(72,4407),(84,1233)]	30.299244
7	[(2,1914),(56,1705),(74,770),(76,2121)]	18.047604
8	[(24,633),(49,954),(55,2239),(84,3333),(88,4241),(89,4370)]	17.753808
9	[(0,2575),(4,1943),(50,3427),(83,1305)]	18.424111
10	[(10,3055),(22,1115),(33,2191),(69,1473)]	17.535555
11	[(8,2642),(9,643),(10,2184),(50,463),(51,3602),(52,1805),(58,3785),(82,3898)]	17.618435
12	[(14,785),(17,3736),(24,2576),(31,2212)]	18.530784
13	[(11,494),(27,579),(43,1721),(46,3086),(50,708),(60,1664),(81,126)]	18.481084
14	[(0,774),(13,2022),(44,3043),(51,1773),(65,952),(67,235),(84,3912),(87,1008)]	18.044486
15	[(21,4250),(59,1086),(64,3999),(65,4012),(68,2405)]	17.617867
16	[(9,1375),(29,1387),(42,125),(46,1993),(54,1954),(75,4182),(76,2702)]	20.393465
17	[(11,3570),(86,4324)]	17.670321
18	[(3,3819),(5,38),(17,3637),(24,2829),(25,2995),(48,225),(76,4082)]	17.661582
19	[(0,4346),(1,3370),(3,1988),(4,2386),(7,204),(53,1469),(73,514),(88,2302)]	18.669382
20	[(9,3422),(30,1077),(49,877),(72,3127),(80,3867),(82,1179),(83,2745)]	18.268936
21	[(0,2922),(17,2407),(25,288),(56,188),(59,2268),(64,4231),(65,3097),(85,4213),(90,4386)]	19.724330
22	[(12,1083),(18,2686),(22,3859),(55,1032),(66,3522),(75,3689),(83,1350),(85,4436)]	20.157950
23	[(6,3186),(26,1717),(35,142),(36,1884),(59,230),(79,203),(80,1583)]	19.980043
24	[(5,1297),(21,2778),(53,2091),(58,3676),(80,1273),(87,3844)]	17.748002
25	[(21,1659),(25,2922),(58,3540),(67,1576),(79,2191),(82,3583),(84,663)]	19.656754
26	[(30,1570),(52,3270),(61,2792)]	18.003338
27	[(29,788),(36,1197),(37,2869),(40,3897),(69,1489)]	19.306547
28	[(1,503),(30,1833),(44,2632),(46,1787),(50,211),(85,3856),(89,1871)]	18.136387
29	[(62,3624),(70,1472)]	17.986598
30	[(14,76),(38,2968),(43,2072),(57,1078),(69,506),(72,1423),(75,15),(76,995),(81,4460)]	17.781543
31	[(9,3316),(11,3524),(34,3969),(53,3885),(61,2324),(74,1684),(78,328),(81,1758),(82,1074)]	18.207625
32	[(39,786),(40,3870),(44,337),(48,361),(56,2311),(73,1973)]	17.853763
33	[(9,2034),(21,3309),(29,978),(37,4449),(54,2297),(74,3208),(75,1310),(90,3950)]	17.986533
34	[(0,3172),(6,683),(9,1278),(33,2922),(46,3710),(61,74),(63,2217),(64,488),(72,843),(82,4021)]	19.043801
35	[(1,857),(21,2094),(36,34),(51,2387),(56,1006),(63,3632),(84,1927)]	17.993278
36	[(10,1015),(29,2933),(39,4262),(51,3303),(66,3047),(69,767),(70,2639),(79,443),(83,20)]	19.381583
37	[(14,126),(26,2160),(29,2484),(38,4317),(44,2654),(54,1970),(77,468),(79,1647)]	17.984893
38	[(1,2196),(2,893),(10,269),(16,2173),(24,364),(25,4169),(29,2116),(30,1106),(35,1221),(49,3849)]	17.792944
39	[(1,3822),(31,1025),(36,65),(53,3328),(86,597),(92,3588)]	17.830194
40	[(3,3071),(39,1757),(77,405),(81,453),(86,2058),(91,1852),(92,2767)]	19.042992
41	[(24,1742),(26,2928),(30,3049),(31,298),(39,4055),(55,2486),(66,2078),(85,2251)]	17.675945
42	[(18,2686),(22,421),(33,15),(44,3184),(74,4017)]	17.744080
43	[(10,114),(34,3337),(35,1223),(49,2940),(51,3689),(57,4263),(89,1499)]	18.945998
44	[(28,4233),(40,606),(43,2553),(49,2053),(59,2309),(70,1316),(87,2350)]	17.850488
45	[(34,3754),(54,3642),(67,2503),(78,642),(84,3999)]	17.714276
46	[(29,3037),(32,2561),(87,1510)]	23.861547
47	[(4,837),(20,117),(31,1411),(58,1475),(66,2225),(70,1431)]	21.485798
48	[(13,4260),(19,34),(50,2350),(55,1287),(76,1147),(79,2537)]	17.858929
49	[(3,41),(58,4040),(77,4306),(87,1296)]	18.224084
50	[(4,55),(9,432),(10,648),(16,1324),(18,305),(23,767),(39,2560),(59,4111),(85,3142)]	19.207504
51	[(13,1021),(21,2738),(86,920)]	18.573595
52	[(23,592),(38,3459),(63,3438),(72,3431)]	18.260979
53	[(40,2015),(43,1057),(76,291)]	18.619784
54	[(17,2458),(32,2750),(43,501),(53,3937),(65,814),(75,3586)]	17.919840
55	[(9,410),(21,1331),(40,3394),(42,2807),(78,558),(82,2654),(92,3480)]	18.166540
56	[(24,1827),(31,2448),(38,3215),(53,2384),(71,1297)]	18.837260
57	[(3,3742),(5,878),(25,3967),(41,3970),(42,3211),(48,2662),(65,4411),(82,2574),(87,3330),(92,425)]	19.004806
58	[(24,2562),(31,4357),(60,1975),(82,2706)]	17.898543
59	[(8,3772),(14,146),(20,2648),(36,3738),(44,182),(46,323),(73,3857),(80,2104)]	20.454343
60	[(0,2237),(5,1292),(50,371),(51,1103),(65,250),(84,2904),(86,1786)]	28.677879
61	[(5,1555),(20,3386),(28,2721),(36,742),(38,2040),(39,3980),(56,1493),(64,3362),(69,3879),(74,1171)]	26.704100
62	[(12,1190),(44,757),(63,2077),(66,3036),(72,3556),(85,746)]	17.855970
63	[(10,1045),(25,4442),(30,940),(33,4432),(36,3536),(68,1614),(92,642)]	18.227947
64	[(29,321),(64,3328),(85,3929)]	18.138024
65	[(34,1485),(37,3040),(41,4371),(60,4244),(87,3367)]	19.648680
66	[(2,4118),(25,2809),(26,4485),(54,4175)]	17.976329
67	[(0,2761),(6,3981),(18,3981),(19,3243),(30,4032),(80,4086),(84,2942)]	18.425514
68	[(6,2174),(10,1062),(24,3938),(31,141),(38,3440),(41,24),(88,969),(92,2894)]	18.100421
69	[(10,4200),(16,623),(27,2974),(36,1874),(60,2612),(66,1267)]	17.850137
70	[(48,1761),(50,1167),(83,4294)]	18.332561
71	[(4,1628),(49,3866),(70,1754),(76,2191)]	18.339383
72	[(0,4414),(8,4247),(11,160),(40,973),(90,3865)]	18.897015
73	[(21,2752),(28,4257),(47,251),(64,311),(83,2180),(84,810)]	18.491343
74	[(3,3336),(28,2892),(38,1651),(69,3862),(84,1676)]	20.697218
75	[(15,2182),(18,2059),(34,1669),(46,619),(47,126),(59,1065),(89,3898),(92,3474)]	20.308493
76	[(15,2759),(23,1713),(33,4056),(43,3810),(46,3141),(67,3728)]	19.784320
77	[(26,963),(85,2149)]	22.066512
78	[(13,1367),(17,1795),(19,1012),(27,44),(31,4397),(34,1807),(73,2732),(74,520),(90,666)]	18.529391
79	[(26,2734),(41,3105),(66,539)]	17.600789
80	[(0,2813),(3,1344),(20,2102),(27,28),(28,2000),(40,764),(83,2787),(89,3927)]	17.909618
81	[(16,3496),(28,2138),(29,1977),(30,3864),(72,594)]	17.630794
82	[(32,1527),(41,4439)]	17.761329
83	[(11,919),(15,979),(43,4227),(48,2021),(88,3995)]	17.572623
84	[(30,2918),(35,2208),(36,2530),(55,1289),(71,3865),(79,2181),(80,2888),(81,876),(88,3506)]	17.873561
85	[(9,2944),(25,297),(50,4448),(62,1120),(75,335)]	18.326054
86	[(11,1544),(23,2254),(54,55),(62,4263),(86,4298)]	17.881522
87	[(15,2910),(26,731),(50,2932),(67,2861)]	18.367033
88	[(32,1648),(47,1863),(71,3855)]	18.350227
89	[(18,2098),(31,1239),(92,1718)]	19.234035
90	[(18,3329),(33,2072),(55,3825),(78,3565)]	19.126335
91	[(11,3929),(13,834),(14,313),(32,1869),(73,4140),(83,855),(86,37),(92,3023)]	19.921047
92	[(7,3160),(15,1104),(17,4471),(64,3632)]	19.006630
93	[(8,3291),(23,4108),(64,3623),(78,1113),(87,631)]	17.703073
94	[(23,2465),(33,1002),(43,2433),(58,1498)]	19.061939
95	[(8,697),(15,1417),(20,1724),(33,741),(37,3302),(55,3772)]	18.147005
96	[(25,636),(34,2342),(36,1349),(40,2111),(63,3107),(75,1193),(91,1618)]	17.918287
97	[(46,4316),(61,1048),(73,3125),(84,4452),(88,3848)]	18.790227
98	[(13,3630),(25,810),(27,2109),(54,580),(64,1890),(68,3952),(86,2790),(90,1235)]	25.308500
99	[(20,3985),(29,1254),(33,1070),(49,1618)]	31.579331
100	[(6,1327),(12,3324),(18,1369),(48,1475),(55,4234),(71,4125),(76,2238)]	19.400391
101	[(3,2694),(7,3027),(9,3504),(32,3106),(35,3922),(61,4200),(64,3087),(79,322)]	18.484594
102	[(31,2460),(32,2382),(42,653),(43,3115),(52,3190),(70,314),(74,3131),(75,4301)]	20.233145
103	[(19,2993),(29,69),(37,962),(65,338),(68,3194),(90,3976)]	20.624536
104	[(12,813),(18,846),(28,2771),(31,2485),(36,4463)]	18.418620
105	[(2,3737),(26,1326),(49,3059),(50,476),(69,1394),(84,3144)]	18.994104
106	[(1,4125),(33,2233),(82,4309)]	18.485459
107	[(8,2094),(16,1854),(23,1283),(56,2891),(59,1023),(71,612),(81,2575),(88,582)]	17.794420
108	[(65,2275),(69,1981),(92,3143)]	17.960470
109	[(14,486),(15,3242),(40,1462),(42,2348),(59,334),(67,1026),(79,1639)]	18.008764
110	[(0,2996),(18,2988),(25,3720),(44,3674),(46,2275),(56,3081),(80,1391),(86,2910)]	19.339210
111	[(4,1764),(6,2620),(20,2857),(22,744),(26,3269),(30,559),(71,1519)]	24.882744
112	[(14,2555),(45,2062),(82,645)]	22.380444
113	[(15,4169),(29,3432),(59,609),(79,3599),(81,3129),(90,3988)]	31.723722
114	[(3,731),(7,744),(10,621)]	25.817654
115	[(0,641),(24,2801),(48,2736),(54,1679),(65,2809),(66,4485),(68,2289),(69,1667)]	18.616065
116	[(29,886),(35,1481),(43,431),(58,105),(78,3143),(82,89)]	31.396755
117	[(13,3627),(28,2703),(39,622),(49,703),(82,649)]	20.150557
118	[(32,59),(36,2708),(45,4144),(48,1099),(51,4303),(53,2130),(72,3423),(78,1515)]	18.299525
119	[(9,788),(26,2957),(37,2371),(38,1663),(45,3646),(53,154),(87,2464),(90,4370)]	18.624827
120	[(6,2287),(9,1685),(25,455),(43,2634),(48,1437),(65,477),(86,465)]	18.956937
121	[(21,1518),(53,1084),(78,2747)]	18.514210
122	[(15,3466),(19,736),(31,1830),(39,1822),(50,755),(52,3677),(59,4450),(76,4364),(80,4115)]	19.134237
123	[(0,2629),(31,2808),(39,3120),(41,3084),(49,971),(56,1614),(64,2179)]	17.741936
124	[(24,1426),(26,613),(31,2827),(37,3837),(43,4123),(67,4195),(81,155),(85,3325)]	27.690483
125	[(19,4322),(42,3051),(53,2284),(60,3772),(68,3985),(80,1080),(81,887),(91,2713)]	18.127551
126	[(23,500),(30,2688),(33,607),(41,2873),(71,683),(73,2952),(81,953)]	18.019445
127	[(2,2716),(14,2460),(54,164),(62,2414),(63,1427),(91,2173)]	19.202198
128	[(19,1814),(26,2255),(34,2675),(42,2936),(53,1245)]	19.601806
129	[(13,4318),(25,4004),(32,525),(38,3323),(39,2707),(40,3177),(49,1882),(57,2786),(62,4467),(67,3762),(83,533)]	19.323044
130	[(1,440),(17,3995),(19,4002),(50,1876),(53,230),(60,134),(64,881),(69,1749)]	17.934954
131	[(8,3442),(39,4145),(58,2196),(61,214),(66,1818),(69,1949),(72,3644)]	17.893238
132	[(34,820),(52,3722),(67,3026),(80,4389)]	27.659581
133	[(3,3213),(8,1536),(49,3497),(55,3294),(64,3335)]	41.140631
134	[(10,4124),(13,1929),(18,778),(22,1468),(27,2505),(32,3908),(33,3932),(70,3661),(77,2491)]	24.100115
135	[(2,4079),(18,863),(45,3591),(65,2880),(72,3667),(87,776)]	21.216967
136	[(5,3006),(25,270),(36,2610),(51,4023),(56,4256),(67,353),(89,93)]	18.472822
137	[(7,2043),(15,1526),(29,1905),(31,12),(35,4029),(53,1133)]	17.742612
138	[(6,4200),(69,4031),(74,2068)]	18.704159
139	[(12,1265),(18,797),(34,3933),(89,2318)]	19.622237
140	[(22,4308),(25,1328),(49,4397),(86,3198)]	17.801318
141	[(4,2972),(10,4072),(13,3658),(16,520),(24,3894),(34,1903),(40,2835),(51,3316),(60,3164),(74,4314),(92,3882)]	18.198861
142	[(6,2337),(11,2471),(39,2154),(57,3071),(65,386)]	30.908312
143	[(26,4414),(34,4455),(36,953),(56,3665),(57,2873),(65,1366),(79,2920),(80,1968),(82,3662)]	18.253544
144	[(8,612),(14,2283),(23,1415),(47,3081),(49,4084),(82,4054),(84,1887)]	17.765180
145	[(31,3098),(33,3124),(38,2640),(49,3962),(72,1609),(91,1254),(92,2979)]	21.074956
146	[(35,4060),(71,917),(72,1392),(82,3135)]	23.474711
147	[(1,825),(5,3090),(12,3705),(23,4060),(70,2167),(82,2255),(84,2072)]	17.509983
148	[(5,2380),(23,3937),(25,3891),(29,1142),(49,2912),(53,3221),(62,1421),(69,401)]	18.592675
149	[(5,3635),(6,24),(16,2577),(35,2288),(60,3903)]	20.576183
150	[(27,2427)]	40.274399
151	[(35,300),(42,455),(48,745),(64,1426),(90,2835)]	39.309148
152	[(18,8),(48,4053),(70,322),(72,3905)]	40.809417
153	[(75,953),(80,1600),(81,2406)]	39.441934
154	[(16,1381),(17,293),(25,147),(62,904)]	41.007358
155	[(5,2057),(9,1925),(12,1219),(18,1629),(26,2612),(30,2658),(60,1321),(64,1284),(81,546)]	17.886840
156	[(16,2759),(25,4157),(70,4439),(71,1796)]	17.640950
157	[(1,919),(2,204),(18,268),(31,3498),(47,861),(51,3315),(55,4331),(74,1374),(92,175)]	25.752333
158	[(6,2832),(20,2903),(57,3225),(59,3466),(73,1168),(84,1141)]	33.914715
159	[(11,3193),(27,1800),(71,2623),(90,1733)]	18.288066
160	[(10,2905),(18,3638),(23,1456),(41,29),(62,4213),(63,1026),(66,3158),(85,1798),(88,944)]	18.122046
161	[(1,2695),(3,613),(4,889),(13,4318),(40,3805),(44,3388),(45,1474),(46,99),(47,3152),(63,3737),(64,4280)]	17.892688
162	[(26,3276),(32,456),(35,1507),(61,2009)]	20.043898
163	[(0,3573),(21,426),(26,2169),(29,3789),(35,2839),(46,3587),(47,1630),(58,2239),(73,85),(82,3985)]	18.276535
164	[(48,564),(63,745),(87,905)]	17.956497
165	[(6,2026),(15,1751),(32,535),(42,1244),(58,1149),(67,3094),(76,80),(90,2886)]	18.475276
166	[(13,1769),(40,4431),(54,858),(79,1461)]	17.510968
167	[(10,3495),(13,2405),(28,3301),(30,2568),(31,308),(38,1998),(43,172),(50,2393),(52,3643),(60,2609),(62,522),(63,3409),(73,3015)]	18.417133
168	[(11,3376),(19,2587),(20,2226),(40,781),(48,2281),(67,2035)]	17.481171
169	[(23,894),(47,3212),(63,1914),(65,45),(81,1939),(85,1519)]	18.600843
170	[(0,925),(12,1576),(23,390),(25,2116),(54,2683),(58,4389),(85,437),(88,1575),(91,3527)]	19.011392
171	[(0,98),(24,935),(47,1653),(54,850),(56,4435),(57,3492),(61,3235),(75,625)]	21.504969
172	[(4,57),(6,1696),(10,2014),(11,3118),(12,157),(18,2464),(23,857),(34,1889),(54,2334),(82,744)]	19.630032
173	[(11,3559),(13,884),(24,2067),(56,3918),(58,2759),(67,805),(72,4289),(87,3888),(88,4305),(90,2200)]	20.281979
174	[(18,572),(40,2035),(43,1496),(58,447),(72,502)]	18.183901
175	[(12,2950),(19,2480),(47,858),(78,3641),(86,1875)]	21.319776
176	[(12,2554),(30,3464),(51,3251),(61,1835),(69,3537),(73,2806)]	18.113972
177	[(13,1136),(25,2968),(69,40),(73,261)]	17.651645
178	[(17,4179),(24,1441),(59,1999),(85,2946)]	19.021536
179	[(23,414),(33,4122),(39,456),(64,3581)]	18.061384
180	[(5,2809),(22,2712),(25,2522),(38,4213),(45,1096),(46,2561),(47,2942),(66,1676)]	17.703307
181	[(43,3206),(48,1087),(61,2107),(67,1070),(85,2033),(92,4219)]	18.226776
182	[(8,3859),(16,2079),(23,2519),(33,225),(44,3690),(67,3593),(81,3690),(83,459),(87,579),(88,4350)]	19.141296
183	[(15,541),(19,2396),(44,3190),(46,3245),(55,1498),(76,566),(88,1090)]	17.922540
184	[(13,3804),(25,1015),(37,2826),(47,3319),(73,486)]	17.577564
185	[(71,900),(83,757)]	18.926027
186	[(46,4131),(62,799)]	18.523052
187	[(25,3237),(39,3831),(42,3672)]	17.633668
188	[(19,1211),(32,3334),(40,4174),(43,1578),(51,95),(79,3606)]	17.544457
189	[(15,4426),(19,2234),(25,4103)]	17.704287
190	[(13,3569),(26,770),(46,1309),(52,863)]	19.253456
191	[(12,3069),(52,2799),(58,4240),(61,3310),(68,1039),(79,2820)]	19.975284
192	[(6,900),(11,3671),(26,2829),(32,4375)]	24.087676
193	[(2,534),(47,2265),(50,1369),(60,55),(63,4023),(65,1664),(72,1265)]	22.224528
194	[(14,2559),(50,4451),(60,1358),(62,1781),(68,572),(69,1316),(87,3119)]	18.638736
195	[(70,2073)]	18.082126
196	[(11,3274),(17,3403),(28,1379),(32,3298),(35,2628),(81,3385)]	24.236399
197	[(8,1228),(21,3502),(26,1296),(33,4486),(39,1743),(65,3961)]	21.699734
198	[(47,3914),(48,2603)]	18.870179
199	[(12,2459),(15,2975),(20,4123),(33,2961),(40,756),(59,4483),(75,3432),(77,2905)]	18.297361
200	[(4,1778),(7,1945),(31,3068),(57,4164),(73,349),(82,1710),(84,1257),(87,4374)]	18.282429
201	[(2,3823),(25,4125),(29,4167),(31,3658),(43,802)]	17.908673
202	[(14,1114),(33,1299),(47,707),(64,639),(73,595),(80,2066),(92,4409)]	19.256826
203	[(2,3286),(5,3361),(7,1333),(17,1528),(47,3919),(49,3312),(59,3588)]	17.740296
204	[(20,2720),(36,1088),(45,1548),(50,1712),(56,3622),(78,3207)]	18.271482
205	[(11,1685),(19,1515),(31,710),(32,667),(35,3827),(40,734),(58,234),(60,3206),(87,2722),(90,3538)]	20.780125
206	[(9,954),(22,3593),(33,3477),(44,89),(76,173)]	17.574104
207	[(7,1512),(8,3075),(12,1863),(17,473),(32,2256),(38,3183)]	17.406309
208	[(26,3805),(29,4082),(33,2193),(45,687),(55,4080),(66,845),(70,187)]	18.645965
209	[(2,2356),(31,268),(35,1340),(69,3097),(91,2261)]	18.621841
210	[(2,4373),(42,3323),(61,3392)]	19.994249
211	[(37,602),(47,3225),(67,920),(69,2084),(81,1141)]	29.826162
212	[(10,2373),(42,3331),(51,2463),(69,122),(74,1860),(81,2513),(89,2952)]	32.125102
213	[(4,2109),(8,3723),(19,1590),(60,2937),(65,2205),(77,2545)]	17.897487
214	[(10,64),(16,3844),(23,1336),(25,1169),(26,610),(37,3799),(44,2400),(70,528)]	19.639990
215	[(0,4025),(2,47),(16,621),(24,2351),(46,607),(57,1766),(63,3693),(76,3733),(89,2127)]	18.144332
216	[(10,910),(23,2156),(34,3121),(36,2181),(42,2039),(71,4057)]	18.477453
217	[(37,3795),(46,3291),(53,725),(82,756),(84,768)]	17.596119
218	[(8,3011),(27,4273),(77,2966),(78,2917)]	17.669156
219	[(5,450),(12,370),(21,2464),(40,1146)]	18.910869
220	[(23,3449),(25,1497),(39,2185),(48,3297),(73,2210)]	18.340418
221	[(9,4477),(22,2137),(45,4326),(47,3760),(60,2986),(89,4347)]	17.663100
222	[(0,1149),(22,711),(29,3727),(58,4355),(62,4156),(68,2224),(79,3992),(87,1756)]	18.596522
223	[(36,149),(67,3215)]	20.896495
224	[(27,3452),(58,3117),(85,3742)]	18.265072
225	[(16,1641),(36,2431),(42,3428),(77,2864),(78,1233),(83,111)]	17.609884
226	[(6,464),(62,545),(66,1665),(92,2056)]	25.124096
227	[(6,2818),(50,4024),(52,4023),(70,3919),(81,1941)]	20.748667
228	[(33,362),(56,2682),(59,29),(78,200),(87,4144)]	17.667738
229	[(12,1229),(13,2789),(18,390),(19,1659),(40,2942),(61,1799),(91,3139)]	19.398245
230	[(22,2448),(37,2187),(39,730),(47,1238),(64,3798),(88,319)]	20.437582
231	[(4,4450),(15,4477),(24,1931),(54,2285)]	20.091139
232	[(1,3604),(20,1649),(27,3938),(66,4057),(86,208),(88,2279)]	22.954437
233	[(10,4147),(27,1732),(28,1206),(33,1869),(43,467),(46,3419),(47,1081),(49,970),(50,2635),(54,2392),(69,3762),(77,4443),(78,2),(85,2032),(92,37)]	20.310561
234	[(21,1448),(36,1224),(51,1364),(68,48),(73,860)]	20.845418
235	[(7,336),(13,4116),(32,2577),(43,2331),(63,1443),(80,535),(84,892),(88,499)]	19.360426
236	[(15,662),(19,2320),(24,4121),(39,3096),(59,3406),(72,2793),(76,2225),(82,1783),(86,3116)]	20.766837
237	[(4,545),(13,2216),(17,1406),(34,1216),(42,3327),(45,3850),(50,4072),(51,1540),(77,4425)]	19.302735
238	[(15,1989),(21,3649),(22,2300),(27,1945),(31,2366),(32,98),(68,367),(84,1638)]	19.330036
239	[(37,571),(89,3258)]	18.790342
240	[(1,1305),(13,2723),(41,811),(54,4469),(68,1431),(70,3782),(73,3627),(86,1546)]	19.363201
241	[(7,1489),(11,1563),(16,1006),(23,2966),(34,1749),(50,2470),(68,1453),(70,420),(71,3345),(79,3379)]	17.971993
242	[(13,2775),(31,4328),(41,456),(43,3106),(45,2494),(51,1860),(54,3844),(66,4424)]	24.917773
243	[(14,3115),(21,3628),(26,3366),(42,3456),(45,2079),(72,3265),(88,3964)]	20.418889
244	[(2,2484),(14,3211),(48,2359),(57,3075),(73,2314),(83,2237)]	19.533635
245	[(48,1585),(58,943)]	18.758413
246	[(18,3309),(44,2288),(50,936),(84,1322)]	18.583661
247	[(15,890),(17,1202),(28,3257),(29,3208),(36,1123),(74,3343),(87,2654)]	19.133468
248	[(16,85),(34,3740),(38,265),(46,3706),(76,2516),(79,3664)]	17.781315
249	[(2,3554),(18,746),(69,513),(80,2056),(87,750)]	17.531431
250	[(6,2783),(17,4178),(20,3522),(25,1142),(51,2121),(56,2360),(60,2194),(61,319),(82,4412),(86,345)]	17.395962
251	[(2,3601),(7,1791),(9,2517),(35,1456),(59,3046),(61,1436),(76,2650)]	17.455173
252	[(18,1059),(20,1890),(31,2565),(92,467)]	18.008317
253	[(2,866),(5,194),(7,2187),(9,730),(25,554),(26,1957),(62,2784),(74,4142),(78,717),(88,2215)]	18.228191
254	[(20,855),(35,4007),(43,2841),(44,1234)]	17.588167
255	[(38,4085),(40,227),(67,2479),(69,1767)]	18.065197
256	[(20,1075),(30,3375),(46,3198),(55,2107),(56,2894),(59,2219),(65,583),(67,578),(83,365)]	20.009092
257	[(9,3991),(35,2460),(39,1026),(59,362),(62,3808),(71,2886),(72,3652),(85,4479)]	18.025956
258	[(11,19),(28,1960),(36,1139),(39,59),(78,4479),(84,4128)]	18.565427
259	[(20,1778),(25,2037),(55,1754),(58,3650),(63,365),(64,1925),(78,1502),(82,1928),(84,3695),(89,28),(90,2000),(91,3140)]	17.510650
260	[(24,3785),(35,1514),(49,50),(52,3041),(55,3132),(84,1239),(86,479),(87,1479)]	19.132580
261	[(3,2454),(11,3994),(15,4448),(34,3613),(38,1614),(44,1645),(92,980)]	18.275353
262	[(4,2663),(37,1651),(45,2649),(56,2369),(58,2502),(67,3256),(68,1684),(72,732),(82,2805),(92,1733)]	19.346501
263	[(0,385),(18,2158),(24,3960),(36,2233),(47,4164),(55,1263),(57,289),(69,26),(70,1413),(73,3620),(86,3268)]	17.928554
264	[(10,3633),(15,3218),(37,1993),(43,4367),(45,5),(59,3158),(85,1939),(86,1194),(91,3017),(92,3965)]	19.474714
265	[(12,905),(47,328),(57,1736),(61,1285),(71,4276)]	36.089493
266	[(0,2153),(2,4066),(6,2902),(62,1983),(74,2556),(86,2747)]	18.706524
267	[(10,2125),(30,2660),(36,1543),(37,1397),(57,1146),(60,4478),(70,1738),(78,3849)]	18.085055
268	[(2,1349),(12,663),(28,4148),(80,516),(87,4005),(90,2996)]	18.193740
269	[(4,1319)]	17.754921
270	[(20,2579),(21,3619),(34,432),(41,728),(46,3748),(47,2596),(54,4351),(56,1169),(57,610),(69,1363),(91,844)]	18.437592
271	[(24,3784),(71,1842)]	17.791326
272	[(6,3573),(8,4163),(12,3342),(23,1586),(42,1964),(53,2761),(54,139),(56,3706),(83,1082),(90,3069),(91,2100)]	17.618139
273	[(43,2888),(44,876),(53,745),(60,724),(65,2332),(80,2262)]	17.550560
274	[(2,1076),(3,3002),(48,1502),(90,2832)]	17.888908
275	[(9,215),(43,2897),(83,2426)]	20.194491
276	[(5,3159),(7,1741),(22,557),(58,2613),(68,1476),(75,3262),(88,1705)]	18.811040
277	[(8,3644),(12,2185),(19,30),(28,1326),(49,2219),(53,1492),(64,2171),(67,1430)]	17.538114
278	[(26,3047),(44,31),(50,1266),(56,179),(91,1681),(92,821)]	21.170418
279	[(10,3233),(11,1995),(36,250),(56,746),(63,856),(91,3344)]	39.709651
280	[(0,3897),(28,2057),(40,2778),(57,1826),(58,1913),(76,1849),(83,4092)]	36.012338
281	[(6,822),(25,3951),(46,2842),(47,156),(53,1129)]	36.430954
282	[(0,444),(14,3320),(16,2837),(17,3946),(24,3637),(26,15),(30,464),(33,3870),(65,120),(76,2055),(80,2740)]	41.806115
283	[(25,398),(28,2869),(77,1883)]	35.758458
284	[(25,2100),(41,1556),(44,3770),(49,753),(55,843),(59,2239),(75,1297),(90,2050)]	34.759445
285	[(24,3653),(34,975),(46,137),(54,1802)]	34.302953
286	[(6,1453),(8,420),(9,3345),(18,1941),(29,2525),(30,237),(55,693),(58,1714),(92,1224)]	36.255548
287	[(12,2480),(20,1788),(41,2216),(42,2817),(48,1863),(52,3526),(62,3824),(67,2985),(84,1374)]	40.648046
288	[(13,330),(14,2578),(33,681),(36,3717),(38,3183),(43,2454),(49,1162),(63,74),(85,650)]	37.182418
289	[(9,1203),(10,2367),(13,376),(21,1764),(36,2106),(39,677),(42,3318),(43,4226),(52,2860),(54,2395),(77,2552),(80,4450),(92,519)]	36.742871
290	[(7,4103),(12,938),(18,3218),(27,833),(49,83),(88,328),(91,2722)]	35.163546
291	[(3,955),(14,1435),(17,1972),(19,2831),(21,1793),(31,542),(35,3191),(45,2713),(47,598),(51,1452),(53,1971),(66,1834),(78,3329),(80,808)]	35.233643
292	[(22,2390),(62,2585),(89,2351)]	36.090570
293	[(54,300),(55,2761),(56,139)]	36.304302
294	[(11,3896),(36,1046),(63,607),(74,3560),(76,3342),(78,3044),(89,236)]	39.405329
295	[(32,194),(62,1345)]	40.248011
296	[(6,3103),(8,3571),(32,3795),(67,4371),(68,3677),(79,1066),(91,3727)]	40.591714
297	[(10,946),(45,3052),(49,2254),(57,239),(84,1031)]	39.748297
298	[(19,4442),(22,840),(40,2814),(46,526),(70,25),(80,3532),(88,2143)]	35.427219
299	[(0,3858),(5,3626),(39,4080),(51,709),(60,1791)]	40.223247
300	[(9,1679),(12,647),(17,1957),(22,1133),(25,223),(55,3515),(63,3892),(64,1060)]	38.545785
301	[(2,176),(6,3014),(18,3595),(42,1592),(83,880)]	36.696234
302	[(19,95),(36,1642),(37,1060),(72,1694),(88,3746)]	35.033445
303	[(40,2207),(65,2416),(79,780)]	36.573033
304	[(10,4309),(15,1478),(53,2479),(56,1081),(76,582),(89,1334)]	35.779240
305	[(14,3820),(51,2290),(53,1834),(58,2864),(59,3101),(71,1695),(78,3335)]	34.952911
306	[(44,2130),(60,3643),(91,4347)]	36.366451
307	[(32,1693),(39,209),(51,312),(63,3797),(87,2545)]	42.728681
308	[(12,4166),(21,3986),(49,491),(71,4412),(79,670),(87,530),(89,365),(91,3565)]	39.612388
309	[(24,709),(44,4131),(52,2358),(54,3321),(83,414)]	35.102828
310	[(36,1538),(44,4366),(55,2765),(67,3078),(68,1684),(72,2004)]	33.967226
311	[(15,2035),(27,1869),(34,3130),(52,3838),(54,836),(58,4439),(61,1933),(78,1077),(85,2130)]	33.912459
312	[(0,2395),(5,1408),(11,2869),(21,1915),(42,2149),(57,3579),(70,1052),(73,2200),(89,1433)]	35.278152
313	[(16,2328),(23,2380),(44,2452),(64,1621),(66,1644),(69,4153),(71,4347),(81,1367),(90,3794)]	35.211907
314	[(26,2109),(54,814),(65,2528),(73,3796),(79,3687),(80,2740),(81,2592),(88,1192)]	41.662760
315	[(16,2725),(17,2543),(88,1481)]	34.240561
316	[(16,2332),(19,143),(43,1607),(74,694),(81,1514)]	35.405694
317	[(42,1141),(49,96),(58,2264),(62,1366),(69,2097),(78,1448),(80,1898),(81,809),(87,1705)]	34.771778
318	[(8,2090),(26,3422),(72,1129)]	37.531070
319	[(9,2741),(24,3029),(26,4124),(33,2305),(35,3313),(45,3468),(47,2293),(58,2030),(60,3903),(87,329)]	36.547226
320	[(5,3141),(11,1433),(23,287),(26,2855),(35,602),(41,237),(53,4282),(58,4404),(66,2013)]	37.350131
321	[(5,2991),(7,3562),(42,2065),(43,1726),(44,676),(46,3914),(56,3901),(66,1083),(68,1871)]	37.626786
322	[(2,2067),(3,1340),(12,2174),(22,2812),(29,834),(30,313),(49,1047),(69,2986),(76,2546),(92,2421)]	35.763525
323	[(9,1895),(11,218),(43,2459),(48,3043),(67,473)]	34.783474
324	[(1,3516),(6,3963),(11,2029),(22,4473),(23,3703),(49,457),(54,2659),(58,3962)]	37.174616
325	[(23,2105),(32,1847),(49,102),(61,4469),(63,2565),(90,3989),(92,676)]	35.646501
326	[(23,2634),(47,3536),(84,4007)]	36.552237
327	[(19,4298),(22,3680),(24,2378),(50,836),(52,260),(54,1811),(74,3356),(83,81),(89,1146)]	42.485810
328	[(1,1898),(12,1272),(21,4290),(30,4466),(49,4441),(84,1180)]	35.074636
329	[(18,1362),(25,1212),(48,2831)]	39.112695
330	[(1,2708),(14,2622),(50,738),(64,1446),(89,3470)]	36.058786
331	[(4,1812),(22,1299),(24,661),(26,3977),(59,398),(85,3364)]	41.664784
332	[(5,1260),(24,2763),(49,2878),(78,3653),(82,4229),(83,2998)]	35.241521
333	[(0,3440),(34,2285),(46,3857),(48,1317),(64,3765),(72,2196),(73,893),(75,3314),(76,1543),(83,4427)]	35.004226
334	[(11,3124),(41,139),(48,1966)]	36.515315
335	[(8,3532),(40,2446),(54,4090)]	36.411753
336	[(0,4210),(8,2042),(19,1846),(41,1872),(50,3956),(71,2059),(79,1353)]	36.139088
337	[(2,2412),(12,2578),(27,2395),(32,4470),(88,1847),(92,3210)]	37.161203
338	[(4,3603),(20,772),(61,1775),(76,4264),(86,3353)]	39.858798
339	[(6,1288),(45,2193),(50,1331),(56,3720)]	39.575155
340	[(4,3612),(14,1588),(16,2737),(21,1053),(38,1699),(40,1343),(48,4412),(65,250),(74,2193)]	40.480380
341	[(0,2042),(46,3655),(65,1067),(71,499),(81,4308),(82,1411),(86,4242),(87,4091),(90,122)]	40.230647
342	[(14,2802),(27,3570),(79,4039)]	35.954153
343	[(6,2641),(21,3822),(49,1663)]	35.480209
344	[(8,4212),(30,316),(44,1667),(66,2577),(72,2998),(74,3561),(75,1178),(76,3549),(80,659)]	34.870634
345	[(11,872),(13,4468),(29,167),(43,131),(53,2540),(71,233),(85,4411),(86,2781),(88,3402)]	36.115627
346	[(3,4032),(13,4291),(24,3037),(53,304),(61,1493),(67,3292),(73,2238),(75,2343)]	35.089399
347	[(25,3579),(42,939),(63,1665)]	34.506179
348	[(22,1171),(41,258),(48,521),(67,1355),(72,4),(76,3814)]	35.017805
349	[(11,1784),(12,469),(16,2886),(24,241),(30,1822),(31,751),(33,3875),(39,4053),(56,1241),(70,2199),(81,69)]	37.817884
350	[(3,1121),(48,3837),(66,4267),(67,3836),(69,1742),(88,4196),(89,3744),(91,4117)]	33.705701
351	[(1,1541),(30,2288),(68,760),(90,2771),(91,614)]	33.932948
352	[(13,3718),(16,3933),(37,3018),(70,2884),(76,2077),(82,2274),(92,4244)]	33.788002
353	[(32,2771),(37,3700),(45,1553),(54,158),(59,4346),(64,3087),(86,2241)]	33.850850
354	[(6,270),(24,3299),(31,3556),(41,3513),(44,51),(47,422),(48,1480),(67,1630),(84,1181)]	34.287006
355	[(42,4347),(71,4425),(77,1723),(79,3163),(81,3543),(92,41)]	34.739977
356	[(8,2264),(24,3270),(34,4214),(82,2931)]	33.965309
357	[(12,36),(27,783),(28,756),(36,1315),(40,1778),(63,615),(67,3722),(69,745),(73,3076),(79,3150),(88,3730)]	33.376797
358	[(2,4118),(13,1287),(31,3148),(38,1379),(42,3161),(47,1740),(54,1870)]	33.513815
359	[(18,3003),(24,402),(25,885),(35,726),(51,3211),(71,4041),(87,3804),(88,3910)]	43.373769
360	[(9,1731),(18,3382),(30,788),(76,872)]	41.130919
361	[(30,4177),(36,3587),(37,1630),(59,1259),(62,1812)]	36.117701
362	[(8,165),(23,777),(45,3655),(53,4209),(71,4466)]	35.363303
363	[(0,1396),(6,311),(18,2307),(25,1957),(61,642),(62,3090)]	35.518380
364	[(19,4109),(27,243),(46,3875),(57,1144),(69,918),(83,1473)]	35.022655
365	[(10,3039),(23,1180),(42,4468),(45,1480),(80,1385)]	34.824150
366	[(3,2846),(16,3486),(25,1738),(26,504),(29,2424),(79,898),(80,1098),(83,4092),(85,1965),(91,3044)]	36.542391
367	[(39,1796),(48,2479),(51,1081),(54,3722),(58,1789),(60,4436),(73,2701),(89,2979)]	38.219836
368	[(0,4291),(14,205),(56,3291)]	39.131287
369	[(0,372),(29,2594),(59,1544),(70,951)]	36.228073
370	[(9,2799),(22,3271),(48,3106),(51,4419),(54,114),(71,4322)]	35.398707
371	[(3,2309),(24,2872),(29,2101),(52,3233),(76,1720),(82,2217),(83,2200)]	36.690465
372	[(25,4156),(66,3464),(80,1262),(81,333),(91,111)]	34.238930
373	[(12,1424),(31,2277),(46,1287),(53,2473),(77,4244),(84,690)]	34.031792
374	[(6,791),(10,2786),(13,1629),(21,2761),(40,2525),(46,2429),(77,2880)]	37.681443
375	[(2,2471),(9,767),(22,4229),(23,2998),(25,3561),(33,3503),(52,976),(81,1588)]	34.912089
376	[(28,644),(42,2760),(44,1885),(51,1706),(91,1563)]	38.767756
377	[(5,3421),(32,1219),(43,4150),(47,1688),(83,3078),(84,1684),(92,370)]	39.631492
378	[(4,4001),(8,2944),(18,2956),(34,3686),(41,7),(42,3890),(73,3846),(78,2013),(79,1030),(89,1658)]	32.572023
379	[(33,2616),(40,3335),(53,13),(82,2120)]	35.036191
380	[(12,3924),(25,4168),(39,413),(41,4246),(61,288),(65,842),(68,193),(84,3808)]	37.709118
381	[(21,3323),(28,3515),(40,508),(65,983),(81,2690)]	36.274805
382	[(0,4117),(5,817),(13,3360),(15,2972),(44,921),(48,3822),(49,2322),(59,3715),(63,3092)]	35.951556
383	[(17,833),(23,3818),(49,1552),(61,3813),(68,3257),(72,1956)]	36.307388
384	[(21,1371),(33,3561),(35,2574),(43,231),(44,2247),(72,3675),(75,1333),(80,3924),(86,3668)]	36.403370
385	[(14,3631),(76,1070)]	36.143391
386	[(23,2113),(33,3008),(41,3713),(45,2807),(52,1718),(76,3947)]	39.011256
387	[(40,4162),(45,3759),(61,2973),(83,1114),(89,939)]	36.886803
388	[(34,1314),(35,2090),(43,2331),(87,3856),(92,3250)]	36.058625
389	[(44,3989),(56,767),(60,1857),(70,3439),(78,2623),(83,456)]	40.549633
390	[(48,1287),(75,740),(78,851)]	44.345768
391	[(34,2811),(56,299),(69,1387),(73,281),(87,3912)]	34.281447
392	[(9,3180),(10,3065),(29,1065),(40,818),(65,2586),(71,939),(90,2155)]	17.977004
393	[(34,3649),(35,2300),(90,1452)]	17.612065
394	[(55,4412),(83,928)]	18.034124
395	[(1,2572),(9,3636),(12,4273),(19,1525),(43,3103),(47,1641),(58,4191)]	17.689568
396	[(53,976),(56,3105),(66,622),(79,1203),(80,2367)]	17.685342
397	[(0,1345),(11,1839),(24,2382),(32,4018),(37,2279),(49,4447),(61,3015),(66,1910),(86,2057),(90,3297)]	18.080596
398	[(15,627),(30,2485),(34,1029),(35,4487),(39,649),(73,1562),(74,2412)]	18.726617
399	[(11,4244),(22,1872),(48,2196),(80,961),(92,1497)]	22.533631
400	[(46,2644),(57,4120),(68,4390),(69,1571)]	24.011000
401	[(8,1193),(25,3870),(49,1550),(53,1137),(58,633),(77,228),(88,707)]	18.965794
402	[(10,3077),(14,980),(27,3686),(28,1361),(33,71),(40,307),(52,790),(54,2586),(57,2033),(72,2421),(75,2228),(86,4104)]	18.457406
403	[(0,1256),(6,1430),(53,3248),(58,3297),(59,844),(84,510)]	18.527896
404	[(6,2770),(9,4243),(28,1489),(38,3006),(43,711),(53,830),(57,638),(78,1535),(82,3010),(85,1604),(91,3705)]	18.882967
405	[(6,2102),(18,766),(19,2671),(35,2683),(36,3013),(54,65),(56,3992),(58,59),(59,2096),(65,1850),(79,2225)]	18.136332
406	[(3,1778),(26,2650),(34,4057),(47,3569),(53,2548),(63,1314),(65,692),(66,1468),(67,2093),(74,4077)]	17.757644
407	[(12,2384),(31,2867),(34,503),(35,2203),(47,2623)]	17.631207
408	[(3,2944),(15,3984),(51,3425),(68,1960)]	17.442264
409	[(1,389),(16,3911),(48,1206),(73,2297),(82,2600)]	18.891280
410	[(4,1512),(5,3075),(26,2914),(31,2582),(45,2557),(58,2188),(70,1642),(79,2120),(89,4220)]	17.935211
411	[(4,2544),(22,3177),(25,4202),(35,1983),(56,1915),(67,503),(86,2205),(92,1574)]	19.440867
412	[(4,2216),(69,865),(82,2662)]	18.509704
413	[(0,317),(56,1756),(71,2019),(77,1915)]	20.340919
414	[(6,2800),(17,3036),(25,1448),(29,3384),(34,2035),(60,1495),(63,749),(64,2674),(81,784)]	17.540521
415	[(9,3303),(10,3031),(15,4194),(21,4322),(33,529),(43,3542),(52,350),(54,17),(74,2934)]	17.656088
416	[(34,4095),(49,1975),(62,2399),(78,2198),(92,115)]	17.524195
417	[(32,2374),(79,3915)]	20.669973
418	[(9,2798),(19,1883),(30,1934),(71,3863)]	17.677469
419	[(8,457),(13,4108),(18,2255),(30,3029),(55,2030),(58,2205),(59,569),(60,880)]	17.458952
420	[(8,4479),(32,161),(38,3094),(53,4304)]	18.318103
421	[(46,992),(57,3668),(73,2317),(87,3867),(89,2622)]	17.775611
422	[(35,2518),(41,4105),(49,3811),(50,1482),(76,3575),(78,731),(86,852)]	17.559764
423	[(3,3593),(28,1303),(29,3639),(37,2532),(53,4256),(66,100),(78,526),(90,2709)]	18.681661
424	[(10,1315),(52,4119),(79,3107),(80,1867),(91,3908)]	19.672068
425	[(4,916),(18,3170),(38,845),(46,844),(59,565),(85,2641),(88,837)]	17.584095
426	[(39,3240),(52,4253),(68,4123),(86,3605)]	19.054247
427	[(14,410),(30,2577)]	17.565254
428	[(26,574),(29,3461),(39,2645),(41,2709),(55,4272),(64,3687),(69,4227)]	18.056917
429	[(4,1231),(11,404),(14,813),(29,1972),(31,2831),(39,4072),(46,1402),(50,705),(71,2165),(72,2675)]	18.240083
430	[(12,697),(89,3553)]	17.494110
431	[(4,2399),(7,273),(12,2603),(19,1292),(29,3669),(40,3663),(55,3426),(65,821),(88,2380),(89,1564)]	17.446952
432	[(7,2026),(10,4052),(11,169),(26,1823),(30,4457),(72,4428)]	17.421675
433	[(9,1387),(19,4152),(33,2716),(54,2053),(71,4286),(86,3112),(87,708)]	17.433008
434	[(2,3495),(18,3277),(66,126),(89,2634),(90,3057),(92,3187)]	19.195755
435	[(20,2776),(23,382),(37,596),(40,2556),(79,2732),(80,520)]	18.821594
436	[(50,1417),(59,865),(65,1125),(72,1914)]	18.251523
437	[(0,2818),(15,4312),(21,2126),(27,1778),(68,1736),(70,3083),(72,1817),(76,2058),(82,276)]	20.063641
438	[(16,1446),(41,977),(42,3602),(54,2983),(55,4038),(70,3641),(86,2463),(88,2264),(89,4108)]	17.589244
439	[(13,2235),(15,1967),(16,4105),(21,4147),(31,2897),(36,823),(56,603),(59,3782),(67,1934),(68,2192),(92,2401)]	17.640280
440	[(23,1848),(24,4290),(43,2868),(45,2130),(54,4353),(56,935),(79,1788)]	18.478691
441	[(8,3226),(37,636),(50,1077),(55,1335),(59,1537),(87,2388),(88,294)]	17.654896
442	[(1,754),(13,2608),(24,768),(36,2442),(42,3433),(43,3448),(69,1586),(80,738)]	18.034107
443	[(14,3685),(15,136),(28,4331),(61,2662),(66,1101),(70,2820),(79,1707),(90,2692)]	17.683416
444	[(21,3935),(34,391),(56,279)]	33.840053
445	[(9,2366),(10,98),(22,664),(35,268),(59,302),(74,78),(84,3172),(86,3917)]	23.256560
446	[(29,2922),(60,2729),(83,2758)]	18.422814
447	[(1,1783),(9,2230),(31,3364),(81,3948),(87,191)]	18.147000
448	[(30,2947),(83,723),(86,327),(90,2561)]	17.532658
449	[(24,3810),(33,3150),(55,42),(61,1716),(79,3952),(89,1998),(92,2709)]	17.797772
450	[(6,1622),(15,1337),(25,1875),(29,600),(30,3365),(46,3023),(47,2174),(58,2021),(75,77),(86,2086)]	18.968742
451	[(2,2885),(55,4423),(84,4284)]	18.265498
452	[(41,179),(50,57),(52,2370),(58,4265),(60,2762),(61,2547),(68,3695),(71,2217),(72,2719)]	20.451650
453	[(0,1892),(55,3537),(65,3768),(92,3018)]	23.959631
454	[(10,2893),(38,3335),(50,2523),(65,1500),(85,532)]	18.189917
455	[(18,2645),(41,1788),(45,3082),(72,2726),(83,2648),(90,2471)]	17.664425
456	[(10,3541),(13,3064),(31,4426),(37,3410),(67,1794),(79,3397),(90,1961)]	18.709525
457	[(28,551),(37,2258),(44,2032),(67,792),(88,1779),(92,4407)]	17.391727
458	[(6,3489),(34,807),(37,1878),(44,402),(45,885),(52,3092),(55,3394),(76,2509)]	18.075668
459	[(0,1898),(16,2277),(38,2294),(43,227),(46,897),(64,80)]	18.111589
460	[(10,2815),(18,993),(19,1774),(65,3897),(68,2628)]	18.189889
461	[(24,212),(44,4353),(57,4443),(69,256),(90,3368),(91,30)]	17.666481
462	[(2,1103),(9,3414),(12,4080),(30,673),(34,455),(46,2886),(47,3652)]	17.282343
463	[(8,3634),(9,1258),(53,1300),(79,2950),(87,3133)]	18.239144
464	[(22,1890),(63,3146),(75,3173)]	17.493929
465	[(52,282),(59,3092),(91,208)]	17.755137
466	[(29,3740),(41,2854),(57,457),(67,1197),(68,2869),(73,2465),(88,1520)]	17.579690
467	[(15,3646),(34,3048),(46,1889),(57,3591),(63,1595),(71,685),(79,3822)]	17.530657
468	[(2,1633),(20,2270),(25,4153),(45,2429),(51,3088),(62,1858),(82,1320),(85,1700)]	17.544656
469	[(28,1100),(53,2866),(68,4340),(69,3202),(83,3316)]	17.490462
470	[(5,3831),(33,1994),(65,2416),(92,827)]	17.923118
471	[(0,2489),(9,2704),(24,2856),(28,1501),(48,1541),(49,1977),(52,1028),(53,2515),(64,528),(78,648)]	20.652498
472	[(6,1752),(26,4431),(45,445),(46,4082),(56,3627),(69,3049),(70,298),(79,1740),(87,2436)]	17.690587
473	[(11,1851),(24,1381),(46,3389),(48,3936),(87,2265),(90,962)]	17.339840
474	[(5,1603),(20,4168),(54,2173),(86,485),(89,3904),(90,395)]	18.139919
475	[(4,1588),(7,513),(26,1055),(64,3095),(66,4120),(72,3393),(86,2576)]	17.565943
476	[(40,3300),(49,3552),(57,1704),(69,3021),(84,2961)]	17.847811
477	[(3,16),(19,765),(35,2837),(62,1250)]	18.335098
478	[(3,570),(10,1535),(34,2570),(87,932),(88,4183)]	17.882917
479	[(22,545),(28,753),(40,1318),(51,3992),(64,1691),(87,715)]	17.684216
480	[(18,4103),(29,2072),(38,1834),(53,3836),(55,1742),(67,3636),(91,978)]	18.796458
481	[(4,1784),(67,410),(77,420)]	19.448690
482	[(5,3607),(10,3036),(17,3222),(22,3116),(32,1899),(37,4186),(40,358),(62,4390),(63,1571),(80,1388),(88,892)]	19.151698
483	[(24,498),(32,3769),(92,2240)]	17.866595
484	[(5,187),(33,2254),(64,3619),(77,843)]	17.512584
485	[(17,3818),(18,4333),(74,3711),(81,1841),(83,2837),(88,4418)]	17.644471
486	[(5,540),(38,3195),(41,4449),(65,4112),(74,746)]	17.305314
487	[(35,1648),(52,1150),(62,2230)]	17.724299
488	[(1,2815),(51,1033),(52,3372),(65,572),(68,3856)]	19.420931
489	[(10,3040),(28,2259),(34,2869),(44,4289),(58,1746),(59,2406),(70,3069),(71,2100),(91,4333)]	18.274803
490	[(15,408),(30,3168),(39,1150),(50,4086),(67,1878)]	17.958197
491	[(10,3666),(19,1010),(46,2089)]	17.546752
492	[(1,2228),(14,2068),(33,4417),(53,924),(60,3952),(63,4422),(70,1766)]	17.755478
493	[(2,1406),(19,2861),(26,2377),(34,918),(42,3030),(48,3048),(49,132),(55,1957),(70,2792)]	17.987338
494	[(3,3513),(4,427),(30,2128),(31,3724),(39,2456),(54,430),(61,2666),(72,2788),(82,1785)]	18.394151
495	[(2,2863),(16,3168),(31,1982),(43,2219),(46,4199),(54,2196),(57,2321),(63,2720),(67,3280),(78,3701),(81,1224),(82,3304)]	18.464971
496	[(21,2993),(33,3366),(47,3449),(64,3093),(78,1237),(91,1756)]	17.684316
497	[(3,436),(4,3135),(57,2715),(67,614),(87,2837)]	18.099663
498	[(57,1325),(67,3206)]	17.735200
499	[(2,3348),(3,2751),(30,2666),(37,3772),(43,3515),(62,2600),(67,4429),(82,784)]	17.439858
500	[(16,3858),(24,228),(33,3459),(41,3076),(47,3403),(51,3372),(58,3851),(59,3475),(83,1576)]	36.277516
501	[(15,506),(73,3342),(76,1701),(80,4320),(81,2466),(85,2900)]	20.180448
502	[(3,2855),(20,3012),(26,1921),(40,172),(52,3115),(62,3008),(65,1203),(69,40)]	17.699570
503	[(1,3262),(2,946),(53,1521),(59,2177)]	18.001693
504	[(18,4424),(30,926),(48,519),(74,635),(80,4113),(87,2916)]	18.177542
505	[(9,1359),(10,2983),(26,297),(42,3389),(53,1064),(91,3121)]	17.765571
506	[(25,637),(26,2042),(29,825),(86,4238),(90,3292)]	21.023855
507	[(12,2036),(21,4003),(54,1110),(65,862),(71,2834)]	23.745513
508	[(5,1759),(35,1000),(38,2419),(54,2804),(78,312),(84,1338)]	19.052334
509	[(37,402),(72,1847),(82,4288)]	18.198000
510	[(10,1824),(21,3099),(34,1873),(36,2350),(42,687),(50,2800),(74,3162)]	19.325863
511	[(6,2741),(32,980),(43,2752),(56,2078),(59,1193),(70,3769),(83,194),(91,3833)]	22.333138
512	[(6,230),(39,2597),(75,233),(90,3938),(91,1877)]	18.203498
513	[(6,3015),(12,1915),(55,2938),(82,3174)]	17.696383
514	[(7,1926),(27,872),(36,1379),(43,80),(44,498),(53,2937),(67,3695),(69,3972)]	17.538966
515	[(28,3945),(38,1356),(46,3223),(70,1692),(71,1739),(74,4203),(80,2892),(83,4088),(85,1756)]	17.818533
516	[(27,1634),(37,2446),(43,2778)]	17.950740
517	[(0,988),(5,2458),(36,2626),(65,1024),(76,3826),(81,3087),(84,1747)]	17.681160
518	[(14,2517),(15,2410),(16,495),(29,3108),(31,437),(38,998),(64,1132),(69,348)]	18.902467
519	[]	17.511737
520	[(4,3995),(20,1250),(64,4362),(67,3729),(79,3245)]	17.667613
521	[(16,2060),(43,2237),(46,3949),(66,3830)]	17.656425
522	[(11,2746),(45,740),(55,1461),(79,4351)]	17.652357
523	[(9,1350),(15,3478),(23,1214),(91,195)]	18.374225
524	[(5,4253),(21,2787),(81,2638),(82,1354),(84,1884)]	20.803250
525	[(6,2047),(11,3797),(13,3024),(39,2416),(48,3713),(50,2856),(54,1537),(62,1189),(63,3062)]	18.256576
526	[(15,2248),(18,2862),(54,1118)]	17.844457
527	[(25,1590),(41,447),(48,1201),(79,2444)]	17.812917
528	[(22,1826),(52,2098),(71,662),(86,1850)]	17.859595
529	[(1,514),(11,4064),(47,2337),(52,2776)]	17.804280
530	[(14,4145),(19,1076),(20,3002),(31,3147),(37,2119),(40,297),(44,4382),(75,1308),(77,3656)]	19.652574
531	[]	17.611152
532	[(5,3802),(21,2982),(25,2720),(34,3488),(58,3127),(65,3490),(74,1398)]	18.054786
533	[(3,384),(12,441),(13,2896),(28,1475),(44,600),(50,1775),(52,3814),(56,25),(63,489)]	18.328294
534	[(19,2708),(31,566),(36,2681),(41,1072),(72,2816),(78,3676),(89,229)]	17.733247
535	[(4,4375),(29,1419),(45,3664),(80,1726),(82,2593),(86,4130)]	18.065890
536	[(3,647),(6,2186),(32,3762),(35,3142),(61,4036)]	19.484949
537	[(26,3763)]	28.513911
538	[(7,3405),(12,3809),(39,3110),(52,1408),(62,2958),(69,1494),(79,1483),(82,4198),(91,2750)]	17.629164
539	[(29,3168),(71,1527),(83,3326),(84,708)]	19.103973
540	[(7,3039),(33,3980),(41,61),(64,4407),(79,2291),(80,2348)]	19.017753
541	[(6,3717),(35,2384),(66,3431),(72,307),(90,1871)]	20.242163
542	[(16,4396),(25,2060),(36,904),(42,1486),(63,899),(80,235),(91,225),(92,1095)]	18.289874
543	[(6,2741),(36,2384),(42,316),(69,804),(86,298)]	17.533064
544	[(7,3256),(28,2843),(30,813),(37,564),(46,2684),(62,3446),(89,1368)]	20.927507
545	[(64,3542),(69,3840),(85,2469)]	26.815173
546	[(10,927),(14,2770),(24,3094),(45,4391),(53,1809),(62,2362),(66,3001),(83,3036),(86,3412)]	19.599668
547	[(5,627),(38,3913),(57,4346),(58,1750),(68,1907),(77,1114),(83,1525)]	19.725399
548	[(13,4441),(45,1036),(50,3020),(67,1968),(73,338),(81,3356),(85,1345)]	17.655217
549	[(15,2829),(24,929),(33,2963),(34,2139),(42,327),(59,4433),(64,1460),(70,85),(71,1813),(85,3806)]	18.139097
550	[(15,600),(25,4100),(53,3542),(74,373)]	17.510515
551	[(21,962),(34,107),(35,1084),(42,3571),(69,3113)]	17.543449
552	[(67,852),(71,1836),(76,2504),(86,477),(88,2066)]	17.689807
553	[(0,1385),(3,479),(13,1572),(25,2739),(30,4179),(41,3335),(56,768),(70,2901),(73,4034),(75,532)]	37.100086
554	[(0,4376),(19,4186),(27,2621),(55,3122)]	51.445889
555	[(16,2514),(39,3897),(46,1552),(51,529),(89,3272)]	19.450250
556	[(7,740),(22,689),(45,3446),(61,934),(80,448),(81,4378),(84,2519)]	21.154491
557	[(4,4156),(5,1528),(31,3449),(43,3249),(50,1206),(55,3142)]	22.943559
558	[(4,2370),(17,2120),(21,2996),(48,728),(49,2901),(57,4101),(64,4001)]	18.189489
559	[(12,3259),(16,1221),(21,745),(26,564),(33,1989),(45,3591),(86,426)]	20.903029
560	[(2,176),(24,1806),(35,1354),(47,1729),(48,4358),(80,2989),(82,1606)]	20.624875
561	[(18,1132),(25,42),(34,2000),(35,3140),(51,3833),(59,3231),(76,3678)]	24.771202
562	[(6,844),(21,3209),(27,2194),(40,2099),(66,3066),(69,312)]	25.585562
563	[(7,2658),(19,2470),(51,1240),(87,3858)]	20.446583
564	[(11,2141),(13,347),(23,3093),(52,2243),(56,2745),(80,3533)]	20.065446
565	[(17,1437),(29,1706),(62,948),(75,2597),(76,2273)]	20.121427
566	[]	18.000464
567	[(52,3613),(58,577),(68,1126)]	17.636811
568	[(0,1526),(19,949),(33,1234),(47,4276),(53,1049),(56,2107),(57,2717),(60,1576),(89,3210)]	17.750493
569	[(8,2075),(29,3281),(36,3771),(40,4467),(48,3822),(61,3332),(73,4103)]	23.587807
570	[(17,100),(31,4222),(34,626),(58,2928),(73,1900),(75,2948),(81,423)]	38.274308
571	[(10,2181),(11,2888),(33,4467),(38,234),(40,3206),(50,3232),(79,1701)]	42.597316
572	[(6,1372),(32,2489),(39,3713),(57,952),(66,3949),(73,909)]	39.309955
573	[(9,2874),(13,1680),(18,65),(19,452),(21,3173),(24,2133),(43,75),(63,3351),(68,129),(80,2679)]	39.772883
574	[(3,2060),(6,3501),(9,251),(12,2745),(38,487),(57,4473),(58,3703),(64,769),(76,1791)]	30.304845
575	[(1,2032),(3,1724),(4,818),(9,290),(15,3128),(26,4138),(30,1442),(54,1729),(61,3390),(65,2861),(68,2056),(86,282)]	17.688766
576	[(7,3773),(56,1144)]	18.968474
577	[(13,1184),(26,1070),(37,2242),(45,3315),(51,3482),(52,2899),(80,4385),(90,1906)]	17.781413
578	[(49,4216),(81,8),(82,2013),(83,1030),(88,3455)]	17.701075
579	[(7,530),(25,2114),(66,2368),(72,2345)]	18.071528
580	[(14,2568),(15,308),(17,4348),(24,2661),(26,1050),(52,346),(60,3125),(62,1389),(77,686),(83,1753)]	18.399765
581	[(20,4199),(38,2355),(59,731),(61,3181),(77,4440)]	17.988991
582	[(8,792),(9,2247),(14,2709)]	19.234798
583	[(12,3378),(15,2873),(17,2734),(19,1401),(21,602),(31,3621),(44,2684),(68,4113),(74,1132),(75,236)]	17.942437
584	[(0,1129),(53,133),(75,3359),(92,1626)]	17.578515
585	[(6,4261),(28,3587),(30,2152),(62,3283),(68,2583),(89,3422)]	20.046249
586	[(19,4385),(35,3703),(82,4284),(86,1851)]	17.742817
587	[(10,1975),(17,3081),(69,143),(92,339)]	20.227786
588	[(0,3571),(16,4117),(84,4088),(87,2874)]	17.723446
589	[(7,2722),(8,4055),(16,1330),(24,1836),(60,2790),(62,1330),(69,3865)]	17.641448
590	[(30,1957),(32,3046),(34,4290),(56,681),(83,2853)]	19.566360
591	[(6,1263),(8,289),(15,4213),(16,1026),(76,2158)]	18.327865
592	[(29,824),(53,3064),(91,1130)]	17.550320
593	[(7,2368),(10,2498),(22,1344),(30,4108),(31,2198),(38,2706),(52,4055),(68,2701),(74,4381),(80,2508)]	17.793586
594	[(4,688),(22,3905),(29,1829),(45,2904),(47,4358),(70,3064),(77,2125),(79,918),(83,2733),(84,2327),(88,2717)]	17.834088
595	[(15,3788),(18,2494),(28,2613),(48,117),(61,747),(70,2231),(71,4362),(75,885),(82,778)]	17.344633
596	[(23,4478),(35,1705),(47,4226),(51,458)]	17.532179
597	[(14,2308),(25,670),(31,661),(33,684),(41,2031),(43,1673),(82,1983)]	18.116275
598	[(9,3989),(20,500),(35,902),(45,1525),(62,2717)]	18.999916
599	[(11,3056),(24,440),(27,1159),(62,552),(74,1070),(77,644),(83,3773),(85,2672)]	17.832593
600	[(0,3896),(28,2229),(52,431),(60,332),(77,1446),(79,3808)]	18.381572
601	[(28,4351),(30,2433),(62,828),(71,2569),(75,1373),(92,852)]	18.073935
602	[(31,933),(63,1066),(79,596),(90,984)]	29.700028
603	[(23,2512),(32,3662),(33,3024),(48,508),(50,2678),(62,372),(80,1375),(90,1187)]	32.923397
604	[(32,3193),(84,2139)]	20.934345
605	[(21,1309),(54,2694),(60,4051),(70,1375),(72,667),(76,3226)]	17.831543
606	[(15,1712),(39,3332),(59,1265),(68,1804),(78,4478),(80,2754)]	18.321376
607	[(7,167),(29,3851),(30,3475),(34,4265),(39,4072),(51,1286),(55,653),(56,3115),(77,1556)]	18.683926
608	[(17,409),(35,117),(37,510),(47,579),(50,2148),(78,1379)]	17.893860
609	[(33,1750),(45,3914),(46,2603),(69,757)]	17.555575
610	[(47,2125),(67,1718),(72,117)]	19.340369
611	[(16,4004),(22,445),(45,1500),(48,1520),(89,3115)]	17.973986
612	[(7,604),(35,1318),(44,3981),(53,3488),(61,3231),(78,3603)]	20.018472
613	[(41,2843),(42,2686),(44,960),(49,2321),(57,4041),(64,4383),(65,2298),(75,3085),(88,3224)]	18.170960
614	[(6,738),(70,2459),(86,17)]	17.482703
615	[(27,4244),(47,4000),(89,2415)]	17.488954
616	[(44,1916),(56,741),(92,3731)]	17.389761
617	[(14,270),(49,698),(53,258),(72,652),(73,2833),(91,1769)]	17.646576
618	[(23,902),(41,4159),(76,2943),(85,3620),(90,3418)]	17.359103
619	[(5,3116),(12,268),(29,25),(37,2642),(69,3243),(77,3473),(80,1765)]	17.454843
620	[(11,1268),(17,3989),(58,3324),(61,368),(67,2747),(78,3922),(88,3490)]	17.447013
621	[(16,703),(28,1251),(44,3294),(50,2277)]	19.847554
622	[(1,2913),(4,3254),(5,3964),(37,3742),(45,1016),(50,1112),(61,918),(70,2638),(85,4310),(90,1546),(92,955)]	18.075550
623	[(9,1196),(12,1460),(36,801),(51,2993),(57,2237),(64,1682),(76,1992),(83,2698),(84,741)]	17.996500
624	[(4,4392),(6,1637),(19,2700),(28,1749),(34,1075),(82,1988),(85,3512)]	18.749143
625	[(61,2336),(80,4467),(89,843)]	17.546901
626	[(2,2192),(10,57),(12,2370),(41,487),(72,3133)]	19.195218
627	[(14,1565),(31,1575),(38,2061),(75,3220),(80,4280),(91,2451)]	18.654641
628	[(38,4410),(44,3227),(52,1495),(92,885)]	17.771531
629	[(26,2458),(54,3568),(64,1674),(71,496)]	17.632970
630	[(31,513),(32,3887),(33,3840),(39,2277),(47,2153),(82,3720)]	18.127081
631	[(16,4323),(40,3485),(59,1737),(61,1763),(66,121),(70,1250),(79,263)]	17.548330
632	[(1,2524),(24,262),(36,2017),(46,885),(48,4274),(52,2804),(61,2157)]	17.905095
633	[(33,558),(50,1295),(59,3674),(63,4041),(89,3009),(90,1102)]	19.017243
634	[(7,3247),(8,683),(13,3736),(16,3353),(56,4327),(69,641),(80,1949),(82,2617),(85,1613),(90,3156)]	17.542905
635	[(10,3088),(13,3097),(21,2125),(41,23),(71,306),(77,906),(78,4199),(81,1965),(83,3802)]	17.645046
636	[(27,1169),(40,950),(43,3923),(47,4429),(50,4435),(52,1572),(55,6),(69,2910),(78,3541),(82,3347),(89,4079)]	17.463248
637	[(22,2072),(34,3017),(35,3965),(83,4202)]	18.548063
638	[(10,768),(15,4122),(20,11),(33,4330),(37,1738),(50,3648),(68,730),(69,3430),(70,3079),(85,550)]	18.342535
639	[(9,3673),(41,1359),(44,1621),(46,1644),(57,1745),(74,343),(87,3278),(89,2879)]	20.070327
640	[(11,71),(43,4239),(54,1773),(66,1991),(74,2512),(77,3854),(86,2938)]	17.715381
641	[(3,4248),(40,2048),(65,4196),(81,2055)]	17.586319
642	[(33,3935),(38,3039),(54,2187),(56,2936),(72,1583),(81,86),(87,3528),(90,4359)]	17.249788
643	[(11,2860),(14,4423),(45,1484),(55,2769),(59,3945),(61,3282),(65,4230),(66,1342),(85,1838)]	17.824564
644	[(19,1764),(23,2354),(42,2056),(47,282),(79,600),(88,2063)]	18.126437
645	[(3,914),(20,592),(29,2823)]	18.100383
646	[(2,2385),(12,234),(76,846),(77,160),(78,1631)]	17.749976
647	[(32,3357),(45,991),(63,2593),(85,1398)]	18.355592
648	[(9,3747),(10,1615),(32,2283),(39,4470),(46,961),(54,3070),(64,1687)]	18.268463
649	[(3,4092),(6,2194),(11,130),(55,3922),(87,1855),(88,2724)]	17.576479
650	[(6,2895),(13,1028),(17,612),(37,3831),(60,4252),(66,1123),(78,1110)]	17.621323
651	[(7,1459),(8,1242),(25,1938),(28,1656),(33,3168),(37,3788)]	17.894728
652	[(9,2902),(27,3471),(44,544),(52,2718),(61,3040)]	18.526927
653	[(0,4222),(4,1628),(5,1204),(13,599),(16,4469),(51,369),(52,3140),(62,2342),(81,3879)]	17.701124
654	[(7,3841),(29,231),(30,2247)]	17.850932
655	[(5,3500),(30,2008),(32,1582),(71,1441),(82,2438),(92,1274)]	17.799639
656	[(6,4456),(14,1532),(15,1289),(35,1799),(48,3092),(52,3232),(62,317)]	18.195104
657	[(28,1040),(29,3445),(45,3048),(56,4429),(68,2572),(81,2780)]	20.262595
658	[(2,1577),(7,2193),(36,2668),(43,3084),(47,508),(60,262),(65,65),(81,1382),(87,3712),(91,1557)]	33.315946
659	[(36,1004),(44,3341),(72,598),(80,1137),(88,2841),(89,465)]	25.617978
660	[(1,2331),(4,3955),(16,3274),(37,176),(40,840),(47,689),(54,2484),(55,424),(84,909)]	17.765641
661	[(1,369),(6,1628),(7,1204),(12,2830),(15,2736),(46,407),(57,2961),(60,2563),(66,2925),(84,4442),(90,3152)]	18.590693
662	[(3,589),(5,1006),(11,1305),(17,912),(27,1552),(87,2885)]	18.887484
663	[(13,799),(33,4315),(79,3503)]	18.181774
664	[(5,952),(15,210),(25,3254),(58,2622),(67,1854)]	17.701999
665	[(2,3797),(17,2417),(36,2982),(52,1851),(69,3284),(80,2507)]	17.600924
666	[(15,1466),(67,1578),(90,572)]	18.368089
667	[(55,4048),(57,3596)]	18.436429
668	[(28,2423),(79,4106)]	17.876669
669	[(46,2501),(54,3972),(63,3014),(91,3864)]	18.065638
670	[(26,484),(39,4399),(52,3950),(68,2564),(89,3643)]	17.729717
671	[(35,1937),(37,1779),(51,2074),(71,3788),(85,4307),(87,3376)]	17.738328
672	[(18,2403),(25,2079),(42,3597)]	17.922667
673	[(7,3884),(12,3432),(22,1000),(27,1278),(36,3059),(41,218),(47,4120),(51,3671),(52,255),(56,569),(62,2531),(65,4447),(69,3621)]	17.407271
674	[(5,117),(25,420),(26,3345),(43,3248),(52,1453),(66,1847),(76,149),(82,3561)]	17.861159
675	[(10,4115),(16,2047),(19,4083),(38,2730),(47,202),(56,4088),(58,1756),(80,172),(87,1286)]	17.580504
676	[(57,2706),(89,528)]	20.971745
677	[(21,1957),(35,1728),(50,3211),(75,3923),(82,195),(84,3507)]	17.591915
678	[(12,1997),(49,728),(50,2901),(61,1053),(63,2011),(70,832),(75,1625),(84,203)]	17.861935
679	[(26,2524),(31,1536),(45,23),(55,614)]	19.409867
680	[(76,320)]	18.621342
681	[(4,1028),(11,2989),(29,1548),(30,205),(31,19),(42,3090),(63,1430),(77,3295)]	17.725912
682	[(3,1639),(17,332),(25,275),(31,590),(46,2546),(77,4249)]	17.517325
683	[(17,325),(85,1915)]	17.755751
684	[(10,262),(33,3893),(48,2624),(53,3837),(74,601),(92,1508)]	18.157281
685	[(15,954),(30,1230),(34,1992),(40,1004),(48,2141),(51,1456),(60,669),(85,3258)]	17.520901
686	[(19,2921),(20,3732),(26,1511),(30,1069),(43,1673),(45,4244)]	18.192069
687	[(5,3131),(20,1589),(25,1748),(28,773)]	17.834232
688	[(38,3638),(42,2044),(51,711)]	17.718114
689	[(1,2798),(4,620),(7,4233),(14,1187),(15,351),(23,865),(26,1785),(41,4484),(47,184),(56,550),(58,2250)]	19.473698
690	[(5,2893),(14,3869),(15,353),(49,2989)]	18.410965
691	[(7,3708),(13,3774),(20,2411),(21,3128),(34,4367),(35,437),(72,3672),(90,4046)]	19.290237
692	[(10,2344),(29,4194),(57,3879),(88,2659)]	18.682475
693	[(15,1641),(19,3562),(21,3290),(25,967),(30,1015),(91,1806)]	19.349883
694	[(5,2956),(55,3104),(61,228),(72,1338),(75,1048),(78,1486),(82,279)]	35.388513
695	[(7,1441),(8,1657),(35,383),(40,1113),(44,760),(71,3354),(82,3742),(92,4269)]	28.731244
696	[(3,1169),(12,418),(33,291),(44,1904),(51,2381),(61,2684)]	18.490908
697	[(5,713),(11,1787),(16,4319),(26,3200),(35,3693),(47,3873),(51,2899)]	17.940608
698	[(7,3725),(9,2318),(14,1793),(17,699),(23,3146),(38,1983),(77,4007),(91,2272)]	18.180273
699	[(0,3480),(15,1636),(34,2432),(43,1600),(72,4273),(83,2146),(86,3198),(88,2320)]	17.826517
700	[(8,1192),(23,2639),(27,562),(29,795),(43,2401),(48,1008),(51,3178),(55,2499),(56,2724)]	18.633237
701	[(17,3064),(26,1492),(36,3469),(37,1692),(44,2798),(47,660),(51,1979),(59,4361),(69,2569),(74,3856)]	17.695787
702	[(7,3865),(71,408),(80,3890),(86,135)]	18.418325
703	[(25,3443),(34,861),(66,4323),(84,325),(85,4117),(89,2839)]	18.359328
704	[(14,656),(15,3319),(36,3161),(38,3173),(87,1275)]	17.954863
705	[(33,3911),(60,3465),(72,2954),(73,689)]	17.637469
706	[(21,1091),(34,3072),(61,12),(68,300),(72,243)]	19.409724
707	[(48,541),(57,3950),(73,605),(79,2369),(81,2502),(91,342)]	18.944008
708	[(4,3913),(24,3970),(61,1559),(67,2142),(73,3380),(84,2001),(87,905),(90,549)]	18.651140
709	[(1,2970),(18,3794),(21,1747),(31,1184),(47,832)]	20.945100
710	[(11,3695),(13,4166),(43,4237),(47,750),(67,2146),(90,3995)]	22.433282
711	[(38,2516),(43,3679),(67,2320),(90,2356)]	19.075366
712	[(13,2152),(22,3216),(49,125),(59,4384),(69,2555)]	40.899541
713	[(7,3125),(20,2512),(24,850),(30,3450),(39,1017),(46,757),(83,1815)]	19.418831
714	[(15,1685),(18,2993),(32,671),(36,4199),(37,1040),(38,3445),(48,4263),(79,2874),(84,1169)]	17.793686
715	[(7,216),(15,4184),(32,2990),(33,2510),(58,3243)]	17.554156
716	[(31,2754),(63,894),(68,1387),(70,4143),(79,1837),(82,1080)]	17.671152
717	[(17,354),(30,3259),(58,4381),(61,2819),(63,3151),(74,2400),(87,3182),(89,3330)]	17.431394
718	[(10,768),(20,1075),(34,1026),(53,3015),(69,2250)]	18.398429
719	[(18,3681),(26,1827),(47,1851),(53,2846),(66,3212),(77,840),(84,3192),(89,3212)]	17.838711
720	[(5,874),(20,2595),(23,1116),(59,239),(80,3865),(89,566)]	17.639196
721	[(7,1548),(31,4452),(37,4177),(40,1669),(49,3194),(60,699),(61,656),(79,3058),(90,2571)]	17.663764
722	[(5,2615),(9,3903),(27,3272),(31,45),(35,153),(38,1850),(56,3736)]	18.042757
723	[(6,3031),(16,2106),(43,2629),(88,1826)]	17.788367
724	[(15,1586),(24,843),(44,3005),(61,2411),(62,3128),(67,1982),(71,3341),(81,4340),(82,3202)]	17.555569
725	[(8,3901),(14,740),(56,121),(74,1227),(86,3986),(87,770),(89,2121)]	17.312335
726	[(6,4395),(12,2426),(17,3517),(19,3700),(20,2957),(30,243),(50,551),(53,3258),(55,2067),(83,2754),(84,624)]	17.399389
727	[(10,4451),(31,1123),(36,2647),(47,2149),(49,4254),(73,2154),(75,3911),(77,3288),(78,220)]	18.962857
728	[(3,3571),(15,829),(50,3144),(64,4218),(67,4274),(79,1730)]	19.476118
729	[(14,2031),(21,1096),(22,2166),(55,2720),(82,2039),(83,994),(90,793),(92,4218)]	19.855779
730	[(33,559),(58,454),(68,4420),(75,551),(78,3497),(92,1793)]	17.918686
731	[(17,245),(39,2132),(47,4389),(71,1263),(73,289)]	17.728856
732	[(9,2287),(46,3499),(53,3143),(58,1683),(70,2995),(83,947)]	18.170750
733	[(0,752),(14,2399),(77,2375)]	17.651591
734	[(13,1758),(23,3542),(36,652),(42,3335),(50,2496),(89,1256)]	17.646809
735	[(0,2275),(6,2020),(7,4329),(45,3389),(59,607),(86,2678),(88,1975)]	17.611578
736	[(30,2106),(42,3835),(49,4143),(52,4403),(80,3784)]	18.060179
737	[(10,2341),(17,3567),(57,3555),(58,963),(67,951),(69,617)]	17.717827
738	[(10,4407),(26,748),(54,3776),(68,2338)]	17.945786
739	[(7,569),(15,3157),(32,4341),(39,2308),(68,4400),(73,786),(74,1610),(78,3704)]	17.397044
740	[(2,1131),(7,1946),(11,511),(13,4127),(19,2123),(26,4325),(39,2977),(47,1885),(49,3506),(50,2379),(51,3766),(71,2710),(86,2191),(89,4188)]	17.772461
741	[(19,782),(30,3801),(51,2422),(64,477),(65,3924),(72,1758),(82,982),(84,4044)]	17.869633
742	[(19,670),(51,1521)]	17.457359
743	[(31,1775),(42,2255),(56,1656),(63,117),(65,3424),(77,1411),(78,616),(86,901),(91,2652)]	17.360982
744	[(5,1586),(16,3035),(18,400),(26,4362),(36,3628),(65,4081),(71,3017),(72,3965),(73,4190)]	17.758295
745	[(5,3669),(31,1717),(39,189),(66,762),(70,1432),(83,1352)]	19.715697
746	[(24,4192),(28,3550),(38,2173),(43,1281),(55,2361)]	17.635824
747	[(39,1780),(63,271),(65,2714)]	17.411409
748	[(9,87),(25,398),(46,416),(51,1171),(72,594),(84,4414)]	17.461086
749	[(12,4292),(25,754),(26,1165),(29,2525),(39,1368),(57,2361)]	17.649183
750	[(19,4318),(32,4262),(43,3659),(44,3176),(49,3482),(50,2899),(68,2570)]	17.542955
751	[(16,1819),(77,329),(87,823)]	18.198705
752	[(9,705),(23,3486),(42,3820),(49,1743),(50,1652),(80,3788)]	18.169281
753	[(27,287),(43,2736),(47,1633),(70,1200)]	17.849302
754	[(2,2791),(14,2832),(43,623),(54,2269),(67,3675),(91,3480)]	18.151573
755	[(19,1381),(20,293),(62,4334),(91,3759)]	17.457316
756	[(0,3465),(58,3558)]	17.488689
757	[(9,1393),(43,904),(65,141),(67,2956),(86,3088),(88,1935),(90,538)]	17.595469
758	[(11,3634),(12,1258),(16,1358),(19,212),(35,3218),(67,2334),(72,3358),(81,3452),(89,1497)]	19.604194
759	[(13,54),(19,1022),(27,2321),(41,1528),(43,3973),(45,3519),(84,3360),(90,304)]	17.560758
760	[(2,3978),(18,2827),(44,1125),(54,2085),(59,2798),(62,4346),(63,1750),(87,57)]	17.777924
761	[(38,1215),(43,3224),(47,4247),(58,4061),(70,1322)]	18.568602
762	[(10,3792),(20,2498),(40,153),(49,4441),(60,3222),(66,246),(74,3129),(86,1957)]	17.648698
763	[(17,2352),(59,3728)]	21.449098
764	[(3,290),(18,4348),(22,3916),(27,2129),(28,3781),(36,2233),(65,603),(74,1428),(87,1497),(89,2203)]	22.733395
765	[(0,3968),(22,243),(36,851),(49,2509),(53,2154),(77,357),(78,4104)]	17.508603
766	[(18,583),(24,3171),(55,323),(61,2959),(69,649),(73,2579),(74,3619)]	17.575881
767	[(9,1479),(15,1579),(25,1202),(39,1008),(42,731),(82,1244)]	17.473006
768	[(15,958),(24,2709),(43,3946),(55,828),(63,3164)]	33.986490
769	[(30,1022),(35,4064),(45,647),(90,4014)]	23.406787
770	[(0,3416),(22,283),(34,1849),(38,3886),(46,1534),(64,4414),(89,2127),(90,1754)]	17.541242
771	[(32,2066),(46,628),(52,2065),(54,2553),(55,4302),(61,3919),(66,4453),(76,2397),(90,2254)]	19.816315
772	[(4,1888),(9,947),(11,1920),(34,2414),(78,3566),(84,3445)]	18.669127
773	[(16,3534),(38,4474),(63,706)]	18.620426
774	[(12,3400),(13,180),(14,876),(33,1680),(39,1271),(43,1100),(48,87),(52,3638),(55,3764),(84,1945),(87,363)]	17.847571
775	[(6,3197),(9,3223),(21,2926),(59,2676),(86,476)]	17.712857
776	[(21,1920),(43,4048)]	18.014440
777	[(12,1375),(23,4329),(25,2489),(57,4342)]	24.392389
778	[(10,635),(36,4109),(45,1225),(65,3076)]	18.063658
779	[(13,3972),(62,935),(73,2394)]	18.329421
780	[(10,3499),(15,1540),(18,4205),(26,2025),(32,2464),(41,3143),(55,2660)]	17.898955
781	[(7,4428),(8,4465),(47,3882),(84,2357)]	19.962507
782	[(18,143),(27,563),(41,1038),(42,4401),(45,65),(91,753)]	17.884156
783	[(9,2656),(20,368),(39,927)]	17.778632
784	[(0,3362),(15,4097),(21,583),(24,4155),(26,3268),(28,3084),(41,3768),(42,431),(54,660),(64,1379),(68,2610),(78,1433)]	17.507712
785	[(4,241),(49,2642),(57,4353)]	17.950117
786	[(5,3031),(21,4371),(30,3111),(52,3335),(57,537),(63,456),(67,3969),(73,1393),(77,95)]	17.697438
787	[(7,1706),(25,2149),(34,3253),(43,1929),(73,2317),(87,1785),(91,2223)]	17.749060
788	[(4,2930),(31,710),(47,2729),(88,550)]	18.560054
789	[(16,2185),(24,2361),(27,480),(33,2444),(43,2851),(77,4077),(92,4052)]	18.442763
790	[(5,2803),(17,3119),(22,2425),(30,3979),(35,4079),(43,731),(75,3579),(81,2524)]	18.424974
791	[(15,2394),(25,1037),(35,3993),(37,1492),(53,2532),(76,1854),(83,28)]	18.201781
792	[(44,558),(64,3167),(78,3693)]	17.677259
793	[(27,66),(34,914),(65,4460),(84,3057)]	17.947635
794	[(7,3556),(12,3342),(49,2693),(72,2394)]	17.633975
795	[(26,2205),(35,510),(39,1617),(50,2975),(92,1625)]	18.006983
796	[(41,2431),(69,65)]	18.321555
797	[(1,2047),(37,4080),(49,2422),(52,3411),(66,483),(90,3898)]	17.989364
798	[(1,4424),(31,1563),(47,2340),(56,2117),(57,1616),(73,573)]	19.734512
799	[(41,2929),(51,3809),(70,1376)]	18.272590
800	[(56,3477),(69,3671),(71,3764),(79,3393)]	18.529674
801	[(1,1795),(5,288),(15,1308),(17,3088),(19,1935),(54,4059),(71,556),(75,3905),(77,3583),(80,1588),(86,4353),(87,1329)]	17.794450
802	[(43,542),(73,1952)]	17.660167
803	[(0,3952),(11,3712),(63,4444),(73,3732),(75,3884),(82,329),(90,3389)]	17.725277
804	[(7,2027),(11,3083),(23,1501),(33,1587),(34,1530),(48,3657),(70,4378),(71,1986),(89,1856)]	18.416023
805	[(21,2845),(23,1145),(32,431),(36,730),(45,3888),(46,4305),(85,240)]	17.833721
806	[(9,1732),(10,1206),(28,1833),(35,2944),(69,3327)]	17.810829
807	[(7,4112),(27,3961),(38,1140),(50,1678),(68,1224)]	17.964159
808	[(20,3497),(31,722),(60,1103),(65,2936)]	17.440879
809	[(25,919),(63,2164),(65,469),(68,3247)]	17.371472
810	[(9,569),(29,1405),(31,2031),(46,1936),(47,1502),(50,4066)]	17.453312
811	[(43,622),(87,3639)]	18.434599
812	[(39,1214),(75,4449),(78,2160),(79,44),(86,512),(92,757)]	22.109401
813	[(14,272),(36,1226),(37,4466),(52,1936),(53,1502),(56,4066),(68,4367),(69,437),(88,881)]	17.581206
814	[(5,2257),(54,1085),(79,4306),(92,986)]	18.054988
815	[(0,3712),(5,3544),(22,2832),(37,281),(39,1535),(90,600)]	17.587033
816	[(16,1500),(32,2501),(33,2309),(79,874)]	20.504701
817	[(7,888),(19,4023),(22,2175),(34,2001),(37,3675),(54,4144),(55,3699),(64,3752),(80,3883),(92,3715)]	23.312523
818	[(0,3707),(28,1290),(68,2330),(91,1724)]	17.411435
819	[(21,2490),(25,1265),(29,2413),(30,793),(31,2449),(34,700),(36,3958),(43,2807),(74,1098),(84,1933)]	18.352951
820	[(11,1569),(13,200),(23,1697),(38,201),(39,55),(77,208),(81,2497),(82,1364),(85,574),(87,201)]	18.263393
821	[(2,782),(11,3634),(17,3257),(23,1461),(26,1277),(49,96),(59,3734),(86,1887)]	18.353995
822	[(21,3063),(37,3212),(66,3737),(74,1277),(77,3486),(81,2175)]	18.002264
823	[(42,439),(50,3498),(54,2332),(57,4121),(67,3786)]	27.562651
824	[(1,2771),(2,614),(21,284),(36,2689),(39,481),(49,1072)]	27.870441
825	[(1,4002),(18,3398),(36,602),(47,3170),(58,2605),(62,2091),(65,732),(83,569),(84,880),(91,1834)]	18.406083
826	[(18,361),(24,3872),(25,1329),(30,1462),(32,2348),(51,2698),(77,3675),(79,2981),(89,962),(91,1176)]	18.325860
827	[(2,2465),(30,2342),(56,4045),(69,1302),(87,2275),(91,4271)]	17.481465
828	[(5,2505),(9,3206),(11,3947),(17,3005),(19,1307),(42,1821),(46,3896),(57,2994),(60,1417),(82,843)]	17.822997
829	[(81,2242)]	17.603178
830	[(12,2460),(31,4211),(42,1465),(60,3883),(75,4323),(76,1932),(81,3682)]	17.494060
831	[(32,3982),(35,2819),(51,3705),(57,1542),(72,2480)]	17.612609
832	[(39,4431),(75,4399)]	17.763544
833	[(39,1195),(45,2527),(55,2841),(74,3189),(79,1189)]	17.673589
834	[(0,186),(25,4328),(36,852),(46,4322)]	17.318810
835	[(40,829),(41,3263),(46,1872),(62,2994),(69,2168),(85,651)]	20.861985
836	[(2,2059),(13,3735),(32,2852),(56,56),(57,3014),(85,4346),(86,1750),(91,3367)]	17.787460
837	[(1,2396),(4,1049),(17,3439),(25,1367),(35,1316),(38,3088),(40,1935),(72,4238),(73,388)]	17.909346
838	[(4,940),(21,3133),(73,2446),(74,1310),(91,1607)]	17.522830
839	[(4,3436),(28,4406),(50,3386),(62,3219),(70,4389),(92,645)]	17.444397
840	[(4,1500),(13,1685),(31,1785),(50,4364),(62,1882),(64,1853),(77,2239),(78,4368),(81,2413),(82,793)]	18.183515
841	[(1,3149),(9,1791),(41,1685),(51,2457),(77,245)]	17.305238
842	[(10,3195),(12,175),(42,3490),(45,2064),(71,3276),(83,1288),(86,2983)]	18.937511
843	[(14,2099),(30,4146),(33,3929),(75,497)]	18.372803
844	[(0,1719),(9,3601),(15,1347),(43,107),(69,1238),(79,1484),(86,355),(87,2664)]	17.553916
845	[(41,2690),(52,488),(56,1177),(71,2467),(72,989)]	17.625494
846	[(17,252),(22,3655),(34,1849),(57,3827),(63,4390)]	17.882205
847	[(19,1973),(28,3038),(34,2847),(55,2366),(64,2705),(82,182),(83,4366)]	17.450469
848	[(43,3310),(74,4002),(82,2533)]	17.627266
849	[(5,2023),(23,3492),(30,2492),(41,401),(63,2234),(82,199),(83,1914)]	17.417680
850	[(0,4024),(9,1546),(44,411),(56,2737)]	17.902498
851	[(6,3895),(32,405),(66,948),(77,1566)]	18.207376
852	[(15,414),(74,3234),(89,646)]	19.434009
853	[(11,550),(15,3313),(28,826),(49,1618),(55,2355),(69,4243)]	18.399442
854	[(21,2116),(30,627),(46,1813),(51,2799),(71,3244),(77,1024)]	17.588663
855	[(1,1532),(5,1975),(8,2815),(10,552),(27,1311),(31,2104),(43,4084),(66,3048)]	17.690283
856	[(38,990),(46,1881),(54,980),(61,449),(84,4210)]	17.529300
857	[(3,2827),(15,1316),(17,2384),(19,3047),(21,2923),(51,3009),(52,1102),(75,1900)]	17.507181
858	[(0,1773),(22,3297),(28,636),(33,21),(35,2949),(41,3116),(56,3505),(60,4224),(61,4311),(85,2807)]	17.765742
859	[(54,252),(62,1851),(65,1808),(73,4485),(82,3969)]	17.491791
860	[(7,2390),(11,3838),(17,140),(34,163),(61,1634),(78,3915)]	18.424470
861	[(15,607),(28,4004),(42,2102),(50,2725),(66,1216),(67,2548)]	17.344738
862	[(5,3138),(20,1764),(23,2434),(38,4437),(48,957),(65,3418),(79,1248)]	17.460908
863	[(9,1083),(16,3923),(27,333),(38,1931),(42,1390),(46,1866),(60,147),(68,1869),(75,561),(91,2860)]	17.513488
864	[(28,3072),(43,3913),(44,2245),(65,170),(66,3799),(80,4001),(90,2323),(91,4257)]	17.416179
865	[(20,1017),(23,840),(45,2908)]	17.661973
866	[(5,1269),(6,4176),(9,457),(10,4219),(11,3134),(12,3487),(25,3522),(43,2757),(46,4268),(51,3116),(55,367),(72,1338)]	17.364504
867	[(13,1670),(22,979),(48,2058),(61,1195),(81,3666),(87,2165),(90,822)]	17.458012
868	[(44,3343),(52,2553),(72,2620)]	18.664169
869	[(7,120),(21,1805),(39,3992),(48,4476),(68,2353),(85,1053),(87,1219),(90,3091)]	17.883671
870	[(6,1134),(40,838),(61,3726)]	19.205622
871	[(5,2150),(10,1896),(19,3469),(23,4406),(38,335),(44,2806),(59,501),(67,4359)]	24.941597
872	[(6,3260),(26,1751),(55,2852),(91,4135)]	18.603914
873	[(0,4390),(35,4091),(47,1144),(57,272),(66,115),(67,557)]	18.212264
874	[(9,524),(29,1372),(37,2182),(44,1869),(52,4356),(69,3480),(74,1900),(91,1314)]	18.208080
875	[(11,585),(14,3646),(16,3524),(29,2757),(37,2474),(49,4080),(58,1896),(63,4358),(75,2162),(91,4283)]	19.312814
876	[]	18.742567
877	[(14,132),(36,4388),(37,363),(38,382),(90,1493),(91,1658)]	17.716503
878	[(1,304),(4,3163),(6,3543),(12,4127),(77,2953)]	17.888139
879	[(16,4389),(39,1223),(61,3883),(84,3332)]	22.507807
880	[(16,1052),(29,1778),(55,3246),(91,3431)]	32.573937
881	[(13,947),(74,3668)]	17.936822
882	[(0,3946),(10,595),(12,2198),(21,3231),(49,2851),(52,3705),(57,1386),(66,1041),(85,824),(88,2403)]	17.862452
883	[(1,3545),(8,1520),(26,1961),(59,3468),(86,3874),(91,1174),(92,725)]	17.657284
884	[(13,684),(31,1529),(43,4103),(82,207)]	17.623043
885	[(4,4224),(63,1561),(70,1793),(77,4080),(89,4296),(90,2855)]	17.612081
886	[(6,3360),(32,4312),(48,4055),(49,742),(59,325),(88,314)]	18.040853
887	[(0,3725),(10,1181),(11,2768),(13,2861),(34,2307),(58,3748),(59,2596),(86,4177)]	17.585684
888	[(6,1094),(53,2987),(56,3674),(81,2046)]	17.397390
889	[(12,2166),(37,2077),(40,4016),(72,925),(82,3472),(87,470)]	17.428405
890	[(8,257),(21,2564),(27,2208),(28,131),(50,4429),(54,4103),(56,1510),(63,3071),(64,318),(67,2179),(83,514),(85,4216),(86,3968),(91,3571)]	21.065155
891	[(0,2426),(22,388),(38,1260),(58,474),(92,212)]	18.463905
892	[(17,186),(44,3656),(64,4379),(86,3338),(90,3615)]	17.741905
893	[(4,462),(15,971),(29,1698),(38,1985),(46,996),(47,1291),(55,4172),(82,1228)]	18.011843
894	[(8,2564),(43,4340),(48,4153),(51,948),(52,275),(54,1179),(62,4055),(69,2472),(83,1252)]	17.479949
895	[(25,916),(46,2771),(54,1194),(79,3473),(82,706)]	17.538268
896	[(5,863),(16,1779),(33,4198),(44,183),(65,2408),(71,2185)]	17.641903
897	[(14,837),(16,1690),(42,3466),(58,1532),(74,1283)]	18.329348
898	[(3,3778),(24,142),(25,1884),(29,1017),(30,2844),(52,1938),(69,4442),(73,885),(89,786),(90,3870)]	17.945383
899	[(66,2689),(78,512)]	18.655398
900	[(0,7),(7,4413),(13,4402),(17,304),(42,4035),(56,2221),(68,104),(88,550),(91,3252)]	18.340934
901	[(8,2884),(24,4249),(58,3180),(63,4015),(80,2434),(83,2075),(88,553)]	17.418151
902	[(3,3456),(4,3140),(8,3354),(30,4235),(31,1474),(39,1267),(41,1353),(60,3549),(69,2556),(76,21)]	18.136260
903	[(11,20),(12,2306),(18,1940),(34,411)]	17.676606
904	[(0,3850),(6,2729),(23,1560),(49,2387),(65,3243),(69,1297),(83,3683)]	18.047920
905	[(22,3008),(25,1203),(44,2149),(53,1694),(65,2014),(68,2849)]	17.605374
906	[(1,3737),(7,3471),(12,1380),(16,3437),(22,4239),(35,1732),(60,3435),(77,4269),(86,2889)]	17.670003
907	[(11,404),(87,360)]	20.190187
908	[(7,1892),(22,634),(47,3147),(76,2445),(84,1137)]	17.637374
909	[(7,3336),(11,1154),(29,2973),(33,4423),(36,3567),(41,2034),(47,3589),(77,4398),(82,1878),(91,602)]	17.667616
910	[(3,1271),(12,737),(21,440),(45,3115),(57,726),(61,2142),(68,401),(77,4039),(90,2787)]	17.619511
911	[(42,151),(56,818),(90,740)]	18.685174
912	[(5,1441),(13,718),(14,2327),(60,4217),(63,384),(74,3342),(78,3811),(81,803),(90,3445)]	18.385206
913	[(8,2472),(23,3092),(29,2500),(30,1213),(46,2089)]	21.065623
914	[(49,3003),(81,2424),(87,309)]	17.846101
915	[(1,2362),(5,4123),(15,248),(63,2389),(84,3930),(85,3657),(88,3396)]	17.656498
916	[(8,2731),(26,1945),(55,169)]	22.817783
917	[(6,3645),(9,3381),(21,816),(26,2632),(32,3969),(36,17),(44,2091),(57,1059)]	39.254593
918	[(7,3424),(22,2638),(33,2202),(65,2150),(79,460)]	36.998429
919	[(9,806),(11,2229),(36,871),(49,3237),(80,1988),(81,303),(86,1764)]	36.941815
920	[(5,1038),(6,4401),(29,1540),(47,2471),(51,1584),(53,1836),(57,4452),(67,2219),(72,4015),(74,2040),(82,2411),(88,3421)]	40.873863
921	[(47,2),(54,1816),(58,3970),(63,3246),(64,1652)]	37.098799
922	[(1,2579),(2,3619),(14,2760),(24,3632),(30,3663),(35,3826),(71,565),(77,2415),(80,3187)]	35.611141
923	[(12,1250),(72,2934),(91,655)]	35.352026
924	[(11,409),(30,1411),(31,616),(36,1762),(37,4475),(38,3959),(40,2395),(65,48)]	36.131975
925	[(9,743),(14,999),(15,2654),(19,2678),(23,3518),(27,2262),(69,2924),(75,3475),(80,4171)]	35.616707
926	[(5,4129),(16,114),(19,2081),(22,2259),(32,3594),(49,2464),(77,1626),(86,1598)]	46.226029
927	[(13,1027),(55,730)]	35.567581
928	[(4,1547),(17,1470),(18,2518),(26,4474),(31,317),(36,955),(81,3890)]	36.560480
929	[(3,2588),(7,163),(28,3174),(32,1567),(52,2303),(72,1564),(80,1988)]	34.931732
930	[(57,929),(69,3060)]	37.742553
931	[(41,938),(59,3857),(61,1317),(72,2369),(78,2517),(79,2410),(84,2934)]	35.202062
932	[(23,1928),(31,576),(34,899),(36,2268),(40,2225),(70,175),(76,1110),(85,4223)]	35.099511
933	[(2,2101),(8,3054),(40,734),(43,2450),(48,3634),(63,2456),(66,2228),(69,1168),(73,1893),(76,1886)]	34.824506
934	[(17,969),(30,4130),(63,123),(66,3179),(88,965)]	36.315328
935	[(13,1319),(70,1611),(80,374),(83,3471),(85,402),(91,1995)]	35.987211
936	[(7,4319),(22,1155),(29,2079),(40,1287),(45,4015),(66,1936),(83,814)]	35.379122
937	[(3,1104),(15,4340),(16,3202),(40,2051),(63,428),(67,1189),(69,1410),(72,933)]	35.669195
938	[(10,4156),(34,3323),(35,2707),(49,2382),(85,4370)]	36.193305
939	[(3,2972),(6,1584),(22,706),(29,1811),(36,4258),(40,3816),(47,763),(49,1014),(80,3259),(86,935),(87,4140)]	37.066070
940	[(2,1431),(6,143),(17,1776),(72,2953)]	35.336876
941	[(5,3508),(14,3449),(41,996),(49,1077),(66,2881),(76,2599)]	36.008979
942	[(33,4176),(49,1783),(54,2988),(57,3814),(70,2422),(88,2392)]	35.029860
943	[(18,4355),(34,3697),(60,1720),(91,1252)]	36.268082
944	[(29,781),(31,1795),(36,330),(39,3913),(48,1913)]	34.234983
945	[(11,4318),(30,869),(37,2710),(57,3689),(82,760)]	34.682232
946	[(11,875),(26,253),(43,4262),(46,2366),(55,820),(59,4141),(68,1805),(72,3833),(88,514),(90,4216)]	34.939154
947	[(21,4089),(37,3576),(42,410),(53,4169),(81,2938)]	34.069354
948	[(19,310),(41,3421),(52,1185),(61,2585),(70,3308),(90,1725)]	37.172165
949	[(50,967),(64,2037),(83,2690)]	34.818473
950	[(2,1677),(20,3909),(30,1142),(49,626),(74,3730),(84,4094)]	33.938316
951	[(5,756),(36,2351),(38,191),(49,1349),(55,2315),(60,3424),(67,422),(68,1480),(76,605),(79,3078),(80,1684)]	35.028150
952	[(10,3180),(11,3065),(13,2284),(16,941),(17,2701),(35,2103),(48,1206),(55,3568),(61,47)]	34.020884
953	[(80,3615)]	33.895381
954	[(0,2227),(19,2202),(22,1492),(38,1038),(73,1121),(81,3639)]	33.447825
955	[(9,917),(17,2951),(35,3812),(42,1537),(47,2989),(62,3104),(64,2162),(73,1487)]	37.749722
956	[(6,2849),(22,3771),(31,3234),(32,1064),(52,3943),(68,159),(80,67),(84,516)]	37.997691
957	[(9,2120),(19,1792),(43,1887),(90,3649)]	35.773366
958	[(17,938),(18,586),(44,1620),(50,2099),(56,4356),(79,1568),(81,3763)]	38.420285
959	[(1,2558),(3,3514),(33,4346),(36,3251),(39,1923),(63,2726),(75,4128),(80,2146),(83,42)]	38.637281
960	[(9,3277),(13,2142),(18,301),(25,2564),(35,3354),(51,3194),(64,4420)]	35.074054
961	[(1,3499),(12,3637),(27,2217),(28,488),(45,3440),(54,4110),(56,4378),(63,833)]	34.770950
962	[(15,3590),(18,1876),(28,3757),(34,3822),(56,1759),(77,4203),(79,4113)]	36.426168
963	[(1,637),(2,2042),(9,3884),(10,1407),(15,1658),(36,1409),(55,4394),(62,959),(71,243)]	38.879393
964	[(29,1559),(33,1473),(41,1166),(43,2948),(63,1112),(66,4453),(71,4416),(74,334),(78,1903)]	35.152970
965	[(16,1182),(23,3492),(65,2977),(88,3219)]	35.051659
966	[(5,2857),(28,2642),(68,4213),(69,1026),(74,764)]	35.943714
967	[(4,1976),(25,2095),(29,813),(34,3085),(42,2660),(65,3451),(72,3588)]	32.791494
968	[(9,1952),(21,3761),(28,2154),(71,1237)]	34.412746
969	[(16,1121),(19,449),(38,2961),(47,2318),(59,4097),(76,548)]	34.213036
970	[(8,2386),(19,2182),(21,2750),(25,1838),(34,461),(59,4126),(65,1485)]	35.750093
971	[(0,69),(4,1576),(17,1952),(30,1814),(38,1136),(44,727),(71,2982),(89,3168)]	35.786158
972	[(6,3966),(8,3077),(11,1844),(18,1349),(34,2549),(36,3139),(49,2646),(50,3596),(59,2684),(67,1321)]	35.765572
973	[(26,815),(31,670),(37,2034),(70,1296),(90,97)]	36.337675
974	[(66,4011),(85,2209)]	35.711489
975	[(4,2126),(5,3581),(8,4092),(11,2540),(22,1948),(67,2310),(90,4391)]	36.005386
976	[(6,711),(20,927),(86,2094)]	39.932309
977	[(13,749),(28,1363),(37,4321),(48,2601),(49,327),(77,1053),(79,1219)]	37.147677
978	[(6,845),(14,1003),(28,4127),(40,2009),(45,2379),(67,352),(71,306),(90,11)]	40.199604
979	[(0,292),(20,3814),(39,3350),(59,695)]	40.554670
980	[(0,3951),(16,3554),(46,2404),(53,584),(54,3187),(57,3431),(59,4015)]	35.660243
981	[(0,3230),(25,1319),(44,2085),(69,4059)]	36.016256
982	[(0,1947),(2,3702),(10,1512),(12,3796),(26,1554),(33,620),(50,2744),(69,1405),(91,280),(92,3194)]	34.986349
983	[(14,3335),(26,1006),(31,1682),(37,1306),(71,66),(78,4379),(85,3023),(86,3329),(90,694),(92,1218)]	36.589089
984	[(4,4258),(33,3719),(57,4312),(60,165),(66,1903)]	35.322751
985	[(6,110),(56,1126),(75,4364),(78,1985)]	46.472334
986	[(3,3381),(28,3508),(45,3275),(58,2269),(65,415),(84,1803),(89,686)]	40.212272
987	[(27,540),(41,3345),(64,1712),(67,2314),(83,227)]	34.692812
988	[(4,3180),(5,3065),(19,512),(26,2264),(29,540),(31,3609),(32,4016),(48,3123),(57,173),(64,1943)]	35.272144
989	[(14,821),(31,2119),(43,772),(45,1845),(82,2604),(84,271)]	34.675794
990	[(22,1449),(34,2642),(57,2524),(58,809)]	34.393855
991	[(5,1447),(31,647),(37,3959),(59,1416),(70,548),(74,1338),(82,40)]	34.415691
992	[(12,2011),(24,711),(30,1853),(42,2576),(50,1210),(62,2307),(69,4293)]	35.469183
993	[(2,3361),(30,3076),(45,1705)]	37.575442
994	[(13,2041),(22,522),(24,1212),(33,3384),(45,1161),(68,2741),(76,375),(79,614),(90,3634),(91,1258)]	37.269059
995	[(7,848),(10,1608),(12,1920),(21,4029),(48,535),(70,3681),(81,990)]	34.599776
996	[(2,794),(20,827),(30,2664),(71,1260)]	47.079174
997	[(37,4181),(79,1790)]	35.061392
998	[(7,1261),(8,1097),(14,4153),(22,1177),(30,1603),(35,1458),(36,1167),(64,3076),(70,3217),(76,1639),(80,3913),(83,2319),(86,1158)]	35.825403
999	[(0,320),(18,4133),(26,615),(29,4404),(53,2436),(70,1191),(80,1524)]	35.781535
