ruleset_index	matches	time_ms
0	[(3,695),(11,5336),(14,2601),(43,1402),(44,3788),(45,419),(47,80)]	20.557440
1	[(2,4013),(8,1430),(15,1083),(22,2477),(77,4634),(89,1600)]	20.518328
2	[(22,3037),(74,2495),(77,2855),(87,172)]	20.324453
3	[(4,3266),(10,834),(30,2536),(55,4859),(67,3026),(86,1425),(89,3672)]	20.177872
4	[(11,5014),(16,1082),(28,4214),(83,4633)]	20.237536
5	[(1,1557),(33,4935),(37,5603),(38,1386),(41,4012),(48,291),(90,2368)]	20.749156
6	[(6,3748),(24,1698),(40,1755),(43,2741),(48,5122),(73,1320),(74,2654),(78,4006),(87,4440),(88,3442)]	20.229716
7	[(15,448),(21,4964),(29,4771),(32,1605),(37,4014),(38,2874),(49,2975),(54,380),(73,2303),(82,377)]	20.176063
8	[(5,1509),(11,5223),(18,2781),(25,3020),(38,659),(51,193),(64,2883)]	19.862263
9	[(21,2220),(26,303),(45,2570),(47,5540),(49,3089),(52,294),(59,3286),(63,4289),(69,1622),(75,2490),(83,37)]	20.629174
10	[(0,2196),(18,4393),(25,4643),(45,2204),(55,3898),(58,4717),(63,319),(76,947)]	25.718826
11	[(0,4290),(7,2946),(10,3376),(28,3655),(43,2738),(69,2593),(76,1676),(78,4061),(90,3154),(92,3009)]	20.435498
12	[(31,2724),(32,5581),(40,3734),(53,1507),(61,3007),(73,1332),(85,4085)]	20.368563
13	[(7,1996),(10,5548),(16,4993),(18,814),(35,4945),(43,1994),(87,5488),(89,3147)]	20.820002
14	[(5,3372),(9,528),(20,2579),(63,4422),(67,2364),(73,4938)]	20.493955
15	[(13,947),(21,604),(38,2569),(51,2120),(56,5326),(61,3520),(63,1054),(66,5062),(75,445),(79,3233),(86,1406)]	20.048608
16	[(29,4688),(55,4792),(77,2008)]	21.008565
17	[(0,1920),(15,4906),(21,1000),(32,3769),(89,4505),(90,3411)]	20.205910
18	[(16,1906),(25,1251),(27,3265),(38,1010),(58,1843),(63,4645),(68,2235)]	20.073331
19	[(1,5002),(16,4509),(22,3765),(40,1559),(47,2250),(50,4055),(52,3403),(61,5608),(69,3894),(80,50),(85,686),(87,2606)]	20.954068
20	[(30,2045),(35,3072),(42,1301),(71,1683),(80,5512),(82,3209)]	20.370350
21	[(34,114),(65,4879),(71,2375),(83,3515)]	20.344466
22	[(12,1430),(26,945),(30,4296),(32,3165),(36,448),(41,2328),(45,5097),(53,296),(62,4033),(76,5659)]	21.482185
23	[(6,1846),(16,445),(33,4818)]	20.693009
24	[(23,5296),(33,545),(36,3016),(43,1654),(49,937),(68,877),(72,3986),(79,3538),(80,1068)]	20.611588
25	[(2,652),(9,1530),(20,5275),(57,4862),(62,2987),(81,189),(91,748)]	21.402551
26	[(44,3489),(53,2171),(73,4518),(86,1865),(92,5181)]	20.230570
27	[(14,4773),(38,1431),(42,2054),(47,4812),(48,1569),(52,5599),(67,4294),(69,227),(80,5258),(92,215)]	23.723579
28	[(6,646),(8,1536),(33,325),(39,5642),(51,320),(58,3524),(73,5348),(82,1600),(87,722),(91,4855)]	20.591174
29	[(20,2240),(23,5224),(39,2957),(42,1865),(73,972),(87,4557)]	21.475161
30	[(11,3584),(18,2189),(20,138),(37,2349),(42,1675),(43,2920),(60,3016),(67,1488),(86,5593)]	21.802199
31	[(8,356),(19,739),(33,4041),(34,4486),(37,5446),(70,10),(71,2803),(79,5660),(86,2582)]	21.688559
32	[(0,5344),(2,4243),(4,3379),(17,5251),(18,625),(28,1559),(31,3848),(36,4815),(41,3129),(50,2809),(72,1963)]	21.645287
33	[(16,5001),(17,4458),(27,771),(50,548),(51,398),(72,2687)]	20.207400
34	[(5,2391),(11,3443),(13,817),(24,2395),(27,1143),(75,5489),(85,1070),(87,3349),(88,4656)]	19.903833
35	[(17,1289),(19,5137),(23,4111),(28,3341),(33,2098),(38,2104),(78,1642),(88,5279),(89,4128)]	20.005860
36	[(19,1168),(22,445),(26,1627),(38,558),(40,2881),(41,3900),(69,2540),(75,124),(78,4137)]	22.604670
37	[(4,5223),(18,5093),(29,4316),(46,1583),(48,5350),(50,903),(59,3651),(60,3534),(61,5244),(73,2731)]	26.836614
38	[(9,4448),(13,3719),(20,1495),(30,4163),(48,4730),(49,2440),(50,3270),(53,794),(65,1113),(76,3815),(86,4255)]	21.392092
39	[(4,4626),(15,4689),(25,3075),(41,3940),(45,2980),(57,4646),(59,5175),(67,566)]	20.528027
40	[(0,3940),(26,1264),(47,5522),(50,4341),(60,3924),(67,5455),(70,1010),(78,198)]	20.939210
41	[(2,1654),(3,2766),(10,2082),(23,2457),(41,1114),(46,3779),(54,4876),(57,1693),(60,1722),(68,4613),(87,4804)]	22.804318
42	[(5,4068),(14,2307),(25,585),(41,947),(49,2028),(73,4873),(86,2326)]	20.157892
43	[(6,5157),(8,4161),(45,872),(70,5173)]	20.805470
44	[(3,4159),(9,4541),(12,4807),(17,660),(24,1160),(28,2153),(37,4971),(54,3459),(55,3411),(62,5260),(64,3585),(65,2794),(76,966),(79,645)]	23.118260
45	[(34,117),(35,1710),(36,1266),(44,1411),(57,4491),(59,4237),(72,4208),(74,22),(75,5354)]	22.196628
46	[(12,5557),(21,175),(24,3391),(26,2938),(29,3830),(41,1109),(43,4808),(46,1629),(53,587),(62,2790),(63,1824),(65,5084),(70,3289)]	21.245586
47	[(15,1639),(16,3857),(62,1929),(72,3883),(74,2858),(75,3263),(78,1489)]	39.773288
48	[(13,3950),(17,3579),(33,4274),(40,1519),(57,4260),(71,1342),(80,3470)]	20.787727
49	[(5,4931),(9,1896),(11,748),(12,3602),(23,2331),(33,5242),(38,1012),(41,4967),(42,2825)]	21.484742
50	[(1,3310),(2,1759),(5,4842),(9,4194),(23,2540),(27,353),(31,4702),(49,3353),(59,322),(67,4896),(82,4538)]	20.124864
51	[(11,2412),(27,2554),(35,4195),(70,1449),(73,5220),(86,3261),(89,472)]	21.127431
52	[(11,3589),(15,5084),(30,2974),(32,335),(48,3873),(55,5528),(64,5378),(69,490),(79,1948)]	20.518980
53	[(12,953),(18,4740),(27,388),(31,2929),(37,4944),(49,913),(51,743),(69,2848)]	20.277268
54	[(26,3092),(27,1044),(32,348),(49,4779),(50,3620),(63,1453),(67,3752),(78,4367),(81,3517)]	20.272243
55	[(3,885),(9,931),(29,1993),(33,4746),(62,2955),(78,4925),(79,5321),(87,445),(91,3214)]	20.183872
56	[(6,1806),(25,3232),(79,5059),(87,101)]	20.071816
57	[(6,1101),(15,4310),(18,4532),(25,2462),(31,73),(40,370),(45,2376),(61,1626),(65,3529),(72,1192),(89,5109)]	20.044758
58	[(4,4649),(12,5667),(26,2748),(30,4222),(50,5042),(51,2087),(87,1999),(91,2332)]	20.162373
59	[(9,297),(16,498),(19,4963),(28,3577),(34,5579),(46,2780),(65,427),(76,582),(83,3667)]	23.872370
60	[(0,5004),(4,784),(10,2849),(12,2906),(25,1241),(42,1404),(43,3876),(60,584),(65,5155),(66,501)]	20.387219
61	[(0,3808),(11,16),(18,5158),(27,5674),(29,2602),(58,4493),(61,2434),(63,2618),(64,4325),(74,2941)]	20.170456
62	[(8,4326),(15,5339),(25,4531),(30,364),(35,2559),(50,3413),(56,4358),(63,2887),(64,2829),(67,5057),(68,2623),(69,3521),(79,1146),(89,2886),(92,1772)]	20.171210
63	[(15,2298),(17,1010),(24,3069),(43,3633),(52,1268)]	19.803585
64	[(0,4189),(11,3566),(27,4672),(49,129),(85,2075),(87,2861)]	20.739594
65	[(1,4589),(3,2945),(10,2733),(15,2436),(28,5042),(30,1894),(32,1953),(53,495),(60,5033),(66,4016),(72,650),(74,3259),(75,1227)]	20.694459
66	[(2,962),(4,3379),(15,1185),(26,3618),(54,2076),(56,3212),(59,532),(61,2335),(68,4174),(70,771),(72,788),(75,4786),(85,536)]	20.867648
67	[(4,3338),(5,1745),(19,2094),(24,4504),(34,2516),(66,2469),(71,2144),(79,4311),(86,1784)]	20.417214
68	[(3,4191),(26,1868),(31,3856),(32,4440),(33,3442),(38,270),(47,3395),(71,5450)]	20.222342
69	[(9,4890),(23,46),(62,736),(66,5259),(77,830),(84,4816)]	20.306981
70	[(5,635),(8,3658),(10,3907),(12,1320),(51,856),(59,57),(65,5037),(66,5513),(69,520),(73,1107)]	20.275589
71	[(1,988),(31,1178),(38,1894),(59,2607),(85,5469)]	20.507832
72	[(3,2910),(5,845),(22,3667),(24,121),(49,958),(51,2799),(55,972),(58,521),(66,4164),(68,5206),(79,1623),(92,4095)]	20.679420
73	[(25,1474),(36,4452),(44,3440),(59,3064),(89,586)]	20.010999
74	[(10,5476),(12,293),(13,520),(19,517),(27,2161),(28,4806),(38,510),(41,5390),(44,5120),(51,1178),(65,86)]	23.616951
75	[(18,4953),(25,4066),(30,3021),(37,2324),(41,3094),(52,5098),(58,875)]	20.611074
76	[(2,2539),(21,2019),(40,5576),(43,2267),(45,1164),(67,4757),(88,271)]	19.891354
77	[(0,974),(4,3594),(5,5648),(8,4753),(19,4465),(24,3780),(37,1191),(43,4535),(44,3381),(49,1781),(55,257),(57,2479),(60,1190),(66,3872),(80,1056),(81,3737)]	20.150043
78	[(6,1520),(14,1337),(35,3157),(68,2449),(74,4743)]	20.680434
79	[(2,3480),(11,363),(28,352),(43,283),(54,4468),(57,3499),(64,4047),(67,970),(87,3722)]	20.141636
80	[(17,1874),(29,29),(45,4642),(58,3075),(64,3712),(78,2150),(88,4853)]	20.307837
81	[(5,1442),(11,1829),(43,5283),(44,360),(49,3404),(66,4687),(74,1347),(76,3727),(84,974)]	20.213519
82	[(47,339),(72,1597),(79,505),(84,2805)]	20.438891
83	[(39,5527),(41,3165),(46,2600),(53,2859),(69,2573)]	25.236367
84	[(30,5016),(32,2544),(39,444),(40,4323),(56,3929),(58,372),(62,3586),(75,412),(88,5256),(89,3388)]	26.179527
85	[(0,4012),(2,737),(7,3506),(19,4824),(28,4544),(37,4585),(47,170),(58,3350),(86,2293),(89,1878)]	20.660486
86	[(2,3314),(4,477),(6,2314),(31,1185),(32,4527),(37,2139),(38,912),(43,5610),(67,4032),(70,4233),(79,1352),(89,570)]	20.506163
87	[(18,2047),(19,1435),(40,4656),(58,1688),(71,1174),(83,2318),(84,4610)]	20.923465
88	[(13,5414),(17,741),(29,3362),(56,2817),(73,610),(91,5655),(92,5166)]	22.590002
89	[(0,5645),(15,325),(30,4463),(36,3192),(38,3474),(63,1761),(64,66),(67,3353),(92,4025)]	21.038651
90	[(12,5536),(19,3914),(21,1438),(22,770),(27,3385),(33,2920),(70,914),(71,2203),(73,35),(86,4862),(87,1474)]	20.274852
91	[(1,1866),(5,3724),(11,2075),(16,5676),(23,4500),(31,5269),(43,5487),(66,325),(73,618),(80,843),(82,3938),(90,383)]	20.278003
92	[(19,3652),(21,1536),(38,5137),(48,536),(50,5198),(73,1848),(83,3599)]	21.481789
93	[(7,2328),(8,2958),(9,4269),(18,2013),(28,3724),(32,5400),(50,528),(75,4735),(80,886),(91,672),(92,2617)]	20.344355
94	[(5,845),(7,4694),(13,4775),(52,1611)]	20.377437
95	[(17,3933),(18,690),(21,2317),(29,883),(56,297),(68,2109),(71,63),(72,1057),(78,2736),(81,3563),(83,1447)]	25.021471
96	[(5,5542),(25,5072),(29,1210),(36,1387),(37,4064),(40,411),(44,5270),(49,2537),(72,3168),(85,262),(90,1571)]	35.365575
97	[(12,2629),(13,3078),(26,1400),(39,4858),(40,328),(72,2699)]	20.725473
98	[(9,4054),(16,1540),(22,2382),(29,4401),(37,886),(39,1905),(84,3906),(87,5649)]	20.615316
99	[(2,1659),(30,2253),(40,1257),(46,2522),(48,1571),(70,2902)]	20.177641
100	[(0,736),(14,3181),(20,2372),(41,2575),(85,873),(89,3668)]	20.999889
101	[(5,5614),(9,1616),(35,2876),(47,2723),(53,4802),(54,1416),(60,4890),(70,1199),(71,1484),(72,1505),(86,3229)]	20.253053
102	[(6,5003),(12,2569),(27,2223),(28,3707),(33,4911),(45,2508),(72,5217),(73,1962),(78,3488)]	20.047292
103	[(1,3328),(16,891),(19,190),(30,1836),(50,1909),(59,4365),(63,3241),(68,4438),(70,2477)]	19.932771
104	[(2,478),(38,4110),(39,2907),(45,3499),(56,1314),(63,687),(80,2645)]	20.677020
105	[(14,3735),(19,1767),(24,2930),(29,5529),(35,431),(36,645),(41,3936),(45,5498),(68,4784),(73,1462),(81,5485)]	21.486852
106	[(12,5085),(13,5218),(14,4616),(15,1101),(23,2283),(60,2658),(62,3953),(85,2679)]	20.968344
107	[(5,4840),(23,2875),(24,1949),(27,627),(37,1298),(51,2268),(52,4395),(53,5144),(71,730),(75,2577),(87,4973)]	20.390779
108	[(1,4003),(7,2517),(10,1505),(12,3968),(27,4179),(45,1382),(46,3133),(48,5565),(50,630),(54,5185),(80,4807)]	20.018693
109	[(7,587),(18,3063),(26,4810),(31,3571),(36,42),(45,5355),(67,464),(76,4311),(80,455),(91,619)]	19.962886
110	[(6,2436),(22,2573),(24,4912),(49,522),(66,1872),(67,2747),(71,3660),(92,1976)]	21.418170
111	[(6,4236),(29,2268),(30,4277),(37,5276),(45,417),(65,258)]	21.121358
112	[(18,5675),(20,1304),(35,1735),(38,516),(58,422),(78,2737)]	24.465430
113	[(27,4344),(31,1230),(46,2365),(58,87),(77,4758),(87,5583)]	21.559751
114	[(15,2184),(23,263),(25,4613),(31,2541),(34,175),(46,4490),(47,2319),(68,421)]	21.472220
115	[(6,1673),(17,3045),(24,1330),(28,4795),(36,4111),(64,5470),(66,3618),(68,2531),(74,972),(82,1149),(90,4942)]	20.725207
116	[(6,2090),(34,38),(60,1651),(66,234),(77,858),(83,1593)]	20.496324
117	[(14,2268),(24,722),(40,1447),(48,5175),(64,5422),(80,3582)]	20.507710
118	[(13,5646),(63,3020),(74,3257),(75,4860),(84,4807)]	21.980215
119	[(6,3156),(11,3207),(24,3014),(56,400),(59,5282),(66,4172),(75,3008)]	20.421204
120	[(1,1704),(16,1150),(36,1992),(52,1448),(62,1964),(66,4670),(74,1313),(87,5591)]	20.803844
121	[(2,3638),(16,349),(43,1161),(70,914),(71,1097),(75,1144)]	24.025647
122	[(0,3117),(2,2454),(5,5165),(18,1801),(20,132),(34,3271),(57,2339),(60,3857),(65,2754),(66,4143),(87,1159),(88,4687),(90,3113)]	20.609369
123	[(30,3350),(32,4783),(34,4440),(35,3442),(59,3248),(69,2970),(72,2967),(74,2380),(75,2597),(86,5141),(90,1554)]	20.557508
124	[(1,3079),(38,4753),(41,3074),(49,4262),(83,4421),(89,966)]	21.699134
125	[(34,3255),(42,4430),(47,5484),(56,4407),(57,3567),(63,821),(70,4983),(81,926)]	21.001118
126	[(0,5003),(21,477),(30,1547),(49,3233),(81,4464),(82,3419),(90,1593)]	20.672393
127	[(16,1953)]	22.959231
128	[(18,591),(33,787),(36,2954),(53,465),(59,3745),(61,2676),(74,5596),(75,375),(79,4219),(83,4730),(89,4737)]	20.369484
129	[(0,3947),(41,764),(45,253),(50,1847),(68,3909),(70,4557)]	21.084530
130	[(6,1968),(20,1323),(28,1690),(49,281),(50,1378),(85,3276),(89,3735),(90,3092)]	27.421884
131	[(1,3434),(5,2677),(7,3478),(10,4299),(25,735),(43,317),(80,5271),(82,4265)]	20.631799
132	[(12,4513),(16,184),(50,829),(56,3530),(64,702),(74,1637)]	21.484953
133	[(1,4462),(3,4135),(17,4627),(34,839),(53,1767),(60,2293),(80,5207)]	22.256441
134	[(4,3779),(10,2609),(33,5381),(52,2849),(58,5099),(91,3804)]	22.272704
135	[(1,2359),(56,2454),(65,707),(66,5680),(68,2266),(72,4418),(86,5589),(91,4408)]	21.889835
136	[(1,4150),(14,463),(34,3141),(53,5191),(66,2411),(75,3734),(86,4988)]	20.877980
137	[(6,3691),(21,1852),(51,3143),(61,2921),(68,2653),(72,4594),(86,5539)]	20.619412
138	[(0,2748),(3,3279),(25,789),(42,5382),(52,4940),(57,4624),(75,3668),(88,1952)]	20.513164
139	[(9,2748),(12,2481),(34,3432),(53,1009),(74,3015),(87,4961)]	20.562389
140	[(3,3028),(25,5481),(27,2574),(34,1620),(35,876),(51,3136),(60,1776),(65,3563),(69,27),(70,3807),(71,152),(74,2048),(80,2032)]	20.684890
141	[(4,5146),(16,4743),(18,3852),(41,3992),(44,4750),(45,5252),(56,5563),(70,2731)]	20.730010
142	[(6,4849),(34,4500),(39,3764),(41,5263),(64,4153),(70,3166),(72,3493),(77,973),(82,3682),(92,5008)]	20.488316
143	[(14,25),(15,3393),(36,4464),(54,73),(56,2167),(76,1951),(77,1508),(83,3293),(86,5602)]	24.716320
144	[(5,5622),(6,4342),(7,919),(8,730),(20,3422),(24,4178),(38,3947),(48,2598),(52,4587)]	36.491468
145	[(3,5393),(18,4951),(24,4386),(46,3179),(50,1014),(51,888),(64,1831),(68,1516),(70,2284),(76,314)]	20.924630
146	[(5,2753),(26,3050),(30,1975),(40,1554),(51,4349)]	20.934431
147	[(1,4782),(9,1027),(13,4069),(31,478),(41,3178),(45,2822),(54,1749),(68,4938),(69,3106),(81,1221),(84,2920)]	21.274472
148	[(14,2231),(31,5615),(36,2408),(37,4295),(40,1140),(75,257),(86,4345)]	21.937552
149	[(7,2000),(26,5487),(45,5488),(50,2293),(52,2272),(70,3643),(78,4125),(82,121),(86,2229),(88,2034)]	21.259640
150	[(1,3908),(6,1876),(11,1946),(17,953),(29,5296),(40,932),(49,5345),(50,2296),(62,2585),(69,3488),(72,2285),(73,1924),(77,5115),(87,629),(91,3369),(92,4047)]	20.794238
151	[(31,1059),(40,4799),(51,2096)]	20.727267
152	[(49,1516),(52,332),(71,1736),(79,3957)]	21.015562
153	[(27,2541),(28,119),(66,294),(71,3924),(75,4464),(77,2961),(81,4309),(83,316),(89,5563)]	21.396704
154	[(3,2385),(9,1102),(12,4871),(30,98),(31,4816),(33,2514),(40,3404),(44,4092),(56,1483),(65,5309)]	20.443849
155	[(4,2352),(53,883),(54,4690),(70,5118),(75,765),(77,2888),(83,2263),(92,3824)]	20.380781
156	[(4,2192),(27,240),(37,2201),(68,4969),(75,1932),(80,2164),(84,1197),(90,1468)]	20.377480
157	[(5,912),(22,5091),(23,5050),(36,3620),(70,1834),(89,605),(92,2563)]	20.966500
158	[(1,2263),(16,848),(18,2079),(47,753),(48,247),(50,4895)]	20.820816
159	[(10,1997),(23,702),(27,3243),(44,617),(49,1087),(56,3330),(59,820),(70,3181),(73,239),(79,102),(86,643)]	20.355310
160	[(12,1771),(14,3553),(51,3196),(58,172),(59,3487),(63,464),(77,91),(88,3251)]	20.577949
161	[(14,5201),(51,4402),(55,3053),(59,3442)]	20.558436
162	[(23,4329),(27,3412),(41,311),(44,1815),(49,5386),(52,1362),(58,5102),(68,703),(69,725),(70,714),(78,563),(79,1182),(86,1019)]	21.106420
163	[(8,5117),(12,5298),(15,1896),(21,2666),(30,3351),(36,105),(39,1527),(45,3257),(61,947)]	20.688849
164	[(38,4916),(54,735),(59,4966),(68,2929),(80,661)]	20.512228
165	[(6,5401),(39,5062),(68,4810),(79,249)]	34.355694
166	[(3,5290),(6,4655),(18,952),(30,4111),(45,453),(63,2486),(84,428),(92,3640)]	21.678792
167	[(2,2688),(5,989),(8,1905),(17,5058),(25,3293),(57,2948),(58,559),(62,2338),(70,2015),(78,2164),(84,700),(87,2343)]	23.669474
168	[(10,5188),(35,5140),(42,2149),(52,2052),(87,4293)]	20.910053
169	[(8,5024),(9,5284),(11,1233),(12,3022),(25,235),(35,997),(37,2244),(52,4778),(59,3459),(70,1006)]	22.079352
170	[(9,5423),(47,1805),(54,4036),(56,1477),(72,511),(77,5367),(80,3714),(83,2043)]	21.054972
171	[(14,2386),(16,1916),(23,612),(33,4079),(35,922),(38,5428),(41,1685),(50,5417),(51,4465),(75,3201),(90,662),(91,5510)]	20.762824
172	[(2,2113),(14,3304),(17,1813),(25,1034),(28,1607),(29,1213),(41,404),(44,4698),(52,889),(66,5032),(71,1110),(83,2186),(92,4753)]	20.635616
173	[(2,2051),(8,534),(14,558),(28,985),(30,1983),(47,2062)]	29.118621
174	[(8,3420),(15,4794),(21,3959),(29,4964),(31,2432),(47,416),(64,2917),(68,571),(77,4020),(88,5211)]	21.101717
175	[(56,4202),(76,5495),(84,3758)]	26.945677
176	[(16,5626),(19,5569),(33,2209),(40,4934),(47,2621),(74,4968),(75,2195)]	22.080346
177	[(1,3325),(9,3319),(15,3628),(29,1675),(33,630),(63,5432),(72,1409),(92,3645)]	20.673420
178	[(19,106),(34,3831),(37,179),(43,1778),(50,1531),(52,1442),(58,3297),(67,4151),(68,3682),(75,1975),(80,5368)]	21.159051
179	[(5,2385),(17,396),(44,5397),(48,3121),(79,1620),(82,1817),(84,2748),(88,4975)]	20.922385
180	[(1,380),(10,4896),(14,73),(29,1637),(33,3514),(36,3835),(51,1779),(55,2434),(59,486),(82,3016),(85,875),(92,4883)]	23.625516
181	[(29,3092),(36,23),(41,4255),(45,4001),(61,3083),(63,3770),(73,1297)]	44.165136
182	[(3,4657),(21,1163),(62,1063),(72,3585),(74,959),(86,196),(92,1774)]	27.459717
183	[(12,3378),(22,3719),(42,326),(54,1920),(66,5038),(68,3077),(75,3572),(78,5196),(81,5337)]	21.151043
184	[(4,5325),(17,2934),(19,4868),(33,2420),(38,814),(59,5479),(78,2720),(83,5528)]	21.506703
185	[(40,752),(63,3778)]	21.552334
186	[(39,4980),(52,3769),(56,3592),(86,4149)]	24.308807
187	[(4,2856),(9,144),(16,3545),(29,320),(35,52),(52,5594),(68,1046),(69,610),(72,3090)]	21.837772
188	[(24,3307),(28,881),(43,1338),(45,1531),(47,1442),(56,4617),(75,3316),(76,330),(77,2548),(84,354),(85,4088),(86,4265),(92,2022)]	20.744248
189	[(13,1558),(22,1063),(41,4532),(66,2524),(78,5226)]	39.506042
190	[(7,3467),(16,848),(22,2726),(31,1605),(36,4519),(45,4169),(61,2643),(70,2168)]	31.915880
191	[(5,4921),(28,667),(36,2290),(40,4187),(80,4560)]	20.455008
192	[(1,2050),(3,522),(9,996),(10,3770),(30,4830),(69,1076),(83,1689),(89,3364)]	20.342241
193	[(5,5476),(8,3328),(27,2686),(28,454),(43,2341),(72,2481),(74,741),(78,979)]	20.336105
194	[(4,5250),(9,3990),(20,4371),(30,3166),(47,2372),(59,5266),(77,3094),(83,4803)]	20.162865
195	[(9,1156),(16,2937),(38,4808),(61,3862),(79,640),(81,5261)]	22.172568
196	[(11,3855),(31,1982),(80,278),(85,4723),(87,2813)]	20.818119
197	[(11,495),(19,3513),(20,3915),(23,2026),(37,1094),(40,778),(48,2169),(55,1190),(57,1665),(58,1863),(68,5573),(91,1928)]	41.792755
198	[(4,1132),(11,3139),(23,1898),(60,5472),(74,1049)]	44.210159
199	[(2,5369),(3,1664),(6,5027),(15,4004),(36,4288),(40,3505),(43,3155),(46,1240),(72,4638),(80,523)]	44.842856
200	[(0,4976),(9,5040),(22,5352),(36,655),(41,4238),(46,4768),(66,5071),(72,2800),(73,2599)]	44.880475
201	[(3,4182),(19,5552),(23,3740),(36,5089),(41,1813),(58,3383),(91,4582)]	44.182124
202	[(1,4077),(4,4363),(8,185),(49,3797),(72,3590)]	24.951043
203	[(0,949),(10,2705),(38,5031),(43,3739),(47,2216),(55,4008),(60,1975),(70,1941),(73,3938),(82,2399),(83,625)]	20.238667
204	[(2,893),(3,4590),(5,766),(16,776),(17,2445),(30,2574),(40,2104),(74,1248),(84,333),(92,3068)]	20.232441
205	[(6,3877),(9,1504),(10,506),(16,4860),(23,451),(25,4239),(37,1529),(43,429),(47,141),(85,1379)]	26.157824
206	[(1,5558),(3,1717),(16,1098),(24,676),(86,637),(90,1187)]	21.127824
207	[(38,3634),(39,2892),(41,5273),(54,5565),(61,2881),(62,3900),(71,3255),(85,2556),(89,435)]	21.431379
208	[(1,783),(4,911),(7,445),(23,1203),(67,5267),(84,1588)]	21.822381
209	[(0,3263),(9,1519),(19,3918),(28,5196),(38,4354),(61,1961),(69,4879)]	23.238614
210	[(20,3237),(22,812),(28,2750),(33,2095),(41,506),(52,1416),(65,3048)]	20.576837
211	[(8,3515),(33,1601),(42,5054),(67,3261),(71,5272),(87,711),(88,4157),(89,62),(92,3890)]	20.367581
212	[(7,1496),(24,3301),(49,536),(57,1000),(63,3486),(66,4343),(69,3549),(72,969),(74,1573),(75,316),(79,3475),(91,4813)]	20.341016
213	[(0,588),(8,1307),(12,2579),(21,2417),(61,5139),(85,4698)]	25.943185
214	[(28,3141),(62,777),(85,4791),(90,1525)]	23.376013
215	[(3,2778),(12,791),(20,3963),(32,4258),(54,5176),(61,299),(65,4535)]	20.091253
216	[(8,2891),(16,1685),(24,4224),(25,2804),(31,4101),(34,2553),(43,290),(60,5367),(74,1494),(84,209)]	21.605131
217	[(0,679),(9,4795),(28,3108),(36,3624),(43,4358),(46,2958),(47,4456),(63,4051),(71,4947),(73,2577),(78,5495),(82,3505)]	21.605012
218	[(2,4495),(15,1247),(28,2391),(30,667),(35,5434),(36,5380),(53,2759),(55,1473),(79,4054),(90,3726)]	22.389608
219	[(6,1133),(20,1813),(22,1455),(29,1315),(43,3413),(58,4905),(60,5426),(78,4319)]	21.746717
220	[(4,5261),(28,5190),(37,1339),(55,3878),(64,1056),(65,3737),(68,3108),(78,2188),(90,208)]	20.319533
221	[(11,763),(29,559),(74,1557),(76,165),(77,598)]	19.828363
222	[(5,2187),(40,2853),(46,198),(47,4105),(70,5609),(73,1585),(74,2187),(81,1918),(92,4700)]	21.388855
223	[(12,4341),(47,901),(54,3419),(90,3742)]	20.478671
224	[(1,3435),(6,611),(9,4613),(17,5649),(29,3302),(40,2801),(65,4495),(87,1369)]	21.185052
225	[(14,5113),(51,2816),(53,5056),(55,4443),(58,1094)]	20.318923
226	[(11,3696),(48,3586),(64,646),(75,5571)]	20.406404
227	[(1,3030),(21,148),(38,2560),(66,1733),(70,2216),(71,4636),(90,3693)]	20.478755
228	[(0,5099),(6,3226),(7,3782),(12,985),(25,1224),(31,1156),(32,2528),(36,3506),(37,5223),(71,106),(83,4076),(84,2036),(89,5528)]	22.697881
229	[(2,921),(23,1311),(35,4356),(50,5395),(61,4728),(76,491),(78,3391)]	20.718943
230	[(6,3526),(10,2672),(26,3949),(29,4529),(35,5627),(43,3328),(59,1627),(79,2258),(82,4141),(85,3960)]	20.484699
231	[(19,3452),(22,2059),(24,264),(52,1271),(56,4776),(67,4284),(72,850),(79,1123),(84,4690)]	37.679298
232	[(8,1651),(35,4708),(41,3453),(44,4088),(49,4549),(50,4263),(51,904),(58,3039),(59,2264),(74,861),(78,880),(92,1706)]	22.144417
233	[(5,846),(14,4626),(25,1002),(31,3587),(35,1272),(38,4443),(46,2029),(49,2841),(72,1893),(77,3897),(86,2898)]	22.220475
234	[(4,446),(16,287),(42,4162),(48,626),(87,4010),(88,4411)]	19.981374
235	[(13,728),(18,2158),(34,937),(68,165),(77,3833)]	20.401795
236	[(1,1287),(19,2084),(29,3533),(36,4608),(44,1856),(51,5591),(54,3828),(70,2486),(82,4536),(89,1432),(90,1078)]	20.448057
237	[(20,791),(25,1262),(31,3564),(51,5396),(59,476),(70,3845),(87,794)]	20.711256
238	[(3,435),(19,2011),(24,3095),(29,2628),(36,2763),(42,3449),(49,1800),(68,2572),(70,2039),(91,3282)]	20.327221
239	[(8,5322),(21,2507),(47,5103),(48,3154),(53,2910),(77,4),(81,2263),(84,4218),(88,2154)]	21.104371
240	[(1,37),(4,3356),(11,3177),(13,1760),(20,4489),(21,4253),(24,4209),(38,5587),(53,4922),(72,3604),(77,2279)]	20.760186
241	[(3,2082),(7,227),(12,4265),(30,299),(35,5353),(46,5207),(66,1678),(68,716),(81,2521)]	20.074142
242	[(8,4762),(10,2062),(13,5623),(30,2994),(49,35),(51,1573),(57,2677),(59,3500),(75,3518),(87,4680),(88,5314)]	20.317041
243	[(0,4964),(8,1691),(12,4553),(39,5196),(54,1536),(56,5375),(74,1674),(86,2120)]	20.379785
244	[(2,4316),(11,2201),(13,5398),(40,5182),(69,4573),(83,5004),(91,3796),(92,1958)]	20.059497
245	[(6,495),(47,1184),(51,1358),(54,4597)]	20.715515
246	[(22,1300),(29,866),(31,1533),(38,3213),(49,884),(50,2362),(55,2070),(56,5537),(61,3413),(69,1752),(78,630),(86,1689)]	20.234337
247	[(4,5498),(8,4717),(35,4274),(53,1658),(63,1768),(65,3247),(91,5058)]	20.945620
248	[(1,4869),(10,51),(11,3444),(20,1850),(44,2197),(48,3861),(49,3646),(52,479),(69,1691),(86,3581)]	20.596878
249	[(9,1303),(14,2578),(21,2027),(31,3319),(32,802),(37,5455),(42,5516),(46,5382),(55,5386),(57,5322),(70,691),(84,224),(91,679)]	20.307956
250	[(17,2893),(30,3250),(33,5520),(46,2220),(58,3785),(70,2367),(80,2490),(87,3040),(90,3091),(91,1407)]	20.817704
251	[(18,1089),(20,3370),(26,4594),(28,589),(30,5603),(31,5090),(38,155),(40,5055),(41,4497),(62,5251),(73,3746),(75,5181),(89,3005)]	20.831915
252	[(4,3424),(10,3640),(22,1753),(23,5216),(25,2713),(27,4074),(32,1352),(41,2185),(53,1526),(73,5068),(77,38)]	23.723476
253	[(1,1046),(12,2367),(17,789),(18,5343),(26,3225),(31,4452),(48,4224),(52,236),(72,5323)]	19.994117
254	[(13,1745),(17,843),(19,3938),(32,1465),(57,810),(59,2306),(68,4320),(72,1088),(75,5324)]	20.727668
255	[(3,4875),(19,1823),(36,2091),(38,381),(39,1861),(65,4800),(72,3267),(88,765)]	20.878389
256	[(10,521),(15,1336),(23,1046),(24,610),(41,2178),(55,3083),(75,3812),(79,3651),(83,4242)]	20.166602
257	[(3,2530),(8,808),(9,292),(11,1988),(20,1454),(32,3707),(39,464),(43,3025),(46,1236),(56,5156),(58,2528),(68,3806),(69,580),(74,3026)]	20.789936
258	[(11,2437),(19,3503),(21,5653),(23,1187),(24,4201),(31,3630),(46,605),(54,1979),(67,128),(75,595),(91,4505)]	20.247189
259	[(27,4971),(30,1755),(38,752),(46,4826),(47,386),(54,2882),(58,4545),(61,2402),(63,4242),(74,2277),(75,3024),(85,1274)]	20.961161
260	[(2,5203),(5,2477),(8,866),(11,5563),(32,1314),(48,3624),(61,4193),(62,2283),(64,4136),(70,1768),(82,4509)]	29.476565
261	[(3,1167),(22,5088),(31,5506),(39,1560),(69,3423),(76,5063),(85,2564)]	28.406180
262	[(13,2607),(20,4804),(36,2994),(37,510),(53,5398),(86,1790),(88,4588)]	20.672986
263	[(5,3982),(12,500),(17,2754),(48,948),(56,4796),(57,6),(59,3825),(64,1794),(75,5365),(78,814),(80,4786),(82,467)]	21.311547
264	[(13,3191),(29,5416),(32,3295),(35,1725),(52,1636),(77,3844),(80,2005),(81,493),(87,1042)]	20.822879
265	[(17,4827),(26,5478),(30,2414),(35,1035),(46,4275),(88,2315),(89,5167)]	23.053541
266	[(8,3144),(20,3392),(24,2568),(49,2494),(50,4853),(57,4887),(87,4802)]	20.421843
267	[(2,3528),(21,4225),(48,1232),(56,3966),(64,4794),(77,4730),(78,2440),(84,3669),(92,1832)]	20.214961
268	[(2,1387),(3,4064),(5,3484),(32,3372),(41,3260),(47,4128),(49,1608),(66,1070),(71,4396)]	20.183333
269	[(47,3405),(56,3944),(57,1707),(82,866)]	20.075988
270	[(1,4815),(2,1399),(11,645),(15,4053),(26,1848),(32,107),(34,4194),(48,5173),(60,121),(62,3885),(70,4858),(71,328),(77,170),(88,5606),(90,5583)]	20.512966
271	[(3,5228),(8,2450),(35,5012),(37,3500),(51,1736),(57,1003)]	20.821574
272	[(19,3316),(28,297),(29,4445),(60,1959),(69,4401),(72,1096),(77,2774),(89,5491),(92,4050)]	21.575919
273	[(1,524),(6,5578),(16,3709),(20,2452),(33,3369),(52,576),(67,5124),(74,4574),(79,1393),(82,4810),(90,1646)]	21.270267
274	[(4,2401),(16,3521),(41,5232),(60,848),(62,5584),(66,1734),(76,4266),(77,2186),(84,4244),(85,2304)]	21.391122
275	[(12,1804),(13,3690),(15,285),(24,1727),(31,1646),(51,4131),(62,771),(86,3186),(87,3943)]	23.625998
276	[(40,4660),(57,2344),(67,4552),(85,5516)]	21.058444
277	[(4,4279),(10,1339),(41,3883),(46,445),(75,5466),(79,3230),(81,1513),(85,2425)]	20.078859
278	[(16,3525),(27,1880),(31,4209),(44,2795),(72,647),(77,1178),(81,589),(90,3812)]	20.098670
279	[(7,3550),(21,1642),(34,4528),(36,5155),(38,60),(58,5393),(74,3596),(76,4344)]	34.488944
280	[(1,1519),(3,1733),(7,1658),(9,1568),(10,3252),(13,109),(22,5400),(46,2427),(52,4854),(59,1316),(62,1888),(64,1246),(78,4860),(81,811)]	26.881086
281	[(2,3281),(7,976),(30,1406),(33,3268),(36,1785),(45,1074),(47,2106),(79,5601),(80,3399),(81,4363),(90,4756)]	20.290094
282	[(4,165),(5,598),(23,1906),(27,2845),(28,987),(34,3129),(35,1885),(45,1961),(57,1865),(70,4576),(91,4113)]	22.621320
283	[(3,4899),(24,3483),(26,4951),(35,5263),(37,4018),(48,4950),(70,4267),(91,215)]	20.496813
284	[(18,148),(20,2269),(41,1043),(54,4586),(80,34)]	20.199947
285	[(0,191),(2,3948),(38,1832),(47,3310),(49,3478),(59,2474)]	20.551742
286	[(4,5345),(6,716),(12,5506),(22,474),(51,3332),(57,4028),(70,1929),(72,3012),(86,1548)]	21.727427
287	[(35,4608),(46,3801),(75,4660)]	20.564094
288	[(1,4866),(5,3487),(16,175),(37,4263),(38,3634),(39,2892),(43,1167),(65,1938),(70,4216),(74,3259)]	21.653249
289	[(11,5521),(37,2300),(63,5648),(65,1345),(78,2339),(88,4617),(91,1542),(92,3427)]	21.527146
290	[(2,1012),(11,3815),(27,2936),(30,1132),(38,2823),(47,3574),(57,2088),(64,3946),(69,513),(74,378),(89,5660)]	21.635657
291	[(12,5082),(31,5644),(52,2837),(63,5351),(84,1024)]	20.557869
292	[(11,271),(15,543),(31,4588),(51,1857),(57,858),(73,3473),(92,3406)]	20.496098
293	[(3,840),(7,1115),(19,4000),(25,5608),(26,5601),(27,3399),(36,5338),(48,1973),(84,708)]	20.930017
294	[(9,3144),(13,626),(22,3769),(33,5305),(37,4542),(41,2157),(51,2258),(80,3338),(91,4776)]	20.806493
295	[(35,890),(37,5584),(48,4363),(56,2647),(70,1474),(82,759),(90,5279),(91,4128),(92,43)]	20.262442
296	[(1,2383),(5,3774),(22,3082),(37,2218),(79,2678),(85,3572),(87,2091)]	24.243755
297	[(6,4758),(14,2324),(17,1311),(29,1759),(63,5375),(89,570)]	20.794835
298	[(35,1899),(39,1222),(50,1219),(57,3207),(81,5257),(89,2349)]	23.810762
299	[(15,650),(21,1196),(31,38),(44,1620),(45,876),(51,2616),(68,2985),(77,5452),(86,5335)]	20.429295
300	[(2,1560),(17,3225),(23,1574),(25,5461),(44,2969),(83,599)]	21.522645
301	[(1,1150),(17,1196),(20,1412),(28,3867),(35,1105),(46,1119),(58,5269),(60,3938),(64,1915),(66,957),(70,5642),(78,1472),(81,2638),(85,5482),(89,5397)]	20.462110
302	[(6,2608),(7,2393),(13,1064),(15,1126),(18,1574),(25,45),(26,1270),(33,4051),(42,2320),(55,427),(60,2506),(65,4400),(66,4861),(68,4677),(78,4646),(81,4164),(88,2378)]	20.866072
303	[(11,1185),(20,1252),(27,2295),(36,2102),(48,2654),(70,5595),(72,3636),(79,1421),(86,3680)]	20.795711
304	[(2,4010),(18,946),(22,3137),(28,2257),(31,158),(40,5141),(45,871),(68,3211),(74,1393),(75,669)]	21.294940
305	[(14,3984),(29,5043),(36,1173),(66,1659),(88,4512),(92,4734)]	21.524885
306	[(0,1298),(7,2415),(14,4157),(24,432),(32,1265),(52,3364),(57,818),(67,2151),(78,2336)]	28.226879
307	[(23,5542),(38,693)]	20.909207
308	[(8,1959),(9,954),(11,1031),(19,1051),(40,4947),(44,3024),(57,711),(58,4157),(86,1843),(89,4242)]	21.595545
309	[(3,5199),(15,1117),(20,1210),(24,2616),(46,3237),(61,2391),(71,5124),(79,5533),(92,1401)]	23.073108
310	[(19,2716),(38,1298),(43,1020),(51,4473),(64,109),(70,3482),(85,3944),(86,1707),(88,4786),(91,3223)]	23.837667
311	[(14,2899),(32,5029),(38,1119),(67,4767),(76,1324),(78,2045),(81,1911),(83,4795),(86,299),(87,5214),(92,2445)]	25.615159
312	[(7,2555),(28,2716),(52,5586),(54,4347),(57,1284),(67,4256),(82,2060),(85,275),(87,4270)]	20.335491
313	[(5,4484),(20,2046),(22,2693),(26,1553),(53,3205),(56,2466),(63,2113),(67,5599),(75,1932)]	20.230024
314	[(14,3548),(20,1868),(31,3900),(37,3146),(49,2923),(71,5065),(74,575),(78,5081),(83,5400),(85,245)]	20.920070
315	[(26,4664),(72,568),(78,3435)]	20.373500
316	[(4,2631),(8,2748),(11,2248),(15,5176),(60,2409),(63,2978),(69,3367),(71,205)]	20.437908
317	[(4,1741),(18,1597),(25,5126),(30,2858),(34,5506),(38,5451),(47,2815),(51,5517),(60,2351),(64,3583),(82,2130)]	20.585183
318	[(5,2259),(46,2828),(61,1590)]	20.716495
319	[(10,2357),(26,2609),(33,5246),(38,1450),(43,2605),(50,5324),(82,2249)]	21.699657
320	[(15,3944),(19,1582),(22,280),(47,771),(60,5678),(76,1336),(78,4037)]	23.640188
321	[(13,1390),(14,2316),(31,58),(59,1874),(66,1430),(74,3247),(76,5176),(81,5334)]	20.944336
322	[(4,4377),(24,5382),(38,4015),(41,5416),(57,2646),(74,1265),(80,4961)]	21.406647
323	[(0,4050),(35,1612),(58,803),(59,5125),(62,539),(78,4842),(79,2415),(89,3977),(90,1664)]	20.422002
324	[(7,5497),(15,2152),(29,4916),(32,2446),(61,2581),(64,4657),(65,1144),(80,5443),(87,4615)]	20.173658
325	[(15,2275),(37,3691),(51,1286),(56,5518),(60,4922),(62,2354),(64,1352),(75,4555),(77,4293)]	20.434833
326	[(14,2004),(15,1536),(17,5375),(26,1737),(41,1215),(43,5094),(45,491),(48,2945),(58,3000),(76,5242)]	28.581640
327	[(22,1873),(38,1705),(55,1090),(56,4948),(83,2802)]	34.023507
328	[(10,3952),(25,3650),(55,4341),(58,1186),(62,4264),(69,1109),(82,613)]	21.376371
329	[(15,644),(27,5302)]	20.849724
330	[(6,1806),(34,4858),(37,2577),(42,4579),(52,4408),(78,2558),(89,2932)]	20.492359
331	[(10,491),(16,2730),(31,3446),(34,1965),(40,4230),(68,18),(69,4241),(72,4936),(74,164),(79,5487),(83,2784)]	20.398000
332	[(14,1599),(42,5610),(54,3905),(57,134),(68,903),(72,1139),(90,3184)]	20.974116
333	[(0,270),(8,3643),(14,1532),(21,4287),(39,1752),(47,900),(54,4670),(74,3714)]	21.146572
334	[(2,1074),(9,1767),(42,3441),(43,753),(44,2407),(46,4804),(48,4981),(53,2626),(62,579),(85,1147)]	21.677414
335	[(7,3137),(14,4022),(34,5327),(81,4073),(84,4894),(90,3071),(92,5687)]	20.477467
336	[(0,3606),(8,2226),(18,4523),(29,167),(63,5547),(67,643),(71,4953),(80,4976),(84,5281)]	20.080651
337	[(10,1988),(36,2197),(74,5620),(84,3995),(90,630)]	21.343542
338	[(13,1036),(18,3906),(19,379),(43,711),(45,3047),(57,2450),(64,1888),(69,195)]	20.785426
339	[(4,3761),(8,305),(36,127),(48,3806),(52,4640),(60,3851),(68,5231),(73,2454),(83,447),(85,1223),(91,1038)]	20.604048
340	[(21,4675),(32,118),(38,641),(41,2591),(65,5155),(69,4076),(78,661)]	20.561004
341	[(0,2226),(3,5224),(30,2981),(42,4605),(50,299),(64,3812),(69,4833),(77,4681),(85,3666),(90,3549)]	20.923309
342	[(16,2190),(17,515),(47,5036),(52,856),(58,2672),(64,2313),(67,3749),(76,1252),(81,2713)]	20.651773
343	[(7,1213),(20,932),(33,5054),(41,5098),(45,3798),(54,3412),(63,4569),(88,71)]	20.475830
344	[(4,4100),(16,358),(57,2883)]	23.463175
345	[(15,2779),(20,3791),(27,3975),(29,1770),(36,4801),(53,409),(60,4350),(61,584),(69,3619),(77,5157),(80,4455),(85,3529)]	20.214418
346	[(1,4318),(13,4461),(19,5359),(24,3830),(36,2938),(47,5247),(50,4771),(53,3597),(90,2211)]	21.282101
347	[(0,173),(11,3259),(12,1227),(15,2454),(16,4328),(25,1284),(66,5204),(67,4378),(81,3895),(85,1842)]	20.276356
348	[(9,3498),(22,2941),(28,1106),(30,2099),(34,3298),(36,1266),(59,3309),(65,2043),(78,1126)]	20.518501
349	[(5,2608),(7,2711),(8,2542),(23,4429),(25,5145),(32,2480),(38,4738),(41,3857),(54,928),(61,4525),(68,3122),(71,1168),(79,869),(83,2633)]	21.486754
350	[(1,4212),(3,1216),(4,989),(11,2305),(28,4456),(32,551),(43,372),(54,2200),(56,2593),(57,2596),(63,2772),(68,2457),(80,4553),(90,1151)]	21.118512
351	[(3,2114),(4,1046),(5,610),(19,788),(60,4188),(66,3774),(75,1108),(76,2940)]	21.017908
352	[(16,3432),(53,5289),(68,5389),(76,2887),(92,5033)]	27.132602
353	[(14,4312),(24,4067),(71,2801),(79,4681),(91,1014)]	21.229856
354	[(5,3293),(27,2249),(37,2422),(42,5551),(46,948),(48,3002),(51,4581),(55,1987),(92,996)]	22.180254
355	[(5,5543),(35,3370),(41,3569),(47,3546),(64,4949),(69,5077)]	25.310221
356	[(4,2014),(26,869),(34,5168),(49,215),(70,4916),(71,1347),(75,1617),(82,4114)]	21.429665
357	[(26,1343),(28,3505),(48,5282),(59,1531),(68,576),(87,5268)]	23.206685
358	[(2,962),(6,4377),(27,4175),(36,2037),(41,1982),(45,346),(54,4049),(55,326),(57,2281),(59,5440),(60,2808),(62,788),(72,2644),(84,1425),(90,2126)]	20.982786
359	[(7,1831),(22,3272),(23,473),(68,2873),(80,467),(83,4630)]	20.489843
360	[(2,3353),(13,2944),(41,1164),(45,3680),(58,2156),(79,3304)]	20.445901
361	[(8,3508),(20,1633),(41,5483),(42,4600),(48,4696),(65,1971),(68,3325),(76,833)]	21.482670
362	[(14,2801),(27,430),(41,4706),(48,1457),(49,3180),(68,5360),(83,4802),(84,1416),(87,5659)]	20.199373
363	[(0,266),(2,5136),(12,1614),(18,2682),(25,3225),(43,4729),(63,2632),(89,863)]	20.389086
364	[(5,5485),(12,554),(13,877),(21,1824),(26,941),(35,4054),(39,548),(57,3941),(63,5495),(72,3174),(90,3145)]	21.275175
365	[(0,4107),(2,4186),(6,559),(10,3460),(24,1166),(28,2569),(30,998),(34,3079),(39,705),(45,3002),(81,1471)]	20.375272
366	[(0,162),(1,3070),(8,2943),(9,4715),(11,2702),(13,5302),(27,2818),(28,1428),(61,1097),(65,2652),(90,4989)]	20.017422
367	[(0,1143),(23,5269),(58,804),(61,4914),(72,5485),(75,291),(78,678)]	20.968273
368	[(0,4461),(22,3873),(24,3317),(31,3337),(34,3829),(35,1158),(36,451),(44,1563),(53,4599),(54,1342),(55,2328),(56,2958),(57,4269),(62,5147),(69,2759),(79,3065)]	20.012288
369	[(17,662),(18,5510),(22,3614),(45,2318),(52,2372),(57,883),(71,2640),(75,1402),(76,3788),(89,2219)]	21.556392
370	[(10,1806),(25,567),(35,2664),(63,1653),(84,3464),(86,4437)]	20.463682
371	[(21,2610),(38,1886),(51,339),(56,3793),(67,2193)]	20.754917
372	[(3,2846),(24,2168),(30,505),(39,1854),(43,1651),(69,3217)]	20.231723
373	[(3,1490),(19,38),(37,939),(54,5685),(63,2878),(77,5033),(92,5167)]	20.222519
374	[(11,4943),(43,2805),(77,707),(78,5680),(88,4123)]	22.182960
375	[(9,2540)]	40.516293
376	[(1,160),(11,3519),(46,2556),(54,222),(71,1067)]	20.660411
377	[(0,1050),(13,1938),(29,1741),(37,2683),(38,4779),(51,791),(66,1309),(71,3560)]	20.435655
378	[(3,3651),(6,1919),(12,1198),(24,1176),(29,5362),(35,5539),(39,4872),(40,4440),(41,5023),(58,878),(60,4225),(71,2846),(75,4608),(88,4340),(89,4798)]	20.467121
379	[(27,5144),(32,5686),(45,482),(48,2324),(68,1199),(69,1484),(78,269),(81,4183),(84,2314)]	20.366304
380	[(9,2052),(10,5082),(13,4639),(19,3364),(31,1894),(32,4052),(33,2729),(40,4234),(53,4435),(71,1182),(75,2703),(82,895)]	20.860007
381	[(0,2322),(20,506),(24,3539),(31,1319),(46,4870),(50,4551),(52,2342),(67,1613),(69,3266),(75,1377),(87,1599)]	20.422571
382	[(15,5146),(35,3059),(85,3279),(92,4595)]	20.429038
383	[(0,5539),(9,689),(17,2936),(55,1993),(88,5495),(89,4226),(90,1053),(92,2461)]	20.403058
384	[(11,3865),(19,1691),(23,3935),(28,273),(38,2407),(81,4639)]	20.678565
385	[(3,1724),(4,3985),(10,4730),(18,466),(56,2410)]	20.192441
386	[(0,3768),(2,5022),(3,826),(21,589),(39,4108),(52,4025),(56,2146),(64,2976),(66,650),(68,1358),(69,5482),(70,2947),(71,5503),(76,2707),(79,5150)]	20.289431
387	[(12,1126),(14,2228),(18,556),(21,1758),(24,5541),(27,477),(31,2695),(39,555),(54,5533),(62,1498),(69,1984),(80,2349)]	21.250229
388	[(18,1517),(19,346),(31,1464),(33,4867),(42,1201),(58,435),(64,5017),(68,2123)]	20.435610
389	[(4,5181),(23,5355),(40,4344),(42,783),(53,1376),(56,2540),(65,3418),(70,920),(73,102),(87,3500)]	20.302413
390	[(2,2815),(7,1670),(15,3759),(24,2438),(30,3430),(45,5371),(55,3009),(60,586),(72,1478),(84,554),(85,3317)]	22.502581
391	[(15,770),(38,5641),(42,366),(49,5365),(69,4688),(72,2224),(77,141),(92,5039)]	20.932683
392	[(9,3274),(11,3695),(12,1365),(39,675),(41,32),(44,532),(61,1059),(66,3103),(77,5126)]	20.034542
393	[(17,1274),(20,4312),(56,1464),(70,529),(75,845),(76,3555)]	20.692766
394	[(2,4488),(19,4291),(21,1214),(26,3332),(27,1699),(40,425),(60,3341),(71,2623),(75,2140),(88,5485),(91,1053)]	20.912040
395	[(8,5283),(18,2735),(55,2258),(90,3647)]	20.561983
396	[(44,285),(67,1447),(84,4270)]	19.978055
397	[(14,143),(19,1817),(31,4504),(33,4573),(53,690),(66,943),(79,3172)]	20.099535
398	[(13,2778),(22,1718),(61,1571),(77,1917)]	24.112556
399	[(6,2428),(8,2327),(9,5477),(11,5033),(17,5019),(42,4006),(51,4473),(59,4956),(64,183),(68,4878),(73,262)]	23.365910
400	[(1,5653),(3,2455),(19,3557),(20,1427),(30,1549),(32,3323),(33,3080),(38,3189),(47,3416),(55,2574),(64,400),(72,2924),(91,4497)]	33.683748
401	[(7,3857),(11,5243),(21,877),(22,1009),(26,3129),(47,453),(65,3172),(67,4278),(78,5658)]	41.748013
402	[(0,832),(47,3351),(59,4589),(61,2945),(78,1648),(88,882)]	46.784422
403	[(2,1875),(31,4452),(32,2393),(38,5094),(55,1811),(71,1720),(80,3923),(90,752)]	42.948354
404	[(0,4090),(16,4920),(20,4255),(28,227),(57,4301),(74,4206),(76,3767),(81,1305)]	41.700294
405	[(3,1874),(13,3242),(24,2215),(35,4036),(41,2659),(70,594)]	44.823570
406	[(6,5092),(38,4026),(78,2119),(85,3938)]	39.912187
407	[(10,5067),(11,4059),(18,3306),(32,2082),(65,5319),(71,4912),(89,4080)]	42.351645
408	[(1,1919),(16,4744),(26,5420),(36,58),(40,4401),(44,1859),(69,3210),(72,3078),(85,1174),(91,4528)]	40.050211
409	[(11,3325),(33,4214),(34,3124),(66,5265),(67,2343),(86,2703)]	41.223867
410	[(11,19),(29,3779),(46,3387),(47,3659),(84,2687)]	40.528854
411	[(5,254),(8,1282),(24,4968),(29,1165),(39,4589),(47,30),(49,1986),(65,1147),(68,3456),(91,5299)]	41.371990
412	[(25,4830),(35,2270),(67,3738),(90,3577),(92,1135)]	49.739455
413	[(1,3187),(7,3638),(33,2519),(38,4992),(87,4677)]	49.083233
414	[(5,221),(12,1172),(18,5057),(21,2408),(22,1111),(40,2784),(55,1262),(76,4279),(79,985),(85,1075),(89,1145)]	40.815381
415	[(15,4741),(24,4116),(28,1637),(31,2005),(32,493),(33,4712),(52,4821),(64,4762),(66,2062),(68,1427),(69,1675),(80,2246)]	42.777860
416	[(4,782),(5,3956),(42,1622),(47,5492),(51,2188),(54,4066),(65,3844),(85,2295)]	40.096778
417	[(5,3630),(18,1056),(20,2444),(39,5271),(59,1635),(61,3476),(71,5339),(75,2928),(76,5468),(89,4832)]	40.125850
418	[(21,750),(35,1864),(48,286),(55,4108),(64,2993),(77,3799),(92,4543)]	39.933654
419	[(0,3196),(5,3737),(22,1977),(31,3973),(39,4922),(48,5120),(70,4394),(84,909)]	41.965055
420	[(0,2151),(1,2752),(2,5310),(17,3753),(54,3098),(67,1354),(68,5281),(92,2891)]	40.364866
421	[(3,187),(7,2125),(13,2121),(24,407),(74,2253),(82,4083),(87,5512)]	43.763220
422	[(9,4858),(32,106),(34,164),(40,5667),(46,2441),(48,5231),(58,4017),(60,616),(62,4311),(88,203)]	37.025969
423	[(1,2675),(5,676),(16,1721),(31,5488),(42,961),(57,3072),(83,5585)]	45.672359
424	[(2,1158),(38,369),(49,5378),(53,5542),(61,3421),(73,3082),(75,4880),(76,4393),(92,1351)]	40.273560
425	[(5,1051),(27,401),(39,5267),(44,3550),(67,5551),(74,3391),(77,4458),(84,3288)]	40.309910
426	[(5,1226),(9,2934),(24,5216),(31,349),(35,3724),(43,1470),(45,329),(49,5449),(51,2004),(89,4177)]	41.884374
427	[(6,2699),(14,931),(26,4707),(34,2108),(37,4067),(38,2326),(73,1451),(92,1112)]	39.424882
428	[(2,4202),(4,4888),(21,4100),(36,3960),(48,3895),(49,5208),(53,1458),(83,1663)]	39.859233
429	[(2,1230),(4,4994),(5,3732),(19,2011),(55,4228),(71,68),(75,580),(76,308)]	39.232693
430	[(6,2657),(11,24),(25,4835),(35,1598),(43,4950),(48,2317),(58,2215),(62,3288)]	39.387792
431	[(33,763),(40,3051),(72,2631),(82,1627)]	38.680591
432	[(6,1395),(7,5401),(8,960),(15,4763),(53,5425),(57,5602),(89,1164)]	38.811689
433	[(9,4688),(12,2044),(17,1422),(19,3554),(23,3483),(41,2471),(77,2016),(82,2677),(83,1759),(91,2885)]	41.389594
434	[(7,2834),(12,1458),(22,3202),(41,1297),(54,2372),(72,778),(78,4248),(85,2689)]	39.527395
435	[(6,1794),(18,1773),(24,3847),(51,3071),(71,508),(77,846),(80,4743),(81,5391)]	42.627041
436	[(26,4181),(42,75),(61,3720),(82,889),(91,5217)]	42.259875
437	[(14,2778),(15,3809),(17,922),(45,3885),(49,4825),(77,3469)]	39.719407
438	[(7,3800),(35,82),(36,3726),(49,790),(53,5462),(66,519),(79,1896)]	41.276672
439	[(12,4853),(13,792),(24,4183),(25,4829),(27,237),(30,2918),(56,13),(64,5528),(69,5385),(75,4530),(83,3066),(89,379)]	52.482577
440	[(8,636),(16,2110),(21,1808),(41,4257),(42,4016),(46,299),(47,5214),(50,2942),(70,4493),(71,1662),(85,3671)]	49.258121
441	[(1,1629),(9,1590),(12,1227),(14,2869),(37,5072),(38,3459),(50,2045),(52,3185),(59,163),(78,1603),(92,4326)]	42.942304
442	[(13,1884),(19,3172),(71,4014),(74,3868),(83,3714),(91,1489)]	40.631656
443	[(9,2604),(10,1266),(20,5224),(42,692),(47,1348),(86,3962),(88,1650)]	43.084349
444	[(18,1056),(19,3737),(26,3574),(29,3570),(45,500),(54,1696),(67,5203),(76,1185),(88,840),(91,2571)]	41.203376
445	[(26,3813),(28,1771),(36,4540),(37,3345),(48,4593),(61,3551),(71,837),(81,1073)]	41.738564
446	[(9,23),(10,4874),(45,3953),(58,427),(60,2274),(62,3845),(80,4116),(92,3823)]	40.142768
447	[(1,4536),(15,2839),(36,5619),(57,1790),(62,2406),(65,3614),(73,4674)]	43.644042
448	[(3,2126),(6,2977),(48,1272),(58,3111),(59,853),(65,5617),(68,5103),(75,1514),(78,3550),(83,3916),(88,5473)]	41.444930
449	[(2,5180),(18,3030),(24,2267),(27,4285),(36,1863),(42,3975),(69,2967),(74,1698)]	41.078870
450	[(16,4155),(19,2772),(22,1403),(52,3359),(63,1395),(71,4566),(87,3561),(90,2374),(91,4722)]	40.792209
451	[(16,4635),(26,739),(33,3356),(43,5216),(51,4863),(70,661),(85,426),(87,4234),(89,2423),(92,5541)]	40.228057
452	[(20,2764),(26,57),(29,572),(37,5314),(46,850),(48,1907),(57,1950),(59,1301),(60,2812),(63,5594)]	40.910259
453	[(5,3172),(14,2250),(24,382),(28,1896),(35,3072),(37,4558),(53,5420),(56,3538),(62,2282)]	40.645430
454	[(25,5121),(36,2205),(49,1178),(52,5126),(68,1110)]	41.066593
455	[(15,3785),(22,4547),(49,5364),(57,1783),(60,1024),(64,2041),(76,3068),(77,3093),(79,3105),(82,4963)]	40.602965
456	[(47,2878),(51,3780),(59,4300),(74,329),(88,3406)]	40.725801
457	[(8,4495),(12,3487),(32,5035),(55,2478),(59,4017),(61,616),(63,4311),(79,4845),(91,1261)]	42.959317
458	[(7,3377),(14,2950),(18,2578),(49,3854)]	39.989659
459	[(6,818),(13,304),(38,2765),(47,2141),(48,3020),(61,5678)]	40.563078
460	[(25,3095),(44,1353),(45,5598),(49,5158),(57,3524),(58,2924),(77,5524),(81,3475),(88,5218),(89,4616)]	40.093435
461	[(1,2758),(4,1324),(57,3897),(88,2635),(89,4414)]	40.920946
462	[(20,172),(21,3487),(33,1789),(37,1702),(44,580),(51,3900),(60,5006),(63,3018),(75,1381),(81,2593),(87,2197),(91,5213)]	39.013621
463	[(14,2318),(35,4637),(40,3942),(42,4013),(49,4522),(64,2971)]	41.889093
464	[(17,4646),(25,4825),(55,1159),(64,5288),(65,3559),(70,3348),(74,852),(77,1273),(81,3742),(84,3086)]	38.786060
465	[(0,816),(4,3130),(6,2475),(12,4541),(14,3122),(24,413),(25,4708),(50,2657),(64,19),(79,1585),(80,2187),(82,1322)]	42.341485
466	[(1,937),(13,4752),(22,3003),(47,1891),(52,3059),(78,433),(81,1383),(88,1234),(89,2923)]	41.448886
467	[(4,2673),(8,4650),(9,1041),(11,3116),(18,3424),(30,4204),(39,890),(45,3745),(54,5416),(55,2748),(72,4974)]	40.821087
468	[(1,3578),(86,2721)]	43.470439
469	[(20,3887),(21,554),(31,5477),(57,3175),(80,4597),(92,2234)]	39.923073
470	[(7,237),(36,3362),(53,5349),(63,5063),(67,2730),(81,2017),(84,2556),(91,3389)]	38.635695
471	[(43,1494),(69,1542),(73,5166),(89,863)]	44.564604
472	[(19,4789),(28,4709),(38,2277),(76,1517),(77,346),(85,4959),(89,4087)]	40.961378
473	[(3,124),(12,5491),(13,666),(52,3148),(56,841),(73,794),(83,664)]	39.858098
474	[(16,5231),(43,864),(63,1282),(68,4233),(74,2860),(88,4812)]	38.457561
475	[(12,5005),(23,334),(38,70),(76,1485),(82,2864)]	39.737824
476	[(2,4203),(10,3746),(18,408),(36,2735),(49,436),(52,5470),(57,915),(59,3235),(66,3489)]	43.211733
477	[(21,5477),(31,4944),(43,770),(84,2155)]	39.700451
478	[(22,2352),(29,332),(30,2460),(31,5000),(43,4077),(49,1079),(51,2520),(53,4305),(57,1665),(58,1863),(76,1472),(79,958),(84,3167),(87,4109),(91,5066)]	41.514494
479	[(3,3635),(4,372),(14,1629),(19,3734),(24,646),(26,1473),(29,5424),(35,2953),(36,1756),(38,3740),(53,3477),(54,2629),(56,711),(67,3957)]	43.424415
480	[(7,3609),(28,3030),(29,2920),(42,1513),(52,2595),(54,2457),(66,5283)]	41.735052
481	[(21,1637),(26,4740),(34,3827),(37,4613),(46,1614),(47,4445),(54,4033),(60,4356),(66,151),(67,931),(72,3590),(84,161),(86,2845),(87,987)]	40.407747
482	[(1,3278),(21,3454),(26,4680),(34,2904),(42,3371),(48,2020),(50,2067),(52,1678),(77,3760),(79,2352)]	40.566144
483	[(14,5105),(25,1245),(28,2950),(33,5390),(42,4084),(49,5506),(59,5265),(60,5095),(75,4297),(79,5445),(91,3037)]	39.559561
484	[(10,1606),(34,4584),(53,705),(61,2016),(88,2012)]	39.729799
485	[(0,5218),(2,2256),(7,2940),(26,5630),(27,1454),(40,3723),(42,4386),(48,4539),(49,2734),(55,1802),(58,81),(71,5476),(78,3893),(82,3158),(87,2392)]	44.620991
486	[(36,1465),(48,467),(50,2407)]	43.700640
487	[(10,1514),(16,1741),(32,4181),(64,1147),(68,2314)]	41.598126
488	[(6,1675),(17,1108),(20,4931),(48,635),(59,2425)]	39.610467
489	[(1,1951),(8,457),(14,3868),(40,2271),(49,4979),(51,1729),(59,4309),(72,4050),(90,3705)]	40.916770
490	[(19,5288),(25,4864),(29,3574),(81,1565),(91,640)]	41.161956
491	[(5,5486),(27,2981),(28,938),(38,3076),(39,3155),(41,4809),(53,512),(63,4509),(64,335),(76,981)]	43.756077
492	[(15,3668)]	44.230041
493	[(3,4021),(45,2367),(55,3225),(58,4015),(68,4714),(87,2819)]	45.459119
494	[(18,1653),(22,532),(24,2335),(29,2500),(50,2101),(54,4507),(56,1979)]	45.232596
495	[(9,1618),(15,3574),(27,135),(76,1145),(86,3893),(90,3749)]	44.411074
496	[(20,1636),(21,190),(49,174),(50,2360),(61,5297),(72,3088),(86,2194)]	42.842609
497	[(21,1928),(26,2596),(31,4610),(32,5458),(39,4020),(57,4390),(79,3676),(82,3816)]	43.806039
498	[(36,1653),(51,1493),(53,5213),(65,4255),(86,677)]	42.507440
499	[(12,5027),(22,1117),(23,1050),(26,4225),(39,314),(50,1781),(51,2432),(79,1179),(81,2621)]	43.297541
500	[(12,3404),(42,3147),(48,5413),(49,1222),(67,5625),(77,5329),(89,4664)]	26.054350
501	[(35,5207),(39,1086),(43,5109),(70,4403),(91,4713)]	20.101341
502	[(5,1011),(29,3992),(44,834),(70,3431),(72,4067),(73,2326),(83,5302),(86,5100),(89,1912)]	19.976628
503	[(30,621),(41,1852),(45,4500),(51,4553),(92,5392)]	19.888437
504	[(25,200),(26,3602),(28,4601),(36,3866),(48,3427),(58,2251),(66,4144),(67,5537),(82,4369)]	20.179248
505	[(22,4613),(43,2371),(49,3073),(53,1398),(58,4097),(61,3804),(75,2059),(80,3437),(83,1978),(91,2553),(92,1405)]	20.337691
506	[(8,4855),(10,5120),(15,3286),(19,5658),(26,2226),(29,4782),(36,502),(50,3410),(55,634),(74,3287),(88,250),(91,631)]	19.937169
507	[(1,666),(5,3105),(18,4123),(37,810),(51,1015),(70,595)]	21.215200
508	[(7,331),(19,1224),(39,1279),(51,2071),(53,4874),(58,4445),(59,3127),(65,4499),(67,124),(74,5465),(75,3595),(92,4896)]	21.064156
509	[(3,1015),(6,4090),(19,949),(24,3782),(36,1333),(40,2414),(43,5601),(48,178),(92,829)]	21.875908
510	[(22,2004),(39,569),(49,221),(57,3320),(60,4624),(67,5329)]	21.967007
511	[(3,1684),(12,1250),(19,3537),(26,4631),(34,820),(41,2916),(45,2592),(48,4521),(53,196),(57,1639),(58,3857),(71,5390)]	23.792867
512	[(2,297),(26,4330),(27,597),(40,1595),(42,3580),(46,2078),(51,4936),(59,4505),(60,3411),(81,3698),(92,4306)]	22.705752
513	[(17,321),(19,2423),(22,2205),(25,3231),(30,3746),(40,977),(53,1187),(65,4007),(71,828),(77,3478),(85,2486),(89,4251)]	20.482988
514	[(18,2360),(21,5262),(57,1420),(62,1602),(68,1031)]	20.648606
515	[(2,1703),(20,522),(29,4585),(58,5682),(61,141),(70,3355),(72,4841),(79,2161),(80,4806),(82,3077),(84,120),(91,2277),(92,3024)]	20.447803
516	[(1,4854),(8,192),(12,3439),(13,4091),(35,1214),(42,5430),(47,1481),(63,4665),(74,4558),(77,4928),(89,4875)]	20.061037
517	[(0,4246),(12,2142),(18,642),(24,642),(32,5547),(33,4078),(41,4266),(42,2186),(67,3439),(68,4091),(77,3087),(78,4660),(90,424)]	20.095449
518	[(5,4590),(17,5332),(28,1060),(45,151),(50,3475),(57,3526),(63,5048),(77,1099)]	20.128369
519	[(23,3625),(30,5300),(38,597),(54,1012),(59,827),(63,4165),(74,4504),(84,5220)]	20.253712
520	[(12,2719),(32,895),(41,4687),(82,861)]	20.494790
521	[(2,4733),(6,4354),(8,4572),(20,1558),(43,5004),(49,4694),(51,1555),(52,1890),(59,2868),(66,4240),(71,3016),(76,4221),(85,1038),(88,3065),(90,5203)]	20.716620
522	[(8,2356),(17,5204),(18,4378),(28,5205),(59,3723),(92,5646)]	20.116354
523	[(11,5459),(12,2555),(13,656),(16,1634),(36,3944),(44,4192),(52,4334),(55,3710),(63,5414),(85,3717)]	20.196417
524	[(0,3800),(51,275),(53,4270),(60,4566),(68,2027),(76,2463),(78,2759),(79,4894),(83,214)]	20.590447
525	[(15,1952),(33,2060),(54,163),(60,3233),(61,4372),(65,470),(82,3713)]	20.158787
526	[(10,953),(54,5306),(76,2417)]	20.042014
527	[(3,3949),(15,4725),(23,376),(32,4908),(34,3951),(60,277),(71,5053),(85,2888)]	20.396700
528	[(14,1918),(32,2650),(45,4134),(48,5268),(63,3449),(67,2686),(68,454),(76,5400)]	19.935144
529	[(3,1367),(7,1594),(14,1152),(21,2002),(22,1859),(35,4973),(45,159),(47,4849),(49,5522),(60,5054),(66,2957),(75,566)]	21.213645
530	[(8,2537),(15,4796),(21,2401),(46,2883),(60,5642),(62,412)]	20.530128
531	[(18,3839),(30,3358),(37,3945),(38,639),(46,5169),(56,3278),(67,4704),(72,630),(76,1991),(91,2210)]	20.778892
532	[(16,5043),(21,3593),(43,831),(57,1683),(75,3382)]	20.597333
533	[(7,2840),(10,1447),(16,2063),(22,5420),(37,1952),(48,899),(53,4400),(65,5603),(66,1386),(68,1631),(69,1473),(77,3577),(78,3284)]	24.567369
534	[(1,2589),(6,4420),(13,1101),(27,4897),(30,3572),(34,2952),(35,3305),(48,2144),(66,4954),(68,3723),(88,4776),(90,5268)]	44.432000
535	[(2,2453),(33,3022),(75,636)]	28.442519
536	[(0,3771),(46,4534),(52,5379),(61,3055),(85,1921)]	25.447203
537	[(0,5653),(22,897),(24,106),(38,4631),(47,2549),(53,1002),(67,2754),(83,1652),(88,3667)]	23.829027
538	[(22,5087),(37,2026),(72,1142),(74,4429),(77,1208),(79,1858),(80,3683),(86,1477),(88,2620),(91,348),(92,41)]	19.961987
539	[(3,2589),(12,2635),(28,697),(39,3853),(58,2934),(62,2575),(79,2317),(88,3859),(91,4417)]	21.929851
540	[(7,3460),(11,4384),(42,1935),(47,435),(53,4500),(68,3106),(72,1333),(81,3515),(89,2044)]	21.822971
541	[(8,5225),(32,1600),(40,423),(42,1883),(47,4658),(65,4256)]	20.574490
542	[(5,2814),(29,3272),(32,614),(34,1613),(35,1900),(40,779),(41,2107),(44,307),(53,2729),(80,2364),(92,4250)]	29.054147
543	[(7,2357),(17,1993),(26,2036),(29,4691),(33,4539),(67,450),(84,471),(89,3514)]	20.008317
544	[(0,2427),(4,1283),(6,1366),(28,4331),(52,3438),(88,709)]	20.168230
545	[(15,5345),(23,2426),(47,498),(51,5282),(69,1175),(82,738)]	22.161815
546	[(9,2820),(16,1577),(18,1173),(21,1676),(38,242),(57,4258),(74,2783),(76,3276),(79,2677),(84,5057)]	20.464051
547	[(0,2246),(41,4482),(85,255)]	20.025415
548	[(2,3658),(8,4092),(18,4707),(24,3256),(27,3336),(38,747),(51,2278),(53,4112),(62,3368),(65,940),(79,921)]	21.210100
549	[(14,1570),(19,2530),(35,691),(57,5153),(64,4705),(75,1761),(76,66),(79,4304)]	33.649982
550	[(9,4037),(10,4632),(30,2595),(37,4998),(39,1240),(48,2602),(75,234),(85,4284),(90,4448)]	44.069291
551	[(6,4971),(14,1969),(24,2383),(40,5552),(48,5010),(66,2808),(69,930),(71,3820),(74,5280),(81,2735)]	21.958005
552	[(7,1375),(18,4087),(31,2532),(35,20),(36,5117),(52,702),(63,195),(65,1380),(74,25),(92,2864)]	21.280809
553	[(1,1471),(12,4478),(16,1978),(42,1553),(46,627),(61,644),(62,4158),(66,548),(67,5284),(83,4092)]	20.207177
554	[(21,611),(28,3112),(57,3540),(62,72),(63,1183),(90,4632),(91,1148)]	20.561019
555	[(7,339),(13,3663),(27,5180),(38,3995),(40,1519),(41,5628),(47,4813),(51,4712),(58,2033),(60,674)]	20.746393
556	[(2,5476),(12,3979),(26,1898),(61,1744),(66,1464),(69,3564)]	20.136053
557	[(0,3582),(3,2168),(10,1957),(30,3208),(44,272),(51,1658),(69,540)]	21.727017
558	[(19,2314),(24,1833),(31,3220),(43,4176),(44,3310),(45,1759),(51,3105),(54,5323),(63,1814)]	22.184563
559	[(28,1775),(41,1600),(49,2677),(56,2169),(63,3642),(64,452),(66,2230),(74,176),(75,4079),(77,2957),(84,5053),(86,2666),(87,2977)]	30.954177
560	[(25,4737),(62,4832),(78,3019),(85,1198),(86,4145),(90,3664)]	20.687979
561	[(9,2838),(15,1492),(24,2442),(49,3854),(56,1642),(62,5346),(66,5471),(67,2090),(74,3629),(81,3958),(82,4204)]	20.147046
562	[(16,3025),(24,4969),(40,1385),(61,3085),(79,2420)]	20.042688
563	[(2,1110),(10,5473),(21,3892),(26,3021),(31,3247),(40,1992),(44,3930),(61,854),(69,3202),(83,3404)]	21.093609
564	[(0,1658),(10,3399),(20,2148),(64,2660),(74,3475),(75,896),(81,443)]	21.473975
565	[(9,3836),(15,2140),(39,1512),(53,263),(57,4519),(59,2661)]	20.023364
566	[(13,1803),(14,612),(25,2535),(28,2398),(33,686),(61,3667),(66,5403)]	29.790075
567	[(46,3059),(50,1365),(68,2670),(79,4264)]	43.851547
568	[(2,2329),(4,2068),(8,1458),(39,2071),(42,447),(56,3083),(86,1864)]	43.888604
569	[(22,3075),(27,4180),(37,4865),(64,624),(80,3702),(81,4477)]	44.149753
570	[(2,901),(4,1235),(9,974),(20,3042),(22,1150),(24,5457),(28,2099),(30,1087),(47,2321),(50,1650)]	43.945080
571	[(12,5475),(16,5269),(28,1802),(36,5025),(47,2641),(80,4024),(89,5278)]	41.968470
572	[(4,1273),(9,4351),(14,1260),(40,5569),(48,5183),(71,2938),(86,354)]	21.275495
573	[(5,175),(19,5418),(27,3808),(44,1967),(46,652),(51,4494),(54,3191),(62,4543),(80,5637),(85,1945)]	28.541310
574	[(2,53),(4,4065),(6,4485),(20,5022),(21,826),(22,3044),(29,2336),(47,1059),(50,2922),(53,488),(54,777),(63,5385),(89,3299),(91,3695),(92,1996)]	34.705788
575	[(5,32),(7,450),(21,1591),(51,3020),(70,424),(84,654),(87,5053)]	26.558583
576	[(16,5321),(21,4243),(56,3941),(63,3991),(69,4335),(71,958),(84,3860),(86,261)]	20.028485
577	[(0,1780),(7,634),(24,5085),(25,5218),(51,5129),(57,3428),(59,3301),(62,4188),(78,5219)]	20.247822
578	[(12,4435),(14,2990),(34,3024),(45,4971),(52,2587),(65,1145),(71,1776),(77,3509),(84,1244),(85,424)]	20.735118
579	[(1,1377),(14,4445),(15,3127),(40,4582),(45,2020),(92,4790)]	22.025407
580	[(12,1967),(53,4649),(67,5546),(74,3548),(91,1819)]	21.733478
581	[(0,4897),(13,2189),(38,1837),(53,341),(63,731),(77,1998),(80,882)]	20.394259
582	[(12,1115),(33,4960),(46,2431),(51,2127),(60,5608),(61,5601),(65,1828),(80,4916),(81,1347),(91,843)]	20.615984
583	[(2,3966),(23,4067),(51,2643),(57,3231),(91,4988)]	23.335439
584	[(8,2401),(16,1420),(17,2380),(42,1638),(49,5563),(51,3744),(62,944),(69,3847),(83,3894)]	22.944420
585	[(8,5598),(29,3844),(70,8),(74,2697),(82,2038)]	20.276689
586	[(32,1505),(39,4631),(62,4107),(66,1452),(77,91),(79,5540),(87,2132),(90,4768)]	20.045270
587	[(0,4784),(9,1283),(20,887),(27,3666),(62,5414),(76,2002),(81,5086),(84,5656),(85,855),(88,752),(90,3575)]	20.167078
588	[(21,4905),(22,243),(43,2640),(57,2366),(68,5679),(85,2172),(90,3653)]	24.266824
589	[(4,1462),(5,4940),(22,590),(23,2788),(26,2119),(48,1839),(57,258),(67,5126),(86,55)]	20.397106
590	[(30,3225),(48,1954),(66,649),(75,5333),(80,1115)]	20.216481
591	[(7,4796),(8,6),(9,3416),(16,464),(49,5310),(67,211),(75,2754),(86,3429)]	20.182373
592	[(5,3814),(9,2760),(24,2439),(37,122),(41,3472),(44,2811),(49,3096),(51,1793),(90,171),(92,390)]	21.916985
593	[(3,1796),(4,1584),(6,4672),(21,1749),(41,2973),(64,573),(67,5485)]	20.180804
594	[(4,3863),(11,3306),(14,2901),(16,4668),(21,2033),(41,2517),(54,1182),(60,4206),(63,2028),(71,1420),(76,3294),(89,2368)]	20.659841
595	[(0,4389),(2,4964),(12,100),(27,2344),(38,4076),(56,3015),(58,4908),(59,5266),(63,3835),(65,2859)]	20.360879
596	[(0,2069),(27,2770),(31,3429),(36,653),(54,993),(55,1594),(86,879)]	20.153804
597	[(35,5067),(36,4059),(47,5608),(72,174),(77,2646)]	20.379906
598	[(3,5447),(6,769),(14,2490),(39,1299),(44,4654),(48,1227),(58,634),(69,3444),(78,5502),(89,614)]	20.750669
599	[(12,259),(18,477),(27,1162),(59,3500),(61,3736),(72,5085),(73,5218),(85,3925),(88,2192)]	21.273077
600	[(31,2149),(36,2793),(48,1966),(50,4805),(59,1077)]	21.589178
601	[(9,3705),(18,1659),(24,2070),(31,4991),(39,5315),(44,1732),(47,3752),(59,4147),(76,3959)]	20.266454
602	[(6,1799),(28,2579),(63,2678),(71,4213),(82,5331)]	20.224999
603	[(6,1660),(20,5615),(22,2999),(45,905),(53,2103),(55,699),(59,1501),(70,1725),(73,747),(90,3870)]	20.159070
604	[(5,679),(19,1656),(39,1096),(44,4278),(60,1279),(81,4186)]	20.552210
605	[(10,1801),(13,387),(16,5124),(18,4161),(20,4169),(27,589),(56,608),(67,2479),(68,4865),(92,189)]	20.180310
606	[(0,3425),(10,4703),(22,4615),(25,2131),(28,5131),(31,4568),(37,5039),(41,4882),(42,951),(56,3163),(59,2481),(67,2816),(84,1156),(89,3641)]	20.419046
607	[(1,1390),(2,2316),(5,3185),(7,1770),(14,1212),(21,5237),(33,1950),(41,3492),(47,2663),(77,1043),(87,3085)]	20.429659
608	[(6,1558),(38,2346),(39,95),(53,980),(80,1542),(83,4048)]	19.963724
609	[(27,27),(29,1698),(52,1848),(67,864),(92,5320)]	19.893423
610	[(7,5121),(11,5491),(17,4886),(18,1269),(25,812),(29,4484),(30,5184),(67,4025),(79,3008),(87,1056),(90,426),(92,2530)]	21.712657
611	[(3,4471),(12,1132),(28,1853),(30,3329),(33,4693),(34,1021),(42,750),(44,1587),(48,1234),(57,2561),(64,5121),(80,5622),(81,4342),(82,919)]	21.016149
612	[(0,626),(6,1925),(7,3888),(10,156),(13,3971),(14,1787),(32,97),(42,3338),(43,1745),(76,4658)]	23.167769
613	[(4,1587),(5,2323),(29,5667),(33,4596),(41,4331),(77,2632),(82,3901)]	20.321287
614	[(19,2774),(24,5540),(26,5232),(29,861),(40,1454),(45,4702),(57,3828),(65,3865)]	19.938642
615	[(16,4707),(27,5033),(36,1933),(42,3358),(66,4529),(70,3797),(88,1800)]	20.045417
616	[(2,2749),(4,3344),(8,4080),(12,5177),(13,593),(49,3011),(53,1828),(63,4003),(66,3079),(80,1328),(83,1797),(90,2558)]	21.092446
617	[(11,5659),(16,5194),(28,3704),(44,3133),(65,3458)]	23.670346
618	[(2,3727),(10,108),(25,3933),(26,690),(42,1570),(52,4363),(63,1418),(70,5312),(75,5041),(87,5365),(92,505)]	22.184016
619	[(0,2568),(4,3434),(10,2287),(23,1159),(36,2946),(60,5404),(69,2094)]	20.587625
620	[(35,4154),(37,4945),(54,3093),(74,1599),(75,4502),(78,2876),(82,1514),(86,4692),(92,4469)]	20.624363
621	[(7,4912),(20,1132),(30,634),(45,2830),(46,5245),(47,3285),(55,1348),(57,3305),(62,1110),(83,5013),(84,2588)]	23.153517
622	[(4,4070),(10,2727),(15,645),(30,320),(39,1369),(47,5684),(52,5148),(59,2702),(68,3811)]	41.969535
623	[(12,4705),(15,1213),(26,3329),(29,4693),(30,1021),(42,2330),(51,190),(57,5004),(69,2539),(77,858),(79,1666)]	20.472999
624	[(6,3874),(7,1769),(14,4678),(27,3936),(35,1817),(52,734),(61,4752),(62,3611),(63,460),(70,2769),(89,1370),(91,3519)]	20.567942
625	[(2,1957),(5,22),(29,1002),(43,2475),(63,4090),(70,1841),(72,5490),(82,3558)]	21.274949
626	[(1,850),(6,2928),(7,5468),(22,1703),(38,3320),(43,5471),(52,3106),(54,3553),(55,680),(57,3920),(63,2559),(65,5429),(74,5214),(87,195)]	20.989980
627	[(3,5164),(6,4710),(65,1614),(75,403),(77,5504)]	20.821967
628	[(2,3343),(27,337),(34,4955),(37,3263),(51,565),(78,1207)]	20.149422
629	[(15,3808),(20,4846),(22,1729),(36,4319),(39,3752),(68,3970),(70,5248),(85,2846)]	20.821851
630	[(2,2755),(7,5443),(16,502),(17,269),(21,4134),(30,51),(33,1175),(58,754),(65,4715),(75,2401),(80,2070),(87,4936)]	21.946002
631	[(0,2667),(14,2038),(40,1047),(51,370),(52,2100),(61,4009),(85,3287)]	23.407899
632	[(6,4363),(12,2585),(16,5189),(21,1645),(28,5080),(31,4087),(51,4874),(59,1297),(64,3591),(83,2104)]	20.655431
633	[(1,4593),(8,2465),(19,1644),(29,984),(33,4925),(34,5321),(36,1766),(44,5038),(92,5189)]	20.211781
634	[(19,2836),(34,759),(48,4831),(76,4133),(82,1293)]	19.944760
635	[(3,2557),(13,4879),(16,4617),(24,25),(43,877),(47,3303),(51,4213),(60,3784)]	20.375936
636	[(11,2468),(23,4668),(39,4052),(51,4478),(62,3567),(66,3025)]	20.342885
637	[(18,2432),(22,2920),(32,1488),(44,2589),(66,1822),(78,5544),(86,502),(89,1782)]	19.989289
638	[(6,986),(21,4201),(30,630),(38,919),(42,4123),(44,5103),(54,4908),(55,5266),(65,3654)]	20.315257
639	[(2,1930),(4,4385),(26,1064),(62,5119),(71,2157)]	21.419964
640	[(9,1434),(33,3948),(59,1145),(88,1528),(89,2348)]	20.483749
641	[(5,5355),(13,4389),(15,2659),(19,5647),(22,553),(26,672),(42,5099),(49,3885),(75,3827),(83,3805),(91,2945)]	20.137826
642	[(8,1541),(15,1479),(38,3460),(44,224),(51,810),(85,2036),(89,5344)]	20.029447
643	[(2,4621),(16,5126),(24,3685),(25,3560),(46,1433),(60,2700),(66,1940),(67,885),(81,4359),(85,384)]	20.277959
644	[(6,2349),(12,4541),(22,4826),(62,2038),(65,4256),(70,950),(80,1711),(89,1672)]	20.644101
645	[(29,394),(40,5626),(50,2706),(59,3609),(63,126),(69,5022),(83,5058)]	24.363946
646	[(1,2601),(10,4304),(26,3971),(27,1787),(36,3995),(52,4544),(59,151),(60,2028),(78,2499),(80,4181),(91,5600)]	20.820772
647	[(3,1601),(5,3324),(21,4188),(34,146),(37,4320),(41,815),(51,544),(83,4903)]	20.493815
648	[(19,3146),(22,253),(31,3565),(33,1670),(44,1056),(65,3619),(78,1036),(84,763),(90,721)]	20.848998
649	[(0,2680),(1,811),(34,1470),(50,4238),(52,2653),(53,3296),(55,2876),(59,1580),(80,5213)]	20.558489
650	[(11,4341),(14,1206),(17,730),(30,4717),(55,1138),(56,439),(64,4654),(71,2974)]	20.945252
651	[(6,3262),(11,3470),(14,5232),(27,3114),(28,125),(74,5290),(83,879)]	21.948751
652	[(4,543),(6,4596),(7,989),(21,3611),(66,1483),(72,1358),(80,67),(92,4947)]	21.597941
653	[(2,1929),(13,1640),(15,4922),(23,2235),(26,3249),(44,148),(50,1157),(54,2671),(69,3188),(71,3468),(84,5314),(90,5516)]	21.361704
654	[(6,2007),(35,5087),(36,3688),(41,3791),(57,2852),(64,4494),(84,3039),(85,2264)]	20.669247
655	[(0,4884),(16,4618),(22,1164),(47,418),(62,3364),(75,1333)]	21.083600
656	[(16,3929),(26,3590),(35,4728),(45,2593),(65,5565),(83,1081)]	20.191369
657	[(17,246),(28,796),(35,2322),(77,479),(78,5636),(81,4333),(88,5422)]	20.212487
658	[(13,2621),(57,3134),(63,2039),(78,975)]	19.939061
659	[(30,1674),(48,3039),(67,2098),(71,4862),(77,4938),(78,3106),(90,5591)]	20.304921
660	[(10,1610),(16,3855),(23,5189),(49,2514),(54,4316),(61,531),(73,2410),(76,2011)]	20.234034
661	[(2,29),(11,4800),(16,1325),(18,3578),(42,4442),(54,2909),(80,5409),(82,3477)]	22.167103
662	[(3,3846),(11,37),(19,4032),(21,2271),(31,1185),(37,5075),(43,4334),(45,3480),(50,890),(52,2079),(54,5204),(55,4378),(67,2454),(82,5593),(88,3932),(89,3439),(90,4091),(91,4749)]	20.230279
663	[(24,3107),(39,5471),(47,2451),(58,2800),(61,2131),(83,377)]	22.400961
664	[(25,4070),(30,879),(47,2428),(64,767),(71,3624),(87,310),(90,1894)]	24.675504
665	[(7,1310),(11,5338),(21,249),(36,3593),(66,3659),(67,790),(73,2349),(77,2826),(84,3291),(91,2963)]	20.835191
666	[(0,4678),(3,1734),(16,2952),(27,3745),(41,5357),(52,4573),(60,2794),(61,2196),(62,968),(65,20),(67,1338),(75,5047),(78,1487)]	20.466049
667	[(5,1723),(6,3215),(13,2764),(14,1826),(22,3731),(48,4596),(56,3869),(80,735)]	20.545278
668	[(3,1812),(16,700),(20,1098),(34,2411),(42,3928),(43,1755),(46,1910),(50,2734),(58,1727),(74,1156),(88,102),(92,319)]	23.653715
669	[(1,2306),(2,1829),(21,719),(25,2295),(36,4192),(40,4760),(41,1721),(48,4170),(53,1031),(80,770),(90,2534)]	25.526278
670	[(12,631),(14,4611),(16,1698),(17,2214),(22,208),(26,757),(32,2723),(49,5135),(70,2997)]	38.812788
671	[(17,2822),(32,1437),(50,5085),(69,3818),(78,1160)]	22.398211
672	[(1,3502),(5,3565),(9,645),(23,5668),(40,4063),(50,4584),(70,820),(78,785),(81,224),(90,4090)]	21.618867
673	[(2,1639),(17,426),(23,3466),(40,5227),(83,2972),(89,1453),(91,2107)]	20.720689
674	[(0,1125),(52,716),(56,984),(57,1174),(62,2849),(74,2374),(75,4722),(78,4843),(79,1303),(84,1799),(90,645)]	21.443378
675	[(1,5621),(9,2786),(19,1579),(55,3077),(57,120),(60,670),(81,4824),(83,3977),(85,590),(86,2788)]	21.463518
676	[(1,1325),(16,2133),(45,3461),(60,1862),(61,523),(72,2834),(76,1622),(82,118),(91,5465),(92,1696)]	20.849365
677	[(18,908),(21,3225),(23,42),(30,74),(47,667),(65,5122)]	23.283364
678	[(2,462),(33,1550),(35,933),(47,471),(53,4098),(57,354),(61,4675),(85,2085)]	20.585695
679	[(3,3872),(10,5524),(11,1782),(38,1489),(67,3533),(70,5347),(88,5378)]	20.524287
680	[(2,2524),(5,1904),(9,1726),(10,2745),(18,1156),(25,1355),(27,92),(38,916),(64,4255),(89,2738),(91,4711)]	20.649333
681	[(2,3107),(5,1206),(7,1703),(27,606),(31,2437),(32,4353),(33,685),(52,4051),(67,5185),(69,1979),(75,3762),(77,1604),(78,4220),(79,5497),(86,449),(87,3948),(89,5295)]	20.985570
682	[(14,224),(21,1795),(42,1862),(44,4995),(50,5070),(52,2099),(62,1499),(69,5173),(74,5244),(77,1294)]	20.477487
683	[(7,2538),(19,4398),(24,5029),(41,4020),(58,2453),(90,1072)]	19.993342
684	[(31,4473),(38,2508),(54,4753),(62,1075),(69,3960)]	20.044696
685	[(2,208),(4,3526),(14,1532),(22,1367),(50,113),(69,5340),(77,3477)]	20.657717
686	[(3,2733),(11,2126),(28,821),(35,356),(36,5038),(38,3077),(45,5033),(47,5529),(49,2344),(66,963),(90,4001)]	20.817178
687	[(15,296),(19,88),(26,3412),(40,5067),(52,669),(79,711),(80,4157)]	20.654746
688	[(26,3474),(61,4142),(62,4618),(69,5286),(81,5070),(84,8),(87,430)]	20.104165
689	[(7,2153),(14,3870),(65,489),(76,97)]	19.796652
690	[(27,839),(43,2127),(61,4589),(63,3848),(66,4729),(72,5242),(75,4942),(85,3475)]	20.271250
691	[(22,2409),(33,4492),(36,5202),(62,5453),(66,1214),(87,2605)]	20.455685
692	[(7,1635),(29,4741),(41,3136),(66,1179),(74,369),(80,526)]	20.590197
693	[(1,74),(12,55),(26,5415),(33,5086),(54,5159),(57,3721),(59,7),(69,3890),(75,983),(85,719),(86,5199),(92,4737)]	20.069780
694	[(8,2834),(13,3367),(15,429),(31,669),(46,447),(62,5658),(63,2411),(68,3868),(76,5346),(79,374)]	20.293941
695	[(53,167),(76,572),(77,233),(92,3312)]	20.082580
696	[(10,200),(11,4093),(20,759),(48,3853),(57,4767)]	20.048596
697	[(30,4604),(38,1202),(48,758),(49,2566),(54,675),(55,2960),(60,1445),(62,4642)]	20.341659
698	[(24,5288),(29,1927),(80,2770)]	20.823412
699	[(4,121),(14,514),(22,1919),(25,5316),(48,560),(54,4337),(69,1207),(88,2084)]	20.436357
700	[(19,5208),(29,1001),(47,515),(55,1908),(84,5047),(87,1487),(88,4204),(92,2391)]	20.814988
701	[(5,575),(19,5657),(23,2604),(29,113),(37,3355),(41,162),(42,4023),(46,2058)]	20.327164
702	[(3,1429),(27,3054),(35,2640),(41,3706),(59,786),(77,2532),(82,4032)]	20.011358
703	[(9,2750),(21,3867),(52,2753),(53,1708),(54,1524),(64,4791),(72,507),(74,1681),(76,118)]	20.795045
704	[(14,5061),(31,4462),(41,287),(46,1121),(59,3250),(72,5516),(89,2161)]	20.791432
705	[(7,1157),(39,924),(75,3437),(81,2701),(84,46)]	19.921488
706	[(9,301),(23,1877),(32,5),(35,3070),(40,538),(41,498)]	20.973387
707	[(3,825),(7,1258),(11,4387),(30,690),(40,4671),(45,5069),(55,3590),(59,1624),(63,5126),(65,2971),(85,286)]	20.519686
708	[(9,2554),(34,408),(36,1354),(37,5281),(40,987),(42,4498),(52,1255),(53,2544),(61,4913),(62,4257),(65,2963)]	20.269949
709	[(0,1734),(8,5105),(50,2453),(58,5119),(72,5518),(78,1839),(87,215),(92,4847)]	20.334421
710	[(4,4840),(12,1031),(17,4691),(18,4933),(30,1529),(32,972),(37,2720),(50,4872),(54,925),(70,246)]	25.732341
711	[(7,309),(11,1735),(15,5652),(19,1370),(41,1726),(64,1027),(67,2084)]	26.449580
712	[(4,2681),(5,3378),(25,3934),(26,5460),(44,1611),(62,323),(64,4200),(66,2837),(76,869)]	22.796937
713	[(2,1840),(6,2699),(17,1207),(32,4417),(50,2919),(52,4459),(61,1327),(72,2752),(73,5310),(90,3557)]	20.286602
714	[(4,3259),(18,190),(31,2309),(34,3623),(37,796),(40,1951),(47,4299),(54,1497),(56,3589),(65,1945),(66,2134),(81,3967),(91,2382)]	21.035655
715	[(12,1991),(17,4727),(45,2449),(46,1435),(58,2094),(80,48),(82,4386),(86,5046),(87,104)]	27.545026
716	[(2,4662),(40,2945),(50,1281),(67,3190),(68,4688),(72,4056),(73,3160),(80,3558),(83,4876),(92,4051)]	21.128084
717	[(27,1551),(50,4870),(73,703),(90,1194)]	20.177532
718	[(22,3649),(24,1360),(34,464),(38,4321),(44,794),(49,2506),(54,1277),(61,3348),(81,4011),(85,5400),(87,4120)]	30.234783
719	[(5,4859),(14,2769),(18,2710),(39,4329),(48,2132),(50,5029),(55,5145),(63,2269),(78,1682)]	31.182565
720	[(20,5408),(34,3762),(36,4126),(47,3213),(66,3220),(68,3880),(79,4589),(85,3293),(92,968)]	21.454002
721	[(5,4172),(42,3464),(44,4437),(45,4627),(49,4438),(51,2477),(58,4051),(61,5061)]	20.230915
722	[(18,1820),(29,5136),(33,4822),(39,955),(65,73),(89,1684),(91,2722)]	21.141022
723	[(0,4773),(12,1107),(13,2860),(58,3632),(59,1550),(61,5265),(62,2343),(71,4919),(72,1021),(81,3407)]	21.941405
724	[(0,2030),(29,3341),(46,3366),(50,1416),(58,4986),(63,2409),(85,1946)]	22.950717
725	[(3,4068),(24,2951),(26,2302),(35,3440),(55,833),(65,5594)]	21.433711
726	[(4,1659),(52,2154),(73,4066)]	20.391861
727	[(5,5071),(6,1903),(7,2372),(24,4399),(30,4274),(33,2626),(64,695),(69,2681),(73,3764),(91,2434)]	20.358394
728	[(12,3573),(13,40),(88,5047),(91,2792)]	20.286958
729	[(0,1037),(9,5560),(17,2134),(35,2073),(42,3455),(49,347),(63,2386),(64,3491),(66,257),(69,5149),(78,3190),(80,2393),(86,505)]	20.194413
730	[(33,4277),(57,1111),(72,5483),(88,1887)]	20.117729
731	[(14,2977),(61,5646),(64,3045),(72,4796),(73,6),(74,3416),(84,2791)]	20.537455
732	[(2,2868),(30,3656),(31,698),(39,4690),(44,4617),(50,3934),(51,5460),(57,17),(70,1251),(82,1053)]	20.932188
733	[(43,4020),(54,5270),(56,2827),(58,493),(70,5575)]	20.380070
734	[(11,1379),(27,651),(34,2016),(43,1553),(63,4580)]	20.504715
735	[(18,3413),(37,4954),(50,2998),(54,146),(57,4320),(67,5537),(77,1535),(85,1061)]	20.185807
736	[(5,3397),(25,5150),(55,215),(61,2953),(64,4402),(66,5500),(68,2761),(88,650),(90,3259)]	20.159894
737	[(1,1561),(6,706),(11,802),(17,1253),(42,1745),(43,1716),(48,1653),(60,2557),(68,2640),(76,1557)]	20.940245
738	[(0,706),(15,2720),(31,4207),(32,1661),(49,2897),(61,991),(74,107),(77,88)]	21.111981
739	[(8,5109),(12,3359),(32,704),(36,2180),(42,1356),(51,2582),(60,1835),(61,1719),(67,3471),(68,5015),(74,3998),(75,2330),(82,821),(84,3332),(88,5620),(90,3983)]	20.693455
740	[(4,2789),(10,5463),(35,5116),(45,3496),(49,5256),(52,5258)]	19.974496
741	[(9,917),(10,3354),(13,2674),(19,441),(36,2994),(70,3638)]	20.300494
742	[(31,5643),(43,3445),(49,1273),(72,5021),(73,2888),(74,2753)]	20.043262
743	[(7,5078),(9,2889),(35,2009),(45,4028),(50,1897),(54,4702),(56,125),(79,5502)]	20.586091
744	[(8,3250),(51,1801),(56,4357),(63,3358),(68,1351),(85,2260),(89,4999)]	20.991056
745	[(7,424),(18,4304),(26,2308),(36,3995),(46,4364),(57,3111),(70,4416),(74,2376),(86,5312)]	20.349808
746	[(8,3653),(10,3340),(12,4730),(17,4718),(29,971),(45,2819),(51,4976),(59,5650)]	20.234044
747	[(1,4793),(4,1169),(8,1078),(9,2965),(46,2201),(52,4609),(59,686),(76,3659),(78,5417),(87,5407),(90,1531),(92,1442)]	21.244343
748	[(5,3469),(8,3038),(12,663),(15,3659),(16,790),(19,4864),(24,4704),(26,4951),(51,2941),(57,2654),(58,3056),(75,2489),(77,3309),(80,5376)]	20.497400
749	[(4,739),(41,5511),(56,3344),(60,3672),(72,2028),(85,392),(90,4883)]	20.145535
750	[(21,4130),(33,4669),(49,5129),(63,3258),(64,2460),(65,5000)]	21.709992
751	[(16,3162),(17,2476),(31,594),(66,4383)]	21.767884
752	[(14,3834),(19,1327),(42,3984),(46,4129),(53,2827),(66,183),(67,2783)]	20.536540
753	[(9,4380),(12,2048),(26,280),(29,4678),(42,4359),(44,1325),(46,3578),(49,1228),(56,1235),(60,2204),(67,1453),(72,1314),(75,582),(82,4126),(92,4986)]	20.499242
754	[(12,281),(37,5592),(78,494)]	20.202661
755	[(4,3631),(69,2955),(74,2255),(85,3090),(86,2131)]	21.774173
756	[(10,57),(28,496),(33,1161),(44,2152),(81,4648),(90,546)]	20.392384
757	[(0,2522),(6,1891),(7,4110),(10,65),(13,2038),(17,3047),(22,2697),(27,4421),(46,1550),(49,2998),(54,3506),(65,3856),(89,5538)]	20.797466
758	[(15,5266),(21,4941),(51,289),(56,3579),(61,1019),(73,818)]	24.562919
759	[(31,527),(37,5307),(45,300),(54,553),(80,5636),(85,4122),(90,3597),(91,3834)]	21.276618
760	[(8,657),(30,2546),(38,2953),(55,4116),(56,1200),(57,3450),(79,3839)]	21.322132
761	[(7,1724),(72,1689),(88,3272)]	23.715777
762	[(23,2854),(62,1287),(86,3225)]	25.801336
763	[(2,5566),(40,979),(46,2739),(48,3379),(59,4757),(61,1013),(67,3990),(71,1465)]	20.678770
764	[(0,3854),(43,1743),(49,4764),(65,13),(67,3451),(72,1916),(82,1879)]	20.047925
765	[(2,4468),(53,3764),(76,701),(81,2043),(88,3086),(92,5308)]	20.681648
766	[(17,581),(25,939),(34,5484),(42,1964),(48,1668),(52,2110),(55,2780),(57,3844),(60,2005),(72,681),(82,3361),(84,4227),(87,2513)]	21.260153
767	[(35,822),(36,4110),(43,4273),(60,4232),(64,1878),(78,5274),(88,3372)]	39.463405
768	[(5,1036),(11,1040),(12,4085),(40,2853),(83,3784),(91,3268)]	21.983949
769	[(7,793),(11,5122),(17,878),(25,5003),(47,1222),(51,2261),(54,1590),(61,922),(64,5428),(76,825)]	20.597327
770	[(0,3400),(6,80),(25,478),(40,4038),(70,5567),(72,1830),(85,151)]	20.579294
771	[(4,1208),(14,3004),(18,2658),(22,3598),(36,3780),(48,5430),(60,3778),(61,2216),(62,3781),(81,5403),(85,548),(86,398),(92,4020)]	23.110809
772	[(0,5388),(5,1718),(15,231),(16,3495),(29,2135),(49,1986),(52,3753),(59,3213),(60,3541),(69,832)]	20.467916
773	[(11,1179),(35,657),(51,3510),(53,3183),(54,691),(73,123),(86,324),(91,3814)]	20.059630
774	[(12,4915),(16,5227),(28,4011),(35,1166),(39,4271),(47,3038),(58,2675),(64,835)]	20.131716
775	[(18,48),(27,4450),(35,5110),(47,1704),(49,3952),(50,2),(72,5126),(75,3848),(89,1689)]	20.502857
776	[(19,4140),(36,2924),(44,3869),(48,2689),(53,2995),(88,2240),(91,1226)]	19.813604
777	[(17,4017),(27,5635),(36,2272),(42,1634),(56,2718),(74,2759),(76,1473),(87,1059),(91,3990)]	21.170573
778	[(11,676),(15,4448),(19,1302),(25,2181),(43,1869),(50,2629),(61,98),(62,4816),(66,3147),(71,1073)]	20.966382
779	[(1,3469),(60,1203),(61,612),(77,3861),(86,1644),(88,3497)]	20.116212
780	[(15,5396),(33,1455),(54,4365),(70,2566),(71,4231),(74,2327)]	20.465530
781	[(3,56),(13,509),(16,5550),(21,4164),(27,981),(28,4698),(33,4322),(37,2317),(43,4484),(44,5184),(46,596),(61,446),(70,2443),(77,377),(78,4555),(80,3647),(85,2319),(90,4305)]	20.775027
782	[(5,4234),(39,2818),(43,2039),(53,1611),(78,1675),(85,170)]	20.341360
783	[(37,503),(46,4410),(53,3594),(57,4100),(61,1250),(86,5221)]	20.105458
784	[(0,4325),(10,3713),(23,2059),(32,2584),(34,2187),(36,901),(44,3847),(53,2058),(66,2191),(71,784),(82,4524)]	21.211443
785	[(2,1577),(16,2305),(22,555),(35,3780),(44,2914),(71,4229)]	20.553444
786	[(3,4716),(26,1279),(39,4110),(40,2907),(48,2652),(64,306),(67,4486),(76,1574),(80,5489)]	20.497476
787	[(54,5666),(69,7),(71,4323),(74,2253)]	20.520010
788	[(13,3133),(15,4314),(17,3453),(20,4088),(29,2383),(32,5635),(47,2274),(55,367),(62,3468),(63,4562),(64,1313),(71,498),(74,1083)]	20.258867
789	[(7,5032),(8,5523),(10,5021),(11,2888),(20,3564),(23,3344),(51,4104),(52,3287),(59,1240),(64,959),(68,3152),(91,1069)]	20.410680
790	[(24,4387),(44,4273),(56,5620),(66,2211),(75,1284)]	20.199150
791	[(0,754),(59,2048),(65,5471),(68,2689),(79,3307),(86,626)]	20.800230
792	[(4,2126),(5,3263),(7,210),(41,57),(44,4925),(45,5321),(51,2554),(60,5657),(63,3214)]	19.962012
793	[(2,4101),(30,574),(36,2385),(42,2366),(44,1688),(46,302),(49,5001),(53,2102),(60,2423),(62,3471),(79,594),(81,1783),(85,3613),(90,4543)]	20.083678
794	[(4,668),(28,1592),(38,959),(46,5369),(66,3917),(92,1836)]	20.935709
795	[(2,636),(22,3072),(28,377),(29,4555),(38,3977),(47,3082),(50,4004),(57,2503),(86,1327)]	20.961025
796	[(11,234),(14,3184),(16,3108),(25,1580),(27,5382),(46,1105),(48,4245),(52,2973),(54,262),(64,5568),(71,5630),(72,1454),(89,3911)]	20.677953
797	[(17,2033),(26,208),(28,5012),(34,3530),(39,607),(42,3302),(44,3649),(53,396),(55,376),(62,462),(74,3952),(81,3255)]	20.280162
798	[(14,3709),(26,2683),(45,660),(49,3604),(53,2668),(86,3977),(91,4605)]	20.199931
799	[(3,675),(9,20),(21,379),(36,1458),(58,2757),(67,445)]	20.454256
800	[(9,2693),(11,4222),(12,5476),(20,1516),(29,5017),(30,5290),(37,457),(48,4622),(52,4343),(55,1460),(58,4865),(62,4758),(68,3770),(75,5310),(80,739),(90,1409)]	21.437542
801	[(33,2397),(42,1348),(46,877),(54,4754),(58,2200)]	20.971235
802	[(15,377),(21,4689),(43,5644),(57,539),(62,5518),(81,3090),(82,2131),(84,1357),(86,3882)]	20.983555
803	[(6,3503),(32,1244),(33,424),(71,3710),(77,3418),(80,4487)]	20.729764
804	[(6,3295),(20,1171),(26,5684),(44,5666),(57,302),(60,4729),(62,1122),(74,1136),(85,2240),(87,3568)]	21.471292
805	[(14,4845),(26,4501),(30,4805),(39,1315),(41,5141),(52,2991),(57,5149),(58,616),(68,4727),(76,5157)]	23.769310
806	[(2,3817),(16,4133),(26,225),(30,380),(33,3506),(40,3901),(55,2408),(80,1198),(81,4145)]	20.910997
807	[(0,4511),(18,4220),(19,5497),(53,1232),(80,2971),(87,239)]	19.975879
808	[(1,5150),(4,5060),(7,268),(13,2948),(17,240),(33,362),(35,2148),(50,5299),(52,4774)]	22.796836
809	[(7,3508),(20,3753),(32,5378),(35,1384),(50,3945),(54,3639)]	27.699317
810	[(10,5109),(15,4677),(22,1190),(28,2545),(63,3982),(70,2889),(76,2607)]	21.952048
811	[(21,5102),(44,1447),(65,2770),(88,2690)]	23.782795
812	[(0,1662),(21,4239),(24,1852),(33,3165),(57,605),(66,1466),(81,2476),(85,2485),(88,1783),(90,4932)]	20.545612
813	[(12,4154),(49,2653),(59,4494),(67,4492),(77,922),(92,2943)]	21.631657
814	[(16,2058),(17,3614),(50,2003),(55,4831),(57,5632),(60,4098),(67,550),(71,3695),(74,2024),(86,225)]	20.835356
815	[(1,936),(8,161),(18,1155),(26,1848),(31,3581),(36,2224),(43,1172),(47,5608),(59,1242),(63,3244),(68,977),(87,3388)]	33.156428
816	[(47,5039),(51,42),(63,5214),(66,5250),(69,2908),(70,5180),(80,3964),(88,1376)]	31.157079
817	[(2,2207),(13,2979),(36,2717),(68,4443),(74,4472),(76,2301),(82,1309)]	22.569925
818	[(2,3210),(8,405),(15,3951),(20,1828),(38,2099),(49,4362),(68,5294),(85,4787),(92,2317)]	21.071922
819	[(0,4299),(2,5335),(6,3448),(13,3997),(17,339),(25,2481),(36,578),(37,184),(54,5562),(64,4196),(66,1087),(85,3673)]	20.186204
820	[(6,5525),(18,5683),(22,4851),(33,2370),(47,306),(54,4797),(56,1426),(57,1239),(71,1403),(78,4002),(80,4205),(81,2294)]	20.246148
821	[(2,441),(14,3323),(15,3080),(46,5570),(56,550),(67,161)]	20.366750
822	[(3,3908),(10,1466),(19,1302),(59,4469),(69,3479),(78,885),(84,4428),(87,1424)]	20.920884
823	[(0,3186),(7,3399),(19,1247),(31,4382),(32,3489),(34,686),(42,2505),(53,5176),(66,3395),(80,528),(85,5308),(92,4552)]	20.587196
824	[(3,2935),(13,5498),(15,4311),(29,3574),(44,538),(47,2777),(52,613),(53,3784),(57,2382),(60,3852),(83,5607)]	20.029201
825	[(5,4024),(8,2460),(37,3413),(49,2742),(70,528),(73,3733),(74,4052),(75,2729),(81,4880),(85,1396)]	21.692371
826	[(17,4851),(19,3824),(22,1978),(33,3515),(66,358),(76,2717),(80,4092)]	19.963959
827	[(19,5446),(26,4035),(27,4283),(36,2396),(58,2774),(65,5355),(79,1352)]	20.172435
828	[(0,2541),(7,4255),(11,2707),(33,958),(43,5415),(49,2158),(64,2096),(80,3192)]	22.934122
829	[(4,1513),(9,3766),(11,4826),(17,3081),(49,4548),(54,118),(58,3847),(66,3253),(75,549),(78,2422),(89,2363),(91,3014)]	20.099381
830	[(0,3113),(23,603),(35,4150),(51,4011)]	21.146798
831	[(17,4582),(44,5434),(45,5380),(61,4497),(77,563),(80,2059),(89,2401)]	20.680069
832	[(0,4338),(1,2560),(10,4349),(20,2518),(60,4964),(73,602),(82,2890)]	20.594471
833	[(31,4681),(42,4856),(62,3964),(75,3818),(80,4760),(92,1288)]	20.164754
834	[(24,2994),(38,203),(45,3849)]	20.147796
835	[(10,4621),(21,318),(51,1860),(53,1450),(86,177),(90,4334)]	20.892902
836	[(2,4953),(3,3246),(15,2700),(17,3800),(50,2206)]	20.771336
837	[(17,920),(22,418),(46,4166),(49,5475),(52,3058),(66,4063),(70,3750)]	21.455639
838	[(3,5352),(15,753),(16,247),(17,3919),(24,1067),(34,3611),(56,4878),(60,2720),(81,3139),(82,2849),(86,2723),(88,4195),(90,4103)]	21.075424
839	[(5,2138),(15,209),(21,5543),(43,4255),(58,1346),(62,3292),(86,2584)]	20.215158
840	[(3,1587),(11,1504),(12,506),(20,1518),(22,2252),(28,253),(36,1274),(39,4883),(40,4817),(51,4055)]	20.478000
841	[(5,765),(28,5387),(30,5339),(35,1922),(38,5407),(74,3810),(75,5498),(79,3067),(82,2515)]	20.081112
842	[(9,3273),(12,2563),(13,5081),(33,1033),(47,3074),(52,1353),(55,2624),(65,583),(72,3412),(73,5088),(77,400)]	20.314815
843	[(14,1385),(24,5659),(33,2075),(42,1981),(49,3693),(82,5337)]	20.435037
844	[(4,1792),(19,3133),(20,2445),(23,963),(26,4776),(28,2131),(40,2292),(48,3010),(51,4986),(80,1433),(90,2667)]	20.093624
845	[(3,2407),(23,848),(31,3122),(40,5128),(54,1654),(60,2979),(90,5276)]	20.696078
846	[(26,1608),(29,3168),(32,2284),(42,3277),(45,3176),(48,3241),(70,3642),(71,452),(83,629),(86,5449),(88,1631),(92,3649)]	20.490268
847	[(60,5198),(64,4788),(66,4940),(70,5084)]	27.958224
848	[(15,2897),(22,1097),(26,3744),(28,1093),(34,5189),(39,2564),(53,3381),(87,2341)]	22.651850
849	[(5,5629),(27,590),(28,2788),(37,2426),(50,1654),(68,5290),(69,628)]	21.393974
850	[(15,4560),(40,565),(44,83),(53,878),(75,1685),(83,4767),(88,5293)]	21.381262
851	[(9,4538),(11,1570),(16,3472),(18,4944),(27,3588),(34,889),(39,2213),(52,3538),(55,258),(63,4747),(86,3966)]	24.033116
852	[(20,1549),(37,4423),(43,3994),(47,835),(57,5206),(70,5614),(74,3097)]	20.477800
853	[(4,5329),(7,5275),(36,4945),(44,5394),(55,1837),(58,1983),(70,5422),(77,1406),(88,5443)]	20.095971
854	[(36,2715),(45,3474),(56,892),(65,3070),(66,648),(84,2842)]	23.840190
855	[(9,3736),(24,1231),(56,2552),(68,1699)]	25.769682
856	[(22,1938),(27,1993),(30,5099),(42,2511),(44,2808),(56,820),(65,1096),(76,3575),(84,3606),(89,2759),(92,2954)]	20.976299
857	[(31,3517),(54,2991),(68,4346),(85,5679)]	21.490783
858	[(7,1651),(13,1941),(24,2350),(25,2611),(28,5072),(37,1255),(57,3062),(65,2373),(66,3048),(69,166)]	21.901631
859	[(7,4233),(63,2132),(72,870),(73,3618),(76,93),(79,2662),(81,4041),(82,4486)]	20.637187
860	[(0,1638),(3,5552),(6,1724),(32,3208),(34,336),(36,3246),(40,4760),(41,1721),(68,2917),(74,4084)]	20.416458
861	[(39,1874),(52,5091),(63,5098),(72,4320),(77,4372)]	21.272033
862	[(23,327),(27,1397),(52,2284),(80,1329),(82,2576)]	20.258220
863	[(9,1430),(28,2975),(38,264),(46,2740),(58,4267),(63,1064),(70,3265)]	36.452373
864	[(10,1486),(29,4023),(30,3102),(32,2943),(39,1988),(57,3064),(74,4069),(87,4778)]	29.009549
865	[(17,4954),(24,1682),(33,4662),(55,1916),(76,1583),(90,1845)]	20.502221
866	[(18,416),(27,4764),(46,4197),(50,3454),(55,2572),(69,4113),(80,1327)]	20.428819
867	[(2,5542),(23,1961),(26,1005),(39,2574),(41,3693),(43,2675),(66,5170),(68,784),(87,68)]	21.690292
868	[(13,3800),(25,3174),(37,3906),(66,5413),(72,4236),(89,2070)]	21.403433
869	[(0,5403),(26,2926),(38,5110),(41,1918),(42,3644),(50,3380),(52,1024),(65,133),(70,1520),(71,4106),(74,793),(85,4675)]	21.369593
870	[(8,3501),(53,2032),(57,2739),(76,297),(81,4553)]	20.353860
871	[(3,5074),(7,1961),(47,5683),(57,332),(58,2460),(66,5344)]	21.891661
872	[(8,2429),(14,1415),(28,4888),(36,4160),(41,2395),(46,3337),(69,1056)]	20.126278
873	[(16,56),(20,1745),(45,4886),(47,3941),(73,893),(74,3799),(83,399),(90,1183)]	20.273325
874	[(8,4815),(10,651),(34,2365),(41,2888),(43,5269),(53,195),(55,1380),(60,1554),(62,1936)]	20.654678
875	[(18,4039),(41,4451),(54,2483),(55,1961),(77,5114)]	20.580850
876	[(14,2408),(15,4295),(18,3838),(25,3095),(32,4368),(43,252),(44,536),(45,1254),(70,1876),(71,4306),(83,1778)]	21.207474
877	[(1,416),(5,1876),(22,4634),(32,3673),(36,2097),(40,1375),(41,4550),(46,2129),(50,1829),(58,3973),(71,3896),(76,5486),(81,4062),(88,3579),(91,4798)]	20.353639
878	[(1,3597),(2,3834),(7,3088),(37,3120),(49,4593),(55,2591),(84,2706),(87,5569)]	20.411400
879	[(28,843),(32,1649),(37,3212),(50,1332),(63,971),(79,972),(90,1871)]	20.072893
880	[(7,271),(13,2885),(19,2791),(25,1863),(37,2727),(44,2183),(55,2182),(58,1522),(61,45),(76,5395),(90,4256)]	20.689991
881	[(7,2376),(15,2900),(23,3854),(28,439),(29,602),(68,4186),(79,2080),(82,2789)]	20.364667
882	[(8,2030),(57,658),(76,5581),(79,1083),(89,1921),(91,5348)]	19.863706
883	[(8,1234),(13,412),(38,4882),(39,951),(45,1791),(48,1766),(50,4993),(54,1038),(63,1960),(69,4646),(75,17),(76,2567),(84,3088)]	20.354762
884	[(4,4869),(10,595),(15,1172),(21,4759),(25,3186),(39,3253),(45,4397),(56,4641),(58,2954),(78,4646)]	20.697581
885	[(7,1794),(9,1337),(23,271),(24,3031),(26,2979),(33,1838),(36,2342),(38,2811),(56,2323),(65,1655),(81,4129)]	20.021843
886	[(0,706),(1,4420),(12,4962),(16,5334),(32,3809),(36,2559),(53,4165),(70,5338),(75,2662),(91,3568)]	20.217209
887	[(34,2682),(45,1381),(57,621),(60,5173),(67,99),(68,1024),(76,4503),(84,1365)]	20.161146
888	[(15,1935),(23,4219),(31,978),(38,1888),(42,277),(60,1967),(70,5222)]	21.280085
889	[(10,5473),(15,1505),(37,2887),(43,5085),(54,935),(66,2617),(67,4790),(77,1650),(81,5116),(88,4449)]	21.442162
890	[(25,2877),(58,4702),(70,2534)]	20.388124
891	[(14,2937),(34,4598),(42,3080),(51,3672),(65,3104)]	20.502603
892	[(22,1277),(27,3473),(32,1087),(41,5067),(52,399),(65,3019),(76,2459)]	20.826426
893	[(5,399),(17,3230),(26,571),(28,1408),(39,2060),(81,1219),(90,4534)]	19.997875
894	[(11,65),(29,4783),(36,4896),(40,491),(46,4101),(54,3209),(71,4172),(82,2588),(88,1157)]	20.043366
895	[(7,4730),(31,3798),(35,2006),(40,4846),(86,5427)]	20.055146
896	[(1,5670),(42,3990),(62,2951),(63,2241),(75,427)]	21.493833
897	[(9,3345),(17,1200),(18,1334),(22,4228),(45,799),(68,3921),(74,2875),(77,4220),(79,1073),(82,208),(85,58),(90,3763)]	21.624872
898	[(7,2430),(12,479),(20,195),(33,4543),(50,2520),(55,3203),(76,5008)]	24.031936
899	[(2,2456),(9,3077),(13,1380),(25,2808),(50,1340),(77,4825)]	20.411602
900	[(0,5023),(17,3597),(18,3834),(63,4334),(81,5329),(84,5275)]	22.071681
901	[(5,4360),(24,1294),(28,1888),(30,1246),(31,605),(57,5068),(58,3274),(63,5639),(78,4518),(79,3155),(80,327),(90,2494),(92,4567)]	28.709374
902	[(39,5259),(45,3991),(54,5609),(56,1316),(59,5419),(67,2476),(70,2375),(81,1360),(88,1176),(91,1742)]	21.409131
903	[(12,724),(34,83),(35,4563),(50,1297),(62,5331),(83,4353),(84,2351)]	20.640494
904	[(6,2274),(15,3250),(35,2416),(48,2662),(63,1007),(65,2094),(79,3702)]	20.931682
905	[(4,2737),(21,1941),(27,1653),(67,437),(71,2224),(77,963)]	21.491470
906	[(11,344),(28,794),(33,1002),(65,4991),(74,875),(77,3312),(78,968),(83,3259),(91,5276)]	21.449491
907	[(1,1442),(14,2046),(39,1909),(55,2953),(70,2434),(85,2162),(90,3151)]	21.093000
908	[(11,5544),(32,2315),(41,3426),(43,4106),(62,179),(67,793),(69,1875)]	21.268358
909	[(21,4703),(30,1498),(36,1253),(37,2571),(38,2916),(42,5485),(43,173),(44,4206),(54,3446),(62,1915),(85,1558),(92,2537)]	22.054631
910	[(3,4271),(17,4285),(32,2068),(74,2493),(85,2772)]	21.445345
911	[(4,1651),(5,1926),(12,4960),(20,4550),(29,3108),(34,5574),(43,3773),(47,3683),(55,675),(57,32),(60,121),(64,5030),(83,431)]	36.705419
912	[(15,128),(30,5484),(41,4714),(56,4493),(57,1662),(82,3244),(88,2668)]	29.564115
913	[(4,3875),(5,3628),(6,5025),(26,4716),(60,2129),(81,4234)]	20.859915
914	[(1,4132),(6,3548),(28,4873),(37,1667),(45,632),(52,4219),(60,763),(61,1869),(66,2684),(68,2785),(80,1428),(83,4024)]	21.400504
915	[(33,1136),(37,3341),(63,1746),(76,419),(78,80),(90,2015)]	20.560948
916	[(1,4391),(15,1388),(28,5040),(37,1478),(41,3905),(59,635)]	20.314936
917	[(8,1973),(14,1704),(22,5319),(24,2446),(32,4486),(35,5483),(55,5254),(56,2336),(59,2517),(63,5624),(64,3664),(70,2955),(83,5352),(88,2122),(89,556),(90,4637)]	20.510781
918	[(20,4894),(42,3070),(45,89),(50,2501),(79,223),(82,3759),(89,5489)]	20.149814
919	[(0,1737),(2,2975),(4,5059),(8,2992),(12,4970),(14,5326),(23,755),(24,1752),(52,4491)]	20.166444
920	[(22,174),(29,5396),(41,5174),(43,3845),(49,4586),(50,2576),(69,1267),(72,5639),(77,5308),(87,4652),(92,758)]	19.984098
921	[(10,5441),(27,3341),(37,2458),(46,2804),(50,5286),(57,370),(63,2182)]	19.953187
922	[(6,4613),(11,4016),(30,3051),(32,2447),(55,3961),(74,1543)]	20.102634
923	[(10,5652),(17,2997),(42,1006),(52,5291),(64,1056),(68,231),(79,2352)]	20.505746
924	[(22,1530),(32,5502),(37,5493),(57,606),(61,1413),(67,2891),(87,2263)]	20.459062
925	[(35,1111),(51,955)]	20.440298
926	[(3,3978),(32,4235),(46,4351),(48,1813),(50,1455),(66,4877),(70,4079),(75,5529),(89,2919),(92,3766)]	20.477143
927	[(25,3102),(28,53),(48,3473),(51,4696),(84,1728)]	19.986036
928	[(3,4470),(13,4610),(28,2143),(30,5165),(32,3187),(51,2565),(89,2382),(91,986)]	21.549481
929	[(0,3384),(3,350),(7,336),(40,5650),(44,1583),(46,281),(63,5356),(69,5489)]	21.056248
930	[(4,5576),(10,496),(17,5095),(28,274),(32,3662),(33,194),(35,1934),(39,44),(59,1735),(62,4723),(81,2698)]	20.654501
931	[(5,2775),(18,3898),(25,5414),(40,3815),(45,4154),(50,1854),(60,900),(67,4160),(77,2954),(87,2560)]	20.475843
932	[(2,1040),(9,1469),(11,59),(21,442),(27,1010),(53,2578),(70,2563),(82,2327)]	22.021042
933	[(9,2772),(10,5012),(15,2496),(46,2482),(85,5607)]	21.817233
934	[(3,2516),(10,4336),(26,3944),(27,1707),(52,5593),(56,3924),(61,4690),(65,1334),(80,2035)]	20.663182
935	[(14,2669),(22,4198),(48,4594),(64,4367),(67,273),(70,3001),(72,4979),(77,1525),(78,4040),(84,473),(88,540)]	20.291521
936	[(11,2690),(26,2662),(45,5639),(92,1991)]	20.117362
937	[(0,3191),(5,5153),(25,5586),(46,3491),(53,500),(58,2205),(61,4407),(66,4372),(84,1140)]	20.662475
938	[(6,494),(7,1150),(8,2584),(13,5553),(20,1468),(42,668),(55,3247),(59,1796),(63,4761),(79,582),(84,1889),(91,3688)]	20.390908
939	[(3,5146),(5,2576),(13,4341),(37,4347),(40,1225),(77,3364),(87,618)]	20.385800
940	[(11,1261),(12,3000),(14,556),(15,4637),(52,1349),(80,2134),(92,3783)]	20.362264
941	[(13,3208),(16,3732),(40,998),(42,1124),(43,1718),(49,2045),(56,3817),(69,748),(70,3602),(83,3548),(88,2967),(90,2380)]	20.144112
942	[(10,2675),(17,443),(32,3375),(49,4536),(59,1126),(74,4360),(80,2663),(91,3533)]	20.560492
943	[(12,2986),(22,1743),(31,2823),(51,3952),(66,3530),(80,1491),(92,1454)]	21.053606
944	[(5,1633),(6,4190),(40,5572),(41,4491),(45,361),(54,1556),(58,395),(62,87),(81,4541),(85,1847),(92,2244)]	23.934167
945	[(7,1494),(12,5201),(26,3413),(33,972),(40,2984),(70,5591),(75,51),(76,2058),(86,4021)]	21.092560
946	[(0,2969),(11,2297),(12,4841),(51,1279),(61,340),(71,2596),(82,2684),(85,2883),(92,4139)]	20.355090
947	[(0,2181),(10,1821),(23,4552),(25,2237),(29,4003),(42,931),(61,4503),(74,3102),(77,5443),(91,4074)]	26.374183
948	[(8,3882),(12,1956),(25,2978),(37,2819),(43,4664),(63,5395),(65,2706),(80,2041),(92,2677)]	24.689581
949	[(32,927),(54,4318),(74,4500),(78,24),(80,560),(88,4847)]	21.010002
950	[(5,1518),(10,3679),(32,5615),(50,463),(58,181),(83,2782),(86,5677)]	20.766150
951	[(3,1796),(4,1584),(5,3505),(8,3155),(11,2251),(49,1387),(68,3002),(88,5060)]	21.720079
952	[(10,3274),(14,3303),(24,2018),(41,1875),(68,541),(86,4453),(89,3436)]	20.498271
953	[(13,2703),(17,4581),(21,4570),(34,2608),(51,391),(61,303),(73,4955),(89,2012)]	20.293788
954	[(25,5067),(53,5627),(54,5561),(73,1216),(75,2636)]	21.070369
955	[(10,912),(19,3178),(32,1739),(42,163),(53,2512),(60,437),(69,2410)]	20.341529
956	[(23,4865),(25,5452),(31,3097),(32,1398),(33,1093),(73,1807),(76,1742),(79,5496),(82,2515),(92,3008)]	20.611124
957	[(8,4183),(26,2475),(30,4295),(33,3838),(47,3482),(81,2731),(85,4058),(92,4028)]	39.531771
958	[(6,4136),(16,3815),(22,1644),(42,432),(50,1385),(63,2455),(65,67),(82,4106),(91,4180)]	44.419077
959	[(1,212),(11,1718),(17,4983),(41,3798),(47,3050),(69,836),(84,1796)]	63.410787
960	[(11,2855),(16,1004),(17,2996),(37,3583),(51,4438),(53,3592),(54,4514),(55,247),(56,3919),(59,5111),(61,4504),(68,1695),(82,858)]	42.679965
961	[(4,3716),(11,1906),(15,3063),(45,270),(63,2936),(71,2815),(75,5324),(80,3708),(82,3636)]	40.465944
962	[(15,3123),(18,1378),(20,5579),(33,932),(35,993),(71,552),(80,5045),(81,405)]	39.345757
963	[(2,2226),(14,4340),(15,4798),(16,4817),(20,2116),(32,2681),(35,2625),(44,1264),(46,2014),(70,941),(91,3278)]	39.101863
964	[(3,4167),(7,2898),(17,1299),(23,2091),(29,4913),(35,373),(40,1765),(48,4328),(64,1339)]	41.139965
965	[(7,3878),(10,4220),(20,4726),(21,2341),(45,2240),(66,4781),(69,317),(83,1056),(88,3292)]	40.842785
966	[(8,5536),(16,347),(27,2946),(32,491),(56,4405),(63,5355),(69,464),(89,3918)]	40.656835
967	[(4,3556),(7,5108),(20,5555),(53,209),(61,5515)]	40.232874
968	[(28,3764),(61,627),(64,3962),(66,1650),(88,2879)]	40.126573
969	[(2,1578),(4,199),(16,1216),(17,989),(24,3324),(28,2918),(43,4419),(44,3193),(52,4083),(56,3723),(69,902),(73,1518),(75,2252),(78,4569),(82,932)]	40.081073
970	[(21,348),(25,384),(28,5334),(35,3510),(42,178),(48,415),(66,22),(75,2854),(92,3069)]	40.333106
971	[(15,4996),(35,4314),(36,2782),(65,1552),(71,3593),(85,2815),(86,2031),(87,2551),(91,2757)]	40.517131
972	[(1,3557),(18,1387),(19,4064),(29,4529),(38,1963),(47,2382),(62,5491),(63,666),(68,1901)]	40.170715
973	[(32,5114),(34,21),(46,3887),(73,5337),(76,3508),(79,3148),(80,2728),(87,978)]	40.806731
974	[(23,2852),(27,2574),(33,2855),(48,1713),(60,574),(64,4132),(90,788)]	44.209625
975	[(2,4043),(11,409),(12,501),(20,647),(45,1918),(46,3644),(49,1893),(52,5414),(63,3685),(83,3524)]	41.414341
976	[(17,3586),(40,1599),(57,3630)]	45.092769
977	[(11,2604),(29,4858),(30,328),(33,672),(36,4581),(38,4219),(41,1878),(42,32),(44,3141),(70,2320),(74,966),(77,4675),(89,3550)]	40.115864
978	[(7,5267),(14,5186),(52,3909),(60,1999),(67,5373),(91,4201)]	39.628471
979	[(0,4819),(4,3622),(10,2227),(23,566),(35,2688),(54,241),(62,5445),(65,4836),(80,74),(83,2282),(85,1045)]	39.018534
980	[(22,4574),(33,1818),(39,4996),(43,2132),(45,3349),(47,5372),(59,5639),(69,1890),(72,3565),(79,1701),(88,1491)]	40.835611
981	[(35,3751),(62,3108),(69,4754),(79,2053),(88,2759)]	40.995891
982	[(3,2705),(35,4836),(36,4285),(39,2828),(54,2838),(55,3369),(84,1521),(87,2488),(89,5411),(92,4438)]	40.934901
983	[(4,5281),(12,2676),(28,2079),(65,2647)]	40.006330
984	[(5,4347),(19,476),(39,3531),(42,1024),(47,3030),(52,1206),(55,2742),(57,3809),(69,5488),(86,3933),(87,690)]	51.087390
985	[(9,783),(13,5616),(25,2927),(30,2811),(43,5048),(56,2670),(60,4062),(70,3937),(90,2709),(91,4729)]	48.121567
986	[(2,3300),(15,3472),(17,2248),(23,5561)]	44.611467
987	[(0,1291),(13,2470),(14,3186),(15,3943),(45,412),(62,4359),(72,1117)]	40.749305
988	[(4,3274),(12,4273),(18,5234),(46,3048),(77,1586),(78,3818),(79,1256),(82,633),(92,3638)]	40.231091
989	[(11,1539),(28,5084),(48,2382),(52,2160),(78,5653)]	46.222129
990	[(7,2789),(11,257),(45,5498),(47,4311),(59,697),(63,5499),(69,977)]	61.823154
991	[(2,3429),(5,5412),(16,2721),(27,5092),(33,4293),(47,4302),(64,2774),(69,2252),(83,3431),(88,4384)]	46.952425
992	[(0,236),(27,1464),(53,864),(57,585),(62,2682),(74,5574),(89,5042),(90,2087)]	43.039228
993	[(0,5178),(25,901),(75,3607)]	43.700323
994	[(18,280),(22,2338),(26,5302),(69,2357),(89,4707)]	43.081547
995	[(5,2281),(13,4003),(25,522),(37,1417),(52,1748),(55,1705),(70,2710),(74,5568),(91,2567)]	39.470380
996	[(8,4024),(14,2926),(19,3389),(23,4614),(46,1595),(47,874),(65,1782),(83,2567),(84,2073)]	42.122393
997	[(2,3491),(6,5584),(7,661),(10,5368),(13,2357),(27,437),(34,1660),(46,5242),(47,3332),(48,1699),(71,5483),(79,406),(80,3472)]	44.925187
998	[(31,909),(33,274),(34,3730),(46,430),(50,306),(53,1972),(70,4510),(82,5366),(90,2033)]	42.769082
999	[(8,2940),(11,860),(31,469),(42,1811),(44,2135),(47,795),(55,4087),(70,2208)]	43.372244
