ruleset_index	matches	time_ms
0	[(2,131),(7,1672),(10,218),(21,594),(25,1562),(36,2306),(62,1215),(75,2598),(76,465)]	14.499843
1	[(4,1417),(39,1490),(77,440)]	14.131706
2	[(5,863),(19,1623),(58,1129),(63,851)]	15.950036
3	[(47,123),(61,582),(67,1454),(81,2756),(92,1362)]	16.079132
4	[(90,330)]	15.296278
5	[(14,1022),(15,2358),(58,1750)]	15.579566
6	[(2,1729),(25,941)]	14.523964
7	[(56,165),(77,1572),(88,2075)]	17.222061
8	[(66,1457)]	20.613308
9	[(2,2448),(25,1730),(30,496),(46,1210),(52,782),(61,523)]	14.946092
10	[(44,1609),(62,199)]	15.398398
11	[(2,229),(16,972),(65,2252),(78,2117)]	14.475026
12	[(0,1296),(13,518),(24,1354),(41,553),(50,2024),(61,778),(90,2240)]	14.383859
13	[(18,1766),(30,1976),(54,592),(56,1944)]	14.155575
14	[(3,1063),(18,2412),(19,2677),(26,1174),(44,548),(72,2222)]	14.993093
15	[(15,2530),(37,2728),(47,1178),(78,663)]	15.446915
16	[(64,571),(85,2152)]	14.185653
17	[(23,1352),(59,1743),(81,1922),(84,2674),(88,1470)]	14.032568
18	[(33,1362),(60,164),(68,1847),(84,2183)]	14.013817
19	[(69,1472),(77,1901)]	14.211061
20	[(62,2283),(92,2794)]	14.778529
21	[(0,2331),(14,273),(28,962),(33,1844),(49,2513),(65,1332),(74,785),(78,1040)]	14.686759
22	[(45,869),(49,775),(68,257),(75,2504),(78,2786),(87,238)]	14.080385
23	[(50,2753),(51,379),(79,1320),(83,1164)]	17.162267
24	[(9,232),(16,2053),(27,1030),(54,724),(73,990)]	14.514721
25	[(0,2712),(13,1352),(25,2331),(41,1448)]	14.101741
26	[(13,2673),(48,1174),(81,622)]	14.141640
27	[(0,2700),(22,460),(61,1413),(72,981),(73,1159)]	14.140967
28	[(12,901),(21,2189),(34,2282),(43,303),(64,2788),(80,1101),(92,949)]	14.248379
29	[(23,1702),(26,1619),(50,1861),(54,252),(74,2717),(84,2748),(88,345)]	14.404036
30	[(16,827),(39,1071),(62,1865),(68,1301)]	15.008188
31	[(91,251)]	14.749795
32	[(1,894),(3,689),(22,209),(36,2111),(72,424)]	14.628558
33	[(2,1505),(15,1305),(22,1378),(47,2756),(64,2560)]	14.412709
34	[(7,1110),(17,864),(33,2331),(39,776),(41,502),(63,2600),(91,2628)]	18.387359
35	[(4,809),(24,1013),(55,711)]	28.344023
36	[(11,180),(27,2122),(30,2251)]	14.990475
37	[(2,523),(8,2169),(18,2114),(27,2634),(32,591)]	14.029698
38	[(12,1545),(32,2806),(61,351),(71,1934)]	14.059458
39	[(12,452),(34,1664),(46,1125),(50,1086),(51,410)]	14.065595
40	[(23,851),(33,1936),(64,779)]	14.055623
41	[(31,625),(50,627),(63,1976),(65,366),(77,2219)]	14.027832
42	[(0,1806)]	13.990931
43	[(7,301),(8,1372),(15,1212),(44,583),(51,2504),(55,1470),(58,1637),(60,2772),(80,1651),(84,2796)]	14.133500
44	[(16,1861),(65,2205),(72,2728)]	14.862747
45	[(58,886),(71,2556)]	14.636118
46	[(37,114),(54,1858),(58,114),(72,935),(80,2654),(89,2602),(92,281)]	14.250609
47	[(1,970),(22,2127),(63,989),(70,1283)]	14.204476
48	[(7,1178),(12,2232),(22,1694),(62,2507),(68,220),(83,6)]	14.676928
49	[(10,172),(26,341),(28,265),(41,463)]	14.606071
50	[(26,496),(34,1271),(35,1011),(42,1911),(44,995),(61,577),(83,1799)]	14.416980
51	[(9,142),(11,292),(22,1102),(39,2479),(53,1797)]	14.687006
52	[(4,1337),(7,274),(12,1555),(58,2025),(61,1485)]	14.080740
53	[(29,1839),(38,2202),(52,2314),(81,2310),(82,719)]	14.007120
54	[(27,373),(45,728),(48,850),(54,2675),(92,1531)]	14.527797
55	[(12,2770),(20,978),(41,1794)]	14.247992
56	[(8,1282),(16,709),(52,2403),(76,2046),(85,2740)]	14.389005
57	[(10,1645),(47,1235),(59,1993),(66,1899),(67,528)]	14.261552
58	[(0,896),(34,1899),(40,785)]	14.242301
59	[(21,244)]	13.923086
60	[(20,1481),(47,2765),(64,856),(83,2700)]	13.900486
61	[(25,344),(29,1735),(56,2571),(65,2079),(79,2253),(89,1790),(91,996),(92,833)]	14.227699
62	[(2,2412),(48,754),(80,2265)]	14.476178
63	[(11,1476),(38,1099),(62,2005),(65,2493)]	13.981540
64	[(5,1219),(9,618),(22,1901),(33,994),(89,2663)]	14.026269
65	[(26,1307),(69,690)]	14.045271
66	[(23,2702),(31,2241),(44,1884),(68,2640)]	14.092093
67	[(43,601),(70,720),(77,2787)]	14.413744
68	[(64,605),(88,2085)]	14.376256
69	[(18,2559),(28,2652),(44,841),(89,453)]	14.065094
70	[(6,1093),(18,1674),(54,1373)]	14.035101
71	[(16,1826),(26,2476),(71,2290),(81,2429)]	16.877994
72	[(54,1692),(70,1065),(79,2470),(85,1864),(92,859)]	14.300067
73	[(50,725),(80,1938),(90,1403)]	14.228044
74	[]	15.162012
75	[(17,2060),(71,1056),(81,175)]	19.288244
76	[(34,227),(35,531),(49,543),(51,915),(90,975)]	17.319341
77	[(7,877),(57,2625),(66,2349),(81,33)]	14.257854
78	[(8,482),(14,1257),(26,2730),(40,2800),(59,1786),(76,1365),(87,1819)]	14.285494
79	[(9,1064),(34,370),(39,325),(47,588),(48,2041),(51,1768),(86,161)]	14.809978
80	[(23,1470),(42,2354),(44,319),(84,1531),(87,22)]	14.312799
81	[(17,2115),(34,982),(36,435)]	14.262942
82	[(4,810),(31,1150),(47,1571)]	13.906196
83	[(40,2752),(45,2202),(58,363),(82,1448)]	14.989113
84	[(5,1428),(45,1305),(54,1465)]	14.522560
85	[(10,1485),(19,913),(31,807),(42,1343),(74,1901)]	16.313664
86	[(8,1319),(11,2534),(22,357),(32,385),(34,1259),(36,716),(70,2750),(80,733)]	16.264996
87	[(28,2402),(74,1036),(78,1437),(86,514)]	19.834637
88	[]	14.381007
89	[(16,2282),(47,435)]	15.104838
90	[(21,1103),(55,1195)]	16.750118
91	[(32,800),(53,2757),(65,1075),(70,735),(86,2023)]	14.435412
92	[(16,1834),(25,1930),(78,2788),(86,2022)]	13.906030
93	[(37,569),(62,183),(77,427)]	14.425126
94	[(0,1129),(9,1746),(12,1717),(46,1003),(47,2275),(85,2390),(88,453),(92,810)]	13.974164
95	[(65,2435)]	14.323043
96	[(0,2761),(36,1034),(59,18),(62,1997),(72,1604),(91,2103)]	14.047314
97	[(38,678),(54,2508),(66,202),(71,2486),(79,2564)]	14.294951
98	[(5,1394),(6,2332),(7,1956),(35,1789),(46,1519),(50,2608),(83,1134)]	14.276597
99	[(28,1436),(44,984),(45,377),(49,2103)]	14.055911
100	[(13,906),(40,2510)]	14.794679
101	[(32,474),(68,144),(69,2725),(79,186),(91,2448)]	14.116010
102	[(21,2551),(40,2232),(83,1487),(92,88)]	13.988451
103	[(77,2282)]	14.911316
104	[(15,2633),(32,2458)]	24.753066
105	[(30,202),(34,1140),(75,407),(91,546)]	22.354780
106	[(9,765),(22,480),(31,1380),(47,239),(83,1420)]	14.088360
107	[(21,1473),(39,1933),(57,2334)]	14.207491
108	[(2,151),(25,2399),(32,313),(68,2569),(76,750),(86,1558)]	13.939063
109	[(2,2510),(22,107),(38,2468),(64,1958),(74,2787),(85,1370)]	13.951705
110	[(83,458)]	15.131320
111	[(34,2028),(51,1362),(62,416),(70,1883),(76,2699)]	14.488357
112	[(1,1088),(5,2336),(9,1606),(28,1597),(59,294),(68,2355),(75,1150)]	14.407593
113	[(29,1763),(79,630),(89,171)]	15.850123
114	[(40,126),(44,2142)]	15.921372
115	[(3,961),(25,1675),(75,2717),(88,383),(89,2476)]	20.811883
116	[(28,2608),(48,919),(53,1859),(64,1159)]	15.075539
117	[(3,1706),(11,279)]	14.433357
118	[(7,299),(73,1154)]	14.347022
119	[(28,1586),(30,1190),(72,2225)]	14.291321
120	[(41,2266),(77,299)]	14.184162
121	[(46,1285),(66,2453),(78,65),(87,658),(89,2317)]	14.267366
122	[(33,2617)]	14.506512
123	[(13,627),(26,892),(62,211),(66,1276),(70,678)]	14.293485
124	[(2,1680),(43,1009),(50,2778),(51,824)]	14.567267
125	[(41,192)]	14.259717
126	[(4,1069),(14,2784),(80,547)]	14.396264
127	[(4,45),(11,2168)]	14.059631
128	[(2,999),(5,1398),(6,1405),(19,538),(43,132)]	15.260011
129	[(7,1666),(49,2385),(55,2739),(63,1266),(71,345),(82,2536),(89,415)]	14.427565
130	[]	15.413463
131	[(4,527),(17,148),(59,791),(79,1027),(88,2555)]	14.265970
132	[(28,1158),(31,2169),(38,2132),(43,116),(76,416),(88,2446)]	14.371320
133	[(63,362),(66,1182)]	14.209928
134	[(60,347),(69,1456),(75,423)]	15.874487
135	[(2,687),(22,2471),(61,2486)]	15.030803
136	[(12,2201),(32,2528),(91,462)]	14.065287
137	[(47,1341),(71,436)]	17.836480
138	[(40,2738),(54,2497),(56,2078),(61,2676),(72,1657)]	15.467402
139	[(4,1120),(15,1497),(33,1379),(90,1811)]	14.202594
140	[(5,70),(7,2735),(18,1506),(38,952),(72,2129),(77,553),(86,1643),(90,486)]	16.954084
141	[(31,1167),(32,2235),(33,2392),(36,2083),(63,2387),(80,472)]	19.996447
142	[(41,2104),(70,1017)]	14.599489
143	[(81,2237)]	15.827640
144	[(11,2248),(25,1990),(27,2551),(32,2193),(40,622),(73,161),(74,1182),(91,1768)]	14.467522
145	[(24,1021),(41,1368),(63,647),(90,1436)]	14.194784
146	[(4,418),(21,2444),(78,971)]	15.443139
147	[(65,1536),(72,2559),(74,809),(85,1588)]	14.254881
148	[(24,2675),(62,2184)]	14.213702
149	[(9,1309),(18,2626),(59,2689),(84,851),(89,1681)]	14.777032
150	[(23,2254),(24,1460),(25,1027),(26,1321),(49,2515),(54,1977),(81,1961)]	14.501779
151	[(25,2491),(33,1682),(66,2676),(75,2118),(81,1898)]	15.114616
152	[(3,2404),(25,510),(52,81),(70,186),(75,650)]	14.396785
153	[(23,1694),(40,2324),(66,782),(80,828),(92,2174)]	16.028009
154	[(6,788),(9,672),(17,2262),(23,2681),(54,1229),(55,579),(77,2732)]	14.522559
155	[(14,269),(19,1501),(48,2579),(72,2726),(86,592)]	14.741918
156	[(13,182),(49,1133),(72,2075)]	16.390319
157	[(6,2216),(38,1647)]	14.795648
158	[(38,1948)]	14.366541
159	[(3,2803)]	14.385154
160	[(21,2802),(27,0)]	14.055589
161	[(0,2692),(15,585),(20,2039),(33,2498)]	14.352662
162	[(3,486),(5,2180),(13,1394),(14,2332),(46,2631),(73,2703)]	15.401805
163	[(11,465),(86,1529)]	15.194146
164	[(74,1188),(76,224)]	14.569645
165	[(2,1645),(12,233),(49,1505),(53,639)]	14.414589
166	[(52,735),(65,486)]	14.123470
167	[(16,2699),(20,1509),(28,25),(44,1339),(54,2788)]	14.141292
168	[(65,393),(76,1852)]	14.342901
169	[(2,639),(15,2249),(24,2639),(51,76),(72,2369),(82,1882),(84,1883)]	14.228139
170	[(48,2090),(55,2335),(78,504),(88,708),(92,2484)]	15.808878
171	[(15,1132),(78,662),(88,2705)]	14.276846
172	[(30,2378),(31,109),(62,2530),(77,2781),(83,1918)]	20.344063
173	[(12,993),(35,1700),(56,2447),(68,1553),(79,134)]	27.392019
174	[(7,1038),(34,627),(38,2040),(57,1444),(67,2764),(80,1644)]	15.688763
175	[(2,2255),(21,255),(39,1566),(42,1134),(60,1070)]	16.138624
176	[(18,1001),(34,925)]	14.304706
177	[(26,1071),(30,721),(58,1113),(64,1391)]	14.155109
178	[(42,1982),(59,848),(60,1725),(81,94),(92,2490)]	14.876871
179	[(31,2257),(88,1771)]	15.228659
180	[(19,158),(45,2657)]	14.818121
181	[(2,2232),(37,365),(42,432),(87,1255)]	14.134077
182	[(19,60),(37,1409),(45,290),(48,2268),(79,882)]	14.147456
183	[(10,565),(21,1545),(31,742),(60,2708),(64,416)]	14.443668
184	[(23,1822),(34,1382),(38,1766),(46,307),(55,1282),(79,1863)]	14.456294
185	[(58,1457),(87,1726)]	14.886896
186	[(35,1784),(36,723)]	14.085806
187	[]	14.317021
188	[(12,723),(24,1496),(31,657),(37,71),(80,2709),(81,2216)]	14.780892
189	[(45,2434)]	14.586898
190	[(30,2444),(81,842)]	13.940764
191	[(16,229),(20,1855),(26,1221),(80,1595),(81,116)]	14.291489
192	[(14,2315),(18,1503),(40,211),(50,1075),(61,1549),(72,2193)]	14.124922
193	[(0,276),(13,526),(47,190),(83,1385)]	14.590305
194	[(17,2436),(30,1017),(32,2647)]	15.154361
195	[(25,1527),(51,490),(53,1110),(71,2015)]	13.941741
196	[(9,1382),(24,1493),(61,561),(79,1177)]	14.159293
197	[(0,1186),(8,870),(14,1638),(15,1675),(17,1179),(75,932)]	14.036487
198	[(15,2160),(26,881),(42,2448),(45,2320)]	14.250813
199	[(20,1009),(36,2176),(37,1308),(48,2000),(52,1795),(71,451),(75,1763),(79,272)]	15.141170
200	[(27,377),(36,2373),(71,1186),(72,1039),(75,1805),(77,2444)]	15.219842
201	[(36,1894),(37,2131),(46,11),(60,816),(68,862)]	15.181161
202	[(12,427),(16,1745),(23,1889),(55,1543),(56,1450),(79,2412),(86,1265)]	14.691333
203	[(53,1566)]	17.478990
204	[(21,1306),(42,728),(75,1856),(80,2748),(88,2564)]	14.638095
205	[(2,1226),(25,2549),(33,2056),(38,2627),(43,2156),(53,2575),(89,888)]	14.395116
206	[(57,1139),(58,641)]	16.080959
207	[(13,2143),(27,2582),(42,2201),(66,1387)]	19.650581
208	[(14,1409),(30,2026),(48,2628),(61,696),(91,993)]	16.354063
209	[(18,2622),(27,1931),(50,2391),(69,1332)]	14.219268
210	[(15,1841),(57,2531),(70,971)]	14.488517
211	[(1,660),(37,404),(92,1429)]	14.109674
212	[(59,1352),(80,2797)]	14.259002
213	[(38,306),(73,2340),(82,2292)]	15.138788
214	[(10,2217),(17,1092),(18,1004),(21,1363),(23,853),(24,288),(30,1294),(43,1518),(45,1326),(52,507),(74,594)]	15.998865
215	[(51,575)]	15.089979
216	[(0,2633),(29,663),(56,2191),(61,504),(72,1489),(80,2559)]	17.466910
217	[(49,2538)]	14.924718
218	[(3,504),(7,1835),(32,717),(33,1253)]	14.419189
219	[(29,2288),(31,810),(67,1512),(80,2004),(88,446)]	15.179920
220	[(27,2053),(45,2044),(50,972),(65,33),(72,2188),(80,2254)]	15.205566
221	[(23,2787),(26,947),(58,2670),(84,1394)]	14.707448
222	[(15,1760),(85,2673)]	15.009234
223	[(31,696),(45,584),(59,845)]	16.468325
224	[(19,1182),(35,174),(53,1184),(75,1882)]	14.866773
225	[(3,941),(10,626),(26,1186),(81,1160),(91,2124)]	15.153161
226	[(10,738),(26,2027),(45,413),(88,764)]	14.860201
227	[(16,11),(24,1588),(26,905),(71,876),(76,2182)]	14.874385
228	[(6,213),(7,2799),(18,2126),(29,97),(44,717),(45,1893),(77,1266)]	14.617892
229	[(7,712),(14,657),(33,1851),(43,2053),(68,1173),(81,995)]	15.313127
230	[(46,312),(55,1782),(60,2122),(78,1889)]	14.637975
231	[(1,993),(81,2391)]	15.383534
232	[(41,537),(63,16),(83,1534)]	14.499719
233	[(33,800),(40,1902),(64,2659),(82,862),(92,2023)]	14.886039
234	[(38,221),(55,633),(62,2800),(70,1750),(87,1249)]	15.370706
235	[(47,727),(71,1665)]	16.193901
236	[(10,2258),(18,2102),(52,209),(73,989)]	16.635233
237	[(7,1102),(30,1573),(31,1632),(52,2500),(69,2425),(73,2773)]	15.202347
238	[(12,2027),(88,2107)]	15.009736
239	[(8,509),(9,1074),(57,203),(85,1274)]	15.286661
240	[(23,577),(40,917),(42,2478),(68,1283),(76,2095)]	23.967736
241	[(15,711),(56,1435),(59,776)]	25.912700
242	[(37,2618),(43,474),(56,527),(58,2518),(68,1033),(71,712),(87,2326)]	14.758193
243	[(15,569),(30,344),(38,1931),(61,2660),(75,96)]	14.917906
244	[(16,1606),(61,1186),(70,2589),(87,592),(89,1944)]	15.266539
245	[(1,2690),(9,1638),(20,995),(35,129)]	17.103964
246	[(1,2545),(19,1378),(49,44),(50,519)]	21.106048
247	[(7,1387),(74,1974),(78,1569)]	14.522335
248	[(5,2577),(19,2222),(85,953)]	14.121374
249	[(51,752),(57,509)]	15.586785
250	[(30,1740),(79,282)]	14.534409
251	[(8,492),(19,845),(50,364),(51,2052)]	14.074078
252	[(4,1239),(58,1607),(68,2695)]	14.767687
253	[(90,2095)]	15.023351
254	[(49,895)]	15.448232
255	[(6,1504),(33,754),(60,125)]	15.199516
256	[(17,343),(38,1655),(46,1643),(49,1190),(68,1104),(76,1116)]	14.088909
257	[(74,1454),(87,2653),(88,1701)]	14.803705
258	[(0,998),(4,1630),(15,140),(29,2715),(38,1312)]	15.355892
259	[(1,1052),(17,2519),(26,796),(56,2290),(81,2773)]	14.364744
260	[]	13.906662
261	[(19,2211),(51,366),(66,1843),(71,347)]	14.196004
262	[]	14.210649
263	[(30,2160),(40,1457),(54,2560),(78,1766),(83,567)]	14.531655
264	[(11,1333),(20,1581),(34,958),(44,411),(63,1041),(70,2030)]	14.535180
265	[(52,1232)]	14.029602
266	[(14,1882),(33,1097),(66,1776),(76,604),(80,141),(86,65)]	14.117066
267	[(11,572),(24,725),(29,1876),(35,2341),(51,2393),(85,120)]	14.037240
268	[(2,1034),(29,738),(49,783),(71,854),(74,2645),(83,1736)]	16.884001
269	[(3,1040),(18,2742),(34,967),(59,78),(72,767),(87,690)]	14.849397
270	[(1,2111),(21,1711),(84,400)]	13.970272
271	[(27,2410),(50,222),(57,1707)]	18.347400
272	[]	18.398570
273	[(3,2651),(67,1061)]	14.673335
274	[(54,377),(77,1918),(78,2593),(79,1514),(82,198)]	14.063081
275	[(22,1207),(63,2689),(70,157),(86,289),(91,1459)]	14.632827
276	[(2,2207),(15,544),(19,552),(88,165)]	14.667149
277	[(0,1928),(13,1742),(25,2230),(32,1657),(35,2300),(53,2704),(89,2561)]	14.179676
278	[(30,577),(53,2241)]	14.156493
279	[(42,348),(62,2718)]	13.894396
280	[(84,183)]	14.522531
281	[(78,2719),(86,755),(91,2298)]	14.189027
282	[(1,1593),(17,2383),(37,1027),(38,1963),(54,1000),(64,873),(82,1556)]	14.016978
283	[(12,2569),(35,2104),(56,1648),(62,93),(85,815)]	14.085158
284	[(33,1776),(49,58),(91,2077)]	14.628949
285	[(15,1133),(39,1570),(59,2359),(65,1371),(82,788)]	15.223739
286	[(2,688),(4,2515),(64,720),(80,90),(83,214),(87,1909)]	14.520830
287	[(43,546)]	14.965798
288	[]	16.951681
289	[(11,2086),(23,1908),(65,119)]	14.676904
290	[(0,299),(46,950),(72,107),(76,2258),(81,261)]	15.315097
291	[(0,1731),(28,2055),(43,1904),(86,1411),(90,832)]	15.395929
292	[(32,1031),(33,922),(56,2001)]	14.461330
293	[(61,1125),(66,2222),(75,1866),(83,856)]	14.676804
294	[(1,2151),(25,488),(48,1308),(52,1622)]	14.835649
295	[(56,1973),(66,1845),(77,1468)]	14.216743
296	[(37,610),(79,1262),(82,270)]	14.484410
297	[(3,1844),(8,1803),(16,246),(47,1020),(48,357),(77,2773)]	14.273982
298	[(18,75),(23,1387),(35,811),(38,95),(70,758)]	14.251470
299	[(54,350),(67,2007),(79,680)]	14.037897
300	[(26,1415)]	14.950072
301	[(15,1279)]	14.018843
302	[(61,1031),(72,2760),(75,2118),(82,864),(89,28),(90,512)]	14.318374
303	[(25,530),(31,1815),(44,2066),(52,897)]	14.393885
304	[(2,1249),(20,278),(43,316),(72,1492)]	14.165458
305	[(40,534),(44,2071),(90,296)]	14.463967
306	[(28,2307),(88,875)]	14.160881
307	[(47,162),(73,420)]	14.147913
308	[(24,849)]	14.045829
309	[(1,1443),(15,1734),(71,1061)]	27.169842
310	[(12,659),(14,1242)]	20.416927
311	[(19,496),(22,729),(23,1684),(27,800),(91,1158)]	14.074464
312	[]	17.141432
313	[(10,821),(21,661),(35,701),(64,1719),(84,886)]	15.340172
314	[(61,1364),(69,498),(87,1199)]	15.002114
315	[(14,2726),(15,1124),(46,1919),(84,152)]	16.693683
316	[(73,633)]	14.280260
317	[(37,2080),(38,2632),(74,117),(87,165)]	27.268502
318	[(5,2672),(55,1521),(67,179),(79,2684)]	30.165828
319	[(4,203),(6,276),(22,1377),(41,1068),(45,1498),(46,356),(73,1035),(84,743)]	29.445934
320	[(4,433),(35,404),(67,2035),(87,622)]	29.152635
321	[(21,1078),(49,545),(85,2773)]	29.684572
322	[(1,290),(11,1112),(18,1499),(32,2105),(36,1312),(83,796)]	31.000047
323	[(6,1998),(48,548),(86,1045)]	29.177099
324	[(12,2155),(20,2052),(53,2763),(87,471)]	27.096499
325	[(4,1716),(7,694),(8,2680),(44,2057),(91,1938)]	27.471532
326	[(9,2559),(33,1922),(77,2641),(86,417)]	28.187231
327	[(5,1717),(12,930),(60,872)]	32.615873
328	[(47,2664),(60,2743),(77,326)]	30.247077
329	[(1,2180),(37,1557),(40,1714),(67,1809),(75,1188),(77,224),(86,306)]	30.223212
330	[(4,1151),(14,1295),(30,619),(40,2066),(61,2413),(63,1100),(73,629)]	28.706001
331	[(29,999),(61,2412),(66,1515),(71,915),(74,2172)]	29.650597
332	[(4,1623),(29,827)]	29.210542
333	[(41,1795),(88,1521)]	28.136711
334	[(92,2768)]	28.231980
335	[(33,1581),(46,1426),(73,1851)]	30.058930
336	[(0,34),(1,1221),(92,2183)]	33.584002
337	[(62,113),(77,14)]	28.848836
338	[(17,1134),(39,473),(41,2734)]	29.215808
339	[(15,2225),(42,2684),(77,824),(91,1814)]	29.093730
340	[(5,568),(28,446),(90,2339)]	29.457874
341	[(3,1702),(43,1490),(46,1024)]	28.156820
342	[(16,2186),(30,110)]	28.142559
343	[(45,665),(83,807)]	29.691109
344	[(4,1349),(20,1160)]	29.086335
345	[(42,2193),(52,1662),(90,893)]	29.014435
346	[(1,638),(61,2571),(83,171)]	29.085319
347	[(4,818),(7,106),(9,1142),(45,634),(92,1527)]	30.633179
348	[(2,2626),(4,1271),(47,1471),(54,1188),(59,367),(77,903)]	49.973192
349	[(42,1569),(50,581),(63,969),(83,2798),(87,2350)]	29.830682
350	[(20,772),(60,1940),(72,2015)]	27.944410
351	[(43,1164)]	28.141580
352	[(33,712),(42,1662),(63,1450),(70,2304),(78,643)]	28.190854
353	[(8,2025),(82,2026),(88,2532)]	27.344419
354	[(7,2460),(16,173),(22,818),(53,1023),(61,2027),(62,1326),(74,1801),(88,1176)]	27.631873
355	[(25,992),(47,17),(59,1365),(65,1451)]	27.216914
356	[(50,316),(59,326),(63,2763)]	27.366816
357	[(13,1037),(70,2319),(71,2455),(72,648)]	27.397908
358	[(8,2578),(42,1605),(45,36),(75,1535)]	27.492178
359	[(6,647),(10,1576),(16,2792),(24,1170),(25,2119),(70,2572),(71,2496)]	27.562891
360	[(3,1226),(33,1607),(37,799),(49,1585),(65,2357),(91,710)]	28.634821
361	[(31,2173),(33,1589)]	30.773339
362	[(13,858),(27,1293),(45,1024),(67,1348),(73,181)]	29.388174
363	[(53,2139),(75,2129),(78,878),(90,2561),(92,2757)]	28.004375
364	[(32,2332),(33,1956),(53,250)]	29.089498
365	[(16,2563)]	27.462332
366	[(4,2250),(19,2408),(21,336),(43,279)]	30.575768
367	[(59,2171),(81,837),(90,1748)]	28.648094
368	[(49,836),(81,1674),(82,1213)]	28.661973
369	[(6,2264),(16,1757),(26,1992),(30,2772),(59,2534)]	26.964415
370	[(4,1169),(11,594),(48,474),(62,1535),(67,2765)]	27.630469
371	[(4,2776),(39,1829),(51,1571),(82,2600)]	30.664590
372	[(9,80),(33,2605),(89,1160)]	27.858074
373	[(22,140),(45,2306),(51,954),(74,2044)]	30.227494
374	[(1,1244),(9,337),(49,966),(58,1424)]	28.809371
375	[(50,670),(53,444),(58,327)]	28.407818
376	[(40,1162),(74,2369)]	29.375528
377	[(4,1756),(37,1111),(49,1005)]	30.304472
378	[(9,1485),(37,802),(91,2621)]	26.768725
379	[(3,1143),(13,1698),(36,1101),(37,722),(39,362),(42,1182),(59,1421),(61,2755),(71,559),(81,1107)]	34.913746
380	[(55,40),(68,358)]	28.467596
381	[(7,104),(9,70),(16,1316),(60,1782),(61,1984),(67,461),(70,2336),(76,1445),(89,314)]	27.965866
382	[(12,310),(27,366),(80,1459)]	29.528111
383	[(41,1065),(86,2231)]	27.969576
384	[(52,1929),(87,2575)]	28.075204
385	[(7,227),(19,200),(54,1028)]	35.495121
386	[(9,2033),(14,2021),(24,2292),(27,1033),(37,1840)]	34.724269
387	[(85,1745)]	30.872606
388	[(8,1199),(12,2777),(18,27),(19,36),(56,274),(59,1226)]	28.957835
389	[(3,1418),(30,40),(45,1938),(86,2518)]	28.828102
390	[(5,1783),(27,730),(37,2059),(61,1403),(69,1500),(72,666)]	28.621808
391	[(7,151),(11,1616),(29,1819),(40,2181),(41,675),(89,1721)]	28.491988
392	[(18,1536),(41,820),(69,2400),(76,337),(88,511),(92,1093)]	29.331085
393	[(0,2664),(4,1904),(10,2806),(23,2314),(25,83),(28,609),(42,97),(81,1729)]	28.581036
394	[(0,132),(2,2744),(73,743)]	28.756109
395	[(1,1047),(56,1622)]	34.947886
396	[(4,1836),(9,1164),(92,489)]	32.472814
397	[(4,1099),(27,135),(34,2589),(44,898),(63,917),(78,895)]	28.705794
398	[(62,524)]	28.407984
399	[(41,2803)]	29.002657
400	[(3,1144),(27,1500),(40,1659)]	29.951076
401	[(10,2091),(27,2159),(37,2393),(66,2540)]	28.677072
402	[(35,2727),(41,1975),(56,644),(68,2155),(83,1773),(84,215)]	27.337091
403	[(14,2687),(28,1246),(48,2313),(55,667),(61,1393)]	28.143563
404	[(0,614),(10,1631),(29,2313)]	28.675732
405	[(36,1340)]	30.150435
406	[(37,2599),(45,2400)]	28.971530
407	[]	35.503608
408	[(49,2062),(77,2420)]	27.442437
409	[(5,668),(34,2588),(51,2499),(62,20),(78,2677)]	27.643523
410	[(39,1590),(91,297)]	28.057083
411	[(36,163)]	27.877575
412	[(33,1701),(37,410),(45,2543),(75,2181),(78,844)]	37.665890
413	[(43,1457),(58,2440)]	27.126785
414	[(31,889),(51,1778),(66,1224),(84,1834),(92,1282)]	28.716779
415	[(1,159),(35,1414),(80,1446)]	27.242040
416	[(4,476),(17,732),(28,2768)]	28.558252
417	[(9,1626),(34,2107),(86,2726)]	28.057500
418	[(7,1996),(21,570),(52,433)]	30.648761
419	[(5,33),(20,721),(76,660),(85,1652)]	28.391715
420	[(42,1652),(61,735),(80,2361)]	28.337431
421	[(28,520),(41,759),(46,403),(58,2464),(59,2446),(71,2631),(80,2046),(89,1295)]	28.594607
422	[(30,1987),(34,2172),(49,2494),(61,1603)]	32.724400
423	[(20,530),(21,907),(54,394),(75,1119),(76,1640),(87,1184)]	37.566322
424	[(67,754)]	27.816675
425	[(9,715),(53,1841)]	29.666844
426	[(13,2436),(19,780),(26,601),(40,300),(41,2295),(43,305),(52,646),(68,1009),(75,1233)]	28.322318
427	[(12,2454),(22,2332),(60,1970)]	28.189999
428	[(21,1349),(73,1377),(78,2130)]	29.411602
429	[(4,861),(16,2059),(34,2690),(51,1440),(70,2710)]	29.980037
430	[(4,2324),(6,1639),(7,2433),(50,2445)]	27.908204
431	[(25,2302),(45,2374),(89,617)]	27.610570
432	[(12,2115),(23,881),(63,2265)]	27.830104
433	[(21,1422),(81,527),(90,835)]	27.447563
434	[(16,206),(75,2371)]	30.691057
435	[(4,112),(23,500),(42,604),(75,1728)]	30.072116
436	[(20,717),(21,1893),(35,1749),(53,1868),(90,1946)]	29.919075
437	[(11,552),(82,2529),(86,712)]	29.096632
438	[(12,2334),(46,1635),(60,1717),(83,2531),(92,2371)]	29.709793
439	[(18,1559),(24,1107),(25,1602)]	28.365805
440	[(21,1827),(83,1905)]	30.339727
441	[(18,1080),(84,446)]	32.659528
442	[(2,133),(5,596)]	31.612905
443	[(0,596),(15,2636),(20,1702),(33,1737),(60,1235),(92,516)]	29.213878
444	[(3,95),(19,33),(24,1248),(25,950),(39,774),(47,261),(54,1693)]	28.924427
445	[(22,2539),(37,2356)]	28.600702
446	[(20,592),(27,589),(29,2331),(82,2769)]	28.596023
447	[(5,1208),(71,1071)]	28.602254
448	[(13,260),(26,2411),(44,2375),(55,386)]	29.216092
449	[(30,2441),(44,2396),(72,2449),(75,941),(77,896),(81,1222)]	28.606462
450	[(60,1054),(83,2650)]	29.248432
451	[(12,2075),(17,2363),(29,1922),(32,2674),(51,927),(64,1949),(77,918),(86,1562)]	28.670130
452	[(53,931),(71,2600)]	29.377094
453	[(25,1480),(40,1377),(65,934)]	28.723255
454	[(51,337)]	29.253719
455	[(8,169),(70,252),(87,2555)]	26.724268
456	[(3,2517),(50,337),(71,1119),(72,724)]	14.899785
457	[(9,504),(42,1644),(62,1603),(91,1347)]	15.154941
458	[(24,2788),(26,2567),(42,906),(44,1170),(45,2119),(48,1129),(51,907),(56,1794)]	14.601457
459	[(22,80),(58,290)]	14.170310
460	[(3,1083),(24,1557),(43,1325),(87,127)]	21.527321
461	[(19,744),(52,1901),(69,1146)]	26.186829
462	[]	14.884523
463	[(3,2662),(67,35),(82,698)]	14.184054
464	[(27,1288),(36,2785),(41,1662),(71,1543),(89,1750)]	14.160883
465	[(0,1292),(16,2098),(38,472),(50,1639),(73,341),(81,1368),(83,1437)]	14.326415
466	[(4,2471)]	14.210091
467	[(6,832),(18,1239),(41,2731),(47,582),(67,1351)]	14.534452
468	[(39,2094),(76,871),(83,1897),(85,829)]	16.610367
469	[(23,2620),(34,1996),(37,2662),(46,2660),(61,654),(65,1943),(81,590),(91,2464)]	19.314728
470	[(90,397),(92,2267)]	18.583140
471	[(26,2282),(88,254)]	18.075592
472	[(8,2585),(48,825),(58,284),(61,1809),(70,625),(76,27),(77,36),(91,2255)]	22.784665
473	[(5,1625),(19,2481),(26,1412),(38,2274),(42,1153),(58,147),(60,2463),(87,190)]	20.450869
474	[(8,1776),(15,2360),(51,1568),(56,1401),(68,2750)]	16.530365
475	[(21,2381),(26,1671),(47,1298),(83,855),(86,1354),(88,1040)]	15.173671
476	[(21,2200),(63,506),(88,827)]	14.134688
477	[(1,308),(2,750),(27,994),(82,1036),(88,837)]	15.136099
478	[(29,81),(64,1148),(75,1182)]	14.520311
479	[(9,545),(16,721),(20,553),(28,58),(58,1824),(60,844),(71,2050)]	14.450421
480	[]	14.026709
481	[(8,242),(35,910),(70,2770),(74,2525),(82,1721)]	15.630017
482	[(17,529),(26,2326),(42,154)]	15.880193
483	[(17,1327),(19,1845),(58,1533)]	21.852441
484	[(17,131),(64,1711)]	14.191869
485	[(1,1252),(8,56),(25,428),(40,1650),(42,1021),(52,553)]	14.164042
486	[(20,2498),(22,1179),(31,286),(73,1491),(77,2384),(84,113),(87,1887)]	14.553394
487	[(29,607)]	17.192939
488	[(7,721),(50,971),(69,2075)]	15.282906
489	[(28,23),(47,2645),(75,959),(78,602)]	14.710225
490	[(0,360),(15,508),(24,1940),(92,1487)]	15.041810
491	[(45,2616),(48,250),(77,2244),(78,522),(81,1534),(85,525),(89,94)]	14.663527
492	[(16,1260),(58,896),(65,1092),(66,1004)]	14.666061
493	[(9,2332),(16,21),(29,136),(65,2333),(89,1596),(91,291)]	25.901567
494	[(1,636),(27,395),(54,2370)]	30.639330
495	[(13,604),(50,1968),(55,791),(73,2033),(91,1064)]	16.894350
496	[(69,2448),(89,2673)]	14.033917
497	[(69,1589),(72,2153)]	14.260922
498	[(66,432),(73,2570)]	14.315729
499	[(22,1734),(85,240)]	14.250466
500	[(39,1931),(76,1512),(80,1205)]	14.750630
501	[(27,992),(41,2024),(59,1345),(76,2206),(90,2406),(92,1005)]	14.653035
502	[(41,1339),(42,1944),(47,1415),(53,569),(76,2402)]	14.794580
503	[(50,443),(66,1513),(81,511)]	14.479999
504	[(20,1033),(27,2381),(53,2289)]	15.494514
505	[(0,612),(72,1835),(82,1863)]	15.450063
506	[(18,2209),(37,702),(38,1881),(56,1363),(59,1102),(66,2424)]	20.476201
507	[(79,2572)]	20.045520
508	[(0,1567),(2,1499),(32,908),(47,929)]	14.409718
509	[(6,614),(7,2141),(23,2796),(24,2799),(37,1170),(77,2412),(83,2467)]	14.080290
510	[(32,1157),(46,932),(89,2241)]	14.141978
511	[(1,1718),(29,457)]	17.204222
512	[(5,545),(10,2024),(50,915),(52,2145),(67,1885),(68,903)]	14.658779
513	[(33,1694),(46,254),(48,2584),(70,2118),(87,486)]	15.271642
514	[(3,1649)]	15.872592
515	[(8,2428),(25,696),(46,1906),(50,2148),(88,1410)]	16.362948
516	[(29,1783),(71,1002),(77,1399),(90,2566)]	15.099402
517	[(27,995),(42,1918),(61,886)]	17.117490
518	[(27,794)]	31.012264
519	[(9,2595),(35,1317)]	31.197391
520	[(15,446),(71,1096)]	31.146777
521	[(3,1991),(31,923),(32,1778),(35,138),(62,313),(67,2348),(69,334),(85,1814)]	39.494538
522	[(29,2449),(39,2300),(47,2781),(57,780),(58,826),(59,1650),(63,2575),(88,1883)]	21.832600
523	[(32,2074),(40,2533),(61,1527),(68,1164),(70,1207)]	14.978682
524	[(5,646),(10,306),(12,2412),(22,1531),(65,1860)]	15.699653
525	[(12,494),(22,2789),(67,487)]	15.999156
526	[(29,1581),(63,890)]	20.523896
527	[(11,1677),(40,1444),(67,915),(91,1475)]	16.553499
528	[(4,978),(13,2428),(65,1471),(90,383),(91,2476)]	14.583445
529	[(6,1390),(9,688),(91,1681),(92,280)]	14.410166
530	[(23,569),(28,438),(59,2225)]	14.894046
531	[(3,2595),(32,402),(41,2687),(42,1690),(73,1373)]	15.544806
532	[(27,1278),(37,1504),(44,807),(78,942),(92,631)]	15.050138
533	[(1,102),(16,1019),(43,1872),(56,758),(70,744),(71,2545)]	14.531517
534	[(47,720),(68,1650),(89,369)]	14.843137
535	[(38,1663),(84,1087),(90,296)]	14.966442
536	[(4,2197),(9,378),(42,2234)]	14.566926
537	[(4,258),(33,2169),(43,1192),(51,144)]	14.384448
538	[(2,2329),(3,1848),(6,206),(7,1286),(31,2118),(61,1753)]	18.305673
539	[(35,1258)]	14.398829
540	[(3,396),(48,1226),(66,1940)]	14.296470
541	[(34,2403),(53,2674),(77,467)]	14.658228
542	[(2,464),(6,2623),(34,461),(43,1601),(72,1669)]	14.169483
543	[(8,1579),(13,1271),(29,2067),(65,2528),(69,1687),(76,205),(77,1949),(86,625)]	14.272514
544	[(60,1487),(74,1662),(77,1279),(89,52)]	14.735572
545	[(4,2708),(15,2515),(35,1590),(43,1491),(57,915),(71,2739)]	16.350453
546	[(35,1181),(43,390),(78,1383),(87,315)]	17.429548
547	[(0,1446),(16,2688),(44,1895),(48,208),(67,581),(71,2017)]	14.628769
548	[]	14.595192
549	[(0,480),(32,1487),(56,1601),(63,2631)]	14.410587
550	[(3,1171),(13,415),(14,1508),(48,1735),(80,1858)]	14.578603
551	[(85,120)]	14.229474
552	[(10,2791),(16,1048),(29,2309),(70,1793)]	14.174809
553	[(10,1544),(15,1863),(79,1716)]	14.445893
554	[(30,1809)]	14.211488
555	[(4,298),(7,1571),(21,2428),(55,1828)]	14.150937
556	[(13,788),(69,1632)]	14.307233
557	[(38,1352),(59,264),(76,1759)]	14.242977
558	[(5,931),(6,1313),(32,678),(43,1106),(92,1612)]	14.014219
559	[(48,527),(54,1363),(88,2401)]	14.209544
560	[(41,616),(60,2734),(79,90),(84,751)]	14.730935
561	[(6,391),(48,1129),(60,1492),(75,223)]	15.303707
562	[(1,790)]	14.350336
563	[(9,1843),(17,2166),(21,2669),(52,1410)]	14.576421
564	[(17,1538),(38,1123),(41,908),(78,313)]	14.044804
565	[(24,222),(72,743)]	15.298154
566	[(1,1874),(11,233),(22,2039),(26,860),(32,1272),(57,2263),(81,780),(82,826)]	14.674449
567	[(23,136),(32,2258),(61,1969)]	14.844469
568	[(16,901),(38,1993),(54,345),(58,1391)]	14.299208
569	[(13,452),(29,997),(31,2603),(33,1661),(55,2395),(56,2220),(90,14)]	14.379779
570	[(15,1211),(31,216),(32,2174),(51,1531),(75,2398),(92,288)]	14.715910
571	[(13,2683),(21,551),(60,1589),(79,2206)]	14.075740
572	[(21,1351),(49,110),(70,467)]	14.794384
573	[(6,1028),(20,69),(31,1235),(79,1098)]	14.027276
574	[(52,2229),(55,2052)]	14.133105
575	[(5,820),(42,788),(62,21),(78,838)]	14.035829
576	[(4,2157),(22,689),(43,197),(45,2391),(50,257),(88,2367)]	14.152713
577	[(15,1300),(17,2044),(47,597),(71,627),(84,444),(87,2562)]	14.280203
578	[(26,2481),(28,1911),(64,1474),(66,2629)]	14.717313
579	[(61,1593)]	14.077560
580	[(25,1677)]	14.342664
581	[(16,1140),(53,1832),(67,355),(69,1425),(75,1345),(78,1913)]	14.563382
582	[(23,1696),(32,793),(41,2643)]	14.733089
583	[(21,404),(39,1158),(83,155)]	14.114022
584	[(24,1851),(83,1472)]	14.123642
585	[(6,1194),(24,102),(37,2472),(50,1425),(59,535),(61,278),(62,2394)]	14.169949
586	[(21,1900),(52,1592),(78,1210)]	14.263115
587	[(59,46)]	14.090755
588	[(2,2263),(5,996),(6,2074),(39,2064),(52,366),(54,521),(60,1972),(64,482),(69,1645),(86,2081)]	15.208651
589	[(66,337),(76,498),(89,2543)]	14.121075
590	[(18,2390),(46,528),(83,2775)]	27.339104
591	[(41,2436),(55,640),(62,2508),(64,2522)]	21.861819
592	[(4,2243),(35,947),(43,283),(48,958),(64,568)]	18.461662
593	[(50,2568),(51,1848),(55,1255),(70,2377)]	18.495714
594	[(0,371),(16,628),(29,2088),(78,572),(81,1912)]	14.879722
595	[(0,1216),(75,2119),(78,2040)]	15.040333
596	[(3,1674),(20,2397),(35,165),(57,1358),(84,845)]	14.953384
597	[(56,639),(83,163),(90,2168)]	14.234811
598	[(13,282),(55,1942),(60,2563),(83,725)]	14.384975
599	[(4,865)]	15.346031
600	[(58,1757),(80,2532)]	15.023937
601	[(34,1348),(38,349)]	15.394691
602	[(1,2698),(11,1928),(40,1299),(53,492),(56,2577),(61,1772),(63,1262),(80,2622)]	15.352672
603	[(1,1395),(14,619),(31,2237)]	14.108206
604	[(6,2201),(10,169),(55,2049),(56,1362),(69,210),(71,128),(83,959)]	14.170917
605	[(16,1061),(18,1372),(34,2229),(36,2301),(49,2362),(51,1493),(67,2625),(73,2056),(82,207)]	14.782444
606	[(5,546),(22,471),(62,1377),(73,746)]	14.250560
607	[(53,2232),(57,569)]	15.180999
608	[(13,1337),(31,339),(42,1123),(58,2003),(61,1305)]	15.027577
609	[(30,941),(86,1101)]	14.875181
610	[(28,1789),(66,2430)]	14.340399
611	[(42,570),(52,1254),(60,2335),(90,569)]	14.549700
612	[(52,147),(86,2415)]	14.088009
613	[(38,346),(56,2572),(57,2496),(74,484)]	17.852829
614	[(9,1672),(61,580),(84,2112)]	15.514814
615	[(34,310),(36,1231),(45,1782),(46,517),(76,2656)]	14.520619
616	[(2,797),(18,940),(36,1065),(64,151),(71,2132),(81,1035)]	19.029075
617	[(10,1252),(13,2786),(41,2333),(89,1234),(92,1412)]	14.105185
618	[(8,2132),(40,84),(55,183)]	14.197137
619	[(22,2146),(29,758),(52,1261),(80,707),(90,2290),(91,1136)]	14.111739
620	[(13,457),(18,1938),(26,1345),(40,2487),(46,592),(48,1944),(67,65),(76,2466)]	14.080681
621	[(2,696),(75,1418),(76,1780)]	14.358658
622	[(6,1820),(66,2019),(67,1830),(71,2010)]	14.642398
623	[(1,101),(11,2631),(23,307),(33,1125),(67,78),(81,1674),(89,2615)]	14.280937
624	[(26,13),(38,1745),(55,2242),(60,1025)]	14.189830
625	[(28,1791),(63,614),(64,2460)]	15.037516
626	[(20,1857),(45,2736),(55,645),(81,1208)]	14.825268
627	[(31,708),(46,2192),(53,2009),(60,2219),(90,1889)]	14.425649
628	[(7,271),(38,2150),(42,2354),(48,2042),(69,1902),(78,899),(92,2119)]	15.148748
629	[(37,1020),(38,1772),(44,982),(46,435)]	14.295454
630	[(0,469),(46,1688),(60,1715),(86,915)]	14.435714
631	[(2,2337),(13,1644),(25,1696),(37,480),(39,487)]	14.679842
632	[(16,2016),(46,2119)]	14.187677
633	[(13,2594),(45,962),(63,2496),(84,375),(92,2016)]	14.394326
634	[(15,494),(49,575),(63,1630),(74,2315),(86,2595),(90,926)]	14.437026
635	[(13,1332),(27,821),(47,713),(68,2791),(70,891),(88,2337)]	14.169274
636	[(22,2499),(23,628),(41,746),(44,2554),(89,687)]	14.163992
637	[(17,481),(19,2667),(23,1588),(57,2188)]	14.121683
638	[(36,278),(62,335),(76,2738)]	18.710689
639	[(6,215),(9,1322),(21,1596),(22,470),(42,1954),(44,1719),(57,1141),(79,1812)]	15.352386
640	[(3,1013),(24,1608),(31,2254),(53,301),(60,2629),(77,2165)]	14.247524
641	[(1,2334),(13,1216),(32,2189),(33,1078),(35,1945),(76,910)]	14.048100
642	[(20,1685),(37,1817),(45,1207),(60,2050)]	14.515993
643	[(39,543),(72,1419),(84,2166)]	14.426926
644	[(36,2732),(50,2055),(68,2065),(78,1872),(92,1425)]	14.495966
645	[(10,2688),(19,751),(38,930),(64,2303),(71,1261)]	14.310750
646	[(40,1198),(41,1200)]	14.359366
647	[(14,260),(81,1910)]	14.315755
648	[(6,2491),(54,1303)]	14.970663
649	[(4,183),(20,753),(34,305),(63,1941)]	14.315357
650	[(0,1715),(18,900),(73,104),(86,2635),(90,1852)]	14.328351
651	[(1,2258),(7,2544),(19,197),(20,42),(47,178),(53,2268),(88,2020),(91,1870)]	14.465390
652	[(18,2256),(35,2299),(44,2158),(48,1421),(81,1754)]	14.521805
653	[(0,216),(23,1847),(33,524),(43,825),(92,911)]	13.935638
654	[(36,1423),(60,2523),(66,146)]	14.265349
655	[(56,1731)]	13.981859
656	[(4,391),(18,2227),(46,2523),(47,907),(68,2075),(84,2610),(92,1181)]	14.352732
657	[(30,1962),(51,270),(68,1047)]	14.194880
658	[(53,491),(57,259),(70,1428)]	18.876415
659	[(23,1553),(27,2183),(31,96),(63,2556),(64,273),(83,1875)]	32.679110
660	[(6,1025),(23,2016),(41,1387),(79,1432)]	16.434289
661	[(8,1686),(44,2751),(62,2637),(70,559),(83,75)]	14.124847
662	[(4,711),(33,1309),(46,2377),(81,295),(91,578)]	14.193576
663	[(22,1259),(57,1953),(58,1039),(69,2626),(85,2062)]	15.106593
664	[(4,235),(10,2446),(34,2202),(42,1030),(58,1295)]	14.223207
665	[(34,2568),(49,1377),(56,1574),(58,2440)]	14.276319
666	[(38,2004),(42,1583),(54,1414),(56,2718),(60,2205),(62,376),(86,2689)]	14.178185
667	[(22,2542),(28,2628),(59,525)]	14.778480
668	[(13,1096),(36,2414),(55,2278),(91,199)]	14.604435
669	[(6,2617),(23,530),(50,1455)]	14.627199
670	[(21,2389),(29,1848)]	14.221847
671	[(21,2374),(92,1074)]	14.070342
672	[(29,1341),(48,533),(82,1207),(90,614),(91,2141)]	15.711581
673	[(12,1763),(30,1710),(58,2462),(73,2389)]	14.792317
674	[(9,2484),(37,1118),(50,2192),(86,1667)]	14.388964
675	[(0,2309),(7,1549),(31,2660),(39,2268),(41,1343),(62,603),(81,913)]	14.663300
676	[(31,1260),(34,2488),(37,639),(41,1665),(92,1693)]	16.461387
677	[(12,1161),(30,830),(38,1516),(45,490),(77,1259),(92,1563)]	14.674187
678	[(32,1726),(73,249),(84,1320)]	14.249192
679	[(3,2349),(19,1470),(57,1662),(89,938),(90,116)]	17.892164
680	[(1,2697),(28,256),(65,432),(79,1374)]	14.951486
681	[(17,1534),(22,2563),(23,1507),(37,2140),(83,148)]	14.408471
682	[(15,1207),(85,1624)]	14.341721
683	[(63,2559)]	14.953398
684	[(4,2314),(71,1745),(84,765)]	14.570967
685	[(44,1298),(69,937)]	14.741402
686	[(1,146),(30,2722),(65,2528),(71,2092),(82,2089)]	14.164815
687	[(4,1780),(30,267),(89,297)]	14.300299
688	[(16,1426),(53,694),(54,2680),(78,1045),(87,1293)]	14.044467
689	[(3,207),(62,490),(79,2440),(91,1083)]	14.721772
690	[(41,1121),(54,1520),(64,580)]	14.380980
691	[(0,1805),(10,2650),(27,2273),(57,1910),(62,1284)]	14.360347
692	[(67,1358)]	15.133232
693	[(1,830),(16,1457),(31,1659),(67,1565),(69,1429)]	15.737412
694	[(4,2714),(15,2156),(40,840),(65,2414)]	14.225553
695	[(26,2271),(37,2338)]	14.037735
696	[(2,288),(25,2061)]	14.205975
697	[(24,1142),(32,24),(61,319),(91,253)]	14.089907
698	[(29,2611),(33,941),(57,1169),(59,99),(79,417),(85,1022)]	14.576191
699	[(9,451),(43,828),(69,899),(83,361),(86,1643)]	14.001655
700	[(7,1199),(17,802),(22,977),(25,2132),(27,82),(37,924),(65,925),(74,1082),(76,2567)]	15.521226
701	[(12,1341),(26,2704),(89,1697)]	15.627633
702	[(5,1554),(32,1549),(71,508),(79,1108)]	14.800799
703	[(70,2730),(78,248),(87,1176),(88,2673),(90,2081)]	14.223461
704	[(24,807),(25,498),(36,1605),(59,1740)]	14.281675
705	[(32,2266),(34,300),(71,715),(77,1863),(80,2686),(81,1614)]	14.246676
706	[]	14.297417
707	[(3,2590),(50,417),(61,2739)]	14.174263
708	[(29,1649),(77,2240)]	15.725758
709	[(39,744),(45,496),(83,2240),(92,1314)]	14.684209
710	[(17,2067),(20,732),(38,1863),(53,1741),(67,361)]	14.287851
711	[(18,2342),(43,682),(60,2595),(66,2102),(92,612)]	14.540574
712	[(3,2177),(17,2154),(37,2742),(70,946)]	14.479759
713	[(5,2486),(17,899),(26,2059),(35,2142),(70,1479),(71,2026),(75,2390),(92,1389)]	14.424892
714	[(8,2648),(51,2035),(59,2367),(83,288)]	16.793035
715	[(5,1768),(25,1408),(37,1670),(39,2136),(55,2770),(82,1021)]	14.471976
716	[(0,812),(17,1759),(28,78),(32,32),(37,1554),(84,2392)]	17.134201
717	[(13,151),(18,1813),(75,1326)]	14.635475
718	[(16,218),(43,2035),(81,1587)]	14.998600
719	[(6,613),(49,1109),(69,607)]	15.631827
720	[(29,799),(41,1013),(92,376)]	15.075294
721	[(17,1656),(65,1942),(89,2577)]	14.470629
722	[(16,2567),(37,893),(85,2786)]	14.147788
723	[(2,1557),(9,71),(15,2096),(69,318),(92,1933)]	14.853447
724	[(2,689),(3,914),(4,1609)]	14.719316
725	[(13,2391),(59,2601),(80,2378),(90,1572)]	17.615889
726	[(49,1817),(77,1371)]	19.871734
727	[(2,2422),(11,2753),(12,379),(26,151),(50,757),(68,2177),(74,2266)]	30.318325
728	[(77,1767)]	18.296211
729	[(21,2657),(31,2444)]	14.215294
730	[]	14.874241
731	[(2,1138),(16,1603),(18,2371),(32,1864),(42,2118),(70,2560)]	14.474807
732	[(25,2429),(40,2163),(43,1059),(48,180)]	14.876659
733	[(49,2587),(50,399),(74,588),(85,1437),(89,1694)]	14.934280
734	[(4,2551),(5,2740),(35,1223)]	14.519308
735	[(48,1533),(65,1785),(73,220),(81,2797)]	13.968136
736	[(11,2746),(37,543),(50,343)]	14.017436
737	[(22,510),(27,237),(36,2042),(47,1535),(69,1821),(71,2530)]	15.252879
738	[(6,2448),(12,1940),(19,2352),(47,2601)]	14.136859
739	[]	14.520250
740	[(7,1084),(14,1489),(92,5)]	14.224771
741	[(39,2378),(40,109),(45,602),(91,585)]	14.204551
742	[(11,1280),(20,1215),(29,1926),(66,14),(87,2416)]	14.288091
743	[(41,2779),(61,1802)]	14.370093
744	[(8,1740),(34,227),(43,2592),(55,1482)]	14.239056
745	[(42,2107)]	14.144657
746	[(3,158),(29,987),(63,2057),(65,110),(69,393)]	16.961149
747	[(12,2678),(18,18),(22,2580),(38,2483),(85,805)]	14.724929
748	[(41,1505),(44,1118),(60,1523),(77,367),(83,139),(85,1352),(88,175)]	14.135449
749	[(35,1677),(39,52),(91,945)]	14.425476
750	[(42,185),(47,1273),(82,2412),(83,2677)]	14.268724
751	[(0,2378),(26,1219),(37,1848)]	14.238814
752	[(76,378)]	15.171632
753	[(54,862)]	14.070016
754	[(51,121),(57,167),(75,1365)]	14.351466
755	[(15,580),(20,2262),(21,1986),(32,2645),(43,2027)]	14.178707
756	[(41,2155),(53,2644),(62,2363),(63,1055),(90,194)]	14.506404
757	[(2,1959),(45,1726),(72,802)]	14.983269
758	[(29,287),(52,1035),(66,1621)]	14.310650
759	[(24,2503),(25,791),(83,310)]	14.204491
760	[(27,1915),(36,1168)]	14.257158
761	[(26,2794),(30,1789),(45,1430),(86,364),(92,571)]	14.229908
762	[(23,902),(54,1859),(60,529)]	14.080343
763	[(8,2175),(42,796),(73,2618)]	14.199144
764	[(41,1138),(54,1208),(92,101)]	14.431491
765	[(13,7),(44,2770)]	15.650404
766	[(23,535),(36,2340),(74,1711)]	15.060250
767	[(8,1524),(45,1600),(61,1101)]	15.923370
768	[(11,734),(20,988),(34,534),(43,2383),(59,389),(84,804),(86,1966),(90,356)]	15.703669
769	[(76,2590)]	15.695697
770	[(22,822),(36,753),(48,505),(60,297),(63,139),(65,1352)]	15.415583
771	[(35,337),(58,2368)]	15.524776
772	[(6,20),(20,1844),(25,654),(44,2569),(57,1982),(58,1166),(60,1115)]	15.203799
773	[(66,1783),(76,1959)]	15.657377
774	[(19,2227),(28,1587),(32,693)]	14.886465
775	[(9,1906),(14,1716),(19,415),(52,2013),(59,37),(61,1387),(68,1600),(76,580),(91,2774)]	15.088801
776	[(6,255),(32,2681),(58,2244),(70,2617)]	15.313257
777	[(41,1381)]	15.293191
778	[(57,311),(74,662),(78,1205),(80,2379)]	15.973404
779	[(34,1510),(51,1674),(52,1213)]	15.385117
780	[(81,1258),(87,228),(88,132)]	14.312170
781	[(22,864),(39,2445),(55,2740),(63,2153),(79,2197)]	14.714093
782	[(12,1461),(19,1544),(29,1940),(56,670),(65,1712),(66,279),(91,58)]	15.854078
783	[(33,1147),(57,1349),(63,1042)]	14.299851
784	[(1,2079),(40,1625),(41,934)]	15.323538
785	[(9,72),(30,2790),(39,2440),(51,781),(60,2343),(70,585)]	14.994005
786	[(31,2097),(34,2635),(42,2689),(64,1094),(89,1689),(90,2260),(92,1585)]	14.100839
787	[(10,1566),(44,970),(45,2715),(50,862)]	15.742450
788	[(10,2575),(16,1977),(17,537),(38,261),(53,2320)]	15.704970
789	[(14,1051),(19,1573),(20,1632),(26,506)]	15.052618
790	[(4,1751),(7,2579),(35,687),(39,2569),(64,2285),(79,251)]	14.626957
791	[(37,2704),(70,663),(79,1496)]	18.889009
792	[(0,1358),(25,766),(64,1818),(86,1679)]	20.411275
793	[(4,2662),(13,2273),(18,430),(64,1545),(71,298)]	14.969730
794	[(10,865),(76,2118),(78,2603),(90,1122)]	15.081207
795	[(11,1729),(31,2355),(90,249)]	28.719532
796	[(9,1681),(10,280),(88,391)]	19.581515
797	[(32,2254),(69,1004)]	14.277963
798	[(9,1753),(26,1111),(44,1861),(92,1490)]	14.244866
799	[(82,2684),(85,2643),(92,594)]	14.260162
800	[(18,1387),(28,2379),(36,1264),(77,2390)]	15.034615
801	[(3,107),(74,1960),(88,2683)]	14.074213
802	[(6,1895),(25,2607),(32,506),(49,2054),(53,1526),(60,2338),(67,39),(76,2526),(87,1441)]	14.080549
803	[(7,1692),(10,489),(19,1198),(54,135),(66,1305)]	14.281363
804	[(10,904),(17,1647),(29,1130),(42,2685),(48,3),(49,1369),(83,201)]	15.381528
805	[(27,432),(33,1426),(39,2288),(49,515),(77,301)]	14.239804
806	[(45,825),(62,1857),(79,751)]	14.933530
807	[(78,1554)]	14.198127
808	[(42,1356),(66,132),(67,627)]	14.564234
809	[(16,896)]	15.274254
810	[(26,866),(59,67)]	14.911013
811	[(47,1065),(68,1644)]	15.013248
812	[(1,2450),(2,1152),(3,1043),(21,2549),(48,70),(64,2498)]	16.625784
813	[(26,1625),(29,1736)]	15.390460
814	[(38,2575),(43,491),(48,387),(70,1473),(89,1966)]	15.929037
815	[(3,401),(30,953),(50,2513),(56,2697),(60,604),(65,1986),(80,1703),(89,1872)]	18.783788
816	[(12,2673),(53,2468),(61,2133)]	14.088011
817	[(27,2201),(63,1628)]	14.409138
818	[(1,970),(10,2723),(13,1743),(33,2481),(40,1000),(56,1366),(67,1927),(84,1938)]	14.189282
819	[(17,1571),(35,375),(52,1440),(72,1841),(73,468),(86,1242)]	14.699395
820	[(18,1770),(45,2423),(47,1094),(51,891),(88,2661)]	14.365569
821	[(42,221),(80,569)]	14.915685
822	[(41,1570),(47,395),(50,1716)]	14.370234
823	[(0,289),(9,1497),(14,1900),(20,1819),(43,2224),(73,144),(88,2684),(91,2643)]	14.311317
824	[(10,1140),(54,804),(77,1345),(87,325)]	15.767031
825	[(0,1623),(3,386),(25,2333),(36,404),(38,1296),(63,724),(80,2013)]	14.201208
826	[(39,1202),(49,1674),(73,534)]	14.499315
827	[(16,1619),(71,2027),(72,1326),(80,733)]	13.941362
828	[(8,432),(12,1525),(29,150)]	14.393502
829	[(23,1337),(46,2448),(72,169),(79,1052),(82,1641),(88,2701)]	14.808736
830	[(4,2112),(50,1213),(51,1587),(61,1412),(81,991)]	15.131469
831	[(15,2712),(25,872),(57,1853)]	14.653738
832	[(5,2448),(14,930),(18,1635),(21,756),(72,2187)]	14.375405
833	[(27,755),(44,1674),(48,434),(54,1167),(69,1881),(74,1431)]	14.169890
834	[(18,2231),(39,1415),(61,2313)]	14.314034
835	[(66,2038),(85,2238)]	14.034480
836	[(5,122),(51,453),(73,1184),(77,83)]	16.183907
837	[(3,960),(10,47),(18,233),(42,2253),(50,2683),(57,389),(88,1582)]	14.656885
838	[(0,684),(1,1203),(17,1792),(31,321),(33,858),(66,2057)]	14.205058
839	[(18,1859),(36,944)]	13.996999
840	[(40,912),(47,467),(54,347),(62,2385),(65,928)]	14.351849
841	[(22,816),(27,1155),(33,1048),(46,2001),(47,676),(48,1675),(85,2436)]	14.431241
842	[(4,1626),(51,1325)]	14.843256
843	[(19,1732),(22,1085),(90,2623)]	14.428240
844	[(4,1747),(31,1029)]	14.931805
845	[(17,377),(58,250),(64,314),(87,1672)]	15.026575
846	[(1,1744),(5,2181),(16,191),(22,1024),(26,783),(29,1604),(74,749),(84,770),(91,2670)]	14.344477
847	[(11,1210),(12,1155),(26,2196),(43,135),(57,2531),(69,733),(77,2522),(85,416),(92,2560)]	14.066472
848	[(1,234),(34,2016),(68,2384),(92,301)]	14.491868
849	[(2,546),(12,147),(14,2463),(46,2070),(55,1598),(62,1584),(65,1659)]	14.415126
850	[(15,1595),(35,551),(59,1978)]	14.681882
851	[(2,172),(71,606),(75,378)]	14.076574
852	[(5,2360),(18,1710),(19,2553),(35,77)]	14.104757
853	[(49,2103),(60,2371),(65,597),(73,2308),(83,1835)]	14.525691
854	[(58,804),(68,838),(70,1265),(73,813),(86,2325)]	15.731157
855	[(3,2084),(45,1417),(49,754),(52,2795)]	14.385576
856	[(37,2143),(42,916),(45,2214),(58,1789),(80,1341),(84,34),(85,1221)]	14.614681
857	[(36,773),(60,1817),(90,2052)]	18.830119
858	[(24,2482),(47,596),(61,2099),(74,732)]	19.561616
859	[(7,2750),(8,2056),(10,841),(25,769),(71,1831),(85,2664)]	14.807327
860	[(38,122),(56,1729),(88,1804)]	14.287037
861	[(11,969),(24,771),(56,852)]	14.567445
862	[(22,741),(44,2239),(49,2570),(60,2040),(72,1967),(86,2443)]	14.388727
863	[(10,1458),(13,2546),(22,2377),(40,24),(68,800)]	18.109644
864	[(1,1733),(23,139),(47,199),(70,553)]	28.657562
865	[(10,643),(28,1815),(89,1069)]	15.304570
866	[(23,1990),(42,1609),(66,5)]	14.355247
867	[(0,2354),(35,1941),(44,1838),(59,2002),(72,1904),(91,1466)]	14.243383
868	[(15,2466),(36,1134),(39,2742),(44,1974)]	14.616668
869	[(10,790),(28,1903),(46,2290),(59,268),(66,555)]	15.725693
870	[(14,1070),(26,19),(29,1789),(41,1864),(72,2488)]	14.302373
871	[(26,1233),(35,230),(47,1770),(57,81)]	14.869593
872	[(10,677),(31,496),(44,1946),(64,123)]	14.373173
873	[(1,2376),(41,2791),(50,857),(70,2083),(76,1188)]	14.086075
874	[(8,2111),(14,1271),(15,1011),(25,1081),(39,59),(44,800),(88,747)]	14.089964
875	[(27,914),(28,1609),(84,892),(86,2718)]	14.345401
876	[(32,2550),(82,1982),(87,2161)]	14.197196
877	[(0,92),(22,440),(38,500),(90,2571)]	14.705593
878	[(38,1736),(54,2113)]	16.897357
879	[(8,2674),(22,1563),(27,1166),(47,520),(53,765),(63,987)]	14.887076
880	[(41,203),(88,1868)]	14.661748
881	[(26,2029),(48,1319),(75,2464),(87,398)]	14.721428
882	[(0,2383),(46,2782),(48,1056),(71,92)]	13.984249
883	[(11,2645),(28,1522),(54,1814),(56,790),(59,1498),(62,1361),(90,1352)]	14.167364
884	[(20,801),(21,1532),(25,289),(34,1698),(47,1521)]	14.527306
885	[(1,966),(9,1257),(44,114),(47,629),(62,2586)]	14.652832
886	[(11,1561),(19,2740),(38,1280),(46,2568),(47,1848),(67,1426)]	14.282230
887	[(15,718),(71,261)]	14.137859
888	[(12,2167),(30,2712),(75,1855),(79,2442)]	14.025515
889	[(0,850),(9,1843),(25,2469),(34,2531),(73,2320)]	14.290909
890	[(18,1151),(60,80),(89,920)]	14.142440
891	[(15,1531),(20,1900),(37,1623),(45,607),(56,2659),(69,2040)]	14.192913
892	[(25,2730),(58,620),(68,2017),(72,1093)]	14.889429
893	[(70,1135),(82,870)]	14.180264
894	[(0,352),(26,818),(33,1741),(57,977),(60,496),(65,1091)]	14.588320
895	[(31,665),(50,2709)]	14.152325
896	[(11,1935),(28,960),(82,1033),(90,204)]	14.354297
897	[(9,2356),(10,1929),(81,2389)]	14.216782
898	[(7,2437),(9,2762),(55,1494),(73,2119)]	14.792837
899	[(0,2107),(26,2214),(37,1663),(42,776),(75,653)]	14.873369
900	[(25,1143),(27,1551),(42,1225),(55,1238),(80,1512)]	14.741636
901	[(5,2419),(8,2304),(66,1309),(67,2767),(73,2212),(76,1816)]	14.915234
902	[(1,832),(17,947),(49,97),(86,1270),(91,247)]	15.027132
903	[(31,2492),(60,2622),(77,2268)]	14.519425
904	[(9,331),(12,1782),(15,1740),(29,1509),(33,2124),(59,607)]	14.156822
905	[(26,1535),(40,1065),(53,2760),(55,117),(85,1891)]	14.316287
906	[(10,1939),(27,2035),(30,1552),(58,1063),(72,1121),(78,376),(81,1142),(89,1246)]	14.406241
907	[(26,1455),(52,936),(61,2040),(81,267),(89,2127)]	14.200385
908	[(25,534),(34,2051),(89,612)]	14.323976
909	[(2,1191),(9,2022),(91,404)]	14.127500
910	[(46,569),(56,390),(89,2523)]	14.390248
911	[(11,793),(14,1192),(25,1124),(32,1447),(33,1076),(48,47),(57,820)]	14.533938
912	[(39,1436),(47,2631),(58,2450),(59,1152),(77,2109),(78,2494),(80,1504),(91,1962)]	15.166872
913	[(4,2461),(22,907),(59,1264)]	14.112141
914	[(2,2547),(12,1196),(68,2576)]	15.324246
915	[(5,1009),(85,3),(86,1369)]	14.521210
916	[(9,102),(12,609),(37,666),(49,447),(74,903),(91,205)]	14.482154
917	[(6,145),(9,478),(19,1082),(25,303),(45,1640),(61,2729),(67,1109),(75,250)]	16.611141
918	[(13,1775),(63,2369),(87,2648)]	14.317173
919	[(72,605),(87,2226)]	14.455326
920	[(25,632),(30,2500),(52,1793)]	14.607677
921	[(16,2755),(23,2678),(54,115),(78,310),(83,592)]	14.482923
922	[(0,2251),(2,1711),(21,1023),(85,517)]	14.486415
923	[(0,1830),(19,2096),(50,2731)]	14.269334
924	[]	20.630949
925	[(7,1913),(14,1890),(43,2008),(47,2564),(65,608)]	17.858793
926	[(2,2272),(22,23),(39,2225),(43,2228),(54,338),(83,1348),(85,1919)]	14.673198
927	[(58,277),(76,569)]	14.123135
928	[(14,2038),(17,843),(22,2765),(28,2293),(44,2219),(80,1108)]	14.408835
929	[(3,2221),(25,1754),(35,250),(57,2586),(72,617),(83,1519),(90,1696)]	14.317674
930	[(0,1542),(67,603),(85,1855),(92,644)]	14.251318
931	[(9,952),(55,234)]	13.923343
932	[(2,734),(16,801),(22,2773),(42,1637),(66,1607),(83,786)]	13.913053
933	[(18,1224),(20,1904),(55,810),(90,2244),(91,522)]	26.217029
934	[(17,2085),(51,295),(62,2163),(78,177),(81,31)]	22.275601
935	[(1,326),(12,1040),(85,1170)]	14.987810
936	[(32,1503),(64,851),(85,2135),(86,2195),(87,1963),(91,1264)]	14.697352
937	[(12,1943),(55,261),(86,2298)]	14.396174
938	[(0,1901),(11,2668),(37,2766),(63,414),(70,1759),(87,460),(91,1423)]	14.432874
939	[(91,757)]	14.282413
940	[(2,1283),(11,1347),(19,1758),(23,1858),(26,2351),(82,30)]	14.135948
941	[(9,1313),(31,1638),(37,120),(71,2381),(78,1784),(79,723)]	14.188454
942	[(15,1647),(46,1567),(58,903),(72,1841),(74,2419)]	14.453159
943	[(10,652),(11,640),(46,2540),(64,2520),(69,735)]	14.242368
944	[(3,958),(18,1233),(33,107),(57,1447),(86,2411)]	14.303019
945	[(57,2504)]	16.377604
946	[(30,1865),(37,1661),(61,1149)]	14.612012
947	[(9,473),(32,2393),(45,2277)]	14.434320
948	[(15,1224),(72,2329),(77,2522),(81,1540)]	14.464963
949	[(19,2783),(35,1478),(54,638),(88,1314)]	14.014020
950	[(61,2741),(67,738),(72,49)]	14.150074
951	[(39,395),(49,1034),(62,631),(64,1875),(84,1484)]	14.496325
952	[(14,713),(51,2499),(81,465),(82,2743)]	14.422599
953	[(2,2367),(9,220),(26,2076),(36,2178),(81,2290),(84,663),(91,142)]	14.335880
954	[(14,2713),(22,2704),(41,1626),(75,2694),(85,2012)]	14.238510
955	[(11,2216),(37,1885),(41,1165),(87,32),(91,1113)]	14.243742
956	[(4,103),(12,1023),(76,247),(85,719)]	14.469288
957	[(2,2192),(8,1107),(39,2446),(59,998),(62,2105),(64,1407),(68,266),(83,632)]	14.505888
958	[(47,2220),(63,1144),(66,1754)]	14.069147
959	[(6,1173),(22,312),(41,665),(54,2725),(74,76),(80,361),(88,914)]	14.230658
960	[(18,1323),(49,2637),(56,1792),(72,1759)]	16.351036
961	[(9,206),(16,418),(24,204),(27,2600)]	14.539171
962	[(5,1912),(46,2601),(51,218),(80,2638)]	14.149110
963	[(5,1983),(16,912),(35,1058),(36,2364),(51,988),(66,2451),(89,777)]	14.400976
964	[(4,240),(43,2398),(55,1386)]	14.150889
965	[(53,908)]	14.400846
966	[(25,2050)]	14.676341
967	[(38,2152),(41,1876),(45,2123),(62,1533),(80,954)]	14.416875
968	[(29,2266),(75,2248)]	14.550411
969	[(12,64),(55,826),(56,1650),(60,1350)]	14.184086
970	[(24,2166),(57,1891),(75,902),(78,162)]	14.119906
971	[(7,1804),(13,108),(25,467),(30,538),(60,225),(74,980)]	13.997250
972	[(10,470),(12,724),(14,96),(18,1034),(38,424),(86,2510)]	14.000093
973	[(68,1940),(88,420)]	14.011890
974	[]	14.339895
975	[(14,907),(43,655)]	14.166469
976	[(50,1028),(70,1716)]	14.013903
977	[(23,1440),(31,2801),(42,820),(46,1294)]	14.767958
978	[(20,2753),(36,942),(53,2272),(67,1201)]	14.905607
979	[(5,2438),(32,2643),(46,2248),(47,1464),(54,1128),(78,1244),(80,830)]	14.393738
980	[(13,560),(62,702),(75,306),(92,2490)]	14.086904
981	[(24,1040),(56,2688),(58,1972),(64,1995),(74,684)]	14.039983
982	[(37,1878),(78,1923)]	14.165714
983	[(32,1627),(54,1070),(65,1973)]	14.586715
984	[(25,2168),(29,1259),(37,2401)]	14.637603
985	[(36,1013),(46,2131),(57,2413)]	14.376864
986	[(3,478),(29,2741),(36,917)]	14.360849
987	[(14,289),(16,1200),(19,1324),(37,779),(50,764),(70,564),(72,1734),(76,1637),(78,2772)]	14.797935
988	[(59,1837)]	13.926491
989	[(67,2598),(76,1123),(92,1308)]	14.463977
990	[(17,688),(21,1801),(56,1584)]	14.049981
991	[(23,541),(46,1486),(56,75),(67,1005),(85,2795)]	16.547364
992	[(42,1354)]	20.084285
993	[(29,823),(45,165),(47,881),(61,1066),(67,1356)]	15.677682
994	[(17,2481),(35,889),(81,1662)]	14.745126
995	[(29,2445),(65,2242),(80,2367),(87,1041)]	14.675349
996	[(18,397),(20,2267),(40,2019),(73,1083)]	14.116594
997	[(51,1464)]	14.337574
998	[(10,823),(46,1293),(50,1094),(63,823)]	14.089392
999	[(17,1443),(42,667),(69,715),(92,2601)]	14.186858
