ruleset_index	matches	time_ms
0	[(38,406),(55,3429),(66,483),(80,2541),(88,1718),(90,3561)]	19.485878
1	[(6,3951),(8,2294),(34,4406),(46,1589),(69,4720),(70,3043),(89,3318)]	18.357419
2	[(10,4407),(27,1635),(44,2371),(65,2541),(74,2952),(75,3321),(82,2465),(91,1888)]	18.779604
3	[(14,166),(21,91),(30,1764),(40,1239),(41,3137),(64,3901),(74,4317),(78,4003),(80,3806)]	19.341906
4	[(24,1151),(38,824),(55,1097),(58,2127),(64,3126),(82,4031),(83,1632)]	18.400990
5	[(24,4347),(32,4542),(44,3556),(47,3445),(53,501),(82,3453)]	18.745648
6	[(14,1254),(29,4423),(47,2560),(67,4097),(76,490),(78,4618),(85,4634),(91,529)]	18.018651
7	[(1,3279),(2,2148),(13,2161),(17,1640),(27,1638),(41,1086),(48,922),(55,1320),(71,3997),(73,3258),(78,3993)]	17.988396
8	[(7,590),(22,2163),(43,116),(44,685),(54,166),(71,2056),(80,3917)]	17.994954
9	[(19,4412),(35,1555),(72,1856),(84,40),(89,2033)]	18.889502
10	[(11,3466),(32,1768),(72,2782),(90,3164)]	18.564298
11	[(5,3321),(10,4680),(12,2155),(23,3821),(54,3970),(58,281),(59,978),(77,96)]	18.032797
12	[(5,4702),(12,3177),(16,2737),(40,2076),(67,1634),(70,1279),(87,100)]	23.804935
13	[(0,2727),(12,2123),(36,285),(38,1787),(43,1952),(44,1386),(72,100)]	17.941872
14	[(4,72),(18,4330),(28,2625),(30,4408),(34,3267),(40,1800),(55,1858),(84,2849),(88,2912)]	18.199157
15	[(25,1310),(37,2478),(45,2163),(50,2895),(77,996),(79,3146)]	20.659620
16	[(1,1480),(3,450),(7,2290),(10,649),(38,3682),(63,212),(70,1367),(85,1821),(90,1524)]	18.195375
17	[(1,1329),(25,2622),(49,4095),(53,261),(67,3414),(87,3550)]	18.370226
18	[(12,2223),(17,941),(25,4426),(62,3198),(73,1784)]	18.363313
19	[(26,934),(54,4579),(62,4350),(68,2829),(83,2416),(91,811)]	17.969336
20	[(2,2612),(6,355),(38,2782),(44,334),(57,3448),(61,3092),(70,119),(72,4059),(83,794)]	17.915110
21	[(1,2966),(9,4135),(15,2722),(21,2695)]	19.810177
22	[(6,3433),(12,2294),(25,3736),(33,3312),(38,1640),(39,1467),(41,814),(64,1012)]	37.456998
23	[(9,860),(11,2567),(28,3438),(33,3606),(34,3750),(35,1106),(41,3842),(48,2713),(61,1547),(62,4052),(69,1072),(73,1843),(77,1499),(84,3461)]	18.571453
24	[(7,2109),(9,405),(13,2062),(15,753),(24,1393),(28,4642),(36,3277),(57,4197),(60,4274),(77,1590),(79,3282)]	18.146203
25	[(10,186),(32,4533),(37,2758),(58,3458),(60,3527),(78,1768),(83,2312),(85,2210),(87,3666),(90,1419)]	18.292363
26	[(20,3517),(21,2820),(37,2652),(40,2261),(75,2636),(85,2054)]	19.239634
27	[(5,1015),(30,2794),(45,4551),(48,3978),(51,1550),(55,969),(59,1268),(80,395)]	23.621024
28	[(3,4644),(22,3897),(44,3699),(60,1665),(68,1128),(72,4633),(75,2899),(82,3318)]	21.033744
29	[(31,1655),(62,256),(67,2856)]	17.919222
30	[(3,2054),(40,2646),(60,3277),(78,55),(83,2591),(87,1607)]	18.236626
31	[(5,258),(7,273),(26,1960),(32,3393),(33,1053),(38,2441),(52,10),(59,3651),(65,3975),(66,2097),(80,2196)]	18.856249
32	[(31,4402),(52,4713),(55,2764),(68,601),(70,4685)]	18.432949
33	[(6,3995),(31,1809),(46,3806),(61,1908)]	18.468509
34	[(9,1020),(26,3221),(62,3827),(69,4439),(71,491)]	19.060861
35	[(21,4026),(66,3323),(75,1817),(80,1353)]	20.677008
36	[(1,762),(3,1593),(6,2363),(31,2852),(32,1047),(45,4475),(53,836),(63,1285),(75,1136)]	18.530669
37	[(30,2271),(45,1741),(47,2997),(65,469),(76,663),(91,1353)]	18.903255
38	[(26,3459),(44,3353),(50,2837),(58,368),(78,2109),(80,4290)]	18.858760
39	[(11,1636),(36,4660),(51,417),(64,908),(67,1875)]	18.125436
40	[(15,2352),(30,3436),(32,4067),(42,4609),(51,2164),(62,450),(64,1152),(84,2848),(85,1453)]	18.902093
41	[(0,2244),(19,2162),(24,3783),(30,3014),(33,440),(45,3929),(59,2032),(67,431),(76,4288),(77,613),(85,3695),(91,4480)]	17.927023
42	[(1,3073),(23,2257),(40,585),(51,836),(72,3561),(82,3280)]	18.243480
43	[(16,4461),(19,3588),(42,4346),(54,3550),(60,4639),(66,138),(74,2107)]	17.939198
44	[(12,182),(25,380),(47,3069),(59,2641),(72,2478),(92,2557)]	17.989219
45	[(6,149),(15,585),(16,1381),(25,892),(31,4034),(35,3230),(43,3049),(66,4458),(82,653),(88,2829)]	17.867450
46	[(1,4238),(21,2322),(44,4468),(76,4270),(80,1933),(81,1248)]	17.988987
47	[(5,115),(9,484),(10,3121),(40,2177),(52,2972),(61,3771),(64,4557),(90,735)]	17.983768
48	[(8,4687),(56,406),(64,2361),(78,4022),(79,3193)]	18.320587
49	[(2,2544),(9,1719),(15,1967),(37,2732),(67,4696),(68,2189),(82,1166),(91,3524)]	18.747449
50	[(10,4365),(11,3869),(15,2905),(34,1167),(39,3573),(46,4249),(50,931),(55,701),(82,168)]	18.080309
51	[(8,1854),(11,2351),(12,840),(30,3467),(38,1538),(59,2449),(76,3508),(88,3928),(90,810)]	18.631096
52	[(4,3397),(7,924),(14,1097),(49,951),(52,1408),(92,2507)]	18.505227
53	[(2,3153),(15,1048),(20,876),(21,488),(25,2197),(26,4158),(41,1493),(65,2985),(68,56),(92,2880)]	18.428985
54	[(5,953),(24,291),(25,3404),(33,525),(39,362),(53,3942),(67,3040),(68,359),(76,1528),(84,4385),(87,2471)]	18.237345
55	[(0,3545),(3,2629),(6,358),(23,2463),(28,1611),(38,1379),(39,2207),(79,2990)]	18.873513
56	[(2,2483),(29,1566),(47,4216),(55,4443),(69,873),(92,3445)]	18.387487
57	[(19,2011),(21,1011),(27,3521),(37,904),(43,998),(84,575),(85,1621)]	18.527503
58	[(8,3570),(27,2013),(30,4522),(31,2012),(52,3305),(53,4105),(60,1194)]	18.385075
59	[(6,1686),(26,2038),(29,2212),(33,4478),(56,76),(60,4157),(77,2968),(92,2737)]	17.967364
60	[(5,3968),(12,3622),(30,2752),(54,1419),(76,3651)]	18.067875
61	[(6,3691),(22,1874),(34,4692),(38,2931),(41,1580),(43,3459),(74,1769)]	18.096625
62	[(2,4330),(6,3137),(11,1735),(13,2200),(21,3808),(22,275),(36,3067),(42,361),(48,1008),(66,977),(89,127)]	19.438120
63	[(0,2116),(14,4520),(44,1284),(56,3789),(61,4011),(64,2063),(70,3810)]	19.259529
64	[(7,4460),(21,1345),(27,1197),(34,1691),(52,687)]	18.512202
65	[(17,2223),(21,2385),(22,3702),(29,3653),(81,2434)]	19.013978
66	[(7,2544),(15,554),(17,2615),(21,590),(28,1384),(89,3333)]	19.186479
67	[(28,2668),(72,1800),(79,1563),(82,3601),(84,3148),(85,3895)]	18.924052
68	[(0,1752),(9,4717),(55,3949),(57,1827),(81,2311),(83,3083)]	21.779721
69	[(2,4209),(31,1921),(36,2616),(64,2787),(81,1509),(90,1000)]	18.492026
70	[(4,1536),(5,911),(27,2472),(29,742),(61,543),(79,3195),(92,361)]	18.448123
71	[(17,3609),(25,3485),(29,3076),(32,2830),(48,3906),(64,1328),(83,1846),(88,4145)]	18.300160
72	[(2,3279),(16,843),(26,4617),(38,3140),(43,2793),(44,2652),(46,33),(60,1887),(66,2554),(86,1733)]	18.241322
73	[(3,3935),(12,1735),(16,3363),(41,761),(52,3999),(62,2223),(86,2991)]	18.315193
74	[(52,2830),(79,857),(88,1187)]	18.617027
75	[(12,2796),(41,3686),(46,4655),(59,3729),(64,2654),(91,1444)]	21.167774
76	[(5,616),(21,1794),(23,2203),(31,1449),(39,2707),(71,2103)]	34.612999
77	[(11,353),(15,3634),(19,4509),(23,4486),(36,3653),(44,700),(45,277),(60,4613),(72,227),(83,2738)]	22.299206
78	[(66,1784),(69,2156),(88,937),(89,915)]	18.752268
79	[(8,6),(12,2958),(19,751),(31,1155),(50,1148),(63,4108),(68,180),(75,1872)]	22.398404
80	[(45,2158),(46,846),(47,1816),(73,4351)]	22.835324
81	[(5,3366),(13,707),(24,4212),(52,1543),(65,187),(72,3453),(89,2854)]	18.213238
82	[(13,4721),(33,2799),(51,3236),(85,3078)]	18.459306
83	[(4,1518),(27,2723),(61,1929),(64,1055),(89,2938),(90,3319)]	18.239237
84	[(1,4174),(14,4030),(15,3820),(39,112),(55,3557),(62,2750),(63,3295),(81,2192)]	18.166692
85	[(1,4166),(3,3034),(23,3999),(30,3805),(67,2258),(84,2668),(88,1187)]	18.379568
86	[(8,4441),(16,812),(31,554),(39,1759),(45,3812),(47,1866),(70,4266),(92,3139)]	19.518734
87	[(15,4184),(25,3554),(29,1478),(32,3382),(38,4399),(49,1545),(50,2285),(51,2164),(68,610),(73,1474)]	19.863628
88	[(4,2858),(8,2724),(14,1032),(18,1942),(51,4227),(56,3410),(68,4011),(69,828),(74,2329),(78,19),(79,2576)]	18.640546
89	[(7,1486),(79,683),(90,2377)]	18.274290
90	[(8,2680),(9,769),(12,2980),(18,4000),(31,1417),(35,3050),(60,2077)]	18.833468
91	[(13,1707),(35,1820),(36,3135),(38,3069),(40,1641),(52,3401),(73,3581)]	19.841260
92	[(19,858),(23,114),(33,2594),(34,2940),(40,3579),(71,431),(73,4073),(80,4218),(88,1327)]	18.643636
93	[(4,1640),(5,1467),(7,814),(20,1842),(21,1514),(23,1138),(32,740),(52,4242),(53,2277),(55,1798),(66,1328),(82,10)]	18.428957
94	[(12,2743),(18,490),(21,3048),(29,2047),(39,1073),(61,1210),(62,4662),(72,2139),(74,3602),(91,2657)]	18.467281
95	[(2,1322),(15,477),(45,2393),(62,3667),(66,4560),(68,3296),(71,4401),(73,1387),(89,4197)]	18.165191
96	[(9,687),(14,451),(32,1286),(53,646),(81,1889)]	18.399947
97	[(11,3672),(52,4390),(55,2899),(73,2455),(80,426),(82,3735)]	18.035411
98	[(2,531),(9,786),(21,835),(41,2213),(46,27),(51,3339),(75,4714)]	18.149271
99	[(10,808),(22,237),(26,3556),(50,1181),(60,3053),(81,1105),(92,4109)]	18.285381
100	[(1,2835),(20,481),(30,64),(32,2673),(34,1476),(43,2620),(53,3082),(77,1067),(78,276),(80,3678),(92,2883)]	19.106782
101	[(1,1091),(3,2003),(8,3745),(34,144),(65,2950),(70,78),(74,3425),(89,171)]	19.042090
102	[(1,1193),(27,617),(29,1146),(43,970),(51,304),(74,3892),(77,747)]	18.233326
103	[(11,4723),(25,867),(33,463),(40,606),(84,132)]	18.269251
104	[(14,2511),(24,1870),(31,295),(47,4030),(48,3820),(65,4053),(72,171)]	18.051756
105	[(1,573),(44,116),(66,3592),(68,1986),(88,4167)]	19.083121
106	[(12,2902),(24,4358),(53,1684),(56,340),(90,2293),(91,214),(92,1947)]	18.032641
107	[(8,4026),(14,1824),(26,2488),(31,3416),(40,3348),(52,3717),(56,3971),(87,2522)]	20.835152
108	[(5,3038),(15,14),(20,856),(40,1226),(44,580),(45,1505),(52,3592),(74,4051),(80,182)]	19.606729
109	[(0,3929),(13,4308),(17,4524),(30,4229),(58,3893),(66,2950),(70,4389),(76,1563)]	18.378212
110	[(18,4215),(85,261),(86,4184)]	18.288542
111	[(70,3132),(73,2121),(74,1787),(81,3502)]	19.456614
112	[(18,3),(46,530),(49,533),(52,3895),(57,2031),(79,3152),(82,2741),(85,187)]	19.099640
113	[(6,2154),(36,4428),(45,776),(60,4071),(68,3922),(82,2654),(85,3589)]	21.467556
114	[(2,3554),(6,241),(9,2412),(13,279),(21,1280),(24,431),(34,2322),(57,933),(86,3541),(89,2066)]	18.161945
115	[(0,3212),(25,4671),(37,1360),(76,3836),(92,4076)]	18.634951
116	[(15,721),(17,2796),(61,785),(62,159),(67,1260),(72,3841)]	17.912793
117	[(0,2346),(30,2091),(43,3073),(69,1597),(86,2988)]	18.043761
118	[(12,1900),(25,4203),(29,895),(37,1363),(38,574),(46,3856),(67,578),(82,592),(84,182)]	17.894065
119	[(10,3502),(16,400),(26,1931),(34,4173)]	18.407983
120	[(12,1078),(13,4666),(41,715),(60,2258),(70,3951),(71,486),(87,4204)]	21.537174
121	[(1,542),(3,2196),(25,3983),(29,2955),(30,3436),(35,1834),(43,4084),(67,131)]	18.394891
122	[(19,1061),(30,130)]	18.882051
123	[(24,156),(57,1310),(78,2530)]	18.192213
124	[(18,1839),(37,3830),(39,1471),(40,563),(91,172)]	18.132224
125	[(0,1215),(5,1243),(6,1105),(49,1766),(54,411),(58,1686),(74,4537),(75,1200)]	18.616824
126	[(6,4318),(30,3510),(41,1127),(49,3146),(69,331),(82,339),(86,1155),(91,2194)]	17.969628
127	[(28,4727),(41,4710),(42,3917),(45,4234),(46,645),(89,2171),(90,2682)]	20.515812
128	[(28,1463),(33,3620),(86,4178),(90,816)]	17.946175
129	[(2,3110),(17,257),(18,608),(20,1618),(26,434),(30,1365),(51,1065),(59,4286),(74,1731),(88,1710)]	25.153653
130	[(21,1200),(23,3139),(29,3149),(33,222),(36,652),(49,3331),(62,2740),(88,2460)]	34.785245
131	[(2,3300),(11,4167),(20,4409),(74,2838),(89,4091)]	25.980418
132	[(14,3997),(21,439),(51,3878),(82,1412)]	20.080108
133	[(2,4411),(14,4202),(23,4524),(36,4454),(49,832),(58,2668),(90,3632)]	18.222086
134	[(2,1410),(6,2298),(16,4234),(50,4298),(59,864),(67,2484),(75,3874)]	18.520817
135	[(3,3389),(36,2809),(53,1166),(62,2828),(63,4706),(90,376),(92,949)]	18.138247
136	[(1,1815),(4,4147),(11,4624),(17,53),(21,183),(31,635),(52,2337),(67,104),(72,556),(74,4123),(75,2076),(79,720),(89,4129)]	18.799152
137	[(22,4223),(56,520),(62,2229),(69,1474),(70,3337),(71,438),(88,4466),(89,201)]	18.972674
138	[(9,3796),(12,39),(42,866),(46,2476),(53,2341),(54,847)]	18.789138
139	[(8,357),(39,2596),(42,4302),(58,1979),(64,1503),(75,1627),(82,4309),(84,721)]	18.473820
140	[(19,4508),(63,3609),(78,731)]	17.941650
141	[(5,2679),(24,3576),(30,1333),(43,2762),(49,961),(52,2181),(54,3271),(77,2420)]	18.423082
142	[(31,541),(45,3309)]	18.573097
143	[(14,1236),(20,3867),(23,2103),(41,103),(53,1134),(57,1127),(69,1751),(75,356),(82,1701),(87,229),(91,4246)]	18.413061
144	[(42,1669),(55,1660),(72,4050)]	18.587679
145	[(4,625),(8,1292),(18,3568),(34,20),(37,1042),(62,4701),(64,3644),(69,190),(92,517)]	18.580844
146	[(12,1967),(45,3933),(57,4524),(61,789),(72,3077),(82,3144),(87,1890),(90,1446)]	19.257713
147	[(17,4196),(20,2236),(27,3092),(69,3882)]	18.384822
148	[(13,167),(19,130),(23,3942),(28,4357),(33,2120),(69,1626),(88,2509)]	19.492091
149	[(29,2821),(63,3344),(64,2923)]	18.091166
150	[(4,4237),(12,3711),(26,3055),(44,3569),(46,2367)]	19.098967
151	[(1,4034),(15,3885),(38,1849),(40,2327),(47,3457),(54,4272),(61,4412),(67,989),(69,4063),(74,2942),(86,874)]	18.447017
152	[(8,2280),(44,3395),(73,644)]	18.265420
153	[(7,2590),(13,4571),(30,4247),(34,4387),(53,2703),(60,1043),(70,4157),(74,4276),(79,37),(83,2570)]	18.710732
154	[(22,2970),(26,3188),(63,2982),(76,1087)]	18.018134
155	[(3,2052),(9,1831),(10,86),(34,20),(41,3242),(50,3825),(52,4314),(64,4481)]	17.998421
156	[(10,4286),(34,1659),(35,509),(51,2451),(71,4371),(76,1911),(77,972),(79,3386),(83,3496)]	17.713769
157	[(18,2383),(22,2777),(23,4629),(25,2236),(39,656),(48,1807),(61,1863),(70,4612)]	18.083017
158	[(0,3981),(34,4395),(38,1965),(52,867),(87,3638)]	18.587865
159	[(1,4005),(14,379),(31,2680),(32,769),(46,1898),(49,1469),(63,95),(82,183),(91,2695)]	18.413512
160	[(72,1668),(82,3678),(92,3313)]	18.532812
161	[(9,3086),(22,1037),(43,2316),(45,4025),(54,1308),(62,573),(82,2177),(89,2905)]	18.148388
162	[(6,923),(31,3789),(51,4534),(53,3346),(58,120),(59,2966),(78,987)]	18.418415
163	[(15,1719),(20,3669),(53,3906),(77,2507),(88,397)]	18.201506
164	[(20,244),(21,4403),(24,1440),(61,855),(76,3101),(78,1785),(79,20),(84,502),(86,1104)]	18.542595
165	[(5,2247),(9,4695),(23,4233),(40,1016),(41,1072),(86,2256)]	18.083677
166	[(2,2956),(17,2578),(70,294),(77,1054),(86,193)]	18.106491
167	[(1,2500),(15,100),(29,3420),(30,2085),(34,2649),(40,3440),(44,1080),(47,2801),(62,1457),(75,1863),(77,3386),(80,2622),(88,367)]	18.189249
168	[(26,3394),(51,152),(58,1442),(62,1628),(63,1590),(92,1232)]	18.191556
169	[(8,1916),(11,1059),(22,3817),(25,3477),(31,2165),(35,2804),(37,292),(62,3279),(63,2148),(69,2214),(76,1317),(80,2783),(84,3132),(87,2457)]	18.148443
170	[(20,1461),(54,142),(55,216),(63,3598)]	18.196054
171	[(8,4369),(34,1429),(39,1556),(51,4509),(64,1668),(71,2355),(87,2965),(88,2632),(90,4010)]	18.140722
172	[(15,3405),(78,4333)]	20.436520
173	[(22,2019),(29,342),(30,4485),(40,1838),(76,61),(78,172),(91,1990)]	18.955913
174	[(16,3387),(36,244),(37,4403),(44,40),(54,3110),(64,3186),(67,3642),(69,3996),(82,3633)]	18.271442
175	[(6,1753),(15,760),(18,4595),(19,4400),(33,1567),(61,3712),(74,3941),(81,1786),(86,2675),(87,2167)]	18.163077
176	[(13,2100),(19,422),(43,893)]	18.049941
177	[(5,222),(27,2646),(39,4662),(43,2210),(53,3774),(57,1795),(59,3824),(65,352),(78,2767)]	18.537138
178	[(24,2423),(39,2891),(48,800),(52,3366),(74,3682)]	18.193044
179	[(3,1474),(17,1946),(18,3658),(36,3793),(43,3772),(57,797),(75,1399),(85,2013)]	22.500080
180	[(13,1134),(26,2122),(35,1739),(43,1501),(47,3148),(48,3895),(60,1497),(77,1466),(80,2661),(82,3277),(91,2210)]	18.817280
181	[(16,1220),(18,4550),(31,2923),(48,3080),(58,546),(60,235),(68,1721)]	17.994516
182	[(12,759),(29,3053),(47,453),(59,2272),(73,3402)]	18.424118
183	[(31,497),(66,1348),(67,556),(68,2786),(92,473)]	19.445333
184	[(7,1921),(14,4209),(16,2624),(30,2547),(43,3844),(57,3439),(65,4375),(71,4213),(87,1859)]	34.491875
185	[(7,4614),(17,3419),(25,3012),(50,3940),(77,2116)]	27.850138
186	[(5,990),(17,2967),(18,3309),(19,2055),(28,738),(54,4328),(63,149),(72,80)]	21.027722
187	[(6,3409),(7,3973),(22,229),(57,3154),(61,2840),(73,579),(87,1611)]	18.205013
188	[(0,4529),(47,3366)]	19.229529
189	[(6,1218),(7,1124),(18,1672),(39,945),(42,2011),(48,2898),(60,4568),(81,2560)]	18.598100
190	[(8,3951),(43,1718),(55,1547),(75,4286),(78,1813)]	18.723096
191	[(4,958),(5,251),(59,2989),(60,3842),(61,388),(82,467),(84,1750)]	18.050280
192	[(45,3845),(58,416),(80,379)]	18.467070
193	[(7,1780),(24,3031),(31,992),(35,3255),(55,4029),(64,2337),(83,1099)]	17.951000
194	[(26,2840),(32,4293),(47,481),(59,1629),(62,3291),(77,3686),(90,1079)]	18.341354
195	[(14,1530),(60,1732),(67,3623),(74,1014),(89,769)]	18.275527
196	[(22,1647),(27,3190),(28,4150),(30,713),(57,4327),(63,688),(68,701),(85,1498)]	17.953128
197	[(13,16),(15,4671),(32,412),(36,274),(37,1971),(55,4613),(79,1382),(85,1637)]	18.076807
198	[(14,955),(15,113),(16,2525),(20,1674),(30,2254),(33,3119),(38,2032),(63,2695),(80,1455),(83,3572)]	19.378422
199	[(1,1456),(11,4498),(34,1768),(43,2147),(46,3354)]	18.376116
200	[(12,1647),(14,3486),(22,1520),(25,1664),(33,257),(41,2885),(46,1277),(67,4009),(79,4578),(88,99)]	20.421230
201	[(46,3335),(54,3988),(62,287),(71,62)]	18.443830
202	[(5,1101),(19,1580),(21,3459),(26,2398),(42,368),(43,4473),(46,3915),(54,1835),(65,2945),(66,1006),(79,4330),(84,397),(87,350)]	18.423464
203	[(35,2411),(45,1177),(46,755),(56,4705),(58,2493),(66,4308)]	18.483456
204	[(10,2874),(19,3119),(22,876),(34,3380),(38,4082),(49,525),(57,965),(68,1883),(74,2826)]	18.202211
205	[(28,1481),(37,1354),(42,1183),(46,2269),(53,859),(55,2875),(63,607),(81,280)]	18.452916
206	[(6,2504),(13,499),(29,1805),(38,2974),(75,198),(83,4614)]	19.132433
207	[(50,1755),(67,1432),(76,3812),(87,4101)]	17.966779
208	[(19,1376),(23,1836),(44,3358),(50,1438),(58,1619),(90,3140)]	18.989420
209	[(5,4285),(31,2383),(62,3271),(64,80),(66,757),(73,871)]	17.940553
210	[(64,3377),(77,2652),(87,2433),(91,1207)]	18.007812
211	[(39,4176),(49,2041),(74,3909),(86,79),(92,2934)]	19.793841
212	[(5,2299),(11,133),(23,97),(50,1820),(65,3341),(75,2570),(80,4033)]	18.955150
213	[(29,1572),(62,2241),(64,1966),(67,442),(74,3214),(79,2581)]	23.101460
214	[(5,2898),(53,2319),(66,371),(71,4515),(90,2627)]	19.912064
215	[(14,4134),(15,2412),(43,670),(52,1728),(59,1573),(81,2504)]	18.047017
216	[(21,2985),(43,3030),(45,3894),(46,2761),(55,468),(62,2663),(72,3663),(85,1519)]	17.930277
217	[(38,4208)]	17.809999
218	[(17,1468),(19,2237),(23,3609),(41,4216),(47,3184),(52,1518),(53,1844),(55,4681),(79,786)]	18.319854
219	[(51,1870),(54,1545)]	17.871623
220	[(2,2872),(6,1128),(41,1497),(57,1359),(73,2235),(77,1185),(88,3356),(91,236)]	18.123544
221	[(15,1996),(30,4411),(47,4079)]	17.994378
222	[(17,588),(48,4155)]	18.792032
223	[(6,4628),(16,1762),(39,1854),(46,1720),(49,4255),(54,339),(61,4317),(65,1265)]	18.305860
224	[(5,4599),(38,2692),(68,949),(71,2126),(72,1060),(76,2492),(79,1301),(81,4064)]	18.100890
225	[(15,3530),(37,294),(46,948),(57,274),(58,1971),(84,3813)]	21.140801
226	[(15,1422),(27,3897),(38,4208),(44,2179),(48,2750),(53,3254)]	17.978972
227	[(16,3335),(31,2985),(50,1897),(54,2047),(55,2875),(65,158),(79,4667),(85,663),(91,2939)]	18.143233
228	[(6,526),(45,4078),(46,1332),(67,347),(88,3856)]	18.612954
229	[(24,1973),(25,3327),(29,800),(39,1870),(40,3148),(67,2458),(71,1272),(79,4327),(82,4517)]	20.971351
230	[(42,1780),(46,1288),(51,1089),(56,276),(58,2638),(70,2039),(73,3782)]	48.353326
231	[(0,3140),(11,4340),(14,2199),(18,2537),(32,842),(40,3461),(46,1990),(50,1293),(53,170),(88,3600)]	18.338617
232	[(24,2104),(62,2553),(72,2800),(77,1684),(81,4672),(83,4269),(84,3773)]	18.615964
233	[(1,61),(15,1145),(16,2799),(35,1023),(39,1577),(62,3288),(70,4035)]	18.339657
234	[(2,3437),(5,3853),(8,2733),(14,1953),(36,374),(49,3596),(50,1485),(71,2177),(74,4175)]	19.219150
235	[(16,4397),(49,1483),(56,767),(69,805),(72,18)]	25.216493
236	[(6,3590),(11,4552),(20,172),(26,205),(35,1140),(40,2961),(51,4204),(58,1233),(63,3812),(74,4557),(83,139),(84,4053)]	33.302557
237	[(23,93),(37,530),(53,3862),(79,2388)]	32.542933
238	[(10,4167),(13,781),(25,4635),(46,879),(47,239),(55,4386),(56,2727),(73,4281),(78,3856),(90,3399),(92,3643)]	18.487584
239	[(39,1784),(59,1158),(70,115),(80,1927),(91,4306)]	18.263794
240	[(27,3669),(38,4188),(49,1109),(51,520),(58,219),(84,742)]	18.866194
241	[(2,2268),(28,1573),(32,3234),(86,3181)]	20.529694
242	[(40,3789),(85,2081)]	18.903110
243	[(14,970),(26,897),(41,3506),(49,4259),(63,3083),(70,3556),(81,358),(85,2895)]	20.360679
244	[(3,2271),(33,4174),(52,1125),(54,3541),(64,579),(76,2441),(79,3292)]	18.284714
245	[(0,288),(8,16),(21,4517),(41,2973),(71,4446),(79,2163),(83,2999)]	18.073780
246	[(4,219),(46,719),(51,2144),(73,1445),(75,2476),(88,1150)]	31.526055
247	[(15,3052),(22,3363),(27,4521),(36,1594),(58,4433),(68,3553)]	35.292350
248	[(21,1521),(30,4381),(50,608),(57,4125),(84,2413),(86,1586)]	18.105514
249	[(3,1417),(26,2764),(32,1321),(46,866),(47,2536),(59,674),(60,1882)]	18.474308
250	[(41,3476),(85,1803)]	17.772646
251	[(3,2933),(16,3060),(17,3215),(20,2034),(44,1904),(61,3272),(66,4591),(76,1920),(87,827),(92,4632)]	18.032392
252	[(41,521)]	17.990171
253	[(11,1910),(18,4222),(28,3156),(69,1741),(73,2255),(86,2197),(87,4158),(92,2344)]	18.282207
254	[(2,3288),(5,2549),(28,3992),(52,3051),(62,916)]	19.012538
255	[(1,3793),(11,2058),(33,1008),(52,4250),(54,3832),(58,3976),(61,2444),(65,952),(74,749),(80,2044)]	18.012294
256	[(5,3880),(14,2969),(25,2329),(28,223),(41,4248),(59,551),(63,379),(81,1726),(88,136),(89,4361),(92,2642)]	26.113188
257	[(12,3220),(15,4118),(23,247),(25,4313),(33,1146),(60,1320),(61,2639),(67,3501),(87,2995)]	21.933064
258	[(7,4637),(11,134),(24,1564),(25,2957),(29,3713),(31,1395),(37,915),(56,3233),(64,3954),(72,3875),(82,1125)]	19.321130
259	[(12,2914),(18,4404),(22,1038),(24,3454),(46,126),(64,1831),(65,86),(84,8),(92,2253)]	20.422530
260	[(3,4328),(18,1614),(24,281),(55,2427),(65,4283),(68,1486),(80,3563)]	18.761850
261	[(8,1381),(66,1374),(68,208),(70,864),(73,3598),(90,2764)]	18.936317
262	[(8,3563),(30,1144),(31,4583),(39,1872),(62,1979),(64,3529),(88,3964)]	20.308103
263	[(22,432),(30,113),(31,2525),(46,811)]	17.987857
264	[(0,4695),(3,1718),(26,114),(30,173),(44,1847),(49,2489),(50,4276),(70,1917),(82,2845),(84,2783)]	29.648446
265	[(7,2593),(17,3392),(18,169),(32,2420),(62,3907),(77,4382),(81,445),(87,4316)]	39.911206
266	[(6,1683),(7,186),(24,682),(30,4610),(44,4125),(62,4273),(64,3786),(66,4226),(79,4530)]	39.911431
267	[(4,4005),(36,838),(39,3009),(53,2794),(65,3387),(73,3353)]	40.717518
268	[(10,4557),(14,2898),(17,4144),(31,72),(38,2533),(44,67),(55,353),(70,2948),(88,1014)]	42.978206
269	[(59,3751),(63,572),(73,948)]	27.414449
270	[(6,735),(26,4073),(50,2496),(64,651)]	18.214560
271	[(6,746),(34,456),(46,3872),(49,473),(52,185),(54,1208),(70,1230)]	18.651338
272	[(10,2332),(13,1229),(15,4653),(59,409),(64,1028),(83,4124),(91,3179)]	18.145314
273	[(0,1161),(1,514),(7,2276),(9,3481),(38,130),(44,2192),(89,1834),(91,2914)]	18.062524
274	[(10,2555),(13,1314),(28,3294),(37,3060),(38,3215),(44,3303),(82,1510)]	21.682051
275	[(0,3956),(1,677),(19,3356),(43,1799)]	21.616369
276	[(2,2920),(22,1788),(68,723),(69,609),(92,3815)]	19.530558
277	[(38,1355),(49,551),(55,3658),(58,2488),(75,3276)]	18.484909
278	[(18,1092),(28,4353),(78,290),(79,4630)]	23.954879
279	[(11,464),(45,1723),(49,2504),(80,1759),(85,3794)]	20.876850
280	[(22,740),(32,4663),(64,2929),(90,2306)]	18.107995
281	[(6,2613),(8,962),(29,190),(38,626),(39,4091),(90,2266),(91,1557)]	25.180355
282	[(24,941),(46,3271),(51,4337),(56,2054),(63,4042),(67,358),(79,2568),(84,2420),(88,3250)]	36.857809
283	[(22,4034),(26,3568),(27,3444),(38,2736),(40,2533),(46,2384),(51,1822),(89,2171),(92,538)]	18.631822
284	[(12,2338),(23,3382),(25,3179),(31,3776),(33,4226),(35,1192),(36,1727),(38,1148),(58,166),(72,3076),(82,1667)]	18.982367
285	[(5,2243),(17,1366),(36,965),(53,1436),(78,1536),(84,2005)]	18.873578
286	[(23,2462),(27,879),(45,1069),(48,4235),(65,4546),(79,1748),(92,374)]	18.017734
287	[(11,4595),(12,4400),(16,1387),(33,1426),(78,3796)]	18.920815
288	[(9,2325),(16,2322),(17,611),(20,2625),(44,33),(46,503),(55,382),(57,881),(64,1131),(75,696),(76,1857),(78,3889),(83,3439)]	18.325754
289	[(0,4045),(1,4370),(12,4200),(15,2456),(42,845),(76,2860),(86,3570),(91,2242)]	17.958094
290	[(1,3020),(34,543),(46,2099),(66,4699),(68,4408),(77,4552)]	18.169127
291	[(13,4429),(19,2904),(21,1894),(34,1697),(55,2151),(70,597),(78,4000),(90,3585)]	19.162655
292	[(26,2863),(31,3964),(39,3609),(52,3508),(66,4653),(72,2414),(81,154),(88,2366)]	18.145829
293	[(5,4320),(20,2007),(34,877),(57,4696),(68,3225),(74,4653)]	18.501199
294	[(2,2337),(14,3596),(39,1118),(41,1734),(56,1182),(86,12)]	18.048102
295	[(22,2851),(41,1666),(49,1101),(51,636),(56,4089),(73,1427),(74,2111)]	18.227615
296	[(15,279),(30,1783),(72,1800),(77,4012)]	18.243823
297	[(10,1291),(23,3320),(24,1119),(26,3938),(37,359),(76,4264),(80,3610),(87,3260)]	17.924882
298	[(0,1075),(34,1798),(45,3532),(56,3502),(61,130),(65,2824),(79,3324)]	17.999028
299	[(25,2840),(34,3312),(42,3920),(48,1444),(69,4669),(78,4166)]	18.418905
300	[(18,504),(20,284),(29,1637),(31,4562)]	19.124609
301	[(0,483),(7,716),(44,4221),(47,3577),(73,3124),(74,3552),(88,3772),(91,2686)]	17.978668
302	[(2,200),(7,3738),(14,2339),(15,3138),(38,3124),(63,519),(67,4035),(81,2554)]	18.180902
303	[(6,4503),(11,554),(44,3509),(45,2283),(75,2536),(83,1603)]	18.306833
304	[(51,1497),(55,3960),(60,3669),(66,2981),(83,1771)]	17.802483
305	[(13,1154),(26,1982),(47,4574),(49,166),(59,1415)]	18.912271
306	[(2,1021),(6,4668),(31,4119),(47,3336),(48,4563),(51,2645),(65,914)]	18.487222
307	[(0,2254),(5,1442),(59,3469),(66,4383),(82,3021)]	18.897221
308	[(21,2656),(22,1425),(24,1625),(27,3434),(32,4554),(42,3770),(50,564)]	18.117763
309	[(1,346),(33,4726),(51,3854),(80,1359),(86,3523)]	17.916460
310	[(4,2184),(5,3544),(40,1021),(60,2139)]	17.979890
311	[(3,4555),(52,2064),(55,1486),(63,402),(75,4363),(77,2208),(80,2719)]	19.680584
312	[(14,2197),(25,357),(30,3346),(59,906),(63,2961)]	24.751278
313	[(3,1428),(7,783),(12,177),(19,1002),(22,2953),(31,3791),(42,49),(59,560),(79,3470),(89,4556)]	20.110032
314	[(11,4538),(13,537),(27,2345),(33,248),(41,2125),(59,1168),(67,1569),(83,740),(88,3580)]	20.270138
315	[(11,4403),(35,109),(59,1476),(75,646),(80,1539),(87,2769)]	18.913694
316	[(1,4538),(7,357),(22,196),(44,85),(55,4216),(66,3797)]	18.385916
317	[(0,4250),(19,1081),(24,4486),(57,3362),(59,25),(70,4086),(71,1592),(73,3886)]	18.810080
318	[(3,4274),(8,4425),(38,2735),(43,4464),(57,1124),(73,3151)]	19.248484
319	[(9,3016),(11,1420),(20,3105),(22,3113),(25,1725),(42,2688),(52,2684),(88,3304)]	22.354261
320	[(0,4695),(45,3445),(78,2996)]	20.433815
321	[(6,3117),(11,323),(26,240),(66,2294),(70,516),(84,4264)]	37.954009
322	[(21,310),(24,866),(27,4023),(29,1707),(54,1615),(58,1144),(73,4119),(77,3298),(90,2382)]	28.126841
323	[(19,211),(21,1126),(35,2374),(42,4498),(52,3802),(74,864),(80,2847)]	20.425262
324	[(2,4325),(14,2546),(17,1588),(32,209),(55,1690),(61,4712),(76,133),(80,4267),(83,4608)]	18.936134
325	[(20,1464),(29,691),(33,4123),(35,4297),(42,863),(49,3306),(52,1714),(62,1814),(81,2208)]	25.180107
326	[(4,3877),(43,3107),(73,2601),(80,3472),(81,3255)]	18.368935
327	[(1,1919),(3,1426),(5,2743),(15,1506),(16,1969),(36,3224),(49,2096),(51,1486),(58,3875),(74,2718),(84,2043),(91,299)]	20.440533
328	[(6,4256),(47,1443),(53,468),(56,2164),(75,123),(88,3031)]	24.685589
329	[(48,2904),(72,4518),(77,3101)]	19.071678
330	[(9,802),(16,1060),(31,3539),(40,3509),(65,2639),(69,3464),(86,4338),(90,434)]	19.114825
331	[(49,2760),(50,2282),(61,4330)]	18.721479
332	[(0,2650),(17,4216),(53,2817),(61,1495),(63,285),(75,1864),(77,4465),(88,1260),(91,3980)]	18.928251
333	[(3,4220),(22,2264),(45,421),(75,3693),(76,838),(81,2549),(86,3911)]	28.847211
334	[(28,1060),(51,4565),(70,247),(72,3413),(79,3261)]	29.300900
335	[(9,1843),(23,2567),(29,245),(43,751),(59,3087),(78,2488),(83,2161)]	18.835766
336	[(24,574),(44,220),(56,2737),(91,561)]	18.131248
337	[(3,4106),(9,96),(13,4294),(19,4197),(52,317)]	18.193479
338	[(42,79),(48,499),(51,1276),(60,3082),(62,2535),(80,1489),(81,3038),(92,2916)]	18.089410
339	[(2,3177),(38,757),(49,3350),(59,4698),(62,1273),(80,4489),(89,1265)]	18.133971
340	[(6,68),(17,4650),(31,1304),(43,2044),(66,170),(71,2334),(83,2746),(86,578),(90,1790),(92,9)]	17.900402
341	[(8,3067),(48,1573),(60,196),(69,711),(73,382),(87,2396),(92,4546)]	18.767908
342	[(5,4061),(16,817),(28,885),(44,4469),(87,4661)]	18.469287
343	[(2,1960),(13,697),(15,2227),(16,4623),(39,3944),(51,2278),(71,2256),(80,3687),(82,3805),(90,3048),(92,641)]	18.060827
344	[(12,400),(16,1531),(39,223),(55,685),(68,3954),(69,1909),(75,729),(76,3731),(87,3578)]	18.036615
345	[(13,4008),(14,4567),(86,1546)]	18.379454
346	[(2,3966),(7,2695),(20,3170),(27,2532),(57,424),(68,4032),(80,458),(84,1332),(86,1896)]	18.121275
347	[(24,4575),(53,1436),(65,2243),(89,2580)]	17.949687
348	[(4,1167),(14,4360),(22,1769),(24,1422),(51,2316),(57,4243),(75,249),(77,3008),(78,3138),(80,1588)]	18.564318
349	[(18,3682),(35,3177),(36,96),(38,2198),(61,629),(65,2021),(72,1133),(78,2670)]	18.351336
350	[(7,2916),(8,4512),(12,294),(21,4173),(42,917),(48,3830),(49,984),(69,3783)]	18.486203
351	[(32,719),(37,628),(40,3629),(64,336),(73,1207)]	17.908645
352	[(2,3139),(37,631),(55,1391),(67,2979),(69,2376),(79,3553),(89,1726)]	18.067419
353	[(23,1879),(26,3457),(38,625),(40,2432),(62,4439),(65,2950)]	18.087418
354	[(13,844),(53,2565),(78,583),(89,370)]	18.293777
355	[(12,3034),(17,204),(35,2034),(37,260),(45,3195),(46,4294),(68,2037),(73,4602),(91,2544)]	19.010676
356	[(0,1108),(4,1343),(7,3362),(10,3862),(12,3646),(86,3223),(87,2446)]	18.479593
357	[(18,1104),(22,467),(33,860),(38,1452),(61,2526),(66,972),(72,1238),(74,2042),(79,2964)]	18.337521
358	[(5,1227),(23,893),(38,4150),(40,713),(43,1543),(58,1410),(69,3286),(83,1467),(87,3009)]	18.655939
359	[(1,1032),(7,3644),(17,2789),(24,4100),(29,4467),(35,3173),(61,966)]	18.174871
360	[(39,213),(59,1773),(67,944),(70,4364),(72,2402),(77,4271),(86,687),(88,4147)]	17.893233
361	[(10,4498),(20,4718),(43,2943),(74,1684),(81,4037),(84,1501),(86,1909)]	18.221935
362	[(0,3031),(7,4162),(29,3986),(40,1046),(52,2073),(76,3061)]	17.855895
363	[(8,4237),(10,2067),(16,1495),(57,3807)]	17.954828
364	[(30,193),(35,786),(43,3772),(55,1783),(91,3516)]	17.782725
365	[(7,4411),(30,2153),(32,4227),(42,4008),(52,3730),(78,2785),(85,4504)]	18.724206
366	[(17,2723),(22,1147),(36,461),(38,2938),(39,1300),(41,885),(52,3592),(58,1874),(78,3447)]	18.309678
367	[(39,4371),(50,3960),(67,4705),(87,2822),(89,517)]	17.893768
368	[(27,1863),(32,3798),(41,2077),(42,4205),(45,279),(55,814),(60,335),(68,1518),(69,1844),(80,3835)]	18.101613
369	[(11,789),(17,4010),(30,4639),(40,3516),(47,3209),(52,481),(62,4309),(63,4621)]	21.109976
370	[(20,157),(24,1352),(28,273),(65,1903),(69,4345),(77,2089),(81,4508)]	18.986309
371	[(3,2641),(14,3779),(81,3827),(84,1990),(87,205),(90,1331)]	18.360112
372	[(2,4725),(15,1723),(19,4180),(39,1404),(44,785),(60,1762),(83,1589)]	19.019868
373	[(0,1161),(27,1119),(36,1988),(61,2246),(90,4386),(91,4262)]	32.062329
374	[(15,1697),(16,744),(20,485),(27,1662),(29,4105),(30,103),(38,879),(53,1245),(56,4005)]	40.502744
375	[(0,4264),(5,3593),(27,1650),(39,4352),(41,3278),(44,4023),(51,2825),(63,3984),(71,3623),(77,3233)]	39.222393
376	[(19,1295),(29,505),(67,435),(68,2282),(83,3476),(84,1433)]	42.655205
377	[(2,3505),(36,4529),(43,2619),(74,3171),(79,3600)]	40.361213
378	[(7,2866),(12,2440),(38,3700),(61,3626),(62,4333),(74,1140),(80,2270)]	36.966071
379	[(31,4719),(53,17),(61,2909),(68,78),(82,3637),(86,3505)]	35.429216
380	[(5,4144),(8,1547),(56,4478),(63,3578),(77,901)]	39.448424
381	[(1,3512),(63,4624),(65,4055)]	44.851099
382	[(6,54),(16,2679),(23,2103),(25,744),(34,2512),(61,4495)]	37.351127
383	[(20,1364),(26,3297),(27,3923),(39,603),(48,4205),(52,2615),(57,2150),(65,385),(66,425),(67,4521),(70,4721),(89,1781),(91,4187)]	37.463373
384	[(17,71),(26,2865),(51,553),(57,1252),(60,391),(86,3290),(87,859)]	35.891609
385	[(2,2700),(29,1366),(55,4065),(77,1721),(82,1043)]	35.827957
386	[(3,332),(10,1977),(19,1251),(41,763),(63,3425),(72,1639)]	36.116550
387	[(11,2339),(12,3138),(43,3072),(46,89),(50,1040)]	35.881494
388	[(12,2406),(13,2319),(16,4692),(23,3110),(25,4404),(35,4425),(37,799),(46,1312),(56,924),(61,3877),(64,552),(83,1572)]	35.843012
389	[(5,3817),(51,599),(75,1915)]	35.742683
390	[(11,2139),(13,1798),(34,4607),(36,881),(40,3980),(57,2991),(78,1992),(81,2210),(86,3216),(89,4107)]	37.396737
391	[(1,2618),(23,1045),(26,3468),(39,4116),(46,3189),(60,3476),(65,1030),(76,2269),(82,3439),(85,2469),(87,2849)]	36.235672
392	[(1,2903),(29,3729),(36,1241),(41,1369),(68,1956),(85,1271),(87,4113),(91,2683)]	36.223628
393	[(0,1443),(15,4520),(25,1692),(30,528),(69,3820),(74,1356),(92,3662)]	36.473832
394	[(3,197),(42,225),(65,3925)]	37.787364
395	[(3,3939),(14,940),(17,1560),(57,1797),(64,2419)]	37.163157
396	[(6,4479),(16,3093),(35,4195),(75,1205),(88,3861)]	37.274643
397	[(1,1015),(13,2059),(32,161),(45,575),(46,1621),(68,2221),(71,1661)]	35.900196
398	[(0,107),(2,3869),(30,295),(46,1482),(49,4564),(55,3822),(77,4191),(86,402)]	37.512121
399	[(14,2843),(28,4334),(33,166),(42,4618),(50,2908),(66,2526),(89,2224)]	34.864329
400	[(21,2433),(65,2388),(85,2160)]	44.754190
401	[(18,1451),(52,3013),(69,1070)]	37.214251
402	[(24,1841),(25,4380),(90,3682),(91,3513)]	35.635512
403	[(2,2818),(9,1339),(10,1755),(17,4431),(20,3194),(24,1109),(32,3738),(38,3107),(44,1265),(86,363)]	39.662174
404	[(0,3041),(18,4315),(35,687),(37,4147),(40,1216),(49,3141),(89,2040)]	38.546863
405	[(2,2300),(35,142),(54,4660),(64,3869),(82,2523),(86,2524),(87,3174)]	36.125880
406	[(0,80),(2,757),(14,2128),(26,1920),(50,518),(54,2184),(77,3737)]	39.213538
407	[(9,1937),(10,2029),(24,2179),(27,713),(41,671),(70,1628),(77,311),(88,4506)]	35.503445
408	[(2,2866),(16,1342),(29,2765),(51,3064),(52,1164),(53,1811),(65,234),(81,2905),(87,1474)]	34.991830
409	[(46,3518),(60,3469),(68,367)]	36.878509
410	[(23,2155),(28,3929),(37,1133),(43,3464),(54,4174),(61,1537),(65,1480),(68,2089),(71,2138),(79,3637)]	43.893060
411	[(1,1187),(7,3252),(9,2862),(12,2830),(26,3977),(30,3592),(35,4273),(50,471),(77,1051)]	37.124545
412	[(9,362),(23,3931),(28,2126),(37,417),(43,2507),(78,3912),(85,2548),(91,2212)]	39.721836
413	[(8,2196),(28,2420),(51,468),(64,4688),(78,2001),(83,3662)]	37.889057
414	[(17,977),(36,3800),(65,2340),(82,2542),(88,1745)]	35.965917
415	[(15,1221),(20,3671),(53,3332),(89,3108)]	37.755673
416	[(41,16),(44,3939),(49,1194),(52,1303),(60,2131),(70,4398),(77,802),(86,4126)]	35.740245
417	[(5,1395),(20,4020),(35,2342),(47,822),(70,3890),(79,3379),(90,813)]	38.795711
418	[(22,4216),(49,2878),(79,3648),(88,4044)]	36.364165
419	[(1,1696),(13,1138),(14,2975),(22,2606),(34,1838),(42,1206),(46,3374),(57,4262),(65,1675),(68,2521),(73,2159),(91,1199)]	35.741373
420	[(12,990),(33,757),(67,4072),(91,4396)]	36.381238
421	[(23,2201),(32,791),(47,2589),(51,171),(57,3290),(58,3952),(66,4118),(69,810)]	33.806315
422	[(10,3326),(23,2970),(24,2476),(62,1563),(66,2937),(81,3986)]	37.575356
423	[(35,1553),(40,313),(54,1511),(61,757),(76,2106),(79,2028)]	39.618434
424	[(23,4661),(26,439),(31,3666),(39,1637),(54,2384),(67,1008),(75,1434)]	45.224829
425	[(13,4380),(68,3703),(75,277),(90,768)]	40.902011
426	[(1,684),(15,778),(39,2630),(52,2917)]	40.596477
427	[(2,2263),(10,22),(11,1401),(45,3264),(56,3743),(63,1119),(66,1265),(71,3569)]	42.417131
428	[(25,2140),(34,573),(57,2607),(59,1911),(60,1767),(66,1292),(73,3113),(76,1947),(77,2854)]	37.993463
429	[(9,1170),(13,1002),(31,2904),(32,4116),(41,676),(49,3775),(63,313),(67,1694)]	39.515737
430	[(5,1094),(6,4278),(47,3765),(55,4622)]	38.647514
431	[(0,3129),(10,452),(19,3968),(30,3575),(64,3975),(81,2638),(83,315),(92,843)]	36.468960
432	[(8,4527),(11,3852),(29,4477),(61,275),(66,350),(78,2058),(80,3444),(91,2412)]	36.564681
433	[(19,1396),(57,3039),(71,536)]	37.158488
434	[(24,1175),(50,4352),(54,481),(70,1042)]	36.408493
435	[(10,4349),(74,3771),(78,2870)]	36.315550
436	[(17,2501),(21,4078),(32,416),(34,62),(40,935),(41,621),(50,477),(67,1670),(72,2148)]	35.823529
437	[(18,155),(23,2125),(25,4404),(46,540),(47,4302),(90,824)]	39.570221
438	[(2,753),(18,1177),(23,3543),(27,2647),(40,2730),(57,2228),(60,2743),(65,1575),(79,1719),(85,1820),(87,3362),(89,1138)]	36.973504
439	[(8,562),(31,1799),(41,4086),(45,2033),(48,3722),(63,3856),(73,1297),(78,2490)]	37.629022
440	[(9,627),(10,4427),(39,2437),(55,658),(58,1633),(78,4672)]	38.952326
441	[(3,1463),(15,831),(24,1399),(29,1057),(74,3997),(85,3549),(90,2467)]	33.055548
442	[(14,4531),(16,810),(26,3247),(42,3062),(49,3191),(50,612),(54,1037),(90,917)]	36.593688
443	[(6,1126),(9,1613),(17,1819),(38,3856),(49,1386),(51,1070),(87,4011)]	35.817020
444	[(12,2377),(25,2099),(34,1323),(44,3449),(49,4030),(50,3820),(76,554)]	35.190181
445	[(6,2924),(35,2383)]	35.471875
446	[(4,2879),(30,2966),(36,3675),(43,1319),(74,4461)]	34.700921
447	[(2,139),(11,1294),(39,2092),(64,2502),(68,3474),(74,2463),(81,2115),(90,945)]	35.789717
448	[(2,148),(19,2815),(33,3983),(35,2298),(43,2580),(46,4069),(48,1023),(54,4662),(80,2677),(82,998)]	36.247425
449	[(4,1841),(17,744),(33,2964),(58,964),(67,269),(90,1754)]	35.713655
450	[(18,1558),(25,2675),(35,4404),(56,4068),(86,4189)]	35.069305
451	[(7,1428),(21,1130),(41,2131)]	34.449410
452	[(0,4643),(13,1634),(38,1335),(56,3163),(68,8),(75,2930),(85,592)]	37.802333
453	[(22,3342),(28,1719),(33,3981),(40,3113),(56,3282),(58,33),(67,3721),(90,3552),(92,631)]	36.095724
454	[(47,4477),(56,640),(61,1862),(74,2017)]	35.130466
455	[(1,810),(53,2077),(54,4205),(63,706),(67,1298),(68,964),(77,1027)]	36.225015
456	[(7,1555),(11,662),(29,3323),(58,4576),(80,4507)]	37.252990
457	[(22,916),(32,4251),(57,636),(63,1563),(80,4310)]	41.443996
458	[(29,3550),(38,2651),(44,4100),(53,1379),(54,2207),(59,2508),(67,1745),(72,90)]	36.765630
459	[(28,4703),(56,1497),(63,3562),(67,427),(92,4223)]	38.811812
460	[(31,1934),(43,3428),(63,356),(66,1730),(82,4416),(85,885)]	40.211817
461	[(28,3490),(48,1222),(51,1345)]	36.907290
462	[(16,3706),(18,2788),(23,4349),(42,2664),(49,1309),(61,404),(68,2905),(74,428),(86,3768),(88,4696),(89,2189)]	36.413932
463	[(18,2249),(22,2125),(52,1913),(56,4163),(64,1256),(75,2330),(82,3343),(83,2376),(92,4484)]	34.560992
464	[(0,3147),(1,1754),(48,4403)]	34.750634
465	[(16,3367),(33,3909),(50,4278),(56,1826),(66,2889),(92,298)]	35.580231
466	[(11,1803),(18,2998),(33,4460),(37,1665),(61,2015),(78,2025),(87,3159)]	40.357692
467	[(6,3585),(7,150),(8,1708),(13,4369),(17,1470),(19,4635),(20,2123),(29,54),(58,2625),(69,1294),(84,499)]	40.488496
468	[(3,1090),(34,145),(56,3406),(86,101)]	42.051348
469	[(84,2181),(91,3952)]	39.776298
470	[(11,3140),(17,1274),(64,1412)]	35.116565
471	[(20,3534),(36,2267),(37,3614),(69,2242),(78,4365),(79,3869)]	35.856659
472	[(0,3715),(25,3575),(34,3350),(51,3641),(69,3014),(83,1864)]	37.519414
473	[(3,1136),(5,4447),(37,1929),(63,779),(81,4165)]	37.585636
474	[(8,4226),(10,1192),(33,55),(35,1569),(42,1477),(53,2682),(68,4266)]	37.862908
475	[(40,1672),(53,4062),(57,2057),(60,2856)]	37.495641
476	[(3,3918),(7,4568),(9,684),(25,2077),(40,479),(46,3479),(62,1766),(63,1378)]	37.437684
477	[(8,136),(9,1800),(52,3901),(73,3530),(86,1439),(87,2739),(92,3443)]	37.749435
478	[(0,1216),(18,2867),(21,2052),(26,4093),(56,1045),(88,3982)]	37.916232
479	[(12,4468),(19,2076),(26,4681),(60,3912),(61,3153),(78,2519),(89,1463)]	40.185320
480	[(9,2955),(10,2417),(15,4037),(22,3867),(25,2103),(27,744),(52,878),(55,3783)]	40.920858
481	[(30,1976),(38,457),(41,4526),(44,989),(85,407)]	40.683946
482	[(10,977),(24,2300),(46,4354),(47,3196),(56,2633),(60,2240),(78,2052),(82,2537),(87,3984)]	37.736023
483	[(2,4405),(5,272),(13,2784),(14,1402),(20,2994),(24,3719),(50,2597),(66,4103),(68,1635),(70,1980),(72,2047),(78,3338)]	25.521214
484	[(18,3924),(19,547),(27,1756),(36,1713),(69,2860),(79,467),(83,4553)]	20.765608
485	[(3,1936),(30,1999),(50,2316),(59,531),(63,4228),(68,3002),(81,947),(85,2249)]	18.548438
486	[(12,1604),(24,984),(34,2659),(65,2287),(68,2868),(82,183),(85,1676)]	19.107970
487	[(54,241),(58,737),(83,1043)]	19.468183
488	[(3,3524),(15,1207),(28,1999),(39,1623),(46,4168),(48,911),(51,3963),(54,2394),(55,4300),(92,4584)]	18.309758
489	[(0,356),(2,3437),(8,957),(26,2648),(32,3222),(48,3275),(71,3179),(79,2764),(84,831)]	18.629964
490	[(16,1533),(18,3401),(21,642),(64,2764)]	18.904659
491	[(19,3172),(38,2667),(39,2147),(51,4111),(55,1113),(60,1856),(65,2708),(81,4269)]	19.748686
492	[(18,3261),(31,995),(33,1598),(38,72),(73,2499),(77,2827),(83,3769)]	18.422233
493	[(59,934),(62,4514),(83,2000)]	19.217361
494	[(6,2125),(12,4315),(21,3178),(42,3984),(53,2879),(58,2755),(67,1215)]	18.569881
495	[(5,391),(21,1026),(43,551),(48,3515),(62,3119),(70,150),(74,1977),(75,1745),(81,374),(92,946)]	18.380235
496	[(33,897),(40,3774),(58,2414),(59,2524),(81,1544),(84,2247)]	18.629165
497	[(4,3144),(41,132),(50,4442),(58,3460),(61,2853),(78,3823)]	18.068182
498	[(12,1118),(44,2415),(49,501),(86,2585)]	18.340897
499	[(36,75),(68,1487),(85,4418)]	18.931578
500	[(26,1973),(28,1257),(74,3283),(78,2432),(80,724)]	18.720534
501	[(13,1604),(16,2231),(50,2033),(64,4359),(78,423)]	18.657074
502	[(38,2887),(41,1080),(50,2425),(52,970),(67,4174),(77,1478)]	18.178235
503	[(2,1291),(7,227),(15,3600),(21,2930),(24,2201),(39,4306),(40,2121),(46,4352),(49,1524),(91,2571)]	18.580301
504	[(4,4617),(12,3970),(13,1026),(16,3434),(24,3020),(38,3772)]	18.287024
505	[(12,1725),(14,4572),(33,2172),(54,3592),(56,1855),(71,1426),(92,2813)]	18.630350
506	[(24,1522),(40,530),(42,3536),(74,3535),(79,3737),(86,1076)]	19.071932
507	[(17,80),(22,4620),(25,868),(45,499),(67,3130),(83,890)]	37.520949
508	[(4,2709),(14,2827),(34,2808),(37,4726),(46,1204),(67,1136),(83,782),(86,1605)]	19.340213
509	[(6,3041),(37,4100),(77,4330),(79,546)]	20.137897
510	[(17,111),(32,2295),(63,1174),(64,1982)]	20.241702
511	[(6,3016),(22,2535),(41,2756),(89,3486)]	18.705534
512	[(8,4413),(36,1205),(54,2695),(68,3008),(77,2892)]	22.002958
513	[(1,3565),(4,3532),(13,2001),(37,3058),(81,544)]	18.351645
514	[(9,3100),(19,955),(36,4150),(44,3719),(46,4114),(56,606),(57,1671),(67,8),(89,3601)]	19.141502
515	[(2,3155),(3,1651),(22,1619),(49,4554),(60,2269),(69,2390),(73,3846),(82,2786),(90,389)]	18.728392
516	[(21,641),(44,222),(71,3371)]	18.822319
517	[(2,3248),(3,1219),(6,2897),(12,195),(16,3254),(18,3381),(20,4325),(22,3254),(24,3381),(28,4517),(73,2202)]	18.068313
518	[(1,4537),(2,414),(12,4182),(20,1743),(38,784),(51,4416),(54,1270),(65,3448),(69,3936),(81,1891),(88,4131),(92,3549)]	18.440179
519	[(14,2950),(25,4549),(48,2625),(50,4408),(53,2732),(65,4367)]	18.139865
520	[(5,2938),(63,4492),(64,2582)]	18.709542
521	[(0,84),(8,3726),(10,3110),(29,1711),(54,3482),(63,2103),(67,419),(70,4643),(71,3277),(75,2746),(81,999),(82,2174),(84,2166)]	19.282095
522	[(2,4247),(11,623),(48,4333),(49,1458),(51,1345),(63,859),(65,2875),(68,3875),(85,1147),(88,3132)]	18.161102
523	[(21,2782),(29,538),(30,1488),(41,1479),(54,1314),(64,1032),(88,4156),(90,2674)]	18.373420
524	[(5,2917),(12,4330),(33,2736),(57,3078),(72,2339),(78,1844)]	18.582739
525	[(8,3565),(29,294),(34,2846),(48,763),(60,3146)]	18.121769
526	[(0,2476),(58,3515),(73,2344)]	21.177934
527	[(0,1913),(7,3143),(15,394),(18,4326),(31,1456),(55,2165)]	19.033154
528	[(8,3996),(20,1527),(27,1217),(31,1488),(76,740),(85,3869)]	18.589772
529	[(4,3986),(25,565),(35,2522),(74,82),(75,1875),(86,553)]	18.481892
530	[(39,73),(50,3295),(56,4532),(70,1667),(76,1795)]	18.338580
531	[(1,2004),(8,3464),(43,4367),(45,4648),(50,30),(53,223),(65,109)]	24.045319
532	[(18,4658),(33,2279),(46,159),(58,4059),(88,1381),(92,3004)]	19.423350
533	[(3,632),(11,42),(25,2058),(32,523),(69,4681),(72,1444),(75,1686),(80,3929),(81,2827)]	18.108131
534	[(8,3096),(49,1800),(64,2680),(77,4197),(89,2841)]	23.953156
535	[(16,4392),(24,695),(27,293),(28,3131),(38,3202),(41,1282),(76,4702)]	20.930293
536	[(4,306),(36,36),(37,1082),(43,1887),(48,1809),(56,1290),(67,2655),(72,200),(91,1778)]	17.920885
537	[(9,3977),(36,1234),(92,3857)]	18.670422
538	[(10,3760),(27,2860),(30,2942),(45,1892),(75,2269),(77,2894)]	18.216684
539	[(21,2491),(40,270),(47,80),(56,1389),(74,1842),(83,2479),(88,550)]	18.793956
540	[(4,3332),(8,904),(36,2562),(68,3882),(69,3013),(76,1583)]	19.067537
541	[(17,2536),(19,1170),(32,3318),(56,4326),(76,1729)]	18.050266
542	[(12,1974),(37,4684),(51,4280),(88,4669)]	18.100362
543	[(6,3016),(13,1167),(19,3714),(62,2399),(72,2463),(74,1154)]	18.860890
544	[(1,1740),(3,2747),(12,3834),(36,800),(41,351),(46,2094),(53,3213),(67,4552),(69,1570)]	18.404689
545	[(2,1377),(19,2344),(20,1473),(69,1253),(77,556),(90,1241)]	18.303848
546	[(17,4693),(22,96),(47,4275),(60,1782),(73,3293),(83,977),(92,60)]	17.799037
547	[(3,351),(4,2036),(10,2373),(14,1036),(22,654),(52,3095),(78,4199)]	18.158134
548	[(15,3596),(16,1485),(81,2718),(92,1853)]	17.861915
549	[(54,1176)]	17.877161
550	[(9,2996),(16,567),(21,4173),(30,878),(32,4554),(39,3354),(43,3599),(47,4487),(59,4366),(81,2650)]	17.966454
551	[(12,672),(13,4573),(25,877),(32,130),(46,1265),(55,3115),(80,1560),(87,2737)]	17.906454
552	[(11,3703),(22,1961),(72,3737),(74,1236),(82,2371)]	18.948988
553	[(6,3643),(22,4694),(33,4274),(50,3524),(52,95),(63,1338),(64,3718),(86,1412)]	17.986067
554	[(18,2216),(24,4501),(55,4301),(66,304),(71,2840),(92,1203)]	17.823580
555	[(15,4085),(74,108),(82,761),(91,1888)]	18.204454
556	[(4,1780),(38,2230),(44,315),(52,3745),(78,3139)]	18.234822
557	[(23,3295),(28,3377),(61,1087),(89,1129)]	18.907184
558	[(7,3043),(17,3637),(43,4437),(47,732),(88,1902)]	18.394227
559	[(5,2880),(20,3457),(41,3318),(60,1536),(78,3286),(80,668),(85,3669)]	18.763767
560	[(5,1224),(16,2977),(20,601),(26,816),(63,813),(66,2764),(74,3051),(85,2440),(91,529)]	20.679535
561	[(29,4510),(32,4717),(38,4194),(50,2283),(64,1340),(71,4306),(74,2183)]	36.042482
562	[(12,4650),(40,643),(45,2793),(67,647),(71,1682),(90,501)]	19.176316
563	[(3,427),(4,4345),(9,1374),(15,525),(33,2128),(41,854),(46,2252)]	18.366249
564	[(3,198),(13,3000),(24,1732),(43,3153),(44,2447),(56,794),(58,2231),(62,3248),(68,722),(83,183),(92,1728)]	18.235065
565	[(4,4164),(38,693),(58,1833),(63,1052),(77,1417),(78,2379),(83,4637),(85,1386),(88,1797),(91,4622)]	18.542964
566	[(3,1705),(73,2370),(91,208)]	19.200962
567	[(17,253),(33,4552),(56,493),(65,4558),(73,3078),(83,2773)]	18.343777
568	[(10,3921),(41,2307),(55,235),(67,4651),(81,3890),(88,699)]	18.565070
569	[(9,1907),(11,3983),(62,527),(70,816),(81,3211),(86,2925)]	18.283120
570	[(6,2314),(21,3831),(30,1469),(48,4341),(49,4011),(61,1904),(70,3730),(78,3259),(89,850)]	18.628834
571	[(25,2244),(49,3203),(72,1525),(76,622),(78,4070),(87,983)]	18.095970
572	[(35,659),(39,763),(40,422),(54,3829),(59,840),(69,1729),(89,4389)]	18.253069
573	[(5,2322),(18,4660),(26,1721),(34,3133),(65,2435),(71,1616),(76,3516),(81,974),(92,4229)]	18.284847
574	[(6,1848),(12,794),(14,38),(21,332),(35,293),(38,2006),(70,3609)]	18.727596
575	[(5,1369),(10,1773),(19,434),(38,43),(67,1912),(72,2947),(78,128),(82,2046)]	18.554924
576	[(16,2990),(23,1169),(40,594),(41,408),(68,764),(81,4703),(87,387),(91,380)]	18.576012
577	[(4,1521),(24,2902),(46,1069),(64,2833),(73,244),(75,273),(80,4171),(89,1318)]	18.417653
578	[(76,164),(78,2838)]	17.813646
579	[(30,1477),(44,3196),(49,1863)]	21.203359
580	[(4,348),(14,2085),(26,3357),(34,1308),(35,2531),(41,636),(45,1385),(60,2455),(91,3005)]	18.266600
581	[(1,2101),(9,7),(42,3209),(56,836),(58,3554),(73,3664),(90,1)]	18.902306
582	[(43,2919),(51,920),(64,3992)]	18.686744
583	[(15,1127),(42,3635),(44,2094),(54,3763),(65,2270)]	18.728103
584	[(1,3151),(10,1255),(15,123),(16,1671),(28,2492),(47,3271),(50,930),(54,2755),(58,3540),(59,3483),(74,4392),(77,619),(82,2829),(90,4308)]	20.625627
585	[(11,1310)]	18.266159
586	[(2,3817),(19,4171),(26,1909),(29,3345),(40,3200),(47,4686),(75,2017),(87,997),(90,1277)]	19.373362
587	[(0,1986),(3,1390),(10,1194),(28,4040),(30,3724),(44,1461),(63,1032)]	24.705742
588	[(8,1975),(15,2074),(18,198),(19,3955),(24,3648),(35,1162),(76,33)]	18.381991
589	[(19,1582),(25,3737),(42,2296),(48,4112)]	18.000025
590	[(23,3857),(33,4627),(52,2261),(58,2344)]	18.474893
591	[(28,2794),(56,2702),(65,111),(78,456),(90,72)]	18.181665
592	[(29,2776),(32,4114),(36,532),(45,1924),(51,1462),(62,2794),(77,710),(87,1423),(91,2927)]	18.064055
593	[(2,338),(6,1197),(9,1077),(12,1961),(27,3176),(28,3577),(30,1138),(36,2437),(40,2544),(56,522),(62,4179),(65,4093)]	18.110445
594	[(5,1958),(28,3905),(35,337),(55,4217),(71,1671),(91,1826)]	17.956452
595	[(6,221),(23,376),(40,2334),(50,424),(59,1629),(66,539),(71,2582),(83,1907),(87,3024),(90,72)]	17.992581
596	[(10,1604),(24,934),(68,4217),(69,1467),(78,3432),(87,2418),(91,2499)]	18.551398
597	[(24,1383),(29,4282),(35,2029),(48,4350),(50,143),(54,61),(74,4284),(78,1144),(82,4273)]	18.637888
598	[(3,2049),(33,4519),(84,1608),(86,1144)]	18.324916
599	[(2,1874),(12,1981),(32,3018),(37,4617),(39,3069),(49,4230),(55,3506),(58,3226),(72,2902),(75,1721)]	18.155096
600	[(22,1013),(41,1589),(54,3934),(60,4436),(71,2218),(76,1910),(78,2639)]	18.753208
601	[(25,3328),(31,4679),(46,4012),(47,3040),(49,1266),(58,3872),(63,1774),(69,2514),(73,3810),(78,2587),(80,63)]	18.160762
602	[(8,1273),(40,2959),(43,1597),(49,789)]	18.870665
603	[(2,657),(10,3286),(12,3674),(30,2054),(32,1701),(41,2984),(46,2651),(74,1979),(92,4280)]	19.293159
604	[(42,3092),(75,579),(90,4109)]	18.144191
605	[(7,2146),(12,151),(39,3501),(54,2003),(64,3032),(84,1718)]	18.127450
606	[(0,1211),(7,4331),(12,183),(36,2118),(42,330),(43,199),(62,3113),(82,378),(90,4541)]	18.079554
607	[(32,3163),(45,982),(56,970),(85,2858)]	17.902776
608	[(3,1151),(9,1851),(13,3397),(17,4038),(25,3551),(28,1581),(38,2404),(45,1177),(55,1431),(71,3065),(78,4150),(80,2242),(86,337),(91,439)]	18.240898
609	[(12,3523),(19,1216),(52,4073),(60,2793),(61,2652),(63,33),(66,1477),(89,3194)]	18.996059
610	[(59,1599)]	18.497433
611	[(10,383),(19,3340),(31,213),(53,798),(60,216),(75,4687),(88,925),(89,970)]	20.083143
612	[(22,347),(25,2863),(39,4662),(63,28),(71,3143),(73,539),(79,2681),(87,2289),(89,4711),(90,4592)]	18.867177
613	[(8,2999),(44,3943),(46,2348),(48,1455),(67,4603),(68,4508),(75,3285)]	21.189619
614	[(0,4057),(5,2241),(31,4366),(69,4498),(80,4503),(89,473)]	18.593242
615	[(12,777),(14,1485),(29,243),(41,3120),(49,3465),(54,4109),(89,2614)]	33.124970
616	[(3,821),(19,3635),(25,681),(41,4631),(80,1258),(84,993)]	22.632334
617	[(54,1041),(69,2222),(80,4235),(83,2892)]	18.177477
618	[(12,1370),(34,3648),(35,2998),(53,3438),(64,3340),(65,4686),(82,4439),(83,604)]	18.633809
619	[(0,682),(12,2383),(25,1170),(41,68),(57,2801),(58,3831),(76,620)]	18.765042
620	[(27,129),(44,1623),(54,1027),(69,3110)]	18.258162
621	[(6,1628),(11,3110),(13,4404)]	18.646244
622	[(9,4362),(29,2795),(43,3032),(51,2838),(56,1240),(64,3850)]	18.002773
623	[(7,337),(21,4561),(27,213),(39,839),(60,1353),(67,3751),(82,3187)]	18.106484
624	[(0,1620),(7,2666),(8,2939),(15,3071),(22,687),(40,3195),(60,3884),(80,4489)]	18.078285
625	[(6,310),(26,1862),(30,4421),(37,1767),(55,3597),(63,3041),(79,1908),(86,4439),(88,491)]	18.272319
626	[(22,3155),(40,1237),(41,2006),(52,3882),(56,1883),(66,3141)]	18.084455
627	[(16,808),(20,701),(28,2284),(40,1041),(42,2231),(46,3636),(59,272),(60,613),(82,203),(91,3500),(92,4099)]	17.983938
628	[(16,4366),(32,2484),(44,3166),(59,1633),(60,3115)]	18.472001
629	[(6,138),(9,65),(21,3059),(39,3040),(78,136),(79,4361)]	18.587304
630	[(3,2903),(7,4267),(9,2155),(26,460),(32,3927),(33,1253),(70,1054)]	18.761282
631	[(0,1541),(9,2321),(15,857),(29,2048),(41,844),(45,653),(65,2999),(75,3235),(85,3535),(90,3737),(92,4359)]	20.697679
632	[(7,1101),(14,3532),(39,4062),(44,3303),(55,2513),(60,705),(61,1591),(72,839)]	18.524326
633	[(18,4081),(24,2558),(28,1748),(34,2990),(44,1348),(49,1368),(74,4652),(76,2424),(79,1068),(91,3216)]	19.155394
634	[(7,3873),(11,475),(12,2737),(18,3222),(21,4453),(27,90),(53,171),(69,3212),(81,3422)]	18.889575
635	[(7,345),(14,1176),(24,1236),(29,177),(45,1868),(50,1097),(58,3802),(67,3770),(74,3127),(75,4617)]	18.313047
636	[(15,1975),(36,154),(60,2640),(68,261),(69,4184),(72,2017),(75,4405),(80,1784),(88,1318)]	20.626681
637	[(5,3136),(65,249),(89,3566)]	21.391365
638	[(6,2987),(12,3247),(19,1005),(21,1564),(24,3648),(25,2998),(34,2080),(48,3226),(55,1629),(74,1364)]	18.555884
639	[(0,1292),(18,1423),(32,3825),(49,4563),(64,4517),(65,2711),(69,1118),(71,1734),(83,3223),(88,2829)]	25.618518
640	[(1,3081),(4,4585),(9,4724),(10,3234),(41,3375),(42,3046),(85,2276)]	20.101917
641	[(10,80),(34,5),(38,791),(46,1393),(89,4212)]	18.158557
642	[(14,3190),(63,749),(66,3394),(79,1893)]	20.634451
643	[(5,1885),(15,4486),(34,1335),(67,2629)]	30.003767
644	[(22,126),(49,140),(56,2492),(66,4633),(75,533),(80,430),(85,1093),(90,1133)]	19.350486
645	[(74,654)]	18.135257
646	[(8,3994),(44,4252),(53,3067),(65,132),(84,29)]	18.678673
647	[(11,3046),(44,2270),(92,2911)]	18.472046
648	[(9,1123),(27,3026),(54,4296),(63,2428),(81,1877),(82,3814)]	18.218053
649	[(11,4606),(13,3493),(31,2991),(44,4183),(46,2021),(50,2885)]	18.386919
650	[(6,2864),(41,4505),(43,1705),(48,1523),(66,1594),(87,1344),(92,2457)]	18.518379
651	[(8,2592),(22,2840),(24,4036),(47,1424),(52,453),(71,4634),(73,2956),(77,3236),(84,2418),(87,2349)]	26.078641
652	[(9,1683),(19,2692),(22,2067),(25,2948),(26,3926),(56,4502),(59,224),(71,799),(77,3373),(79,4199),(87,3250),(89,3662)]	18.032727
653	[(7,2124),(11,1090),(26,2778),(67,4066),(75,615),(80,366),(85,2027),(92,4169)]	18.422073
654	[(52,1496),(72,4387),(81,3658)]	18.127983
655	[(29,1636),(44,795),(61,2645),(68,3344),(71,2423)]	17.918673
656	[(0,3171),(10,980),(14,973),(15,3557),(37,4148),(59,1642),(61,4256),(78,949),(80,3784)]	18.068465
657	[(0,2604),(10,3601),(18,1246),(83,3015)]	18.196371
658	[(65,4660)]	18.087232
659	[(0,2305),(7,2883),(24,4667),(29,1203),(33,30),(61,1785),(62,20),(78,3882),(79,3013),(81,661),(90,4204)]	18.629238
660	[(5,3162),(6,3884),(20,4062),(42,1432),(68,4464),(72,4065),(74,3674)]	37.002748
661	[(11,952),(38,1562),(40,2843),(59,191),(65,2019),(88,3312),(92,2559)]	30.635226
662	[(14,1677),(15,1951),(31,554),(37,4193),(53,2243),(66,3071),(72,4106),(84,4631)]	18.457640
663	[(14,149),(17,2371),(34,1698),(48,649),(74,396)]	17.985737
664	[(35,141),(39,1393),(49,3518),(50,1649),(56,2185),(85,4415),(87,4344),(92,3289)]	18.226814
665	[(0,2052),(10,1813),(18,2464),(20,3065),(46,1978),(49,3113),(54,3757),(55,1392),(90,1534)]	18.365534
666	[(15,2691),(17,3887),(21,220),(22,4366),(30,1130),(33,891),(43,1036),(45,4657),(48,4395),(69,1611),(72,2700),(81,4157),(87,2727),(92,2316)]	21.196094
667	[(1,2047),(16,2118),(45,2434),(55,4625),(71,3473),(75,1813),(81,3777)]	34.328899
668	[(14,2431),(24,1322),(45,3698),(51,2316),(70,3774),(79,470)]	18.552172
669	[(18,1067),(55,2169),(57,4172),(68,1306),(83,2615)]	28.298923
670	[(23,2686),(62,3375),(80,1339),(81,240)]	18.201862
671	[(7,4361),(10,2809),(14,3934),(50,2902),(59,1479),(62,3720),(79,1192)]	18.776852
672	[(20,1021),(26,3618),(28,2250),(41,3208),(56,2618),(74,4199),(77,105),(90,3041)]	20.479456
673	[(5,1302),(27,1020),(31,1888),(32,4685),(78,4652)]	17.812205
674	[(7,1045),(11,1569),(14,159),(22,2544),(28,400),(34,1571),(50,3636),(55,1748),(60,4298),(80,3356)]	18.076975
675	[(2,3784),(9,2744),(14,4382),(23,2562),(25,2291),(54,556),(55,2786),(69,4448)]	17.923246
676	[(28,3653),(49,1134),(81,1304),(86,1218),(87,1124)]	18.168291
677	[(22,504),(40,1612),(52,872),(58,1280),(64,2560),(66,733),(84,3747),(87,1068),(90,2278)]	37.597988
678	[(9,2617),(11,3298),(16,362),(58,355),(60,928),(63,4324),(75,3705)]	42.682949
679	[(7,4582),(11,3566),(25,1672),(53,2971),(83,1255),(86,4335),(92,1279)]	39.949418
680	[(14,137),(16,1811),(21,1141),(40,2645),(69,4596),(84,3841)]	39.624834
681	[(3,3204),(7,3155),(16,3323),(17,4269),(18,3773),(31,134),(33,4133),(48,767),(51,1058),(71,138),(82,3876),(91,4694)]	41.115169
682	[(17,4436),(21,4198),(36,2795),(37,3974),(39,1300),(44,2191),(59,2337),(92,4714)]	21.037127
683	[(21,4580),(28,1),(30,1252),(37,2727),(70,4600),(75,1832),(87,369)]	24.128317
684	[(46,3926),(52,2215),(53,3830),(57,1782)]	18.335337
685	[(0,4519),(6,545),(67,1280),(70,1895),(87,4306),(88,2457)]	19.592737
686	[(0,4315),(10,148),(17,2373),(30,1135),(33,5),(36,1348),(37,556),(38,2786),(64,635),(67,2329),(80,2308)]	18.491444
687	[(5,3892),(10,2828),(11,4706),(12,1877),(18,3562),(29,1906),(39,1937),(40,2029),(88,1063)]	18.233119
688	[(5,3879),(48,3822)]	18.070223
689	[(18,4186),(57,1664)]	18.316922
690	[(3,3134),(15,104),(28,651),(36,4577),(43,920),(63,4402),(86,4416),(90,3268)]	18.294394
691	[(7,3595),(59,2539),(77,379)]	18.411590
692	[(25,749),(29,1221),(31,3475),(38,334),(40,4586),(42,319),(45,4039),(48,708),(51,2039),(56,366),(91,1255)]	18.880582
693	[(3,4466),(4,201),(9,1327),(10,2518),(25,3855),(41,203),(45,3429),(64,3950),(69,2934)]	18.656222
694	[(48,3051),(70,2260)]	18.172144
695	[(7,2423),(12,3579),(55,3945),(64,2244),(92,1983)]	18.032957
696	[(14,666),(24,2172),(37,769),(42,3478),(53,472),(61,2094),(71,1096),(75,266),(88,799)]	18.040832
697	[(1,2359),(19,4445),(30,803),(40,4456),(41,2170),(49,381),(53,2133),(62,2158),(76,1368)]	17.925958
698	[(1,2394),(2,4300),(8,4218),(14,1894),(26,642),(38,4273),(91,2470)]	17.860005
699	[(1,1614),(14,4691),(23,2866),(29,944),(40,942),(49,1858),(56,4444),(63,531),(75,2463)]	17.887809
700	[(4,2445),(8,3580),(33,2377),(73,1548),(75,4137)]	18.612516
701	[(23,1613),(65,49),(71,3810),(88,2072),(90,3032)]	17.766068
702	[(3,3965),(12,2361),(13,2810),(29,1500),(50,3653),(72,1533),(73,1881),(79,3369),(90,659)]	18.217217
703	[(1,4483),(15,4042),(39,4156),(54,976),(91,2131)]	18.297016
704	[(23,3805),(33,4004),(54,3698),(90,93)]	17.807723
705	[(6,563),(8,3412),(11,3772),(32,715),(40,726),(41,4253),(49,1509),(57,2654),(89,4539)]	18.874240
706	[(5,3972),(7,218),(50,1302),(64,59),(73,74),(91,1660)]	18.217610
707	[(5,1048),(6,2286),(19,2640),(22,2803),(65,1256),(77,23),(86,2878),(91,4127)]	17.931072
708	[(5,1302),(14,4409),(36,4072),(67,1596),(74,4355)]	18.099134
709	[(2,459),(8,1402),(17,4556),(30,860),(40,328),(41,447),(52,1079),(54,2518),(73,4457),(78,4112),(92,2643)]	19.131602
710	[(5,427),(11,8),(30,1354),(63,4459)]	18.177905
711	[(1,4227),(17,3042),(28,3235),(36,4286),(56,4686)]	19.899799
712	[(0,1496),(6,1391),(14,1086),(23,1116),(28,2259),(48,3523),(70,1954),(71,2609),(75,2670),(92,3842)]	19.416746
713	[(7,2455),(39,1901),(44,361),(48,4291),(55,3312),(59,1420),(62,1678),(64,3672),(79,133),(85,2142)]	21.138946
714	[(8,4224),(23,3507),(39,356),(53,3727),(60,3100),(85,2308)]	18.039529
715	[(4,1148),(10,1743),(21,1859),(22,3645),(67,2928),(75,844)]	36.374518
716	[(24,1028),(28,3751),(29,2256),(30,2120),(67,117),(70,210),(86,3264)]	19.476833
717	[(3,1338),(20,969),(83,815)]	18.115408
718	[(3,1240),(12,2650),(22,3697),(54,3676),(64,4721),(67,1880),(79,1926),(82,1411),(85,740)]	17.829360
719	[(15,3177),(48,997)]	18.211622
720	[(1,1839),(23,1267),(56,4206),(77,1758)]	17.794063
721	[(20,4505),(34,1310),(48,4512),(57,1058),(66,2126),(67,1060),(80,3037)]	18.924564
722	[(6,2416),(12,553),(49,433),(55,2737),(63,1063),(71,3711),(82,3342)]	18.333943
723	[(23,41),(28,2236),(79,905)]	18.399944
724	[(6,414),(7,489),(13,287),(19,74),(31,2537),(36,2567),(72,3123),(86,3711)]	18.110119
725	[(37,1266),(57,2740),(77,1884),(86,2656),(91,3993)]	18.586945
726	[(6,325),(16,4160),(20,1931),(22,244),(23,4403),(26,597),(32,1405),(92,1921)]	18.200508
727	[(2,605),(7,481),(23,4494),(24,3010),(31,1594),(41,779),(51,770),(74,715)]	19.615116
728	[(27,2887),(44,1503),(58,2515),(61,529),(79,1658)]	21.348863
729	[(9,4263),(12,4095),(18,4663),(25,1771),(54,3119),(57,1975),(78,117),(80,3738)]	18.592890
730	[(9,2723),(14,1178),(16,220),(17,4366),(21,2280),(29,2944),(36,4207),(37,3647),(38,102),(39,1802),(44,2526),(54,368),(55,4473),(78,832),(82,208),(92,1894)]	18.348806
731	[(9,772),(24,2325),(34,241),(67,1908),(79,3520),(92,435)]	17.972487
732	[(29,109),(70,4426),(86,4650),(87,1698),(92,4554)]	21.265904
733	[(2,4546),(37,3877),(45,132),(52,315),(68,3593),(79,1730),(92,607)]	20.149752
734	[(30,3990),(37,3819),(46,3733),(55,2556),(60,599),(76,4692)]	18.990807
735	[(11,2720),(30,884),(40,577),(63,2845),(81,4033),(87,1685),(88,1194)]	26.993694
736	[(17,494),(49,210),(56,538),(57,1488),(62,2757),(83,1930),(91,696)]	18.800352
737	[(11,1321),(17,506),(19,2513),(40,1311),(45,4374),(51,1117),(77,1877),(83,1497)]	18.875742
738	[(30,3909),(38,1112),(52,681),(79,2760),(85,3057)]	18.764411
739	[(2,1654),(4,4505),(34,1714),(69,2318),(91,1572)]	18.149111
740	[(14,3663),(27,728),(52,395),(55,4373),(61,2449),(75,69),(83,3075)]	18.472372
741	[(20,691),(24,4332),(50,942),(61,1468),(66,4396),(67,3880),(71,2196),(78,471),(88,823)]	19.554581
742	[(13,2830),(14,4413),(23,3178),(70,4274),(91,6)]	18.865697
743	[(4,1497),(19,3533),(30,3082),(48,843),(75,2107),(88,2092),(91,2814)]	18.684956
744	[(11,311),(13,768),(26,2582),(29,3192),(56,1171),(89,478)]	22.030254
745	[(40,3780),(44,2626),(46,2095),(52,3298),(88,1043)]	19.601939
746	[(31,3031),(37,2243),(55,909),(60,4651),(67,1590),(76,447),(86,3469)]	18.209715
747	[(3,538),(74,4721),(80,4550),(92,3366)]	18.325665
748	[(6,2281),(10,4128),(26,3568),(51,1769),(66,1859),(72,3453),(75,47),(82,373)]	18.140020
749	[(15,3698),(20,792),(57,909),(61,2724),(68,1706),(92,1401)]	17.883491
750	[(1,2601),(26,413),(34,3330),(39,1400),(70,1331),(78,2618),(82,4330),(85,3769)]	18.209506
751	[(23,1172),(50,176),(68,4628),(78,3304),(91,1024)]	18.073576
752	[(8,3775),(24,2723),(33,2059),(39,2463),(41,1154),(58,584),(59,373),(71,3191)]	17.852020
753	[(4,3203),(30,38),(81,4576),(85,3989)]	18.350120
754	[(12,3331),(15,53),(25,137),(52,1037),(72,2753)]	19.183619
755	[(21,3739),(40,4141),(44,3897),(50,671),(57,4057),(59,4423),(64,4387),(65,2253),(83,266)]	18.174257
756	[(13,627),(23,1860),(33,4084),(37,2979),(43,2546),(60,2336)]	17.993388
757	[(11,1046),(19,505),(44,4684),(52,4120),(73,3700)]	18.607576
758	[(9,3784),(15,1629),(28,2671),(40,4211),(65,2679)]	18.153474
759	[(6,4122),(12,3068),(40,3818),(64,657)]	18.175578
760	[(9,1950),(12,2196),(17,2088),(35,3119),(39,2757),(71,144),(75,4439),(76,604),(81,2433),(85,4247)]	17.934361
761	[(14,2281),(22,60),(38,179),(51,3089),(65,1601),(66,2781),(91,212)]	18.486383
762	[(19,1077),(25,1863),(36,2254),(52,3976),(66,2401)]	18.846373
763	[(17,2400),(18,3152),(31,1068),(69,2659),(91,243)]	19.583143
764	[(6,3733),(19,298),(26,3248),(50,2851),(51,139),(74,2439),(76,2488),(79,3393),(85,494),(91,1132)]	18.116184
765	[(14,1000),(26,1682),(30,4530),(33,3517),(34,2820),(36,1992),(39,2210),(47,1272),(62,4331),(66,2463)]	18.452591
766	[(1,3741),(4,173),(15,4502),(82,206)]	18.817793
767	[(4,2888),(14,656),(20,2884),(26,4077),(33,4698),(50,914),(54,1535),(59,1030),(84,3024),(87,72)]	19.589896
768	[(6,2709),(21,1465),(56,1774),(60,4123),(75,2708)]	18.210209
769	[(1,2564),(10,110),(20,2291),(88,2323)]	36.671045
770	[(0,3301),(2,2300),(48,393),(55,3472),(56,3255),(59,1063),(61,584),(62,373)]	18.981314
771	[(4,2894),(14,1699),(22,286),(38,4170)]	18.258219
772	[(35,4047),(38,1285),(54,3435),(56,2735),(64,4464),(68,3396),(85,356)]	18.003310
773	[(26,4240),(82,2536)]	18.097226
774	[(2,1414),(7,3880),(9,369),(14,2192),(22,1918),(73,1662)]	18.788761
775	[(1,1561),(4,1214),(39,3505),(45,1777),(53,3066),(66,1550),(75,4402),(78,1244)]	18.369130
776	[(13,4240),(25,3348),(27,1101),(31,2970),(43,4625),(67,1033),(89,2538),(90,448),(92,4249)]	18.416709
777	[(19,1592),(20,2683),(74,1844),(76,4681)]	19.325819
778	[(0,351),(19,2877),(49,3672),(53,3998),(57,2550),(78,724)]	18.257569
779	[(0,3209),(14,2169),(15,1941),(21,2100),(39,4457),(58,3753),(60,1836),(78,2362)]	18.619572
780	[(9,2462),(11,3811),(17,2975),(39,16),(60,3817),(70,381),(78,2670),(80,2948)]	21.075419
781	[(21,2554),(36,3765),(56,3849),(79,306),(89,4036)]	17.771349
782	[(31,1828),(38,123),(42,1100),(45,4660),(49,1938),(57,2825),(74,1532),(83,1209)]	18.507229
783	[(3,447),(19,4317),(25,759),(41,4165),(47,2983),(68,701),(75,2737)]	18.011996
784	[(27,3913),(35,1720),(40,4447),(49,1380),(55,3060),(56,3215),(64,4150),(76,440)]	18.041411
785	[(42,4416),(46,1351),(58,658),(59,804)]	19.937892
786	[(13,1206),(16,3400),(24,1865),(33,2220),(43,2727),(62,3789),(84,2492)]	19.128961
787	[(1,774),(2,2956),(21,1156),(31,1727),(45,3713),(57,501),(66,4027)]	26.320404
788	[(10,859),(23,1921),(33,1570),(36,1162),(67,80),(89,1664)]	19.654007
789	[(24,909),(26,1378),(41,640),(52,3535),(59,3354),(61,3106),(71,2893),(74,1759),(80,3260),(83,3815),(87,671)]	19.870989
790	[(34,1318),(52,2402),(82,3252),(91,3752)]	18.776077
791	[(10,2855),(12,3100),(52,2563),(74,1824),(84,1579),(89,3427)]	19.888878
792	[(21,376),(33,4326),(45,2990),(54,2462),(56,46),(58,473),(74,954),(90,412)]	19.115175
793	[(32,4259),(43,2791),(56,313),(73,4632),(87,4536)]	18.188342
794	[(27,1456),(45,1456),(55,1121),(73,3704),(82,3834),(85,1887)]	18.000296
795	[(3,627),(4,4427),(25,1966),(52,2044),(57,1949),(70,764),(77,1879),(84,1420),(87,821),(92,3705)]	19.104784
796	[(5,1995),(12,1260),(27,866),(28,2536),(34,886),(42,294),(53,3545),(69,4660)]	18.218817
797	[(27,2686),(38,2391),(44,3697),(48,942),(53,1946),(54,3658),(64,0)]	18.834760
798	[(35,2762),(40,4488),(75,250)]	18.698007
799	[(12,4331),(39,3531),(46,3259),(53,3267),(72,1921),(75,2071)]	18.304040
800	[(3,3266),(9,2953),(11,4522),(19,1432),(21,190),(29,552),(37,957),(45,3914),(86,2141)]	19.185398
801	[(7,3578),(29,4398),(64,4357),(74,807)]	17.773741
802	[(4,363),(31,645),(32,1378),(42,928),(51,2125),(63,4457),(68,2120),(91,1934)]	18.150955
803	[(25,2349),(44,2605),(80,3418),(83,3304)]	19.701160
804	[(2,3373),(16,2597),(68,971)]	18.901869
805	[(1,758),(82,1105),(89,575)]	19.219098
806	[(21,3432),(51,188),(64,123),(80,2440)]	18.250031
807	[(7,2287),(35,4675),(49,789),(63,3669),(68,374),(70,1367),(80,1256),(83,4534),(91,1039)]	18.164855
808	[(14,594),(15,408),(20,832),(46,311),(72,425),(73,4521),(74,3334)]	18.078717
809	[(10,157),(59,324),(68,3873)]	18.318847
810	[(22,4613),(49,3415)]	18.863474
811	[(13,2602),(18,3439),(21,120),(26,2065),(76,3325),(78,2688),(85,2858)]	19.822038
812	[(2,2742),(27,2540),(35,4083),(38,3786),(44,1270),(63,2410),(69,1881),(71,243),(83,4114),(84,1095)]	19.067360
813	[(5,1778),(9,1445),(10,1508),(16,3979),(26,4447),(50,1474),(55,3415),(61,1442),(78,155),(80,1316),(86,2740),(91,1295)]	22.219391
814	[(38,859),(56,4364),(59,4031),(63,790),(82,1565)]	20.738433
815	[(26,4073),(31,1586),(48,4350),(65,3739),(69,3103),(80,3863),(81,1038),(85,4177)]	18.459991
816	[(0,1173),(18,2835),(30,3970),(33,2641),(36,2481),(46,2118),(54,3094),(72,2768),(91,968)]	18.521405
817	[(15,701),(26,463),(50,2126),(51,1060),(56,568),(66,3293),(76,1845)]	18.491845
818	[(4,995),(10,3538),(35,1132),(72,581),(74,225),(77,1307),(88,3433),(89,498)]	19.063542
819	[(31,2951),(66,1469),(70,3959),(82,1261),(85,3537)]	18.400691
820	[(28,1502),(33,618),(60,3462),(65,2792),(75,3773)]	18.240206
821	[(3,691),(12,4568),(52,1528),(74,3414),(77,4619),(85,1669)]	21.028053
822	[(19,2877),(22,1380),(33,1390),(36,1580),(78,2629),(91,402)]	26.547634
823	[(1,503),(3,564),(40,237),(46,1079),(74,2511)]	30.046567
824	[(9,355),(15,1563),(19,3728),(24,1),(26,1252),(30,3504),(38,2040),(56,835),(85,4106),(91,3472),(92,3255)]	17.997224
825	[(10,752),(33,1906),(81,1434)]	18.669942
826	[(0,74),(5,581),(36,3078),(38,1157),(45,1835),(48,3835),(50,3187),(66,1531),(78,3655),(91,420)]	18.115160
827	[(7,4584),(14,423),(20,2441),(52,946),(63,449),(66,4414),(76,1904),(92,2070)]	18.071098
828	[(16,2914),(21,1885),(31,4359),(60,477),(61,3013),(68,2903),(81,491)]	18.749261
829	[(9,2452),(11,126),(18,2558),(22,1439),(23,3397),(24,705),(53,1304),(57,1282),(86,1091)]	18.090432
830	[(1,1159),(16,4503),(21,4443),(32,2395),(35,1815),(38,721),(40,2796),(52,1411),(59,135),(91,2181)]	18.563599
831	[(2,2268),(3,1561),(23,2143),(29,3476),(41,1365),(49,964),(66,2250),(72,4400),(77,987),(82,1597)]	18.334671
832	[(20,1305),(27,221),(41,541),(62,1648),(80,3946),(82,2186)]	21.382456
833	[(7,982),(8,2256),(43,3835),(48,595),(53,1333),(67,958),(71,2731),(84,4389)]	18.532164
834	[(31,862),(33,4595),(40,1043),(44,2355),(65,3517),(66,2820),(77,1506),(83,4434)]	18.008008
835	[(8,3344),(9,2923),(24,1513),(29,2555),(43,2911),(48,938),(85,2135)]	22.268578
836	[(0,805),(11,2021),(33,1139),(62,3525),(77,1692)]	18.374435
837	[(9,4489),(54,1774),(58,4123),(67,3208),(72,1076),(83,2763),(84,1672)]	20.312469
838	[(1,515),(3,1520),(26,4609),(42,194),(51,138),(59,2871),(92,85)]	22.893404
839	[(7,3522),(29,2779),(52,1874),(66,961),(77,642),(90,2764),(92,2741)]	21.778496
840	[(0,2596),(9,2168),(22,2595),(46,1729),(53,864),(56,3598),(59,1637),(61,4562),(83,4707),(84,3651)]	19.168223
841	[(15,4590),(17,2922),(29,3890),(48,4671),(53,1912),(63,2796),(90,2668)]	18.597631
842	[(0,902),(14,1860),(33,3262),(51,3428),(78,2863)]	18.814040
843	[(14,643),(25,3456),(51,1942),(67,1294),(69,1016),(74,1471)]	18.493123
844	[(2,1257),(3,1351),(10,2933),(32,3940),(35,3353),(57,2972),(59,1855),(65,2394),(77,1187),(86,1985),(87,1643),(90,1541),(92,2254)]	18.390349
845	[(10,492),(30,1031),(65,3687),(71,3564),(76,3491)]	18.686203
846	[(1,259),(8,1524),(56,582),(66,3188),(92,3697)]	18.893067
847	[(7,2345),(29,1994),(74,163),(79,4185)]	23.347713
848	[(5,1761),(43,388),(53,700),(55,4719),(59,978),(71,1597)]	19.101867
849	[(10,2461),(11,11),(33,3950),(41,1626),(52,4600),(73,1529),(78,2681),(82,1225),(83,2148),(92,777)]	18.712049
850	[(0,1897),(16,4574),(25,2116),(37,1856),(70,1085),(73,1556)]	19.840100
851	[(9,168),(31,2390),(37,738),(38,1486),(41,356),(45,4359),(52,3282),(59,1570),(61,4405),(69,742),(90,775)]	18.186296
852	[(31,219),(35,454),(37,50),(39,4162),(62,4233),(80,1222),(85,2279)]	18.454959
853	[(12,1664),(25,1245),(34,4175),(37,285),(39,1787),(45,4004),(57,342),(58,4485),(64,1069),(76,190),(88,4267)]	18.255302
854	[(2,621),(4,3598),(29,2036),(48,1286),(64,3857),(68,128),(78,2311),(80,3689),(82,2194),(89,3945)]	18.502635
855	[(1,973),(4,1685),(5,1194),(35,201),(49,1008),(52,466),(67,4277)]	18.630334
856	[(12,2680),(17,2615),(31,1959),(34,176),(40,4203),(69,771),(74,2299),(88,1518),(89,1844)]	18.169800
857	[(2,2088),(5,3489),(36,2173),(40,4110),(69,2984)]	18.074453
858	[(3,188),(24,2772),(25,1609),(38,1978),(55,2254)]	18.274841
859	[(4,221),(7,4266),(19,2967),(20,3309),(50,2434),(51,3900),(53,403),(63,997),(75,1384),(78,2623),(81,1053),(85,1443)]	21.009340
860	[(11,2064),(30,4342),(63,1958),(68,3186),(78,3379)]	18.441173
861	[(18,315),(20,1698),(38,2300),(52,2777),(54,4382),(91,3740)]	18.389140
862	[(33,2089),(68,1977),(86,2873),(87,1389),(90,14)]	18.049957
863	[(9,2294),(23,1665)]	18.265400
864	[(3,2801),(4,3831),(17,4118),(25,3436),(35,2543),(38,96),(42,1155),(46,3649),(48,1735),(52,3363),(81,3150)]	18.397032
865	[(20,1901),(22,2975),(48,1500),(51,3451),(62,4315),(65,2080)]	18.250458
866	[(70,3586),(76,2367),(78,4047),(81,1678)]	18.130825
867	[(19,4430),(26,3837),(42,2939),(44,3558),(52,999),(58,3037),(90,2613)]	18.523475
868	[(10,585),(29,2082),(30,739),(56,3069),(71,4039)]	18.114091
869	[(15,2758),(16,54),(26,1475),(50,1964),(55,1811),(82,1292)]	18.933942
870	[(38,4560),(44,979),(58,805)]	18.114522
871	[(14,4209),(35,175)]	18.775587
872	[(17,413),(29,447),(34,4029),(47,3798),(56,1139),(79,2503),(80,2431),(88,1388)]	20.269192
873	[(18,1876),(23,2928),(34,4354),(35,2396),(42,3703),(52,1440),(58,1950),(61,2196),(67,1788),(84,4170)]	18.448051
874	[(4,2634),(9,3347),(14,1167),(25,1228),(68,1465)]	18.481874
875	[(1,2077),(31,237),(52,1619)]	18.124898
876	[(45,4013),(51,3541),(64,250),(79,2891),(90,4306),(91,2457)]	30.113069
877	[(7,4427),(32,3537),(52,707),(55,4159),(62,202)]	29.685693
878	[(0,1751),(57,2044),(65,3807),(85,4351),(87,422)]	18.402888
879	[(1,1300),(25,1438),(30,3931),(32,1987),(52,1714),(59,2305),(66,118),(67,483),(81,572),(85,527),(90,3654)]	18.524957
880	[(9,2650),(22,980),(27,1452),(36,4362),(43,2087),(49,714),(86,3677)]	18.814046
881	[(19,140),(40,1611),(48,4441),(50,901),(55,204),(65,3426),(74,3290),(75,3952)]	18.795207
882	[(11,802),(32,3696),(34,4397),(37,3945),(41,2677),(50,964),(81,4715),(85,2776)]	18.219648
883	[(2,3961),(6,200),(23,1562),(25,2521),(39,330),(46,1390),(68,2714)]	20.914652
884	[(7,3130),(17,3619),(24,4268),(30,4144),(44,2326),(53,263),(54,4711),(69,3184),(76,3302)]	18.822966
885	[(11,4626),(18,1496),(21,3640),(30,3988),(32,1191),(39,1924),(45,4323),(65,2468),(70,1894),(80,3920),(83,2514)]	20.348886
886	[(14,2532),(26,1494),(35,2013),(37,3067),(39,1752),(57,1252),(76,638),(89,1819)]	18.354570
887	[(4,2542),(18,3375),(36,18),(44,428),(48,4726),(62,2496),(64,2162),(78,4711)]	18.742708
888	[(21,3136),(26,873),(32,894),(36,2535),(49,2745),(63,2039),(72,1877),(78,3241)]	19.957592
889	[(9,1374),(19,12),(43,2902),(64,2562),(84,3743),(92,1655)]	19.969944
890	[(0,846),(1,1816),(11,1207),(15,220),(23,4145),(39,4479),(51,0),(55,2326),(68,2165),(72,1036)]	23.919597
891	[(13,4495),(24,2284),(27,4656),(44,3334),(52,2724),(57,1013),(68,4403),(85,3432)]	19.433749
892	[(22,3676),(32,1469),(36,2573),(41,2029),(48,3737),(55,4421),(60,4678)]	18.205918
893	[(0,1989),(27,3996),(29,4098),(35,1339),(36,1755),(38,1263),(41,4692),(52,1945),(67,1682)]	18.807832
894	[(0,3430),(12,3024),(16,1779),(18,2065),(78,16),(89,3412)]	19.124382
895	[(1,57),(19,923),(20,2688),(21,1661),(30,399),(41,3059),(47,91),(60,270),(62,3039)]	18.290503
896	[(9,1037),(21,2579),(45,1289),(46,1968),(59,1453),(60,1472),(85,2407),(86,3094)]	18.338918
897	[(39,94),(58,973),(62,3236),(65,3497),(73,2133),(83,2686)]	18.267532
898	[(16,3222),(24,1106),(29,1901),(36,2850),(39,4471),(66,3377)]	18.735263
899	[(5,1989),(8,556),(9,2786),(15,1296),(37,3202),(38,44),(52,2271),(59,3352),(69,197)]	18.379558
900	[(39,750),(42,3074),(49,3919),(53,4381),(60,982),(89,1664)]	19.391114
901	[(16,887),(25,2678),(30,2929),(41,2605),(50,4125),(52,4528),(64,1146),(73,2448),(79,2147),(84,1907)]	18.919370
902	[(1,3585),(2,150),(13,540),(14,4302),(18,532),(30,1346),(31,4025),(60,3731),(62,2408),(77,4050),(80,3868),(91,569)]	18.267444
903	[(29,467),(30,3757),(51,705),(54,2548),(66,2050),(72,1869),(76,453)]	18.151500
904	[(13,276),(40,4503),(42,4572),(43,2217),(44,1984),(53,2273),(82,1884),(85,2170)]	18.683972
905	[(5,3152),(6,1621),(36,485),(78,2329),(85,70)]	18.754755
906	[(20,3375),(21,3046),(49,3888),(65,4679),(73,366),(77,1983)]	18.604046
907	[(1,3366),(8,761),(13,1002),(20,852),(30,3266),(33,3790),(47,169),(76,884)]	17.992851
908	[(60,855),(69,2818),(80,3231),(85,661)]	18.007344
909	[(16,1904),(36,506),(38,2756),(47,3755),(89,3698)]	18.028713
910	[(16,1655),(38,2013),(45,970),(57,3173),(61,1596),(68,1626),(76,2449),(80,2139),(87,3018)]	18.072488
911	[(43,4356),(44,4438),(54,2133),(57,1369),(69,4692)]	22.207269
912	[(5,2423),(16,1371),(25,2270),(44,1503),(59,2742),(60,3028),(63,632),(72,2332)]	18.837450
913	[(40,1463),(47,933),(69,4440),(73,4280),(74,4516),(92,2038)]	18.240762
914	[(17,193),(19,2803),(24,1011),(27,3561),(46,3384),(69,3192),(75,3872),(78,473),(89,4028)]	18.162517
915	[(16,589),(40,3680),(45,1605),(62,969),(63,1326)]	19.451112
916	[(15,1587),(40,2817),(50,1535),(55,3852),(58,1536),(59,911),(61,4175),(74,3008),(84,416)]	18.474665
917	[(2,1951),(7,4068),(20,2205),(24,209),(26,3699),(37,3652),(41,2254),(45,2106),(58,3384),(65,529),(83,1520),(86,3660),(87,2505)]	21.051847
918	[(13,1160),(41,3857),(57,3228),(87,4224)]	21.190792
919	[(1,922),(13,2447),(44,1286),(66,666),(78,4489),(82,1903),(84,24)]	20.655646
920	[(6,1100),(17,1749),(59,1128),(67,551),(74,2931)]	20.530452
921	[(5,558),(10,4244),(16,2909),(19,4030),(20,3820),(25,1049),(26,4298),(32,1976),(36,1743),(38,2171),(39,2682),(91,1822)]	18.006959
922	[(8,3838),(9,1907),(21,2565),(27,934),(40,939),(49,389),(51,1392),(60,2342),(77,2614),(84,3210),(86,3311)]	18.361374
923	[(7,2454),(22,2081),(28,1676),(43,3505),(59,4227),(62,4382),(87,1329)]	17.853345
924	[(11,4038),(12,3325),(45,4719),(54,2416),(77,4318),(78,4321),(92,4478)]	18.299456
925	[(17,3833),(20,1685),(48,426),(54,1999),(88,1751)]	18.224619
926	[(5,819),(23,3456),(54,1914),(71,1429),(84,3257),(92,2452)]	20.352762
927	[(1,4362),(31,2505),(32,3259),(47,2414),(61,3960)]	17.976019
928	[(9,4234),(28,2234),(44,613),(51,712),(80,3369),(88,835),(90,1007),(91,2987)]	17.963621
929	[(33,3559),(46,3331),(59,4564),(73,3689),(83,27),(92,4034)]	18.028179
930	[(38,250),(55,4247),(62,1498),(68,3126)]	34.903295
931	[(2,2579),(22,1798),(26,1032),(33,3133),(50,1404)]	21.816955
932	[(6,3962),(15,2307),(44,2961),(72,687),(90,1660)]	18.242225
933	[(6,1874),(8,242),(34,1779),(42,2159),(45,831),(58,1042)]	17.963191
934	[(23,1898),(49,3652),(54,4631),(55,4157),(60,2431),(72,3916),(83,2045)]	18.030058
935	[(2,3311),(3,1842),(4,1514),(7,3862),(16,576),(36,4658),(42,442),(77,2627),(85,4100),(91,464)]	22.015829
936	[(12,823),(25,2623),(30,3618),(48,660),(50,4378),(71,1837)]	18.784126
937	[(64,621),(73,661),(86,1557),(91,3441)]	18.818340
938	[(3,2857),(27,1265),(58,338),(80,2968)]	19.516553
939	[(1,4075),(14,2164),(15,320),(55,129),(71,4378),(76,2645),(82,2899),(87,3581),(92,770)]	18.899273
940	[(24,2650),(27,2225),(67,3191),(68,612),(74,1846),(81,4663),(86,4081)]	20.420124
941	[(4,1599),(11,4342),(40,2153),(73,2033),(80,3740),(86,1072)]	21.852340
942	[(0,2282),(16,656),(54,4215),(56,249),(58,3008),(59,3138),(67,1579)]	22.909545
943	[(7,3440),(13,3253),(15,2958),(28,2506),(82,1367)]	18.693837
944	[(4,4111),(5,4718),(14,2366),(22,3015),(38,1155),(80,3526),(92,292)]	18.284674
945	[(49,4634),(70,4204),(89,1209)]	18.168411
946	[(3,61),(28,2185),(31,2190),(38,3424),(54,2731)]	18.019299
947	[(24,4380),(38,1706),(51,2289),(54,3459),(55,2384),(56,2089),(77,4267)]	19.402953
948	[(1,3125),(5,3630),(14,2676),(22,1856),(26,1039),(30,3932),(31,2477),(39,2761),(66,4041),(79,706)]	17.975732
949	[(5,4210),(7,3439),(30,2471),(47,1997),(50,3855),(52,940),(57,2768),(63,3454),(68,1461),(76,14),(88,2643)]	18.088810
950	[(0,505),(2,2689),(20,2480),(25,3920),(28,2728),(36,404),(42,3324),(57,944)]	21.675542
951	[(2,338),(8,2147),(10,4511),(14,3589),(62,3004),(63,3425),(82,4577),(83,2454)]	20.935359
952	[(4,2856),(41,2818),(44,1254),(56,910),(60,1114),(67,750),(72,2253)]	20.937027
953	[(26,4640),(32,3065),(38,3501),(39,3741),(45,2800),(50,7),(51,4254),(65,304),(74,2069)]	20.943604
954	[(2,3754),(7,2015),(17,3038),(24,1937),(25,2029),(43,1550),(62,3321),(65,749),(69,1124)]	20.020705
955	[(3,3142),(5,823),(8,3949),(34,2732),(41,2137),(68,1055),(70,3674),(76,1770),(90,1795)]	18.130498
956	[(12,2565),(14,445),(18,60),(62,1207),(75,239),(76,569),(87,4138),(88,2070)]	18.705829
957	[(2,3636),(6,2344),(9,3637),(15,1929),(35,923),(36,2688),(69,1134),(80,35),(87,3011)]	18.173587
958	[(7,4283),(10,1486),(21,4081),(31,3718),(33,4670),(46,3294),(50,643),(70,930),(71,3287),(83,3348)]	18.222452
959	[(2,135),(5,2458),(22,1288),(26,4533),(27,3432),(29,3735),(37,1515),(40,504),(48,1082),(50,3754),(71,1823)]	18.300325
960	[(3,4134),(4,2412),(10,1602),(13,1596),(17,302),(32,2313),(38,1554),(45,3235),(67,3423),(76,1067),(83,2259)]	18.651852
961	[(8,1278),(12,941),(20,34),(54,3329),(86,3153),(87,4626)]	18.511066
962	[(6,4470),(12,743),(19,4478),(29,468),(42,1963),(55,2709),(63,4163),(65,1818),(76,3846),(84,877)]	18.296174
963	[(4,3935),(7,4122),(27,2830),(28,4413),(46,1343),(74,2083)]	18.428932
964	[(4,4418),(6,89),(25,260),(36,1966),(65,1936),(89,233),(92,922)]	18.390538
965	[(32,2077),(48,1189),(49,1151)]	18.064182
966	[(3,1610),(8,2980),(19,2202),(85,22)]	18.062791
967	[(21,165),(34,3285),(38,1821),(47,2566),(64,3349),(67,4565),(68,2572),(71,2493),(73,3513),(83,3424),(86,4464)]	18.354613
968	[(29,715),(30,728),(33,672),(34,4573),(65,4011),(76,622),(89,1829)]	18.330163
969	[(41,774),(49,1111),(54,3370),(75,2595)]	19.632983
970	[(11,3567),(12,3889),(16,4454),(22,525),(57,70),(72,2367),(79,2077),(83,2261),(88,3917)]	18.849580
971	[(15,2498),(24,1729),(42,2144),(47,4621),(59,3670)]	18.820903
972	[(2,4139),(16,30),(48,1007),(59,2094),(68,2265)]	18.205012
973	[(8,4140),(9,2092),(30,1383),(63,3769),(74,829),(82,1359)]	17.741069
974	[(7,1500),(26,343),(32,1602),(34,446),(53,4168),(84,173)]	18.152975
975	[(18,4571),(26,3156),(73,4238)]	17.806072
976	[(17,2750),(34,241),(46,1813),(57,1395),(65,2398),(86,4026)]	18.050262
977	[(7,4650),(11,1613),(42,1369),(57,2313),(64,2033),(75,3493)]	18.337041
978	[(9,3540),(72,3121),(91,1564)]	18.217694
979	[(10,748),(23,1875),(81,1631)]	17.935626
980	[(11,3889),(20,2291),(34,2079),(39,2498),(43,997),(60,11),(67,227),(83,3569),(91,3803)]	17.729697
981	[(3,626),(15,362),(32,2311),(80,2110),(81,4057),(83,4423),(85,2911),(87,1081),(88,1844)]	18.151917
982	[(16,975),(46,2783),(87,3390)]	18.473575
983	[(29,2243),(65,4089),(68,913),(79,3634),(83,795),(86,4000)]	18.694793
984	[(12,3806),(53,284),(74,4201),(78,118),(79,483),(92,744)]	36.410960
985	[(12,442),(13,2078),(78,1263)]	18.427816
986	[(27,1599),(48,3599),(51,654),(65,1526)]	18.702603
987	[(24,3623),(37,1152),(43,67),(51,2658),(69,2015),(78,4639),(86,2998)]	20.597216
988	[(9,2438),(23,2596),(36,3876),(45,3377),(48,1019),(49,3870),(91,542)]	18.769685
989	[(10,1770),(13,3975),(18,2671),(24,3195),(27,1097),(57,2889),(72,1485),(89,3109)]	18.415778
990	[(4,1778),(14,1622),(26,663),(47,1563),(49,85),(66,162),(68,914),(81,3487)]	18.443951
991	[(5,4117),(16,101),(29,1436),(47,2960),(55,3672),(57,1262),(69,2595),(73,782),(85,466)]	17.951088
992	[(12,4324),(19,3236),(29,3989),(48,4692),(52,1477),(82,398),(91,3305)]	19.868293
993	[(3,1202),(5,3780),(24,1720),(32,3234),(38,1158),(39,3208),(44,1320),(56,4501),(77,2405),(80,3788)]	31.269865
994	[(0,664),(1,1953),(6,4433),(22,1457),(36,4194),(54,1154),(68,3016)]	41.149485
995	[(11,887),(17,1107),(34,4199),(41,156),(62,3673),(77,3195),(78,4294),(83,3170),(90,3091)]	38.124365
996	[(1,4697),(10,1682),(14,1475),(30,1643),(35,2020),(65,3566),(92,102)]	39.778130
997	[(11,1087),(14,1420),(57,4422)]	37.520464
998	[(65,2042),(67,4268),(84,1854)]	38.673924
999	[(11,1492),(17,346),(24,1653),(31,282),(40,3861),(50,3048),(82,4211),(90,2740)]	34.849781
