ruleset_index	matches	time_ms
0	[(24,4624),(25,2268),(42,3440),(73,2392),(79,1053),(88,3978)]	20.638522
1	[(12,5011),(13,2919),(28,3954),(37,2530),(59,1120),(62,2381),(70,4207),(87,2584),(90,1955)]	20.085283
2	[(26,3540),(36,3538),(41,5163),(43,4579),(44,1406),(64,1053),(76,3172),(82,1585),(87,3917)]	19.348019
3	[(3,3725),(15,956),(40,4627),(46,2917),(57,4317),(73,4765),(84,2501),(87,231),(90,493)]	19.138013
4	[(62,3232),(68,3633),(69,3609),(70,419),(77,789),(86,2074)]	19.651665
5	[(12,1045),(20,3010),(26,4432),(28,4829),(30,2572),(42,3176),(60,1810),(63,17),(66,1422),(67,2865),(79,3592)]	19.193352
6	[(11,4604),(16,4818),(23,647),(39,858),(44,1779),(66,4936)]	19.452916
7	[(18,4869),(26,3676),(55,889),(83,2644)]	19.263504
8	[(13,371),(37,1241),(50,470),(67,2064),(69,158),(75,1675),(86,2384),(88,4879)]	28.362117
9	[(3,2062),(6,3233),(15,4117),(18,487),(21,4966),(22,4544),(32,773),(48,3346),(70,5028),(76,3252),(86,1215)]	30.061551
10	[(12,4842),(27,1032),(28,1581),(30,4176),(33,1568),(62,4976),(66,3308),(88,273)]	20.634452
11	[(23,1658),(37,4606),(56,3405),(57,3970),(75,1806),(78,585),(90,957)]	19.459568
12	[(18,613),(44,635),(52,1436),(79,2933),(81,4117),(92,3440)]	19.210850
13	[(10,2918),(28,5032),(31,1336),(42,1244),(57,4003),(74,438),(80,1490)]	19.551656
14	[(9,3323),(11,289),(32,514),(38,1277),(39,3072),(46,1557),(80,679),(83,5127)]	22.143532
15	[(23,5263),(28,3175),(38,2912),(59,4857)]	21.148531
16	[(31,4392),(33,2779),(48,1051),(51,1280),(55,2680),(65,3907),(69,1904)]	21.996784
17	[(16,505),(17,5089),(32,4275),(47,3386),(65,1838),(83,4041),(87,5183),(88,3162)]	19.097814
18	[(3,5270),(4,3684),(23,5203),(26,618),(58,1039)]	19.409878
19	[(0,454),(12,2451),(38,1697),(45,263),(54,2818),(62,4411),(65,1514),(83,1108),(88,2409),(90,2662)]	26.076047
20	[(2,934),(42,559),(62,1347),(66,4740),(77,4351),(89,3318)]	19.522387
21	[(3,4150),(16,2810),(18,2760),(25,5197),(51,2404),(79,3062)]	19.369198
22	[(47,2456),(56,4771),(67,4721),(84,358)]	19.507052
23	[(0,4554),(17,3306),(24,1815),(38,4821),(58,705),(77,1531),(91,2070)]	20.433315
24	[(8,2346),(43,4456),(45,3150),(66,3121),(89,1143)]	19.980604
25	[(18,1444),(30,4998),(31,4647),(41,3822),(79,1568),(81,3882)]	19.712290
26	[(16,4898),(44,731),(45,2462),(57,3810),(69,3687),(77,1935),(86,249)]	19.210797
27	[(8,3843),(28,4725),(81,2839)]	19.283841
28	[(2,2989),(3,4173),(17,2217),(32,1958),(52,2885),(62,2287),(80,1757),(90,3622),(92,2536)]	20.113544
29	[(18,3492),(22,407),(27,2491),(30,2619),(32,946),(42,249),(52,3707),(57,3590),(66,4482),(73,1196),(83,526)]	19.754734
30	[(5,2977),(33,2569),(38,4843),(41,2040),(46,1420),(57,9),(63,1516),(66,1530)]	20.456483
31	[(6,295),(8,29),(14,3351),(21,2011),(26,984),(32,3046),(66,3792),(89,3542)]	19.685121
32	[(4,2503),(5,1607),(69,3812),(70,4435),(74,2105),(91,4128)]	21.196123
33	[(10,3930),(24,4018),(35,1572)]	20.280448
34	[(1,364),(6,4649),(11,2015),(12,1949),(44,5023),(68,2612),(71,4660)]	19.063656
35	[(12,4210),(25,995),(32,3584),(42,1678),(63,2785),(67,1509),(86,2784)]	19.016999
36	[(10,4601),(23,3306),(27,5262),(62,341),(65,1598),(67,5137),(81,844),(82,3920),(90,1931)]	19.749357
37	[(71,603),(78,2624),(79,4183),(84,753)]	19.329040
38	[(7,3202),(25,2783),(26,996),(38,2065),(46,2144),(47,1640),(48,2006),(55,4533),(76,3426),(77,4881),(81,3770),(83,5038),(90,449)]	19.481602
39	[(37,3418),(56,103),(72,5175),(84,4156),(87,4914)]	19.081655
40	[(4,3291),(16,1327),(21,3999),(48,4852),(65,2074),(67,3576),(77,1068),(78,1902),(85,3778)]	19.653509
41	[(1,33),(2,4456),(6,5224),(35,3073),(40,897),(42,4364),(44,3410),(45,764),(50,661),(60,3053),(76,1513),(92,4950)]	19.215529
42	[(1,532),(24,5249),(34,449),(56,3498)]	19.240092
43	[(7,5053),(17,2312),(21,4850),(48,1517),(53,3962),(54,5183),(55,3162)]	20.234616
44	[(8,3317),(9,2592),(11,1786),(14,1116),(30,5263),(32,4237),(37,2903),(39,110),(63,3469)]	19.131440
45	[(5,2542),(8,446),(10,409),(12,646),(31,3982),(48,4108)]	19.850937
46	[(30,2028),(37,4524),(41,796),(47,1336),(58,4524),(61,4076),(66,5266),(69,3347),(70,4383),(86,3800),(92,1630)]	20.842463
47	[(16,3897),(18,1712),(20,3833),(24,2934),(63,4878),(71,4555),(72,3679),(90,4738)]	19.137180
48	[(4,4703),(37,993),(57,3898),(59,286),(61,1906),(65,623),(75,1387),(89,4998),(90,4647)]	19.381672
49	[(3,4706),(15,58),(17,4592),(45,1785),(75,730),(79,191),(90,3872)]	21.455586
50	[(0,2941),(1,1853),(4,968),(8,2064),(17,2048),(22,5204),(35,3787),(46,4078),(48,2846),(61,2561),(63,4543),(78,2024)]	19.219354
51	[(11,617),(28,4112),(54,1645),(60,4163),(62,4069),(77,4732),(81,146),(82,3199),(83,3244),(88,3301)]	19.257224
52	[(1,1720),(4,3781),(8,3193),(23,2322),(41,2357),(45,2873),(60,117),(67,1483)]	19.624844
53	[(4,4653),(19,3934),(22,826),(30,902),(42,1456),(69,444),(88,4674)]	22.035526
54	[(32,4211),(43,3635),(57,3431),(74,3211),(79,525),(90,4895)]	19.057394
55	[(17,413),(20,2343),(25,1256),(69,1683),(78,5253),(92,4598)]	19.077373
56	[(5,3031),(12,4546),(39,3916),(40,1019),(68,2144),(75,1663),(86,174)]	19.173473
57	[(2,4941),(31,3786),(35,2694),(44,5102),(62,3593),(73,1742),(80,2769),(83,3045),(84,1144),(90,4158)]	19.236057
58	[(1,3840),(7,5106),(8,2461),(12,2595),(22,3577),(52,1455),(57,4109),(65,3726),(70,561),(73,2486),(79,1624)]	19.011745
59	[(3,2605),(20,4723),(26,3914),(30,4729),(31,471),(50,4656)]	26.326451
60	[(6,995),(9,603),(13,212),(16,2230),(23,4167),(28,2308),(31,3016),(35,167),(47,3038),(62,3183),(72,862),(80,4995),(84,4814)]	32.113191
61	[(3,1422),(4,1286),(43,996),(47,4333),(57,2875),(84,401)]	19.222533
62	[(5,3221),(26,3588),(50,1842),(68,4161),(70,4243),(72,3776),(85,447)]	18.951814
63	[(6,3970),(19,1065),(29,2843),(43,3282),(44,4996),(49,4279),(55,88),(59,3754),(65,3581),(72,279),(76,990)]	19.227093
64	[(25,3508),(74,876),(77,4964),(78,5093),(86,4881)]	22.451965
65	[(9,1569),(16,2806),(22,4756),(23,1159),(27,4170),(40,1684),(47,2024),(79,3605)]	18.936053
66	[(4,2503),(19,4717),(30,1995),(46,1760),(49,1557),(52,4128),(62,5064),(64,2352),(86,3956)]	19.027320
67	[(40,750),(62,4305),(71,2117),(76,2132)]	19.027574
68	[(20,3894),(27,412),(41,439),(75,4960),(80,2324),(86,2577)]	22.198266
69	[(6,4588),(13,3821),(47,2295),(78,4331),(85,1005),(86,1857),(92,1807)]	25.207520
70	[(7,983),(25,4585),(34,575),(35,5239),(45,3953),(61,4929),(62,2094),(81,3438)]	18.879303
71	[(1,354),(4,2495),(18,3156),(47,2417),(62,2988),(76,1568)]	18.984939
72	[(3,5001),(5,3000),(33,1544),(35,5073),(55,1196),(72,4727),(75,881),(77,3296),(85,1040)]	19.479389
73	[(6,70),(13,1604),(40,1529),(48,1060),(61,2806),(67,4260),(69,2376)]	19.060879
74	[(5,1249),(11,4329),(23,268),(27,3983),(34,1393),(40,4390),(49,4987),(76,565),(84,1395),(88,4858)]	18.780816
75	[(5,2627),(16,4965),(26,1130),(28,2223),(69,3180)]	22.450083
76	[(34,2684),(44,1832),(58,859),(74,1307)]	19.642743
77	[(2,2575),(9,4413),(42,385),(43,4981),(46,5224),(73,3315),(82,2656),(88,7)]	19.247900
78	[(4,4052),(22,4586),(33,3506),(46,506),(52,118),(62,342),(91,1746)]	20.808467
79	[(18,2405),(27,896),(37,2177),(38,412),(47,768),(52,1212),(74,1174)]	19.036331
80	[(5,962),(23,3162),(34,2964),(44,5063),(57,2218),(60,3532),(80,1804)]	19.035707
81	[(25,422),(34,2768),(40,2202),(89,1462)]	19.525636
82	[(1,2694),(12,4138),(24,2821),(47,936),(63,77),(67,125),(76,2695),(91,260)]	19.719435
83	[(15,3525),(32,3122),(59,4433),(63,3403),(82,3822),(87,4939),(88,2329)]	18.921674
84	[(2,713),(33,905),(47,815),(64,754),(69,385),(85,4103)]	19.321358
85	[(17,35),(25,3815),(35,2834),(48,5090),(52,2781),(60,658),(68,4196),(69,2497),(73,2043),(88,4858)]	18.911785
86	[(3,5050),(6,519),(43,4296),(54,968),(91,2856)]	19.489617
87	[(1,96),(7,4140),(29,917),(30,79),(60,1696),(76,1213),(84,2837),(86,2007)]	18.832874
88	[(2,2922),(7,2263),(10,2751),(17,2351),(23,734),(31,2464),(39,3297),(48,3106),(54,2502),(64,3029),(81,2442),(90,5011)]	19.036819
89	[(6,2489),(7,794),(31,3537),(37,741),(41,4048),(54,3236),(59,2587),(82,126),(86,510)]	19.320388
90	[(0,1085),(1,3490),(41,370),(45,4762),(60,4770),(78,2304),(82,1051)]	19.013006
91	[(3,19),(5,2573),(12,4881),(16,474),(17,1508),(20,2106),(23,4859),(28,1287),(44,5225),(70,3371),(73,4111),(83,285)]	18.799263
92	[(14,2158),(46,3709),(64,2785),(66,127),(82,195)]	19.090273
93	[(28,2573),(30,2873),(47,104),(48,4057),(50,3323),(52,3568),(62,1429),(69,2278),(84,4034)]	19.274731
94	[(5,3000),(15,3760),(31,2852),(41,1738),(48,1516),(52,4115),(81,2614),(86,4019),(89,3127),(90,4193)]	18.970596
95	[(3,5075),(14,1145),(18,5245),(31,1572),(41,3400),(43,1848),(48,3067),(59,2896),(68,4743),(75,685),(80,1228),(82,4473)]	18.961241
96	[(0,2947),(17,3896),(21,2174),(40,199),(54,5039),(65,3856)]	18.950543
97	[(1,367),(12,5122),(25,4902),(30,4914),(32,130),(34,5019),(35,829),(37,3609),(46,5222),(62,2566),(75,755)]	18.897648
98	[(19,4955),(23,2413),(71,4681),(73,528),(75,2611),(77,1810),(92,4935)]	19.890798
99	[(1,1399),(20,701),(37,1587),(41,2880)]	21.145766
100	[(7,2759),(16,466),(18,4102),(43,2869),(50,659),(51,1931),(57,1314),(65,2621),(66,825),(72,286),(76,2951),(86,4932),(87,3929)]	21.092717
101	[(12,79),(13,2203),(22,287),(37,4974),(54,699),(62,2576),(77,3708),(85,2627)]	19.757180
102	[(12,2912),(13,3727),(55,2389),(73,3780),(84,1393),(86,4356),(89,4231)]	20.508236
103	[(7,3460),(13,4818),(53,2470),(61,1518),(63,1026),(68,663),(86,2257),(88,751),(89,2482),(91,1224)]	20.054820
104	[(19,2926),(41,4644),(42,2531),(44,2164),(66,4149),(70,3692)]	19.683129
105	[(2,1694),(3,2881),(26,3441),(35,3681),(41,1905),(54,4869),(62,5113),(68,982),(74,363),(77,1178),(91,2991)]	19.585516
106	[(3,351),(66,4647),(77,1669),(81,1920),(83,2648),(88,119)]	19.504095
107	[(31,4316),(52,1987),(64,1612),(65,2024),(72,861),(78,4994)]	19.032541
108	[(44,2169),(67,3182),(79,1786)]	19.237993
109	[(0,764),(21,3820),(24,2001),(31,2667),(32,2506),(35,393),(40,2083),(42,3743),(47,4398),(51,4019),(60,4656),(63,4426),(85,4083),(86,4999),(88,4842),(92,1866)]	19.465168
110	[(7,2806),(21,1104),(24,386),(27,813),(51,2483),(58,2325),(79,3791),(84,37)]	20.250293
111	[(0,4962),(6,3598),(7,2029),(14,4158),(16,568),(28,1817),(60,4549),(61,4861),(77,1101)]	35.046183
112	[(12,642),(29,2025),(56,1806),(76,1274),(84,3844)]	25.659738
113	[(7,3191),(15,2783),(17,3458),(29,5250),(63,1051),(65,2427),(74,3214),(86,3899)]	20.688392
114	[(5,3602),(27,3345),(44,1308),(46,4724),(56,422),(59,350),(72,47),(77,1153)]	21.671759
115	[(9,4029),(15,2792),(35,871),(37,2959),(38,3664),(44,3483),(48,2454),(68,5030),(74,1196)]	19.783835
116	[(0,762),(1,365),(29,3102),(31,2901),(37,2198),(65,1319)]	19.541200
117	[(3,3066),(43,532),(45,2417),(51,4781),(80,5243),(92,4848)]	19.500921
118	[(26,364),(35,3192),(36,4125),(70,3762),(71,4107),(74,4652),(76,3682),(83,4205)]	25.635966
119	[(17,3369),(38,2331),(74,5033),(89,2781)]	21.000886
120	[(8,3536),(16,2493),(22,4128),(24,4455),(29,1857),(44,3816),(47,618),(65,3471),(83,4482),(88,2217)]	19.458407
121	[(8,554),(17,4565),(18,2741),(25,3336),(31,3733),(49,5139),(60,857),(62,1132),(80,1611),(84,1114),(91,242)]	19.858189
122	[(5,511),(22,4177),(26,2802),(46,1940),(56,2193),(60,3897),(67,654),(83,1634),(86,257)]	19.378104
123	[(2,2140),(12,3675),(13,661),(27,754),(44,3297),(58,4124),(65,2474),(66,1542),(88,2813)]	19.100044
124	[(2,2127),(31,1233),(37,4576),(49,4678),(57,3794),(70,4733)]	19.339980
125	[(65,3198),(68,701),(70,915),(74,5123),(75,1576),(79,2388),(88,886)]	19.549868
126	[(4,4449),(9,1080),(20,5050),(58,4918),(63,4501),(69,2075),(71,4649),(84,3249)]	19.612529
127	[(7,222),(22,3808),(27,4825),(28,542),(54,485),(55,636),(56,4944),(67,3145),(84,3074)]	20.098933
128	[(1,2341),(54,1851),(75,223),(82,1640),(83,2006),(89,389)]	21.105162
129	[(7,2687),(23,3827),(36,1619),(39,2907),(40,1202),(41,2829),(47,1822),(91,727)]	19.095295
130	[(0,161),(17,2329),(18,1845),(21,1576),(47,3871),(49,479),(59,5228),(80,1871),(81,2977)]	19.665645
131	[(5,352),(7,683),(39,1698),(42,2300),(47,2410),(88,2500),(92,5067)]	19.060648
132	[(2,1341),(3,1662),(7,2541),(27,3474),(33,3669),(61,4548),(63,1280),(92,2674)]	20.391132
133	[(5,1623),(11,1460),(19,3295),(27,2981),(37,3995),(38,657),(40,4622),(51,2675),(76,3829),(81,3570),(82,5162)]	18.997680
134	[(1,3198),(6,423),(18,5196),(29,1569),(37,4325),(43,2972),(44,4928),(49,1402),(51,603),(68,3932),(91,4235)]	19.673231
135	[(4,4648),(13,3026),(45,432),(50,2766),(73,3909)]	19.284147
136	[(9,4675),(15,4673),(20,3346),(40,5126),(43,4320),(52,4486),(61,708),(90,193)]	19.473788
137	[(25,5242),(32,2147),(38,2226)]	19.459299
138	[(2,287),(7,2576),(11,238),(13,4378),(26,2441),(43,709),(48,3490),(52,4452),(65,5018),(73,426),(86,150)]	19.162616
139	[(8,1878),(10,2975),(14,4500),(27,4468),(53,938),(62,5158)]	19.046425
140	[(10,1854),(31,1188),(59,2583),(66,4473),(68,1043),(72,3278)]	19.044162
141	[(0,3591),(30,1996),(56,2429),(68,603),(72,2403),(89,3484),(92,3758)]	19.209895
142	[(21,4558),(22,236),(34,4859),(38,4551),(41,4299),(73,2895),(83,2635)]	19.252471
143	[(13,4988),(21,343),(39,5206),(45,1402),(48,2977),(52,4108),(54,3786),(55,4089),(60,4600),(66,2345),(70,1421),(83,1533)]	19.871977
144	[(12,3801),(16,3228),(22,184),(44,864),(76,4218)]	19.722406
145	[(24,2590),(31,460),(32,2437),(55,5272),(59,1673),(60,1829),(71,2038),(85,3281)]	19.207512
146	[(4,1625),(12,58),(19,1573),(33,706),(34,1723),(52,2597),(60,518),(73,222),(78,3496)]	19.006424
147	[(11,3430),(20,1753),(28,227),(33,2707),(71,1554),(79,3279)]	19.273558
148	[(27,4946),(28,3023),(49,2096),(60,3393),(70,2501)]	20.926868
149	[(6,439),(48,3375),(62,5149),(63,3420),(67,2704),(85,1053),(90,4747)]	19.479682
150	[(6,4921),(7,775),(28,1641),(38,3332),(40,2969),(55,136),(90,1002)]	19.633325
151	[(1,3982),(8,1326),(12,2240),(18,4348),(32,1230),(41,4455),(46,2065),(48,2669),(89,2711)]	19.494610
152	[(10,3694),(33,4217),(40,1796),(45,1680),(75,3702),(86,3542)]	19.749059
153	[(17,752),(21,576),(34,2800),(38,4516),(57,3538),(64,4282),(73,2162),(82,4189),(89,2429)]	19.320960
154	[(5,5015),(7,3479),(22,809),(32,1005),(38,216),(49,1697),(53,2215),(70,1559),(71,5199),(79,259),(87,4384),(90,2337)]	19.203885
155	[(3,4270),(23,4495),(68,961),(80,4938),(84,3633)]	19.297196
156	[(17,4291),(32,4915),(45,3133),(82,1151)]	19.176384
157	[(8,1982),(23,3421),(25,1753),(41,3550),(43,3777),(53,4872),(78,5190),(80,329),(81,2874),(88,1503)]	19.324863
158	[(3,327),(7,5099),(36,3010),(39,5244),(41,4311),(65,2511)]	18.955868
159	[(5,3324),(7,5125),(12,1706),(22,1280),(63,122),(76,4846),(78,1105),(81,3346)]	19.429517
160	[(23,739),(58,3917),(92,516)]	18.981344
161	[(6,2731),(14,3164),(24,3599),(27,341),(42,1331),(46,3203),(63,1694)]	19.411158
162	[(1,4163),(26,3527),(28,3864),(33,975),(49,4913),(55,1899),(91,840)]	20.690285
163	[(3,2549),(6,4670),(29,4203),(42,1159),(45,4652),(52,2619),(60,970),(82,701),(84,1577)]	36.853469
164	[(4,4927),(43,56),(49,1382),(58,4710),(62,746),(63,2669),(88,4212)]	22.082840
165	[(28,4779),(54,5179),(58,2820),(66,465),(71,844)]	19.238609
166	[(12,4644),(29,4825),(39,2809),(52,3371),(57,2974),(62,4215),(82,4932)]	18.903752
167	[(25,1533),(28,3184),(30,2129),(43,4257),(44,4469),(45,1264),(66,2767),(88,1865)]	20.234898
168	[(5,1887),(30,3937),(51,4642),(72,2759),(80,4745),(87,1381),(88,4171)]	27.857875
169	[(3,5179),(17,3699),(21,1141),(60,373),(71,4513),(77,1833)]	21.005104
170	[(1,4045),(7,2128),(24,2358),(31,343),(64,1344),(70,1741)]	18.951595
171	[(3,1741),(11,2146),(28,1662),(30,327),(79,2707),(87,361)]	19.602819
172	[(14,539),(47,3841),(63,4599),(64,3077),(72,2054),(90,3434)]	19.393986
173	[(11,3208),(13,573),(31,258),(74,2916),(89,3425)]	25.204940
174	[(12,2390),(32,4969),(33,3675),(34,661),(51,374),(76,514),(88,3636),(89,5194),(91,1797),(92,4883)]	19.212444
175	[(6,3987),(12,928),(14,473),(15,703),(28,2418),(30,2357),(39,4),(45,1672)]	18.894720
176	[(18,3881),(20,3821),(27,4938),(31,5067),(49,2970),(83,876),(85,3394)]	19.749973
177	[(0,4626),(1,4970),(13,3928),(25,4843),(28,2040),(53,4890),(62,3088),(63,1246),(65,183),(87,537)]	19.286818
178	[(0,2878),(1,3195),(3,69),(9,2580),(21,4975),(49,1889),(59,381),(64,4893),(69,2635),(81,3473)]	18.871606
179	[(40,382),(42,1735),(67,1551),(88,1020),(90,167),(91,2207)]	20.776346
180	[(12,4108),(14,3786),(22,2294),(66,1395),(78,3890)]	19.443879
181	[(10,3103),(43,1944),(48,1809),(81,1515)]	19.466766
182	[(16,4255),(20,2296),(24,4471),(31,811),(36,4673),(37,4741),(54,266),(56,1006),(58,1819),(75,1122),(91,1004)]	19.211185
183	[(16,3387),(43,831),(60,478),(61,1844),(63,4861),(66,562),(71,3954),(84,4927),(87,1259)]	18.915712
184	[(0,4156),(2,4062),(4,4396),(10,829),(16,5269),(25,4601),(56,3654),(65,2089),(76,5184)]	19.065068
185	[(1,458),(10,2421),(27,3404),(30,2529),(51,3948),(59,2064),(90,1059),(91,5218)]	19.968811
186	[(1,3064),(7,775),(9,1063),(11,626),(12,2363),(15,3703),(40,4356),(52,4275),(64,4143),(67,3123),(71,959)]	19.977949
187	[(6,2639),(30,2885),(33,284),(34,4686),(40,1728),(51,1005),(59,1538),(65,2439)]	19.437891
188	[(18,1322),(21,125),(26,2895),(42,64),(76,2601)]	19.753461
189	[(36,864),(55,2068),(57,5087),(77,1726),(87,2064)]	19.542712
190	[(3,1336),(12,3291),(14,1712),(33,2892),(34,550),(43,3978),(57,963),(63,136),(77,691),(84,4388)]	19.297884
191	[(13,2177),(21,1325),(26,3388),(38,4499),(47,5070),(57,1589),(73,3807)]	19.600058
192	[(8,1158),(32,4353),(41,3060),(68,3084),(69,1689),(84,2968)]	19.691827
193	[(1,2147),(30,2512),(32,959),(33,5259),(46,877),(48,466),(50,4102),(55,1596),(60,968),(64,4486),(74,2351),(75,4258)]	20.136127
194	[(18,1711),(36,3905),(86,3501),(87,2355)]	19.248738
195	[(12,328),(27,3508),(46,4478),(47,1634),(82,1972)]	19.123645
196	[(13,2189),(16,692),(19,455),(29,4279),(33,3197),(34,2234),(35,656),(39,4865),(49,3451),(60,2886),(81,3220),(87,163)]	19.715581
197	[(4,2736),(48,3116),(65,353),(88,3042)]	19.714006
198	[(0,4082),(9,3832),(25,5102),(26,2166),(60,2853),(80,3414),(90,2643)]	21.591450
199	[(54,2577),(75,5250),(85,4569)]	19.698365
200	[(17,4901),(20,1799),(22,5171),(39,1696),(56,3088)]	20.276833
201	[(4,883),(10,2873),(20,2647),(26,286),(28,1906),(39,1807),(55,3324),(92,2084)]	19.240943
202	[(10,4479),(11,3945),(21,996),(44,4252),(50,4174),(74,3377),(75,1558),(78,1993)]	19.922251
203	[(16,3407),(21,514),(23,2720),(28,676),(39,1448),(43,2289),(44,470),(53,4),(77,2065)]	19.198488
204	[(9,71),(14,3712),(20,2053)]	18.941820
205	[(17,3682),(37,4050),(45,1079),(47,779),(60,1944),(80,5226),(86,2085)]	19.946841
206	[(10,470),(34,2834),(45,3930),(46,3351),(73,3434),(79,921)]	19.537602
207	[(2,4995),(5,1887),(36,4924),(37,4148),(58,3122)]	19.302893
208	[(13,4673),(14,4741),(33,4507),(39,1500),(52,4891),(54,2709),(68,4418),(92,837)]	19.431602
209	[(1,1725),(5,1276),(10,334),(35,4801),(38,1171),(45,1225),(49,4612),(54,4108),(72,1540),(86,1883)]	19.198437
210	[(28,2210),(50,11),(51,904),(52,699),(53,4453),(56,2537),(70,3496),(74,4679)]	20.104494
211	[(7,1737),(15,1472),(22,536),(44,874),(48,3658),(50,3167),(76,1637)]	20.858102
212	[(4,4239),(71,119),(74,1524)]	23.875970
213	[(5,2767),(6,682),(10,3254),(21,1110),(26,3965),(55,1369),(84,2546),(87,901)]	25.720493
214	[(8,3194),(9,266),(14,1330),(26,2659),(38,1765),(43,395),(56,1027),(92,654)]	35.609031
215	[(12,1511),(22,1820),(49,2555),(58,3061),(62,2157),(65,4981),(67,3011),(74,2721),(76,4067),(79,3390)]	19.234336
216	[(28,2155),(37,3382),(47,3194),(64,1591),(71,489),(73,2899),(76,2378)]	20.505401
217	[(21,2821),(34,1352),(72,4953)]	25.826581
218	[(59,1652),(62,4861),(70,3796),(81,1036),(83,2572)]	19.238029
219	[(18,1807),(24,1992),(26,3076),(43,1842),(47,284),(48,4686),(92,1760)]	19.038550
220	[(0,4218),(21,3483),(29,3236),(31,2929),(32,1363),(38,5010),(48,3246),(70,4703),(76,219)]	21.206808
221	[(26,1394),(43,4870),(45,2446),(59,1226),(81,3911)]	19.094634
222	[(0,2820),(46,1902),(71,738),(76,1074)]	19.503425
223	[(14,1720),(35,3140),(36,2594),(40,2856),(49,3391),(51,184),(56,4288),(79,4603),(82,4740),(83,1150)]	19.035842
224	[(5,5021),(15,5047),(21,5071),(33,445),(35,1309),(41,3007),(76,2548),(77,1561),(87,4405),(92,1027)]	19.103296
225	[(6,3499),(18,2450),(55,718),(81,4209),(90,1417),(91,538)]	18.887235
226	[(5,2760),(28,2863),(36,3552),(50,1593),(53,2101),(56,4488),(81,2055),(88,1409),(92,3846)]	20.257016
227	[(14,4661),(30,4315),(44,2272),(49,4515),(67,1133),(68,405),(71,4027),(79,1451)]	19.722565
228	[(3,2470),(6,1768),(23,5210),(27,4868),(39,2703),(40,166),(54,5035),(63,3603),(65,5094),(66,129),(92,1016)]	19.072336
229	[(30,3536),(31,1919),(32,1885),(50,5027),(55,471),(62,1452),(65,5091),(68,508),(86,3228),(92,4307)]	19.952670
230	[(2,1783),(17,3083),(26,482),(40,5239),(49,1959),(53,4954),(57,4585),(60,5262),(65,4455),(76,774)]	25.204856
231	[(2,837),(31,3707),(33,3374),(69,4433),(73,4395),(89,2091),(91,2797)]	19.513978
232	[(18,2629),(20,2466),(37,3199),(62,3442),(66,489),(79,1662),(80,3),(91,4466)]	20.323057
233	[(34,4468),(35,4822),(38,718),(56,1489),(60,1588)]	24.041655
234	[(11,77),(16,4616),(52,4286)]	19.597392
235	[(21,4276),(44,2130),(53,4521),(73,3944),(87,1446)]	19.583564
236	[(28,1118),(39,159),(69,4215),(73,4878)]	19.013824
237	[(8,958),(20,1511),(43,4786),(48,3412),(49,1655),(58,229),(66,2403),(78,4227),(79,2204),(90,537)]	19.278571
238	[(11,1096),(15,1843),(68,816),(69,5078),(87,2879)]	19.174607
239	[(12,4303),(15,4149),(17,3745),(45,3096),(48,957),(53,5001),(73,3839),(78,2885),(79,2658)]	19.319387
240	[(16,1201),(18,882),(22,1198),(23,2561),(29,4103),(33,1553),(49,2187),(66,3505),(75,2030),(76,4345)]	19.206336
241	[(6,1239),(26,4931),(31,2157),(32,592),(86,2332)]	19.379137
242	[(17,229),(18,488),(26,4821),(28,1953),(42,382),(51,1524),(57,352),(66,3449),(67,2546),(78,4776),(90,4842)]	19.179484
243	[(2,3236),(9,2792),(26,86),(28,5184),(33,1933),(45,4255),(58,3788),(65,2337),(68,1575),(91,2379),(92,4386)]	19.496765
244	[(5,3879),(19,802),(34,713),(43,2755),(45,1147),(66,572),(90,4003),(91,3269)]	19.436981
245	[(31,4516),(36,540),(49,1386),(59,443),(66,1349),(68,3927)]	19.748137
246	[(28,4028),(35,4871),(42,5047),(56,433),(61,1842)]	19.641787
247	[(25,1512),(45,550),(49,2347),(55,2086),(63,3238),(67,1704),(72,4503),(76,4384),(77,3642)]	21.233583
248	[(4,4780),(9,4655),(24,3659),(34,2321),(43,3922),(48,3814),(53,4916),(56,1500),(70,1078),(82,3739)]	19.131959
249	[(10,31),(18,447),(22,1826),(27,4865),(37,3576),(38,1382),(55,4913),(58,1172),(70,1771),(80,3846),(82,1099)]	19.005878
250	[(8,1785),(19,3379),(28,4705),(44,4043),(46,4966),(47,4544),(79,1800)]	18.934902
251	[(6,3826),(35,739),(37,2630),(64,5234),(73,208)]	19.470196
252	[(7,1780),(46,502),(47,261),(67,70)]	19.955561
253	[(3,2953),(5,1338),(16,3847),(20,2207),(26,887),(41,3633),(53,4809),(72,1566),(89,1215),(90,4345)]	19.055574
254	[(9,2876),(20,285),(22,1291),(25,3170),(38,1008),(43,4318),(48,3859),(58,4002),(68,1891),(74,4751),(78,3602),(79,3837),(87,341)]	19.242976
255	[(12,3122),(13,2982),(18,977),(23,2638),(26,2425),(59,1976),(74,4004),(90,3854)]	18.986514
256	[(16,235),(19,4666),(32,4790),(39,391)]	19.077516
257	[(1,4624),(17,292),(18,4956),(21,4713),(23,3125),(30,1848),(41,3976),(46,3690),(50,464),(60,889),(67,4285),(72,1468),(88,4375)]	19.296865
258	[(12,3377),(35,2023),(75,1535),(92,373)]	18.922722
259	[(4,4862),(5,265),(23,4655),(27,2903)]	19.861957
260	[(11,2429),(19,3794),(43,4253),(46,1352),(60,2415),(67,2489),(68,794),(70,3238),(74,2266),(84,3537)]	19.113910
261	[(16,441),(21,1711),(28,3412),(29,3081),(77,2666),(91,4865),(92,3043)]	19.224625
262	[(0,5279),(28,3486),(52,5016),(55,3372)]	18.984674
263	[(2,4390),(20,3052),(25,894),(45,2662),(88,1818)]	20.492977
264	[(3,3978),(10,821),(22,2233),(30,3572),(32,4615),(56,4492),(63,1840),(77,4485)]	22.356974
265	[(8,1521),(14,2217),(18,1913),(26,2754),(35,2791),(36,2714),(68,83),(81,2980),(91,1860)]	38.803479
266	[(6,4582),(31,2855),(61,1536)]	26.371025
267	[(10,3348),(16,2081),(26,3925),(28,791),(30,1270),(36,4256),(41,5006),(43,59),(45,2664),(62,1434),(66,2891),(75,2144),(76,1640),(77,2006),(85,428),(87,2131),(91,350)]	24.461097
268	[(1,1646),(44,2395),(45,3996),(53,4413)]	20.336849
269	[(16,1208),(36,3600),(42,4973),(53,1281),(55,583),(81,4028),(85,3667)]	19.816465
270	[(6,4738),(57,2659),(66,3639),(68,251),(78,5090),(89,3899),(91,48)]	25.066154
271	[(6,3549),(22,4097),(26,5207),(31,1360),(40,1248),(52,2438),(53,3158),(65,659),(71,418),(87,950)]	21.965199
272	[(2,4533),(7,4600),(21,4028),(43,599),(45,1679),(61,4521),(63,2842),(68,4379),(82,1162)]	19.532135
273	[(2,2931),(18,2257),(32,1002),(42,3296),(53,2669),(71,2998),(80,4182),(83,4438),(85,1124)]	19.613598
274	[(17,4243),(31,5119),(45,1314),(86,4259)]	19.874710
275	[(29,1648),(37,4298),(39,3973),(44,1577),(57,3559),(64,3651),(89,140)]	20.133847
276	[(3,5110),(67,2078)]	20.729113
277	[(11,5010),(19,1525),(22,5272),(28,3441),(37,3491),(40,3158),(41,3679),(59,4488),(63,2290),(77,961),(89,4119)]	19.575976
278	[(4,4095),(30,2561),(46,1569),(62,1588),(83,3745),(87,4266)]	26.035338
279	[(10,873),(25,3051),(26,3988),(37,5120),(56,447),(69,4643),(87,5147)]	20.181837
280	[(2,334),(35,4816),(46,875),(48,4705),(79,3682),(84,1429)]	19.494840
281	[(14,4123),(68,2501),(76,1602),(78,3831),(86,2763),(89,4520)]	19.658801
282	[(9,1587),(13,2911),(57,249),(72,3585)]	19.280052
283	[(22,3982),(29,2499),(35,4299),(45,774),(48,1570),(57,3696),(62,5007),(81,603)]	19.415539
284	[(6,12),(7,3302),(9,4992),(15,1173),(39,443),(49,2333),(61,970)]	19.588328
285	[(10,600),(21,952),(30,4399),(47,1853),(49,683),(50,3913),(55,1600)]	19.565792
286	[(15,3296),(21,3624),(22,378),(28,4636),(60,3091),(62,1107),(69,2704)]	19.098011
287	[(23,4188),(27,4355),(31,2258),(40,4158),(43,2991),(72,2192),(81,638),(88,1669)]	19.666368
288	[(10,2212),(27,1177),(71,4227),(78,4830)]	19.560742
289	[(3,1359),(5,2675),(14,5084),(22,1104),(42,15),(45,3119),(57,4520),(86,2461)]	19.987194
290	[(6,2976),(11,3426),(15,4881),(17,1217),(34,4929),(35,242),(50,3196),(57,1464),(60,1168),(61,2845),(65,4523)]	19.360237
291	[(6,4139),(13,4289),(15,406),(19,1938),(53,760),(56,3597),(68,3521),(79,2887)]	19.270341
292	[(5,5110),(22,4699),(32,2550),(40,3156),(42,3308),(48,1385),(73,5055),(87,5081)]	19.229960
293	[(17,3118),(18,2696),(34,3971),(47,3916),(51,1003),(58,3510),(68,2525),(73,5157),(75,1654)]	18.918265
294	[(2,4486),(12,1234),(19,148),(22,4275),(29,4409),(41,301),(57,2975),(67,2913),(74,4806)]	19.783091
295	[(21,1281),(32,1338),(53,2239),(63,4716),(73,616),(77,3163),(80,1363),(86,5066)]	19.837304
296	[(20,2603),(27,1855),(48,2380),(59,2480),(92,4031)]	20.978956
297	[(33,2364),(81,4641)]	19.375751
298	[(3,425),(15,1564),(24,434),(45,186),(55,1018),(81,908),(90,116)]	19.027054
299	[(22,2443),(33,2488),(41,3098),(51,2808),(66,3483)]	19.352365
300	[(14,455),(17,887),(19,372),(46,1001),(50,1899),(52,4773),(64,3172),(91,3074)]	20.686869
301	[(1,2493),(11,5109),(19,3936),(26,2565),(29,1316),(41,2730),(50,4517),(54,133),(67,2828)]	18.914633
302	[(17,2342),(24,155),(37,3172),(52,3961),(61,2550),(70,3257),(74,1592),(86,402)]	19.293866
303	[(3,1881),(23,2568),(51,746),(65,4977)]	19.078043
304	[(9,1920),(20,2318),(25,549),(41,753),(63,3369),(70,333),(75,2394),(86,753)]	20.123057
305	[(5,3989),(11,409),(28,2528),(40,325),(51,4244),(71,1),(79,4867),(86,4538)]	20.242887
306	[(8,5188),(19,5131),(20,3039),(30,2661)]	19.979772
307	[(34,4454),(35,204),(38,1220),(45,3089),(58,4322),(85,3180),(89,191)]	19.633333
308	[(17,2534),(18,310),(19,4920),(25,1078),(41,4953),(54,1029),(63,5131),(64,3039),(78,1788),(80,3805),(82,5125),(86,1039),(87,940),(91,2304)]	19.171634
309	[(24,2808),(31,1643),(37,732),(69,533)]	19.310973
310	[(2,3957),(30,3735),(53,3002),(57,3378),(58,2730),(71,2260),(78,4520)]	20.205955
311	[(37,2889),(39,5150),(54,1948),(55,794),(70,2958),(90,3474)]	21.334655
312	[(6,2560),(19,1823),(23,307),(25,1878),(54,5014),(65,4943),(72,3425),(75,1557),(82,4957),(92,3605)]	25.255331
313	[(4,4827),(46,190),(92,2208)]	20.366080
314	[(8,3916),(9,1019),(30,5248),(40,473),(57,2816),(60,1939)]	19.072796
315	[(6,774),(18,2357),(22,2581),(48,112),(63,2608),(65,1778),(68,2399),(70,1351),(76,5039),(84,557),(90,2198)]	43.443509
316	[(7,1878),(9,2975),(26,1230),(37,3517),(50,1248),(74,994),(91,276)]	20.023933
317	[(2,382),(6,4186),(11,4291),(21,2320),(37,1048),(54,1489),(58,1900),(70,1400),(82,105)]	24.526091
318	[(0,3775),(2,1351),(5,1700),(24,635),(40,3746),(43,3142),(46,2184),(48,2940)]	21.108666
319	[(3,2863),(21,3495),(40,1372),(49,4751),(66,3063),(78,3192),(92,2920)]	23.586392
320	[(14,751),(40,2253),(53,3003),(57,553),(73,2998),(81,789)]	19.690245
321	[(22,1494),(51,2248),(61,4284),(62,4975),(63,341),(69,3622),(79,315),(81,2651),(90,2549)]	19.114232
322	[(3,4801),(19,2370),(25,709),(68,1226),(72,2661),(78,142),(87,5279)]	19.278178
323	[(9,966),(50,1557),(51,3275),(85,1343)]	20.351810
324	[(4,1673),(5,1829),(8,2311),(16,1432),(17,5044),(41,471),(51,4722),(61,4777),(75,2326),(80,1052),(82,1226),(83,5061),(86,1860)]	20.096724
325	[(20,4157),(54,4162),(55,3735),(77,1381),(78,3450)]	19.920292
326	[(24,4201),(29,2799),(37,4322),(68,448),(79,1367),(86,2396),(90,4189),(91,2308)]	20.232619
327	[(20,1346),(26,4669),(41,164),(50,1948),(51,794),(62,4248),(76,327)]	19.877771
328	[(6,2507),(10,2359),(15,409),(24,4537),(25,78),(39,4992),(43,1332),(50,4534),(61,1402),(67,2405),(69,796),(79,1702)]	20.741506
329	[(13,2220),(17,2132),(31,328),(48,1938),(51,2727),(54,4263),(80,1447)]	19.864065
330	[(0,3192),(1,4125),(2,850),(10,4926),(14,3264),(18,2844),(20,3675),(23,4105),(33,3308),(53,2857),(56,5216),(59,1929),(67,178),(75,5184),(81,5045)]	19.299995
331	[(36,1415),(47,4148),(49,1011),(54,3992),(58,4530),(64,2239),(73,4284),(74,2361),(76,561),(80,5225),(84,3761),(90,1267)]	19.000691
332	[(1,1467),(32,3025),(41,526),(42,4296),(57,5128),(66,4072),(77,3563),(79,2626),(90,4408),(92,2751)]	19.491522
333	[(4,710),(5,3366),(13,3798),(30,1315),(32,1804),(35,4093),(50,3017),(53,3858),(60,1439),(76,4256),(78,3345),(83,1650)]	19.361412
334	[(6,124),(68,4935),(70,3125)]	20.877124
335	[(0,1390),(2,800),(42,2405),(63,3839),(71,1919),(72,1885),(79,4488)]	21.790485
336	[(1,3388),(4,2267),(13,419),(19,408),(46,148),(53,2266),(60,3330),(69,2165),(72,4546),(76,2844),(79,3653),(88,463)]	21.108846
337	[(35,3922),(50,422),(57,4936),(63,720),(80,438)]	19.489339
338	[(3,4989),(20,2349),(38,2276),(47,1565),(55,3070),(80,579)]	19.461088
339	[(6,4130),(9,4304),(11,2308),(16,2123),(45,4507),(49,399),(53,3355),(61,1666),(76,2622),(81,4142),(91,2014)]	19.078880
340	[(10,4425),(13,1889),(29,331),(51,4948),(68,5133),(70,2143),(74,4507)]	19.371079
341	[(2,61),(16,640),(18,4938),(23,1645),(25,4304),(32,60),(61,4266),(70,1446),(75,1106),(79,2125)]	18.882912
342	[(23,3107),(24,945),(32,1042),(34,1163),(45,4053)]	21.272786
343	[(2,984),(20,2969),(39,4000),(42,380),(44,393),(49,2331),(74,5170),(80,1041)]	20.421152
344	[(20,4209),(33,1044),(49,4963),(52,2251),(70,3393)]	21.312981
345	[(1,1266),(4,2024),(18,2103),(51,2861),(59,1272),(64,986),(78,1322),(83,2486)]	20.509185
346	[(4,348),(22,673),(47,4685),(48,668),(52,3789),(62,2875),(65,3557),(73,2951),(77,1262),(80,2910),(88,5147),(90,1520)]	19.582661
347	[(35,3848),(47,1839),(59,11),(60,904),(67,3389),(70,4298)]	19.085925
348	[(6,1180),(8,4558),(26,2514),(27,5088),(58,2830),(76,4697),(79,1432),(80,5044),(91,2093)]	19.223036
349	[(14,3315),(23,5143),(32,560),(41,3897),(45,4575),(58,2890),(85,1656),(91,3423)]	19.741010
350	[(8,772),(11,2447),(26,707),(40,171),(48,4576)]	19.244896
351	[(0,872),(41,1589),(48,735),(67,2958),(82,3317)]	19.252249
352	[(0,3468),(18,112),(21,813),(31,3942),(44,3834),(58,1925)]	19.221189
353	[(3,3709),(11,276),(25,2065),(37,2591),(46,4566),(59,454),(73,4262),(80,2161)]	19.168815
354	[(5,1533),(18,3997),(28,3311),(29,4243),(31,3776),(38,866),(44,1313),(52,3469),(54,546),(59,2042),(64,3263),(76,1741),(79,5131),(91,1158)]	19.475016
355	[(2,4632),(5,4169),(25,681),(28,5272),(69,5185),(72,3087),(75,3592),(86,1137),(92,4706)]	19.507537
356	[(2,4610),(8,1900),(17,3002),(33,723),(39,1212),(56,1903),(61,1702),(78,1791)]	19.368861
357	[(24,1883),(58,1889),(69,2669),(70,3454)]	20.005449
358	[(1,4042),(3,1733),(9,6),(15,4251),(39,4279),(42,2354),(52,1739),(59,2185),(70,5150)]	19.664421
359	[(9,1993),(15,51),(32,111),(56,1851),(57,3298),(60,472),(90,872)]	19.618364
360	[(4,2137),(6,4870),(14,2928),(17,3289),(18,819),(21,3926),(22,4175),(29,4725),(55,148),(62,4251),(79,539)]	19.381564
361	[(1,4861),(19,4780),(28,881),(31,1115),(65,5041),(67,4626),(68,4970),(91,2505)]	22.175309
362	[(2,210),(3,1268),(6,5113),(15,3007),(50,411),(63,4558),(79,297),(84,699),(90,1049)]	19.504719
363	[(0,2983),(10,4393),(13,3729),(14,3405),(15,2771),(22,455),(25,887),(39,2375),(59,498),(75,3278),(83,3435),(90,4119)]	19.737417
364	[(11,793),(70,5235),(82,518)]	26.969964
365	[(16,3399),(28,2912),(29,3727),(33,3644),(57,2238),(74,4768)]	34.959965
366	[(2,2553),(19,4278),(37,4995),(49,1128),(51,2303),(69,4498),(84,3887),(92,574)]	25.941338
367	[(14,194),(64,2345),(69,3188),(73,4885)]	19.776564
368	[(3,2013),(10,3231),(11,89),(13,475),(25,5051),(26,3851),(41,4770),(77,5277),(82,4961),(90,2778)]	20.094388
369	[(10,518),(38,5149),(51,3911),(56,1117),(78,4999)]	19.333201
370	[(5,1357),(50,1083),(67,3038),(78,1059),(79,5218),(80,2339),(87,5091)]	19.344284
371	[(5,4388),(14,2433),(27,2211),(41,2425),(49,5118),(51,936),(52,873),(56,4630),(79,2456),(89,1118)]	19.355196
372	[(4,4467),(10,3902),(37,2656),(41,4599),(52,916),(67,5067),(79,4150),(85,2814),(89,4209)]	19.085672
373	[(2,4613),(31,1792),(39,147),(51,991),(53,2944),(56,2674),(69,3025),(84,1990)]	19.312383
374	[(24,574),(39,4636),(61,4395),(66,5230)]	19.316643
375	[(8,5204),(49,166),(53,4550),(83,359),(89,147)]	20.031568
376	[(1,3773),(27,4818),(30,2895),(37,3556),(43,1906),(49,4128),(51,3266),(54,4146),(66,2068),(73,5065)]	20.172939
377	[(16,1651),(19,4827),(24,667),(31,4186),(35,4944),(47,3022),(50,598),(51,1511),(53,3957),(67,3433),(70,667),(80,4039),(82,556)]	19.577065
378	[(17,5242),(44,1445),(55,3648),(67,2227),(90,3643)]	19.209280
379	[(1,5020),(15,693),(22,950),(36,1757),(38,4088),(50,3456),(53,5258),(57,4870),(80,2314),(83,5062),(84,519)]	19.397026
380	[(4,5104),(11,4560),(40,206),(46,3559),(48,1160),(53,4841),(61,5197),(66,522),(89,4904),(90,5111)]	19.495356
381	[(11,2191),(29,4366),(42,3005),(46,417),(68,3725),(74,3234),(90,3839)]	19.236501
382	[(13,1380),(19,3609),(20,106),(31,2480),(51,3159),(61,903),(67,2119),(91,1602)]	19.446321
383	[(5,2342),(34,1608),(79,4217)]	19.209875
384	[(18,3628),(20,2792),(64,3021),(68,4069),(73,392),(79,3858),(92,1697)]	18.972151
385	[(7,2684),(10,2006),(21,4900),(44,4154)]	19.374455
386	[(4,4824),(5,3048),(18,3468),(26,2546),(33,1222),(55,2484),(58,4403),(62,3892),(72,807),(79,2753)]	19.703635
387	[(13,1432),(14,4690),(31,504),(48,3286),(65,2834),(72,1621),(81,116)]	19.232040
388	[(3,2357),(21,11),(54,2911),(60,2137),(68,3744),(81,4412),(85,1331)]	19.500696
389	[(7,2432),(8,3212),(15,3010),(21,1302),(67,56),(84,975)]	19.443873
390	[(25,1668),(27,4306),(50,4251),(54,2182),(70,4962),(73,4654),(78,2492)]	19.707016
391	[(68,612),(74,1964),(77,779),(81,3654)]	19.173980
392	[(39,4984),(79,1235)]	19.176990
393	[(22,781),(60,2727),(65,3405),(66,3970),(75,3000),(76,4046),(85,2972),(86,1188)]	19.547832
394	[(22,1103),(30,2229),(46,782),(47,1294),(58,4948),(68,979),(71,4161)]	21.172057
395	[(13,4910),(46,2158),(51,1444),(59,2252),(66,5058),(76,5221),(82,3021),(88,3191)]	19.266636
396	[(19,725),(33,1200),(47,3841),(51,582),(83,426),(87,829),(90,1854)]	19.216389
397	[(3,1081),(16,3731),(45,1144),(48,3321),(53,5245),(90,3246)]	19.239335
398	[(23,4769),(25,2003),(62,4401),(65,1569),(87,2224)]	18.973731
399	[(8,2126),(9,2772),(34,956),(50,3223),(53,3002),(72,2424),(83,3515)]	19.403319
400	[(3,2046),(32,5077),(38,4650),(65,2204),(76,2371),(80,4397)]	19.882965
401	[(3,773),(7,3897),(12,383),(22,938),(61,589),(77,4179),(85,4166)]	18.925955
402	[(9,3692),(13,494),(14,3043),(42,2934),(67,1112)]	19.801799
403	[(9,2761),(13,2417),(22,2336),(24,2187),(29,4845),(41,2565),(58,3246),(59,48),(63,28)]	20.285157
404	[(0,3356),(7,3756),(8,1599),(11,3838),(27,1239),(53,4241),(68,1154),(71,3084),(90,3430)]	20.834206
405	[(14,459),(31,4925),(45,298),(91,1796)]	19.891827
406	[(8,1013),(15,626),(19,110),(34,489),(84,2093)]	19.844407
407	[(0,2855),(11,2838),(14,3924),(18,2613),(36,165),(65,5160),(68,351),(71,386),(73,3019),(82,3344)]	19.431563
408	[(46,188),(75,740),(83,314),(84,3248)]	19.110706
409	[(10,1978),(11,4970),(35,4905),(52,3320),(55,2090),(59,4322),(68,1865),(70,118)]	19.605818
410	[(15,4343),(18,4898),(27,3410),(28,764),(38,3528),(50,4532),(51,751),(52,2482),(80,5062),(88,2385)]	20.596049
411	[(1,4858),(22,1202),(40,4592),(45,4828),(46,46),(48,388),(57,3513),(77,4269)]	22.665666
412	[(23,3689),(33,4375),(34,76),(55,727),(61,5),(87,2455)]	22.286541
413	[(26,3499),(40,4311),(46,3566),(48,1007),(49,5056),(59,1057),(63,2027),(72,3645),(75,1823),(89,553)]	26.075412
414	[(7,2055),(14,3573),(54,5107),(75,327),(89,3361)]	22.375623
415	[(20,4081),(61,3481),(63,4512),(74,3068)]	20.035437
416	[(10,5121),(22,3595),(27,4042),(31,4358),(52,5009),(65,4485),(67,3201),(73,3314),(82,3794)]	34.850529
417	[(33,2879),(37,3694),(48,3217),(57,2118),(89,4614)]	43.473462
418	[(6,3335),(21,2249),(38,5068),(44,3555),(56,3294),(60,1232),(72,3570),(77,2481),(86,4237),(91,3270)]	42.372050
419	[(11,5146),(24,19),(35,5204),(85,652),(87,4589)]	39.525908
420	[(2,3154),(24,521),(42,652),(46,1709),(54,2452),(61,3371),(67,5252),(81,3187),(84,3515)]	40.709866
421	[(31,5038),(42,3354),(85,3396),(89,3264)]	61.032844
422	[(17,874),(20,5194),(23,809),(28,3143),(34,2361),(40,2595),(68,277),(74,2721),(80,440),(88,1701),(89,2923)]	41.977714
423	[(13,1336),(40,3514),(92,1047)]	38.536093
424	[(22,2008),(30,3614),(63,2621),(83,4059),(88,3329)]	39.921545
425	[(1,4271),(5,4920),(23,4440),(30,2082),(31,227),(37,4450),(46,48),(69,22),(80,3940),(90,4563)]	40.584644
426	[(32,4565),(33,19),(35,2573)]	40.105003
427	[(21,524),(60,2034),(72,1352),(74,4496),(78,56),(85,1420),(88,2633)]	38.330339
428	[(13,3161),(24,1190),(27,4177),(56,4602),(77,1462),(92,2403)]	38.802189
429	[(6,805),(10,1605),(31,1938),(53,3799),(63,3514),(64,3642),(91,3856),(92,2749)]	38.762762
430	[(22,5060),(32,4322),(33,4813),(41,3350),(43,1570),(54,4446),(65,4390),(74,804),(81,2385),(85,4394),(87,4448)]	41.799180
431	[(1,1318),(8,2449),(15,4398),(20,995),(27,4837),(39,709),(52,4716)]	62.774724
432	[(3,2313),(6,4993),(23,2166),(44,289),(51,3717),(55,298),(58,4862),(59,4620),(88,1832)]	58.159566
433	[(8,612),(37,3507),(41,1965),(56,1795),(59,1421),(68,3900),(70,2139),(80,4762),(82,352)]	38.885564
434	[(20,1716),(30,297),(44,3588),(53,3911),(58,1925),(73,153),(81,4573)]	38.630906
435	[(10,4436),(21,4243),(37,1022),(53,3808),(62,2898),(84,4574)]	38.530518
436	[(6,1489),(22,471),(33,947),(35,1985),(42,338),(44,3799),(45,4856),(47,4451),(49,1145),(62,2964),(86,3823)]	40.059677
437	[(1,4899),(9,2202),(19,1648),(22,2567),(38,2727),(50,3526),(56,3255),(57,2199),(59,1528),(91,1845)]	52.344952
438	[(17,4355),(32,5031),(40,73),(48,1852),(52,1645),(82,2537),(88,1900),(90,4926)]	43.185647
439	[(23,2314),(32,1577),(41,1400),(49,398),(54,4974),(65,126),(74,3878),(84,3864)]	38.487814
440	[(4,1213),(8,1715),(17,3933),(18,1139),(27,4041),(29,3513),(34,3940),(39,4737),(41,2598),(43,648),(75,2787),(88,4588)]	41.678442
441	[(0,1592),(13,2457),(43,3861),(46,133),(52,4811),(61,3942),(87,326),(90,1094)]	41.079734
442	[(15,4512),(36,1368),(40,1423),(73,3228),(77,1988),(79,1487),(82,1875),(85,2993),(87,369)]	64.689049
443	[(9,4216),(19,407),(21,5225),(23,5094),(24,129),(55,2342),(65,719)]	71.051514
444	[(4,1675),(7,3402),(31,4227),(41,4634),(65,4138)]	69.492252
445	[(3,2610),(32,762),(48,1617),(57,5104),(71,597),(73,891),(74,1622),(80,5108),(83,1038),(85,364),(89,4496)]	61.004273
446	[(14,4214),(50,127),(56,1690),(85,712),(92,3877)]	60.969290
447	[(4,3495),(17,455),(33,4350),(35,1646),(42,5057),(60,4815),(78,4597)]	59.587125
448	[(30,2518),(33,3336),(35,423),(48,4822),(57,563)]	58.227838
449	[(0,2897),(9,3029),(11,1766),(34,4387),(37,32)]	63.363250
450	[(21,5016),(22,2400),(41,2610),(52,4077),(55,2989),(63,4993),(73,4710),(79,4980),(87,321),(90,4280)]	42.814766
451	[(2,4129),(6,167),(8,4024),(31,4041),(38,3403),(48,420),(52,3217),(62,1933),(64,1486),(85,5040),(86,2268),(87,206)]	40.481654
452	[(23,513),(24,5043),(27,1844),(31,2449),(47,4395),(53,2987),(59,559),(61,2692),(70,2737),(72,1837),(76,3380)]	38.671646
453	[(6,4323),(12,4533),(18,5216),(21,2087),(31,4672),(37,1861),(66,2233),(80,4327),(86,2263),(87,493)]	36.488898
454	[(9,363),(13,2759),(31,244),(32,49),(57,3350),(72,346),(76,1363),(78,3329)]	38.768260
455	[(12,817),(21,3362),(24,3106),(53,4770),(58,3337),(73,788),(83,4723),(85,631),(87,2500)]	38.247707
456	[(16,3691),(22,2703),(24,2641),(38,4589),(46,5015),(67,4208)]	39.516464
457	[(24,1904),(33,1577),(37,1165),(55,5247),(68,3783),(70,256),(73,1437),(77,4267),(83,1735),(85,2091)]	41.425199
458	[(2,2408),(22,2287),(29,5183),(32,5065),(36,1295),(72,271),(81,5216)]	44.021354
459	[(16,1792),(66,248),(69,2478),(70,1683),(83,1310),(85,165)]	35.999599
460	[(9,60),(10,2738),(17,1818),(23,799),(56,4118),(66,4730),(68,656),(70,1306),(90,4752),(91,476)]	37.170750
461	[(14,3535),(50,3013),(66,3506),(90,5117),(91,1525)]	37.618075
462	[(1,3212),(5,4501),(14,3098),(20,3917),(23,4436),(33,3623),(37,481),(42,5013),(47,1468),(60,492),(63,1067)]	39.637437
463	[(1,313),(7,3771),(19,2718),(21,2995),(26,3295),(53,4200),(63,1193),(68,2386),(73,5074),(77,2130),(79,928),(85,4399)]	48.253424
464	[(6,1909),(7,2298),(16,103),(18,3587),(23,1642),(40,2861),(49,3521),(52,4862),(54,257),(66,2936),(68,4567),(82,2052),(85,3784)]	40.788945
465	[(1,3995),(12,2592),(21,855),(31,1937),(52,240),(55,943),(56,3607)]	39.197960
466	[(14,291),(29,2321),(32,2055),(59,4722),(70,1304)]	38.509041
467	[(4,451),(10,5059),(25,2272),(56,2975),(57,432),(64,1122),(66,1673),(72,4477),(77,4758)]	38.786093
468	[(6,1594),(24,3086),(27,2411),(32,2584),(48,3020),(55,1917)]	38.722089
469	[(9,1686),(15,2428),(31,2772),(33,3335),(35,313),(44,848),(50,4748),(72,2726),(77,1509),(88,2885)]	38.127202
470	[(32,3673),(41,4030),(53,3809),(61,4799),(65,4977),(72,4399),(79,4613),(89,526)]	40.265295
471	[(24,1412),(32,3853),(35,2917),(46,1855),(55,4451),(66,882),(74,1415),(75,4919)]	38.644633
472	[(23,4807),(29,4334),(34,399),(81,4656)]	38.511616
473	[(25,2195),(30,1403),(53,605),(55,3674),(70,5242)]	39.850044
474	[(21,87),(49,187),(84,1285)]	38.978016
475	[(15,3501),(42,3726),(43,4441),(49,3063),(53,606),(59,4482),(76,8),(89,3062)]	38.981997
476	[(10,208),(17,4990),(19,2955),(21,2383),(25,4770),(32,3756),(33,1599),(34,335),(66,731),(80,733)]	39.563624
477	[(5,4945),(21,2772),(24,1390),(54,2337),(71,4967),(77,4917)]	38.687629
478	[(4,3884),(5,4193),(19,4035),(21,4270),(89,1352)]	38.039462
479	[(1,4947),(7,2926),(11,2248),(28,2333),(54,5122),(59,2967),(73,1716),(86,4910),(88,2235)]	38.032582
480	[(14,918),(20,2534),(21,310),(23,343),(46,4478),(92,4112)]	37.327642
481	[(17,1782),(27,3934),(36,3360),(52,1162),(58,3522),(90,4975)]	37.793318
482	[(4,1652),(6,3866),(28,750),(36,1371),(46,4376),(65,1076),(78,4270),(91,2875)]	36.909260
483	[(27,4346),(45,369),(62,852),(67,3540),(85,1047)]	41.954275
484	[(4,2326),(81,3613),(90,2856),(91,4821)]	40.605131
485	[(4,3508),(5,2330),(10,1027),(16,5011),(32,2911),(36,3828),(42,2590),(66,2817),(73,72)]	37.447167
486	[(29,2489),(32,1711),(33,3864),(45,3100),(53,4568),(58,1423),(60,2119),(68,3534),(74,447),(77,1255),(85,2142)]	41.215288
487	[(34,2464),(50,4930),(63,3785),(68,519),(72,176),(76,923),(79,5178),(88,3333)]	36.770300
488	[(0,60),(1,2738),(5,2040),(41,106),(50,3496),(57,2968),(82,582),(83,3132),(90,274),(92,2986)]	37.286849
489	[(13,3228),(39,3959)]	43.787110
490	[(12,4136),(26,4007),(41,2625),(61,3141),(63,623),(66,1295),(82,3051),(83,3988),(90,3396)]	38.199193
491	[(0,2310),(11,456),(15,1142),(23,2625),(44,849),(52,3359),(68,4233),(77,1501),(89,3473)]	51.688993
492	[(5,3872),(7,1166),(11,2176),(24,3143),(31,3124),(34,2654),(42,236),(44,2876),(53,40),(71,3061),(74,2301)]	43.294029
493	[(23,569),(25,2926),(26,5193),(55,887),(91,4410)]	39.497129
494	[(25,5064),(39,4556),(45,1620),(60,2617),(65,4932),(91,4605)]	42.679253
495	[(8,520),(27,2247),(36,4072),(41,4223),(63,2053),(65,2544),(71,1197),(72,1125),(76,3361)]	46.473877
496	[(10,5019),(14,3823),(16,280),(33,86),(37,902),(40,4890),(62,3619),(73,5105),(77,4954),(86,4190)]	40.490771
497	[(31,2837),(47,135),(71,4068)]	39.027660
498	[(1,3092),(4,4925),(6,2577),(10,886),(25,1924),(56,4520),(67,1944),(73,3417),(74,2273),(86,2732)]	36.287008
499	[(3,586),(29,2617),(36,4535),(52,4969),(53,1118),(56,228),(58,4399),(63,2653),(65,2515),(66,1876),(73,4828),(92,1628)]	37.458625
500	[(2,2610),(23,5161),(24,4179),(25,520),(46,692),(54,3699),(62,4222),(69,1590),(74,1888)]	38.359595
501	[(7,2488),(8,4086),(14,2906),(27,681),(30,3839),(36,3570),(47,77),(54,1921),(89,5147),(90,4688)]	40.766622
502	[(2,2276),(8,3627),(19,2377),(35,2061),(40,4257),(41,4469),(49,1173),(62,1222),(77,917)]	45.106083
503	[(16,2091),(26,2674),(29,5227),(36,3775),(45,4859),(60,230)]	40.334303
504	[(1,1825),(18,3449),(19,2546),(50,1305),(62,89),(67,433),(88,114)]	38.074505
505	[(16,1796),(24,3345),(26,3815),(32,2237),(58,3035),(61,4235),(66,194),(77,401),(85,1711),(86,3864)]	41.503876
506	[(18,5100),(63,2272),(82,168),(87,1285)]	39.822843
507	[(3,4519),(9,2566),(16,959),(24,964),(30,4045),(38,4002),(44,1565),(49,4472),(53,1777),(59,1680),(70,1535),(72,3488)]	40.733108
508	[(1,5161),(3,2174),(4,1009),(7,2686),(29,2699),(35,4423),(51,1191),(54,2819),(70,144),(73,969),(75,1342)]	43.843059
509	[(0,1056),(1,1613),(6,3356),(7,2930),(11,456),(21,1683),(31,4991),(47,3099),(52,4893),(59,2072),(80,3802),(87,3074)]	41.617329
510	[(21,3327),(56,5026),(63,3446),(72,3511),(77,1924),(91,506)]	40.689017
511	[(30,1834),(31,494),(32,3043),(51,5178),(58,3897),(61,1290),(66,4144),(76,2840),(83,1338),(84,2652)]	40.381014
512	[(0,4470),(3,3729),(8,2631),(15,3839),(24,4140),(25,3806),(28,3544),(32,3570),(33,5162),(63,1198),(66,3722),(73,1679),(77,4625),(83,1114),(85,4575),(86,3894)]	41.032334
513	[(4,186),(8,3110),(16,4503),(30,208),(43,4791),(45,965),(56,4068),(64,4588),(66,1348),(73,4972),(74,975),(77,683),(78,3913),(79,3799),(80,4856)]	41.050419
514	[(6,3084),(28,225),(30,4636),(39,2377),(54,2778),(84,961),(85,1494)]	41.388933
515	[(3,1210),(61,779),(73,2871),(79,3983)]	40.301587
516	[(10,2324),(16,193),(17,1593),(19,2173),(24,2295),(39,2405),(50,786),(66,3552),(68,2678),(70,2787),(74,1861),(85,730)]	32.473905
517	[(0,1223),(6,515),(7,3657),(16,2101),(22,2101),(25,3669),(35,1325),(48,2782),(51,1547),(75,3136),(80,464),(83,3431),(91,5218)]	19.901247
518	[(1,5123),(11,5138),(22,4187),(35,2597),(39,4044),(42,1696),(46,4030),(54,980),(56,3052),(72,678),(83,3832),(89,3662)]	31.481514
519	[(2,3130),(23,784),(29,2370)]	27.611309
520	[(4,2329),(10,4156),(14,3255),(33,589)]	19.863839
521	[(0,2319),(6,1171),(23,3602),(34,2255),(36,2978),(55,4098),(76,2716),(85,2014)]	20.214176
522	[(11,1859),(15,3112),(18,3389),(24,4249),(38,5206),(41,4663)]	20.799797
523	[(10,358),(15,4886),(38,1681),(40,5000),(42,3764),(43,3078),(51,4347),(78,243),(89,2312)]	20.034048
524	[(8,2934),(11,1993),(35,1769),(59,1846),(74,2002),(75,5223),(77,3435)]	19.835443
525	[(33,4957),(36,1187),(38,1799),(39,4977),(42,2107),(50,1412),(68,634)]	19.585310
526	[(2,3490),(41,437),(62,2000),(71,332),(76,1110),(83,1299)]	19.022314
527	[(3,482),(9,780),(11,3206),(35,2445),(44,2917),(62,3824),(74,872),(77,2087),(81,5251)]	21.011221
528	[(1,1018),(4,2343),(34,4174),(38,1674),(39,603),(42,2398),(74,2873),(78,800),(79,2844),(81,1118)]	20.047275
529	[(29,1483),(53,4243),(62,874),(68,1920)]	19.870894
530	[(14,1698),(31,1505),(37,1263),(40,3815),(44,4646),(51,754),(72,3575),(78,3039)]	22.075762
531	[(40,2417),(42,2618),(54,1492),(71,5121)]	19.407395
532	[(7,680),(8,1298),(25,2053),(42,2113),(82,1128),(87,970)]	19.434723
533	[(11,1435),(30,659),(52,4697),(58,2543),(80,764)]	19.654618
534	[(5,4418),(19,4125),(20,850),(37,1343),(39,3330),(48,2117),(51,1142),(54,1766),(55,5168),(57,4370)]	19.336580
535	[(4,4353),(6,1627),(13,4325),(36,2270),(38,1219),(50,3894),(53,589),(64,1665),(70,4781),(75,1715),(77,4519),(79,5018),(87,1631)]	19.991135
536	[(9,4009),(15,4817),(20,136),(49,600),(57,3267),(58,1939),(59,3458),(70,3219),(71,3740),(76,1908),(79,4989)]	19.468527
537	[(7,1055),(35,3669),(43,4242),(46,4152),(63,631)]	19.150874
538	[(21,4784),(34,176),(53,2560),(54,1791),(74,5143),(81,1697),(84,4900),(90,4965),(91,4211)]	19.419682
539	[(17,469),(28,2221),(43,3861),(64,2937)]	19.072457
540	[(16,1797),(27,4187),(49,2137),(53,4859),(61,791),(79,3946),(80,3743)]	19.638167
541	[(0,4747),(20,1605),(23,1299),(25,2197),(33,1955),(44,4171),(52,4201),(57,16),(84,4902)]	19.361067
542	[(23,1044),(54,2935),(57,3432),(68,5158)]	19.105351
543	[(19,5076),(20,1663),(22,2882),(37,2932),(46,521),(58,1798),(76,2261),(77,1486)]	20.235172
544	[(0,875),(11,3432),(14,187),(19,1538),(32,5146),(34,4151),(44,1384),(58,5038),(85,4816)]	19.160854
545	[(4,478),(5,1844),(17,332),(21,721),(29,627),(34,3528),(40,4136),(44,2897),(49,4429),(61,1131),(74,963),(85,3738)]	19.763824
546	[(9,651),(12,4493),(50,5144),(70,243),(79,352),(86,3618),(92,3852)]	19.494030
547	[(17,2412),(30,4950),(32,3240),(45,3925),(47,3453),(49,1718),(57,454),(61,3253),(71,641)]	19.620406
548	[(5,5211),(61,1326),(65,690),(76,1140)]	27.563397
549	[(8,2876),(11,5035),(17,1886),(21,39),(27,77),(28,3558),(35,1771),(38,17),(40,135),(58,1983)]	21.346926
550	[(4,234),(22,343),(27,2864),(79,4358),(91,3565)]	19.414365
551	[(3,855),(6,2903),(11,1166),(25,3971),(39,236),(41,427),(54,4072),(56,3988),(58,4824),(59,3048),(63,5165),(68,3651),(83,3074),(85,428),(91,340)]	20.041305
552	[(15,1116),(20,1141),(35,2387),(38,141),(51,3196),(61,3175),(62,247),(75,4581),(82,1406),(83,1741),(86,3471)]	20.306016
553	[(8,1001),(19,2397),(39,1329),(43,3060),(49,3872),(52,122),(54,4638),(62,2848),(80,5211),(91,469)]	19.701310
554	[(13,357),(26,4638),(31,4293),(35,2009),(45,750),(83,3351),(92,232)]	19.356091
555	[(1,1534),(3,632),(7,936),(9,2147),(10,5140),(14,3517),(15,320),(29,4317),(42,2685),(81,1529)]	19.199469
556	[(14,3479),(40,2560),(41,5052),(76,3468),(88,662)]	19.313347
557	[(0,5243),(17,1099),(20,5200),(24,754),(30,3461),(32,1659),(41,3612),(47,3875),(49,4775),(53,2086),(72,2147)]	19.384266
558	[(5,2987),(7,4207),(18,5062),(19,519),(43,4909),(44,1853),(54,1566),(73,2403),(87,1729)]	19.297859
559	[(19,2065),(21,2669),(30,3070),(33,1843),(34,5179),(45,432),(47,2695),(49,352),(56,3116),(64,4424),(74,3413)]	19.316232
560	[(17,1610),(21,3812),(22,5189),(25,389),(45,5011),(46,1093),(51,884),(62,4614),(65,623),(69,4687)]	19.318054
561	[(6,1426),(8,1532),(33,1088),(36,1139),(41,2588),(45,669),(54,3605)]	19.104230
562	[(6,48),(37,5264),(39,5273),(55,3948),(60,1497),(63,4543),(88,2643)]	19.483860
563	[(21,2788),(53,1489),(63,5144),(80,3900)]	20.131417
564	[(11,2634),(19,3239),(29,2047),(46,3567),(49,3529),(51,2846),(67,3617),(82,3346),(88,455)]	20.433415
565	[(0,1074),(8,1337),(16,618),(26,1655),(29,3266),(37,861),(42,2581)]	19.973536
566	[(36,1543),(54,1841),(72,789),(78,4187)]	19.419711
567	[(12,4303),(16,415),(42,2442),(88,254),(91,3179)]	21.229657
568	[(17,665),(18,3661),(24,993),(39,1191),(43,3941),(50,1706),(68,3695)]	19.301376
569	[(11,3336),(24,3532),(26,4609),(28,3059),(44,5020),(59,1805),(60,380),(63,3548),(72,1536),(75,215),(79,1036),(80,368)]	30.941776
570	[(11,2575),(22,2493),(34,2734),(39,1884),(43,3545),(83,4585)]	27.812997
571	[(2,1976),(7,1548),(40,1944),(45,1992),(51,289),(53,1651),(57,2767),(78,4583),(85,4612),(91,4264)]	19.998545
572	[(0,2913),(27,5175),(31,5249),(83,3958),(88,3561)]	19.935150
573	[(10,877),(11,730),(38,5198),(80,4792),(82,2870)]	18.973379
574	[(7,2914),(16,5213),(28,1213),(38,625),(40,2064),(42,158),(71,3156),(73,2670),(86,2895),(90,3265)]	19.504932
575	[(41,5015),(44,2239),(59,2316),(60,1044),(68,3846),(71,5218),(86,240)]	19.103834
576	[(0,1590),(7,1218),(9,1665),(51,3645),(65,4868),(77,3232)]	19.734033
577	[(12,4100),(14,4586),(60,878),(63,4400),(65,1664),(71,661),(84,4550),(90,3207)]	19.670090
578	[(12,4841),(24,2259),(32,1332),(37,1200),(43,4668),(45,2903),(47,2928),(54,377),(65,3361),(86,5218)]	19.426495
579	[(7,940),(10,3680),(34,4388),(59,4150),(76,231),(80,3299)]	21.081719
580	[(3,4212),(6,1632),(14,2129),(25,3206),(42,2415),(43,5029),(49,5136),(62,306),(66,70),(82,1515),(83,4319),(86,2840)]	19.664773
581	[(22,3175),(24,3500),(29,4357),(69,509),(87,203),(88,2689)]	20.301363
582	[(33,4539),(37,2917),(48,1618),(57,2425),(77,673),(83,2883),(86,2251),(92,5278)]	19.791865
583	[(8,1803),(24,2065),(32,2389),(40,5020),(59,769),(60,1631),(62,1323),(63,3090),(69,3639)]	19.186838
584	[(28,2548),(49,2429),(52,2303),(56,1080)]	19.453874
585	[(6,5115),(29,4485),(35,1235),(50,509),(61,2318),(65,4433),(70,1647),(71,2427),(75,685),(82,2104)]	19.247289
586	[(0,576),(4,3453),(22,3435),(27,3393),(44,2206),(49,5237),(51,4669),(54,205),(68,4317)]	19.428969
587	[(0,982),(33,4943),(50,1126),(61,3535),(71,880),(82,1705)]	19.438190
588	[(37,5248),(40,1109),(51,2235),(56,3656),(59,1113)]	20.040393
589	[(5,4452),(19,787),(72,1706),(74,1057),(87,4991)]	19.357839
590	[(3,2970),(30,887),(31,84),(36,3627),(50,480),(55,1098),(70,2952),(74,5168)]	19.168029
591	[(13,4694),(18,927),(49,3154),(51,1685),(67,1499),(71,1503),(84,2342)]	19.074164
592	[(35,1394),(56,3081),(83,2070),(89,3478)]	19.207759
593	[(4,3028),(36,4737),(42,2654),(58,209),(68,4885)]	19.660202
594	[(1,41),(10,626),(11,2613),(26,2532),(45,4814),(56,4869),(59,1937),(77,3348),(91,3607)]	20.330960
595	[(39,2143),(48,3833),(60,2623),(79,1152),(82,5196)]	19.489318
596	[(11,2906),(15,4076),(16,2946),(43,4007),(52,212),(61,1669),(71,1876),(89,3135),(92,3040)]	19.695015
597	[(4,4760),(13,4292),(15,2153),(21,2769),(26,3805),(36,2838),(48,4411),(57,5179),(61,5023),(81,2976),(86,345),(88,843)]	23.039415
598	[(4,3071),(5,1161),(13,1800),(18,2688),(22,1350),(51,722),(52,3222),(54,1603),(60,3399),(66,3013)]	26.478422
599	[(12,4840),(17,5050),(53,74),(63,68),(83,1218)]	19.729490
600	[(5,4808),(9,3092),(46,2044),(59,1035),(74,3076),(84,3130),(86,4670)]	20.433542
601	[(8,1580),(13,1458),(23,98),(35,3214),(57,4079),(69,2925),(77,4068),(79,4526)]	19.914401
602	[(1,2677),(3,1145),(14,2489),(24,2193),(41,3289),(48,518),(55,4780),(79,1022),(81,336)]	19.269506
603	[(7,4024),(9,776),(11,5150),(15,1228),(19,1662),(24,4496),(28,5066),(67,1475)]	19.217889
604	[(22,1481),(25,2629),(30,3151),(79,2711)]	19.545974
605	[(0,615),(2,3175),(3,247),(26,785),(39,4285),(46,3211),(57,396),(60,4783),(65,502),(66,261),(71,4701),(83,23),(84,3978),(89,4281),(91,3240),(92,3882)]	19.069647
606	[(5,2991),(45,1580),(49,337),(64,911),(74,2024)]	19.519838
607	[(5,4811),(14,823),(37,3412),(38,1655),(45,1687),(66,640),(89,791)]	20.046497
608	[(13,3781),(16,932),(22,2902),(35,3833),(48,5032),(75,859),(83,1545)]	19.551336
609	[(26,1043),(80,878),(86,1757)]	19.458999
610	[(22,2682),(26,4020),(41,2310),(44,274),(47,3348),(51,1132),(54,1221),(56,2341),(62,1795),(65,3585),(69,113),(72,3833),(83,4305),(90,5040)]	20.074607
611	[(0,2565),(42,2249),(44,379),(62,2146),(68,4287),(76,4020),(77,755),(83,1277)]	21.861531
612	[(8,3734),(10,275),(21,1512),(28,1458),(34,1588),(50,4351),(55,3794),(65,262),(70,464),(77,4989),(84,737),(88,593)]	22.572842
613	[(4,379),(18,5119),(19,631),(21,2430),(29,2595),(33,832),(48,3414),(54,1027),(66,1708),(73,1762)]	20.400441
614	[(11,4249),(12,3604),(14,1266),(23,1284),(41,4713),(44,1956),(53,4406),(88,487)]	19.176464
615	[(23,3251),(39,3230),(76,2458),(90,1114)]	19.031729
616	[(0,1025),(30,3754),(44,224),(45,3155)]	19.517343
617	[(45,5020),(83,4625)]	19.637842
618	[(7,1784),(22,1038),(26,5245),(55,1429),(78,4967)]	19.927899
619	[(17,1228),(32,3091),(45,900),(50,3988),(55,943),(72,1354),(79,3664),(87,5070)]	19.350535
620	[(14,922),(22,1141),(29,673),(49,4003),(50,3237),(53,1418),(57,581)]	29.834588
621	[(7,386),(18,4781),(41,2569),(50,1792),(60,1934)]	28.870252
622	[(3,1896),(20,442),(36,4941),(39,4405),(47,5008),(64,3200),(81,4718)]	19.855322
623	[(0,4460),(14,2894),(22,2209),(35,4768),(43,118),(79,2214),(85,3155),(90,1093)]	19.816901
624	[(2,2673),(9,3277),(24,3828),(27,1905),(47,2593),(55,2725),(67,626),(81,4142)]	19.361322
625	[(7,235),(15,4084),(17,2889),(34,3606),(45,5194),(63,3356),(70,1644),(85,2612),(88,4660)]	19.725092
626	[(3,1763),(20,2026),(37,3905),(39,1532),(41,625),(55,2745),(78,3067),(83,4925)]	19.092444
627	[(14,3874),(34,2868),(53,2473),(55,3286),(75,3036),(88,774)]	19.159033
628	[(49,2360),(66,4795),(82,2373),(86,1673),(87,1829)]	19.643203
629	[(11,1921),(41,580),(43,4357),(44,2768),(86,257),(91,4647)]	21.490098
630	[(7,1052),(29,4655),(39,1792),(60,2317),(62,3701),(68,3760),(88,4284),(89,4975),(91,3616)]	20.299729
631	[(14,2104),(17,3950),(24,916),(32,712),(66,3276),(74,4372)]	21.668805
632	[(14,186),(26,5078),(33,2352),(39,606),(52,2819),(53,2051),(62,1403),(88,2579),(91,2612)]	19.830637
633	[(1,1617),(18,571),(32,4549),(33,5253),(36,1812),(38,3438),(39,2038),(41,3940),(44,562),(74,101),(76,1816),(79,3273),(80,4343),(82,1920)]	19.429784
634	[(0,1201),(8,4649),(27,271),(38,2823),(47,2621),(51,3692)]	19.898578
635	[(7,834),(21,3348),(22,3097),(55,533),(60,1247),(63,3889),(69,3613),(71,4731),(82,659)]	21.732150
636	[(5,4926),(6,4842),(9,3171),(38,974),(42,2024),(64,3976),(73,55),(90,2823)]	19.859985
637	[(9,4949),(25,1076),(36,2356),(79,217),(80,1962),(89,1205)]	20.329107
638	[(26,5265),(36,2318),(39,1277),(62,4876),(72,4781),(78,2779)]	19.726236
639	[(12,63),(14,724),(50,3565),(71,301),(75,3937),(90,3047)]	20.400804
640	[(7,155),(8,828),(10,592),(34,513),(53,5053),(59,3361),(64,1250),(66,2961),(90,459)]	19.050905
641	[(4,3622),(9,959),(23,1364),(35,3080),(37,5038),(51,3009),(58,3552),(78,4202)]	20.307501
642	[(21,1604),(52,1584),(62,1716),(63,4004),(86,2324),(91,4638)]	21.565785
643	[(18,669),(23,107),(27,1304),(36,3526),(52,2854),(55,4010),(60,2888),(63,104),(74,3772)]	21.632404
644	[(7,116),(11,3317),(12,2592),(13,920),(16,1401),(34,2834),(38,2093),(42,3846),(47,240),(56,2548),(62,2104),(92,509)]	20.713608
645	[(20,2322),(21,4807),(25,2973),(37,4888),(72,1908),(77,3779),(88,1769)]	23.008816
646	[(19,226),(38,3638),(64,3176)]	29.171102
647	[(12,4994),(19,878),(37,1891),(42,3090),(52,3477),(56,960),(61,4683),(67,510),(81,303)]	20.604035
648	[(14,3937),(48,3616),(52,1330),(55,3745),(63,944)]	19.858458
649	[(4,1429),(10,1187),(32,2615),(40,1892),(48,920),(57,3057),(63,2244)]	22.439694
650	[(0,2317),(18,4434),(20,4939),(23,2065),(85,2068)]	19.483032
651	[(17,3210),(20,120),(79,2833),(81,1182),(89,1590),(90,4215)]	20.539371
652	[(1,2474),(5,4095),(6,832),(9,4582),(22,4393),(46,4870),(59,1136),(77,360),(91,2213)]	19.796561
653	[(1,2704),(3,4815),(4,2495),(7,2476),(19,4178),(30,4687),(33,4401),(35,2238),(50,3910),(60,1457),(65,1998),(76,2119)]	20.543624
654	[(1,309),(2,3530),(8,3226),(13,3664),(14,2719),(23,4088),(34,4784),(39,3144),(49,2640),(72,2800)]	19.409811
655	[(2,5279),(12,1286),(21,1832),(34,2540),(51,1824),(67,5149),(68,3420),(85,2081)]	19.443702
656	[(4,1426),(21,3889),(50,4245),(53,289),(61,2507),(80,1629),(86,4156)]	19.935377
657	[(6,5217),(27,615),(43,1130),(74,4839),(84,2122)]	19.604949
658	[(7,4507),(15,2970),(21,2571),(33,1200),(35,1460),(62,5078),(90,631)]	20.546655
659	[(13,5274),(24,1451),(29,232),(36,2676),(76,1549),(88,4318),(91,2217)]	20.350962
660	[(2,2130),(15,1803),(20,606),(34,3451),(38,4999),(53,5028),(68,3142),(71,4371),(90,4421)]	19.108701
661	[(6,2495),(15,2454),(22,4074),(36,4744),(60,5129),(61,1751),(66,3769),(74,1993),(87,2488),(91,4492)]	19.550280
662	[(18,3592),(55,3389),(58,4298),(62,4668),(70,4215),(87,4129),(91,4071)]	19.231236
663	[(15,4143),(17,1406),(18,1741),(26,132),(30,4335),(90,2480)]	19.334157
664	[(7,1103),(15,771),(23,5045),(53,1612),(58,3264),(76,1428),(89,4025)]	19.255046
665	[(0,4270),(4,2718),(9,691),(13,707),(23,4374),(42,4298),(48,3495),(56,906),(70,733),(91,4422)]	19.992280
666	[(6,4651),(19,914),(65,2387),(66,64),(85,677)]	20.089526
667	[(5,2522),(22,890),(48,832),(65,17),(74,3016),(91,1463)]	19.858213
668	[(8,238),(31,158),(38,3228),(40,2449),(64,1393),(67,902),(70,4890),(77,3216),(82,2957),(87,4028),(91,4976)]	20.203011
669	[(8,3517),(11,1870),(19,4265),(20,4311),(35,3078),(47,2356),(52,4980),(61,3258),(65,3455),(89,721)]	20.173494
670	[(0,4291),(35,1855),(40,2988),(54,1553),(71,4644),(72,2531),(80,2761)]	29.429060
671	[(6,3072),(30,3931),(60,3764)]	30.240895
672	[(15,1934),(25,4255),(38,1478),(42,3105),(53,1590),(54,4215),(59,1820),(61,4326),(75,3672),(76,19),(90,3356),(91,2930),(92,1651)]	19.301143
673	[(12,5250),(17,5040),(22,4423),(24,1769),(28,1353),(32,4435),(33,4307),(40,1790),(45,4035),(78,101)]	19.569826
674	[(5,3833),(23,4165),(61,603),(69,1931),(74,4280),(76,2594),(77,1056)]	20.240155
675	[(2,1629),(37,791),(63,2397),(80,4257),(89,3488),(91,827)]	19.366342
676	[(8,1269),(13,45),(29,2327),(74,786),(77,5028),(79,331)]	19.616877
677	[(3,3544),(19,868),(21,887),(40,621),(60,3194),(87,3273)]	21.768080
678	[(0,3911),(70,512),(79,3927)]	19.571613
679	[(11,1205),(19,3162),(23,3029),(43,2283),(62,1454),(81,2029)]	19.517117
680	[(32,3624),(44,2533),(81,172)]	19.311241
681	[(3,452),(14,3617),(22,3399),(26,4692),(38,3268),(65,294)]	19.240199
682	[(55,41),(59,4486),(72,4769),(84,4018),(85,2170),(92,2611)]	19.205404
683	[(18,4194),(40,514),(49,872),(72,1437),(75,1261),(78,4569),(83,3387)]	19.497113
684	[(3,781),(7,3899),(12,5078),(16,3202),(20,3541),(26,3244),(53,4576),(55,4413),(63,2683)]	19.459528
685	[(11,3228),(13,3798),(16,2637),(20,642),(21,845),(23,2625),(33,3798),(35,498),(38,1646),(40,2676),(48,2634),(51,739),(64,1785),(89,226)]	20.108435
686	[(2,1569),(32,961),(35,29),(36,562),(41,2120),(48,3562),(61,5005),(70,188),(76,3522),(82,1546),(84,2542),(91,4844)]	19.311115
687	[(0,2279),(1,5276),(27,744),(47,3192),(52,2394),(57,3402),(68,3030),(69,3497),(72,3020),(84,2988),(88,1396)]	20.210677
688	[(4,2938),(37,3610),(40,1050),(46,4155),(75,51),(77,4372),(84,1647)]	19.524500
689	[(51,2580),(72,1782),(75,4127),(80,1057),(89,2933)]	19.583816
690	[(3,4596),(7,1930),(8,769),(53,237),(54,767),(58,4336),(62,4592),(68,148)]	19.568369
691	[(9,4515),(33,2066),(51,3319),(57,303),(60,3718),(62,145),(63,2045),(67,1103),(81,4948),(85,3303)]	20.728600
692	[(25,4004),(31,4113),(40,1755),(45,170),(54,5279),(59,3307),(62,523),(73,1496),(86,2188)]	19.095820
693	[(14,2158),(24,1140),(30,4601),(34,1705),(47,2273),(48,2587),(63,4323),(78,593),(84,4311),(92,389)]	19.447987
694	[(21,5096),(28,4287),(31,2394),(33,1120),(39,4346),(43,556),(50,2327),(60,5161),(61,4179),(67,3228),(74,2868),(91,665)]	21.525105
695	[(8,4437),(10,436),(16,1323),(20,3784),(29,3456),(55,4362),(81,2348),(84,855),(86,4983)]	27.437888
696	[(35,2582),(45,1971),(53,4497),(76,4093),(83,1624)]	19.351284
697	[(5,404),(33,1262),(53,1207),(54,4984),(61,5063),(72,3117),(74,609),(78,5109),(87,3047)]	19.475753
698	[(10,4356),(13,672),(37,2976),(51,4464),(58,1357),(69,1492),(79,2396),(87,2035)]	19.919959
699	[(0,4598),(10,5119),(15,5257),(17,4545),(19,5159),(45,555)]	19.827451
700	[(5,4458),(26,246),(30,4530),(42,4195),(44,2815),(55,4363),(60,3701),(70,1463),(73,3646),(81,219),(83,3586)]	19.982482
701	[(4,4725),(6,3492),(23,4216),(39,62),(50,2023),(51,252)]	19.631503
702	[(51,2327),(85,4908)]	19.406865
703	[(4,5067),(7,857),(9,2210),(17,1612),(19,1547),(43,1597)]	18.979382
704	[(1,3992),(2,4104),(35,2067),(36,2354),(41,4616),(43,582),(44,3132),(84,1274),(88,3115),(89,3983)]	19.508965
705	[(7,3910),(20,3668),(22,2373),(28,2643),(36,777),(37,2474),(43,1302),(83,3954),(91,1858)]	19.698119
706	[(0,3976),(8,528),(14,5097),(20,4472),(24,1526),(25,1849),(39,3445),(55,5043),(57,3390),(59,2814),(65,5091),(70,63),(79,238)]	20.024448
707	[(6,2990),(30,5245),(41,1553),(50,2396),(78,3372),(92,5068)]	19.819721
708	[(0,4517),(16,2605),(35,2955),(36,5252),(43,3487),(49,3642),(62,2598),(65,4422),(92,193)]	19.273638
709	[(3,4473),(22,121),(24,1294),(26,3158),(37,1559),(47,512),(62,2693),(86,2099)]	19.471657
710	[(14,2241),(21,2379),(30,4050),(32,1196),(90,2329)]	19.785501
711	[(27,1343),(32,4336),(52,1327),(75,4343),(85,3130),(89,3955)]	24.621560
712	[(11,1410),(44,4115),(45,5078),(53,2643),(63,5017),(67,642),(71,3818),(74,3849),(88,1344)]	19.119115
713	[(0,2957),(12,1411),(35,1308),(54,2488),(57,4453),(60,4529),(73,3154),(76,4019),(84,3599)]	19.134227
714	[(8,3979),(26,2328),(29,5026),(43,1830),(62,2311),(70,5050),(75,1084),(89,4917)]	19.665141
715	[(7,1676),(11,1089),(19,1012),(25,2777),(30,1751),(36,3179),(65,4871),(70,924),(82,2590)]	19.973786
716	[(3,5238),(4,2173),(10,2032),(19,4251),(25,761),(48,3513),(62,923),(73,2180),(77,4303),(78,5142)]	20.217130
717	[(25,1959),(31,4648),(35,4403),(48,3828),(50,417),(77,3228),(79,2449)]	19.274998
718	[(13,1467),(22,324),(40,1155),(63,4138),(82,2232),(83,219)]	20.016814
719	[(42,3437)]	20.388159
720	[(9,3782),(11,922),(35,5246),(42,995),(45,1588),(74,4619),(75,3063),(76,632),(85,1533)]	19.169792
721	[(32,5263),(48,772),(49,663),(81,3224),(88,4780)]	28.224994
722	[(5,930),(6,1108),(32,1901),(51,3620),(52,1777),(63,1396),(64,3811),(65,3786),(79,1978),(80,1823)]	32.601644
723	[(28,1753),(39,708),(40,2474),(44,4206),(54,4084),(86,448)]	19.710075
724	[(8,2428),(9,955),(28,1674),(50,699),(51,4453),(56,4546),(57,1947),(65,3151),(73,1331)]	19.217853
725	[(12,4612),(19,318),(36,3634),(50,1922),(56,3276),(63,4880),(74,4559),(81,1750)]	21.121868
726	[(9,2526),(19,2591),(24,3521),(34,4018),(43,3793),(45,1112),(75,798),(78,2894),(89,961)]	21.590810
727	[(24,3095),(27,3765),(29,2502),(36,2942),(65,1225),(72,4551),(86,4325)]	19.327389
728	[(13,143),(14,2765),(51,888),(52,883),(69,2773),(87,3586)]	21.635657
729	[(5,5106),(29,1671),(41,5118),(42,2196),(55,2053),(67,2028),(75,5208),(76,1607)]	19.292374
730	[(14,2715),(35,3499),(46,1672),(65,3149)]	19.533250
731	[(26,1925),(32,1040),(33,3602),(52,1539),(54,1485),(58,2713),(79,3385),(87,3562)]	19.255087
732	[(0,4703),(14,5081),(18,3866),(36,2977),(88,4137)]	19.282858
733	[(5,2557),(19,107),(27,2588),(32,1062),(60,2367),(70,4135),(74,768),(77,3034),(79,4730),(83,668)]	19.132437
734	[(3,3379),(16,1967),(18,5273),(24,290),(45,4118),(70,486),(79,4581)]	19.643073
735	[(18,1842),(47,175),(57,1891),(58,427),(67,433),(72,355),(83,2286)]	19.382826
736	[(16,1186),(19,425),(25,2753),(82,5207),(85,4403),(92,2259)]	19.257926
737	[(5,1080),(8,1573),(25,4448),(61,344),(62,284),(63,4686),(89,5254)]	19.780404
738	[(2,1573),(20,1561),(26,629),(29,4924),(31,1721),(42,1858),(44,4006),(46,2182),(79,1011)]	19.456519
739	[(1,4882),(12,4077),(20,4764),(27,2541),(38,4292),(41,1231),(53,5170),(72,3108),(90,3131)]	19.619346
740	[(22,4931),(41,1731),(62,4163),(86,1568)]	19.387963
741	[(3,4128),(41,4451),(64,3471),(85,1661)]	19.533527
742	[(6,3052),(14,2631),(18,2661),(27,3980),(31,534),(48,4167),(53,4447),(69,1351),(72,3766),(77,2463),(80,3110),(81,584)]	19.301810
743	[(18,4043),(19,4704),(52,2578),(63,3833),(84,4591)]	22.295383
744	[(13,4563),(22,1746),(34,2684),(54,4191),(91,4398),(92,2793)]	27.553639
745	[(3,2502),(15,2626),(17,2846),(23,4022),(27,3816),(28,3551),(50,4018),(56,563),(73,5102)]	19.368762
746	[(12,2006),(22,4648),(56,3326),(70,4569)]	20.350277
747	[(24,3107),(30,3671),(41,3805),(50,1298),(61,3169),(67,2125),(73,4138),(86,3260)]	19.709780
748	[(10,4001),(11,3055),(21,1190),(74,5260)]	19.220004
749	[(6,403),(7,4904),(8,5111),(11,1142),(28,4636),(33,780),(35,3206),(38,2110),(75,4740),(76,1150)]	20.047383
750	[(13,118),(71,2464)]	19.748921
751	[(11,365),(16,1301),(32,4732),(34,3294),(46,658),(48,5156)]	19.283978
752	[(18,4529),(32,4314),(76,4009),(81,4127),(86,204),(88,2023)]	19.157044
753	[(0,3016),(2,3001),(15,1931),(40,1156),(43,2454),(86,3892)]	19.786357
754	[(1,446),(12,479),(20,4564),(22,2003),(44,570),(47,2527),(50,4335),(63,3686),(69,3560),(73,2413),(91,4598)]	19.366265
755	[(0,818),(1,5103),(2,3256),(12,4722),(36,856),(45,2863),(46,402),(54,1298),(64,2800),(72,22),(77,4664),(84,4093)]	19.440995
756	[(11,1844),(16,3593),(24,2756),(32,4309),(45,4337),(52,38),(74,2627),(84,1182)]	19.931221
757	[(4,2406),(13,2104),(38,1920),(50,4233),(71,1199),(76,5111),(83,1955),(90,67)]	20.477753
758	[(9,1629),(42,3021),(70,2384),(87,2350)]	20.929527
759	[(23,751),(29,2248),(50,3481),(55,1364),(63,3010),(69,90),(77,1594),(84,1380),(89,3789)]	19.999917
760	[(0,1849),(4,450),(18,1233),(25,4632),(31,4290),(47,75),(50,2327),(62,454),(74,2612)]	36.924191
761	[(22,3852),(23,3318),(52,3737),(64,4258)]	37.158904
762	[(4,1432),(18,2970),(23,1703),(30,5165),(50,2719),(81,3196),(86,887),(91,3192)]	21.248233
763	[(31,3273),(48,2503),(49,1607),(54,2459),(61,2121)]	19.399877
764	[(45,3701),(53,3495),(60,2864),(75,47),(77,4488),(79,3046),(81,2364)]	20.227593
765	[(19,4902),(36,2492),(46,4871),(58,1371),(73,969),(77,1667),(86,2052)]	20.168833
766	[(4,3572),(6,2120),(53,3933),(57,4485),(71,1104),(87,1691)]	19.789080
767	[(1,2793),(7,5226),(10,5089),(16,3600),(32,3772),(44,1146),(49,3559),(57,5070),(61,1757),(69,1149),(78,429),(79,4671)]	21.643882
768	[(6,1009),(11,529),(34,325),(35,4101),(37,3886),(57,2823),(69,590),(70,3516),(76,3213),(83,1247),(88,1315)]	20.484294
769	[(3,4475),(40,3708),(51,53),(53,4837),(66,1055),(73,2487)]	19.581626
770	[(0,948),(45,1510),(54,1367),(59,1396),(86,4030)]	27.653524
771	[(11,367),(13,574),(16,38),(41,2501),(78,1518)]	31.692334
772	[(1,2262),(13,3245),(17,792),(64,3142),(66,1027),(76,1986),(82,3071),(83,1161),(88,3638)]	19.457739
773	[(54,1771),(57,1460),(59,1603)]	21.395608
774	[(16,1790),(24,3006),(42,81),(54,1050),(59,3325),(63,4397),(89,2533)]	19.627403
775	[(3,2723),(5,3065),(35,2609),(49,2359),(62,434),(70,12),(74,4592),(78,1254),(84,1993)]	21.939599
776	[(7,4802),(19,4428),(31,809),(58,1501),(75,392),(85,1740),(92,4078)]	19.213006
777	[(1,4725),(9,2291),(10,1221),(24,5249),(37,1955),(38,279),(50,5116),(51,2564),(72,3956),(73,3435),(83,3252)]	20.056632
778	[(12,1250),(34,3437),(50,5122),(59,190),(72,4719),(88,1710),(91,3412),(92,1655)]	19.117728
779	[(6,1612),(7,2024),(15,595),(28,4733),(47,4938),(52,4961),(72,1204),(77,3814),(79,2992)]	19.636307
780	[(35,525),(43,4964),(55,1270),(59,1141),(62,2432),(74,2126),(85,1208)]	19.526059
781	[(47,3758),(49,2724),(75,2840)]	19.779999
782	[(2,185),(5,206),(7,1321),(21,1539),(42,2039),(53,4115),(64,2865),(65,853),(72,4022),(77,2040),(84,2963),(91,2333)]	20.079081
783	[(18,4765),(23,300),(31,1742),(36,3357),(52,2218),(79,4334),(85,1190)]	19.688394
784	[(11,716),(19,2465),(20,2431),(29,1646),(65,4279),(72,2084),(85,3853)]	19.344486
785	[(16,2447),(28,963),(30,3041),(46,3670),(68,116),(75,3138),(79,3069),(88,5201),(90,362)]	19.144395
786	[(7,1898),(20,1684),(24,3493),(70,1822),(74,2115),(75,4793),(84,2548),(85,1561),(88,3710)]	19.262619
787	[(7,3266),(10,4),(16,1921),(55,2527),(81,5201)]	19.130426
788	[(2,3854),(44,5212),(46,695),(66,959),(78,563)]	19.087282
789	[(10,3766),(13,5281),(15,5010),(21,32),(35,3465),(62,947),(82,1909)]	19.242587
790	[(17,2355),(32,1807),(38,3295),(49,5109),(66,1520),(70,960),(89,3394)]	20.516544
791	[(30,1241),(32,1563),(39,4928)]	25.352974
792	[(18,253),(42,1844),(44,5253),(67,5112),(91,5082)]	22.213751
793	[(14,3490),(29,960),(41,3656),(47,3272),(56,3514),(80,4732),(92,1366)]	19.174199
794	[(7,3776),(13,1870),(39,1122),(50,103),(74,4610)]	19.702522
795	[(2,1715),(23,1487),(40,384),(49,2328),(53,4320),(57,3250),(65,526),(73,203),(74,2689),(85,4529)]	19.177873
796	[(14,4408),(33,3703),(44,4439),(49,4389),(88,1426)]	20.195076
797	[(44,324),(74,2359),(83,1930)]	19.192236
798	[(1,3449),(18,4176),(36,2599),(53,3677),(63,895),(79,95)]	19.057622
799	[(3,4984),(9,2387),(15,39),(16,2804),(76,3431),(86,4544)]	19.085264
800	[(7,309),(8,3530),(33,95),(36,2757),(42,4982),(46,814),(54,1756),(57,2834),(75,3154),(84,3627)]	20.101115
801	[(5,5197),(37,3942),(51,351),(64,3023),(82,359)]	19.903612
802	[(7,3925),(16,4959),(19,401),(23,2794),(61,3735),(72,2575),(86,664)]	19.116448
803	[(64,3742)]	19.664286
804	[(2,360),(6,4615),(26,5008),(50,4897),(54,1956),(59,5),(61,2866),(73,3820),(77,5272)]	19.336725
805	[(9,1030),(28,3429),(37,5239),(42,753),(60,1485),(61,4986),(74,1286),(77,5053),(88,2060),(89,1144)]	19.313197
806	[(13,2295),(20,1013),(50,2037),(58,2535),(62,2026),(73,4531),(76,1997)]	19.101467
807	[(20,2311),(27,353),(28,3922),(30,4781),(38,3969),(65,4103),(69,1904),(91,3475)]	19.557674
808	[(1,2753),(9,3233),(53,1781),(59,3212),(63,3968),(67,661),(69,2873),(81,3827)]	20.146520
809	[(2,176),(18,2198),(29,1375),(36,2702),(37,3733),(43,4249),(44,3604),(52,4047),(57,2541),(59,1438),(71,4087)]	19.119175
810	[(7,2700),(29,5282),(30,2037),(39,4465),(57,691),(73,900),(75,1339),(77,3234)]	20.018799
811	[(17,3654),(22,36),(23,2437),(56,1178),(66,1278),(84,4282),(91,3538),(92,2886)]	20.417403
812	[(3,1121),(4,3231),(5,89),(8,2132),(44,980),(45,1244),(56,1503),(70,864)]	22.423572
813	[(14,4709),(51,1053),(67,2066),(74,2168)]	19.586687
814	[(8,1127),(13,1600),(25,2582),(39,3619),(52,600),(77,1839)]	19.476867
815	[(48,4411),(52,2404),(54,2382),(61,3730),(74,1158),(86,678)]	19.460691
816	[(6,1485),(17,3683),(25,3347),(50,393),(57,1874)]	31.692952
817	[(39,3560),(64,214),(68,718),(80,5025)]	20.200584
818	[(4,3124),(16,2445),(29,1677),(30,4003),(52,4906),(62,1960),(83,4120),(86,1774)]	19.357265
819	[(9,3894),(17,936),(29,115),(48,3994),(83,2303),(92,4291)]	20.113847
820	[(6,4711),(19,1834),(39,968),(54,3364),(62,4998),(70,5016),(71,2400),(78,3720),(83,4286)]	20.754058
821	[(0,5276),(14,5077),(19,81),(59,1138),(89,545)]	38.905975
822	[(6,1372),(29,3021),(39,3298),(44,331),(64,578),(66,1694),(67,217)]	31.310482
823	[(10,3437),(25,1527),(29,3107),(30,945),(32,731),(38,142),(48,2157),(75,1871),(80,3323),(92,2078)]	23.152864
824	[(6,287),(8,4492),(40,3374),(45,3857),(53,1247),(58,2413)]	20.857817
825	[(7,2138),(12,4725),(28,2852),(29,2281),(30,4828),(31,46),(37,1842),(45,1149),(61,1563),(70,3323),(85,1275),(87,440),(88,1181)]	19.332312
826	[(29,2531),(30,2083),(32,3743),(40,870),(41,4147),(47,4138),(52,3173),(54,4090),(59,4807),(73,325),(79,2242)]	20.025390
827	[(4,3341),(7,2986),(25,420),(33,3297),(35,1619),(38,139),(67,4491),(89,3182)]	19.533990
828	[(9,1944),(44,3542),(81,4660)]	19.606357
829	[(2,3201),(3,1973),(14,4476),(23,3781),(31,2600),(49,4185),(74,2202),(75,2798),(90,2526)]	19.734814
830	[(5,3011),(10,4932),(11,3929),(14,3073),(49,780),(50,4961),(52,2232),(55,2470),(60,5025),(73,4441),(74,2033),(81,3408),(89,2072)]	19.579004
831	[(1,4308),(14,121),(18,2084),(67,1982),(74,245)]	40.775729
832	[(38,2809),(53,3869),(74,3159)]	28.641467
833	[(7,1687),(23,878),(27,2763),(28,3802),(29,3530),(32,2161),(42,3284),(53,1996),(55,4318),(57,1988),(90,730)]	19.852888
834	[(38,1701),(51,5175),(59,3091),(70,4028),(79,3991),(80,3400)]	20.033634
835	[(7,5149),(8,3420),(24,4853),(55,1372),(73,1236),(85,5154),(88,2048),(89,4347)]	19.916225
836	[(15,2888),(29,3923),(31,620),(50,2628),(56,2924),(59,3455),(64,5203),(76,1320),(85,454)]	19.795370
837	[(30,2065),(55,2823),(87,4936),(88,4341)]	26.502314
838	[(3,5171),(30,4506)]	23.003694
839	[(2,567),(21,4169),(27,3365),(62,2509),(74,2612),(89,623)]	19.675615
840	[(3,379),(5,3683),(15,176),(17,3337),(22,2419),(35,4980),(48,5285),(81,115),(90,4754)]	29.475553
841	[(4,2847),(8,3826),(17,66),(19,548),(37,3260),(66,1184),(67,2230),(86,1711),(87,3864)]	19.208449
842	[(18,3061),(34,4537),(57,2050),(61,3134),(63,682),(71,3527),(83,4130)]	19.308442
843	[(7,4361),(15,4779),(28,3671),(47,4035),(78,1785),(92,1877)]	19.458409
844	[(3,3670),(13,3826),(21,1882),(30,403),(33,3948),(37,4268),(77,4858),(84,315)]	18.958342
845	[(28,1963),(54,4456),(65,1041),(68,2431),(73,2241),(80,5195),(81,714),(85,561)]	20.716149
846	[(0,978),(1,347),(17,3629),(21,1147),(33,2038),(46,1518),(48,1026),(62,2789),(71,4424),(74,2752),(78,719),(92,324)]	21.209196
847	[(5,2207),(16,3306),(25,4746),(29,5214),(30,3871),(32,4404),(38,161),(41,4899),(45,1797),(56,3108),(66,4452),(74,3750)]	25.254078
848	[(2,2483),(10,3805),(16,464),(18,1661),(27,2303),(57,4537),(58,3551),(68,1255),(92,5053)]	42.380611
849	[(2,2991),(42,2501),(50,4456),(54,1437)]	43.288879
850	[(4,5194),(67,2742)]	42.803855
851	[(1,4453),(3,2636),(25,2344),(32,1068),(38,794),(44,3638),(75,4009),(88,5131)]	42.819717
852	[(27,5101),(42,644),(46,4397),(53,2524)]	34.946132
853	[(13,591),(40,3775),(88,1052),(90,4677)]	19.724661
854	[(5,1344),(20,2358),(22,2162),(44,741),(75,3768),(80,2523),(81,2543),(89,4362),(92,1478)]	19.383497
855	[(8,2738),(11,68),(27,1495),(33,517),(59,194),(64,1130),(83,1754)]	19.824226
856	[(14,3406),(47,1142),(53,494),(54,3043),(69,4833),(85,3388)]	19.038141
857	[(3,1233),(10,4442),(22,933),(33,4092),(34,2451),(36,4541),(66,2988),(79,4313)]	19.243064
858	[(4,2090),(22,3246),(27,698),(45,2399),(70,837),(75,2379),(76,4386),(83,1137)]	19.021905
859	[(26,1783),(43,2373),(54,3629),(55,1884),(66,50),(71,2811),(80,362)]	19.121649
860	[(7,4699),(32,3461),(46,800),(53,5043),(57,98),(89,3128),(91,2278)]	19.695329
861	[(25,5133),(72,1891)]	19.609964
862	[(15,4575),(24,687),(44,5169),(49,3417),(53,2038),(55,4664),(58,2691),(61,2563),(82,4381)]	19.968932
863	[(2,914),(20,4018),(26,1459),(31,2201),(36,3861),(41,1262),(87,4903)]	23.875430
864	[(13,1003),(22,4491),(26,3733),(37,366),(47,4976),(49,1604),(89,1292)]	37.177428
865	[(0,4322),(42,4167),(47,2956),(71,319),(89,4449)]	20.775228
866	[(6,770),(12,3271),(34,3134),(55,816),(62,2931)]	19.398342
867	[(22,3525),(29,4998),(30,4647),(35,2244),(53,4483),(57,4715),(75,2149)]	19.630573
868	[(60,2857),(62,3180),(65,3704),(67,1675),(71,170),(72,3598),(76,2890),(85,2190)]	19.866557
869	[(17,114),(25,3991),(30,4675),(38,2609),(80,4622)]	19.558104
870	[(10,3528),(21,2406),(36,2189),(41,1040),(42,440),(43,1181),(62,3520),(74,4470),(79,2896)]	21.000186
871	[(20,2524),(29,4186),(32,3480),(48,922),(59,3635),(65,4969),(87,3550),(91,254)]	20.743017
872	[(34,1596),(54,2909),(72,2357)]	19.687248
873	[(3,136),(5,3016),(9,167),(10,2207),(13,5286),(30,453),(31,4972),(32,975),(34,4376),(37,3709),(50,410),(54,139),(57,4709),(74,2481),(87,2501)]	19.170821
874	[(3,1529),(5,3358),(6,4527),(15,3787),(23,1025),(39,3004),(45,4468),(69,4598),(81,4964),(83,3997)]	19.247087
875	[(1,4770),(7,1977),(18,4385),(40,2149),(80,1510),(81,2451)]	19.889274
876	[(3,63),(17,2815),(27,3202),(56,868),(70,4921),(72,4519)]	20.619618
877	[(5,4921),(10,3251),(16,4868),(20,4540),(87,861)]	19.932145
878	[(17,2704),(29,4094),(30,2284),(49,1617),(58,4320),(68,1454),(88,3922)]	18.950573
879	[(4,654),(7,4041),(20,688),(29,5278),(30,3689),(41,1021),(46,430),(61,5025),(65,1295),(79,1196),(82,1805),(83,380),(88,3452),(92,2120)]	20.255843
880	[(4,1316),(10,1467),(21,2128),(26,32),(40,2863),(53,1497),(67,1723),(72,2201),(76,5027),(82,3217),(87,851),(89,4284)]	26.504025
881	[(10,3242),(21,4989),(72,3541),(77,1111),(90,4308)]	22.683860
882	[(22,4429),(37,4362),(58,2120),(63,5108),(68,4805),(70,82),(73,2508),(83,4259)]	20.281801
883	[(28,3018),(48,1812),(54,2014),(60,1804),(68,2338),(72,4899)]	21.597206
884	[(10,1535),(18,3503),(45,2460),(60,2250),(64,2291),(65,1221),(67,2341),(75,4254),(79,3587)]	19.689909
885	[(15,2543),(31,3324),(44,4524),(69,672),(79,3098),(83,2925),(86,394)]	19.691904
886	[(6,1380),(16,2651),(20,174),(22,4562),(29,1575),(72,707)]	19.578617
887	[(31,3606),(55,4082),(67,4968)]	20.033700
888	[(8,4053),(35,3307),(41,3540),(44,3824),(50,2450),(65,2653),(69,1376),(84,4120)]	19.746887
889	[(29,1921),(33,2537),(39,4823),(46,3569),(56,4773),(85,92),(91,2417)]	19.758070
890	[(3,3227),(8,3665)]	19.457143
891	[(7,4935),(13,903),(39,871),(53,839),(62,1184),(70,4623),(71,4784),(76,3500)]	19.232550
892	[(18,4714),(27,5055),(43,4565),(53,1073),(66,4918),(68,641),(81,5067),(84,857),(86,305)]	19.533227
893	[(3,5085),(9,2572),(19,2254),(28,220),(35,2761),(37,700),(39,4957),(49,2050),(56,1967),(77,3843),(78,2860),(84,2272),(89,272)]	19.114187
894	[(13,2229),(25,5103),(45,3464),(50,2411),(74,2766),(77,1709),(83,1092),(88,3910)]	20.240955
895	[(7,2006),(29,2897),(39,4317),(57,3926),(58,4175),(66,4034),(92,3051)]	19.556893
896	[(21,2494),(22,2011),(29,1354),(35,4900),(44,696),(59,3778)]	19.536063
897	[(19,3913),(20,3799),(29,4787),(37,1484),(61,1894),(73,1207),(91,2421)]	19.179597
898	[(44,4901),(85,231)]	19.044860
899	[(15,4547),(34,536),(35,2270),(37,1219),(58,5226),(67,2904),(88,2150),(90,4745)]	19.340429
900	[(7,1324),(16,3789),(30,4834),(47,4834),(60,1687),(61,1595),(62,3137),(90,591)]	19.909971
901	[(7,2090),(15,1600),(26,4479),(27,3945),(39,5046),(47,2627),(49,1500),(51,800),(81,687)]	19.234327
902	[(6,1129),(17,1394),(26,3071),(36,1269),(41,3653),(47,4868),(55,738),(85,1649),(92,2974)]	19.341750
903	[(8,2424),(35,3868),(38,4849),(61,336),(63,2236),(72,3842)]	19.540768
904	[(5,695),(26,2093),(32,1417),(33,538),(38,741),(41,3603),(53,93),(74,318),(79,368),(88,2295)]	19.463096
905	[(18,4496),(22,1222),(75,1834),(80,1021)]	19.053853
906	[(1,1694),(2,217),(38,3532),(45,4899),(49,4819),(60,1015),(63,90),(75,1360)]	19.105041
907	[(7,1529),(10,1605),(21,4834),(47,1913),(62,2563)]	19.272378
908	[(12,217),(13,1962),(18,2032),(25,325),(44,838),(47,1505),(77,2271)]	19.865627
909	[(12,362),(18,2620),(27,2198),(31,20),(48,1892),(51,1722),(66,1548),(69,4897),(71,2862)]	19.713353
910	[(5,4138),(27,4962),(39,1738),(41,2161),(69,2501),(88,4892),(92,1824)]	19.813150
911	[(12,4539),(14,4242),(22,4903),(30,2293),(54,1207),(55,4984),(62,3472),(65,4151),(72,168),(82,927),(83,3681)]	20.401054
912	[(12,2415),(16,4339),(26,4461),(37,4545),(42,5158),(51,886),(53,2538),(69,222),(75,1870),(81,4416),(88,3677),(89,1161)]	22.599705
913	[(29,2362),(38,2040),(39,2235),(59,2757),(77,2114),(78,1645),(81,206),(92,3914)]	21.450120
914	[(41,4932),(42,3929),(55,2749),(71,1194),(73,2705),(74,4079),(87,5080),(88,1328)]	33.178373
915	[(13,5059),(17,25),(22,152),(29,3942),(35,4948),(39,413),(47,1386),(52,4906),(84,1918)]	28.532667
916	[(14,4474),(57,1297),(66,1553),(77,1473),(91,2261)]	19.413408
917	[(6,3906),(11,4542),(22,5160),(30,3933),(38,1623),(53,700),(83,5171),(86,1340)]	22.954575
918	[(13,5220),(15,2997),(25,5087),(59,698),(62,5065),(87,3979)]	19.816812
919	[(3,1671),(9,397),(79,4142)]	20.265337
920	[(6,2039),(10,3341),(13,858),(18,2545),(25,3416),(35,545),(41,1361),(50,4381),(54,1016),(69,4659),(85,4430),(86,2836),(87,2521)]	20.414798
921	[(3,4159),(5,833),(9,914),(54,4494),(66,3648),(75,1877),(87,3121)]	19.313293
922	[(24,2785),(29,709),(34,3136),(37,4641),(46,2844),(48,582),(54,2270),(55,931),(72,3556),(86,5176)]	22.698338
923	[(1,1559),(5,4308),(28,2142),(39,941),(51,1269),(72,3068),(89,916)]	19.283285
924	[(24,2638),(27,1404),(34,3455),(51,51),(54,1108),(89,327)]	20.262600
925	[(9,2305),(27,4182),(39,3913),(45,5170),(86,608),(89,1421),(92,941)]	21.789689
926	[(5,4026),(7,2882),(43,4789),(55,4433),(61,2703),(87,5066)]	19.768238
927	[(0,1631),(8,5215),(10,637),(15,1702),(21,697),(23,2097),(34,3605),(48,5055),(56,5239)]	19.382147
928	[(13,2837),(22,3038),(25,425),(27,4739),(30,511),(50,4682),(58,2751),(69,4571),(72,1053),(79,3040),(87,4057)]	24.710841
929	[(15,2176),(46,479),(50,3553),(56,743),(73,2523),(79,4142),(81,552),(92,3982)]	23.440564
930	[(20,3435),(33,4480),(71,3281)]	23.167627
931	[(2,2494),(3,2011),(16,1449),(30,3277),(40,3426),(66,1124),(71,3372),(84,3068)]	20.525690
932	[(2,529),(3,3871),(51,187),(75,1777),(82,2126)]	21.848147
933	[(1,1236),(3,638),(8,4735),(14,4523),(61,3299),(63,4556),(76,1024),(78,1613),(90,1501)]	19.270569
934	[(2,3863),(5,4570),(10,4979),(31,1631),(72,4234),(84,4757),(85,749),(90,4279)]	19.235430
935	[(2,5176),(18,2207),(32,1440),(56,3235),(57,2480)]	19.435415
936	[(16,5286),(17,2774),(29,4255),(56,197),(65,1053),(67,1200),(76,4505),(78,523),(91,2757)]	19.262152
937	[(2,2158),(35,4253),(47,3989),(51,881)]	19.206407
938	[(7,2493),(31,65),(35,2907),(82,1225)]	19.051905
939	[(5,4381),(11,2439),(37,5014),(50,4417),(51,4441),(87,4111)]	20.510225
940	[(22,4358),(50,4399),(60,2272),(86,571)]	19.465704
941	[(13,3461),(15,1659),(29,786),(35,3688),(37,428),(47,4504),(57,2179),(62,5168)]	19.935263
942	[(4,1722),(11,3325),(33,770),(37,2585),(40,1574),(42,4069),(57,4697),(60,1432),(62,3177),(63,1761),(66,1088),(83,2895)]	21.265292
943	[(5,2267),(40,4425),(51,2359),(64,1389),(69,3371),(86,4123),(91,1092)]	19.451645
944	[(13,5081),(49,2693),(59,2284),(68,2418),(72,2950),(73,4903),(81,2592),(89,820)]	19.251401
945	[(12,3164),(16,3241),(26,1842),(33,1196),(43,4694),(74,4655)]	19.247129
946	[(8,691),(10,3001),(26,1636),(27,2957),(33,4577),(45,1664),(47,3108),(58,1763),(61,3168),(75,3605),(79,1555)]	19.390115
947	[(1,4229),(23,2078),(25,330),(36,4831),(46,911),(53,2783),(54,996),(57,1059),(63,979),(68,3542),(77,1052)]	19.428075
948	[(2,2093),(4,3319),(8,664),(24,533),(26,3475),(28,505),(46,4147),(49,2815),(63,5027),(74,773),(92,352)]	19.791945
949	[(6,3654),(14,384),(25,3201),(26,1973),(27,530),(38,3121),(45,2136),(56,5163),(62,4655),(74,4859)]	19.617662
950	[(11,4923),(37,3179),(49,2734),(59,272),(72,728),(81,1306)]	19.130812
951	[(4,3028),(16,1830),(31,1235),(43,3827),(50,2736),(87,2664)]	19.838685
952	[(2,3863),(3,4482),(17,4885),(27,3281),(58,4700),(75,1063),(87,74)]	19.476582
953	[(10,2630),(23,1239),(24,4061),(26,3952),(38,4285),(41,1378),(83,2155)]	19.212254
954	[(0,322),(59,1319),(61,3659),(64,1716),(65,4004),(76,2850),(79,1668)]	19.279659
955	[(20,1921),(30,3499),(45,2004),(52,2138),(55,3219),(74,119)]	19.383814
956	[(1,2882),(14,2980),(18,3852),(26,3176),(40,2696),(51,152),(56,2599),(74,4608),(77,2974),(86,3739),(91,5033)]	19.180319
957	[(4,332),(10,5153),(11,1732),(32,2815),(48,2260),(76,2469),(77,2153),(83,3416)]	19.263539
958	[(9,2489),(10,794),(16,3426),(21,571),(49,5273),(51,4779),(63,2046),(73,2401),(92,3059)]	20.524915
959	[(6,508),(15,142),(17,915),(33,454),(34,2970),(46,2696)]	19.567929
960	[(16,1801),(20,1273),(22,2377),(29,2742),(44,4372),(51,663),(74,2614),(77,4265),(78,4311)]	19.760382
961	[(16,1625),(18,2287),(22,1592),(23,2641),(26,2737),(36,3192),(44,1595),(74,4751),(79,5165),(89,435)]	19.742975
962	[(3,244),(7,5074),(21,5073),(32,4114),(33,2969),(38,5119),(45,2182),(55,1009),(61,798),(76,2871),(84,3971)]	22.153940
963	[(17,3961),(21,337),(28,2631),(30,4140),(31,3806),(36,5141),(74,80),(87,1401),(88,248)]	19.032795
964	[(1,2151),(26,2198),(32,518),(34,3072),(49,1954),(53,3948),(54,1029),(57,1481),(62,2412),(73,2177),(75,4656)]	20.841758
965	[(14,3949),(32,4770),(37,3134),(38,4379),(41,2587),(54,5170),(66,1961),(68,2300),(75,374),(88,2509),(92,3772)]	39.497583
966	[(36,3843),(37,2860),(49,319),(53,1613),(71,3976)]	20.568905
967	[(2,1354),(5,1957),(6,2604),(11,442),(40,791),(42,1270),(48,4284),(49,4975),(50,341),(65,1216),(66,2582),(77,2506),(80,991),(86,3142)]	19.837732
968	[(44,1463),(70,4954),(81,4518)]	19.899008
969	[(7,3472),(75,2419),(82,2969)]	20.589477
970	[(3,5109),(12,4830),(15,843),(20,4965),(21,4211),(26,315),(28,2651),(33,4271),(36,1132),(55,3855),(75,1703),(79,4770)]	19.718894
971	[(9,4403),(20,3812),(21,5189),(38,3928),(52,4064),(76,844)]	19.402756
972	[(25,2921),(40,1003),(53,578),(73,2506),(82,5086),(87,5203)]	19.699192
973	[(2,2698),(6,2694),(12,1652),(38,3930)]	19.603993
974	[(6,2956),(25,4263),(71,1598),(84,3572)]	19.806714
975	[(27,1977),(31,1457),(37,5213),(76,3509)]	20.316016
976	[(2,1569),(27,3135),(32,4577),(45,691),(68,4192),(69,5209),(75,1488)]	19.873462
977	[(9,2251),(11,4216),(14,2328),(55,2455)]	25.235452
978	[(10,1021),(13,4465),(21,3509),(44,4012),(68,3976),(71,4731),(83,2255)]	22.492179
979	[(3,904),(7,4816),(13,3974),(20,4697),(33,4544),(55,2982),(79,2553),(81,1923)]	22.947719
980	[(11,4830),(53,1335),(77,107)]	20.306833
981	[(12,2608),(42,2502),(63,2293),(80,3693),(86,4927)]	20.019093
982	[(6,4412),(39,2184),(43,5172),(53,1532),(69,5282),(70,3796),(92,663)]	20.198982
983	[(7,1359),(9,2675),(21,75),(33,1510),(34,2451),(56,1397),(60,1422),(61,3823),(90,994)]	19.624868
984	[(5,5014),(7,677),(8,4692),(63,4656),(84,3210),(87,5245)]	21.168638
985	[(48,1807),(51,5047),(80,719)]	19.134789
986	[(5,4542),(6,1441),(32,2033),(49,1908),(57,1972),(66,761),(71,2484),(82,1489)]	20.937152
987	[(1,328),(25,2596),(30,4733),(40,782),(43,2395),(50,1409),(68,3150),(89,2380)]	20.145577
988	[(26,1900),(31,1974),(63,2062),(68,574),(72,2177),(85,5229),(88,558),(90,2855)]	19.551993
989	[(15,2246),(29,5266),(31,1263),(33,733),(43,2349),(45,2022),(49,2413),(51,1999),(66,668),(79,269),(82,1828),(86,4849)]	19.767431
990	[(14,1102),(22,899),(44,250),(51,2158),(59,2221),(73,1249),(79,2336)]	19.341448
991	[(20,1856),(28,3617),(33,1381),(35,4387),(38,1365),(42,5035),(53,499),(69,2419),(77,164)]	20.263690
992	[(1,4809),(18,4013),(31,2916),(32,4538),(76,2701),(91,1455)]	19.845681
993	[(19,643),(29,2256),(32,592),(44,889),(47,2166),(91,141)]	19.606184
994	[(4,3437),(42,732),(52,3570),(56,2721),(65,4870),(86,5279)]	32.649979
995	[(4,4748),(9,4566),(37,1482),(44,3062),(62,3663),(65,2725),(69,289),(72,2588),(76,3249),(82,1811),(87,1840)]	42.553368
996	[(4,4082),(17,526),(27,1536),(31,372),(44,259),(55,3895),(65,1205),(82,1411)]	47.789832
997	[(3,1713),(17,561),(19,1681),(21,4178),(35,4024),(50,3443),(61,3324),(76,1272)]	43.796679
998	[(5,1819),(8,1776),(9,1907),(10,2256),(12,3349),(13,3086),(61,947),(63,2256),(71,5215)]	39.721495
999	[(9,2786),(12,2422),(15,806),(28,553),(36,3176),(52,1423),(59,3459),(65,790),(71,738)]	38.221526
