ruleset_index	matches	time_ms
0	[(29,316),(41,962),(77,1173)]	27.294435
1	[(2,2012),(12,15),(19,24),(24,809),(62,1096),(87,1257),(90,1005)]	27.060582
2	[(14,1716),(19,262),(29,2125)]	27.660006
3	[(10,2204),(13,378),(15,1382),(21,333),(35,282)]	27.463823
4	[(1,1315),(26,12),(36,2102),(39,2046),(52,238),(64,1521),(70,1445),(74,2384),(86,421),(90,1204)]	27.512585
5	[(44,2627),(48,370)]	27.206097
6	[(2,362),(13,365),(59,1290),(63,2234)]	31.054317
7	[(78,2091)]	29.829675
8	[(57,652),(84,2099)]	28.297311
9	[(21,1319),(43,233),(88,2470)]	27.305616
10	[(30,776),(35,83),(45,183)]	26.974677
11	[(13,2358),(62,203)]	27.984971
12	[(50,1855),(61,300),(67,1471)]	26.986121
13	[(1,449),(44,2570),(53,1308),(59,1859),(68,642)]	26.487639
14	[(20,2321),(37,717),(49,1068)]	27.006616
15	[(9,1330),(11,885),(59,285),(61,2453),(64,1110),(68,1880)]	27.438733
16	[(3,784),(46,2347)]	26.938268
17	[(21,371),(43,2006),(51,659),(81,1878),(90,595)]	26.732994
18	[(14,622),(21,2423),(30,221),(36,1516),(50,1162),(56,2139),(89,545)]	33.000696
19	[(16,434),(30,901),(31,936),(52,775),(73,1679)]	30.373077
20	[(22,345),(28,1112),(41,2610),(44,473),(52,2429)]	26.765734
21	[(41,542),(52,1476)]	27.006315
22	[(45,1206),(51,275)]	27.221255
23	[(3,847),(28,19),(41,2521),(56,1085),(91,2343)]	27.169119
24	[(38,2513),(44,390)]	26.743941
25	[(2,1936),(49,2252),(50,29),(88,1538)]	26.422998
26	[(0,763),(23,2442),(77,1720),(79,1238)]	27.516061
27	[(25,683),(29,563),(43,1197),(51,1565)]	26.428471
28	[(18,283),(51,2275),(73,2137),(86,2031)]	27.619315
29	[(81,1180)]	27.854469
30	[(1,1442),(7,2048),(18,2613),(28,628),(80,1492)]	27.791362
31	[(45,1267),(47,2140),(54,695),(66,2584)]	27.532422
32	[(4,84),(57,716),(69,1328),(84,1085)]	25.797484
33	[(8,2509),(50,1852),(52,860),(77,596),(78,412),(85,72),(88,2191)]	27.587530
34	[(26,1224),(32,1800),(64,806),(72,2398),(90,593)]	29.895015
35	[(16,1744),(27,288)]	27.597214
36	[(9,2156),(57,1053),(69,2020),(84,1922)]	27.412064
37	[(70,288)]	27.690924
38	[(51,2316),(71,1803),(85,2112)]	29.347950
39	[(19,515),(24,1958)]	25.854930
40	[(3,424),(10,366),(31,1061),(32,315),(48,2525),(62,784),(65,421),(84,597),(86,416)]	27.358953
41	[(12,309)]	26.653376
42	[(35,915),(47,1775),(57,2585),(70,532)]	28.806730
43	[]	28.873683
44	[(1,1639),(32,694),(42,2171),(55,595),(61,127)]	28.033751
45	[(20,2194),(61,1358),(68,1908),(69,2002),(72,126),(84,1110)]	33.418901
46	[(12,287),(59,1818),(70,939),(90,827)]	33.187078
47	[(34,2580),(45,614)]	32.101704
48	[(49,1789)]	25.704329
49	[(29,1503),(32,79),(33,1334)]	26.876569
50	[(23,2020),(56,1508),(80,196),(92,2401)]	27.693694
51	[(7,703),(47,1666),(74,1847)]	29.525539
52	[(9,497),(54,2458),(66,2216),(71,1734),(72,452)]	28.015998
53	[(20,2029),(48,2210),(60,867),(82,2150)]	28.623418
54	[(50,1711)]	32.510127
55	[(7,1775),(13,448),(84,753)]	32.114157
56	[(79,476),(83,638)]	29.165798
57	[(15,1941),(21,2258),(50,2536),(52,1475),(82,471)]	28.273686
58	[(12,1778),(29,2130),(45,1948),(54,1556),(58,805),(71,1663),(83,915),(86,185)]	28.361752
59	[(15,2157),(18,1546),(54,363),(62,676),(70,1822),(73,2535),(78,933)]	28.661143
60	[(0,1265),(8,288),(60,2182),(67,1825),(81,2046),(89,2336)]	28.087116
61	[(22,1741),(54,86),(71,1074)]	28.002454
62	[(20,1529),(28,219),(53,1929),(58,683)]	18.591102
63	[(15,675),(28,1984),(58,2555),(90,2017)]	13.991098
64	[(10,1574),(18,1544),(32,1797),(35,450),(81,895)]	14.039112
65	[(1,987),(12,1370),(15,2569),(49,196),(58,193),(64,1817),(85,822),(87,1807)]	13.848074
66	[(4,84),(32,1356),(86,1894)]	13.974461
67	[(7,2231),(25,1236),(26,740),(27,459),(29,295),(40,2270),(51,1795),(55,598)]	14.193198
68	[(5,1846),(21,2221),(41,2450),(50,1917),(76,1609)]	13.837013
69	[(0,879),(22,2379),(62,68),(92,1737)]	13.659758
70	[(70,523),(77,381)]	14.109856
71	[(18,1828),(26,1507),(33,1306),(50,1765),(55,445),(85,983),(89,1551)]	13.608191
72	[(7,2641),(25,1873),(39,2159),(43,2004),(47,2242),(59,1812),(78,1708)]	13.879119
73	[(2,1043),(7,697),(8,1428),(34,891),(77,2123),(91,410)]	13.673042
74	[(10,519),(43,822),(53,1306),(67,444)]	13.814768
75	[(45,1294),(60,2249),(83,1221),(90,1000)]	13.657403
76	[(48,2273),(70,698)]	13.594063
77	[(26,61),(59,1337)]	13.910977
78	[(28,2153),(47,1103),(59,972)]	13.587455
79	[(5,1551),(17,195),(35,148),(62,1951),(73,864),(91,1795)]	13.776325
80	[(14,2618)]	13.808445
81	[(28,2444),(74,1674),(92,676)]	13.747868
82	[(45,2504),(49,767),(67,1049)]	13.804751
83	[(23,953),(43,1824)]	13.977980
84	[(28,111),(34,2488),(52,668),(66,310),(76,2097)]	14.193390
85	[(26,565),(73,893)]	13.967970
86	[(19,1370),(25,667),(43,266),(87,1678)]	13.922001
87	[(57,589),(79,2296),(83,1317),(89,702)]	13.534074
88	[(0,868),(55,1833),(90,15)]	13.556271
89	[(25,147),(33,138),(55,1938)]	13.884431
90	[(17,1846),(23,1542),(64,1051),(69,2643),(88,1097)]	13.971345
91	[(14,1398),(57,2205),(77,2476)]	13.695673
92	[(4,1062),(13,1048)]	13.654621
93	[(36,1402),(37,1338),(58,1882)]	13.563404
94	[(28,1078),(29,2161),(36,656),(75,549)]	13.647144
95	[(38,2052),(42,2495),(48,853),(54,1545)]	14.065387
96	[(40,747),(44,2225),(61,360),(84,1670)]	13.774570
97	[(15,1194),(29,1695),(52,460),(80,1706)]	13.658983
98	[(0,1139),(2,206),(51,1333)]	13.719545
99	[(26,2627),(40,1564),(57,1341),(59,1336)]	13.827870
100	[(0,68),(26,212),(53,810),(67,1442)]	14.257738
101	[(52,681),(71,2394)]	14.006669
102	[(82,1976),(83,189)]	14.027439
103	[(5,2082),(55,1439),(63,736)]	24.817667
104	[(7,863),(28,320),(29,824),(85,2236)]	24.346487
105	[(14,986),(65,1416),(83,965)]	14.792678
106	[(22,1393),(41,2367),(45,1770),(52,1912),(91,1690)]	13.713151
107	[(6,1303),(27,250),(41,959),(45,669),(67,196),(75,279),(78,2132)]	13.922403
108	[(30,2184),(51,1416),(58,1266),(65,2559)]	17.558697
109	[(3,946),(20,1522),(33,1901),(45,533),(50,1305),(57,2588),(63,785)]	15.713724
110	[(6,2569),(33,291),(46,2559),(72,1983)]	15.679071
111	[(22,2187),(37,617),(57,248),(84,719)]	15.440646
112	[(15,579),(24,768),(90,651)]	15.074799
113	[(8,154),(25,1996),(28,1298),(59,2335),(90,2155)]	19.899364
114	[(7,2187),(22,964),(23,1776),(49,2295),(70,426),(81,689)]	21.215138
115	[(14,1277),(15,1540),(16,583),(49,2500),(89,1507)]	16.380014
116	[(26,2296),(38,2501),(39,1871),(43,636),(51,2129),(57,1699),(83,105)]	15.136117
117	[(12,112),(65,267),(85,1458),(89,640)]	15.093729
118	[]	15.439679
119	[(9,563),(18,1473),(42,1847),(60,949)]	20.358824
120	[(10,531),(15,1439),(31,929),(32,2028),(52,2485),(74,1892)]	13.989466
121	[(24,2184),(69,2643),(84,1496),(89,828)]	14.083940
122	[(17,769),(45,1407),(68,2414)]	14.327553
123	[(58,1534)]	14.170014
124	[(46,35),(57,1626),(61,2162)]	14.298442
125	[(19,2645),(24,1322),(27,1086),(34,945),(35,1802)]	13.952767
126	[(17,1543),(90,105)]	14.388210
127	[(5,407),(27,2581),(44,944),(70,639)]	14.612294
128	[(2,97),(15,2147),(55,594),(90,941)]	13.730086
129	[(44,2114)]	14.030346
130	[(30,2638),(34,1276),(79,95),(89,986)]	13.905888
131	[(39,1654),(46,676),(69,2332)]	14.623652
132	[(20,1279)]	14.181963
133	[(13,1668),(25,2423),(27,1987),(74,1871)]	14.418371
134	[(14,749),(37,2333),(53,309),(86,309)]	14.091845
135	[(4,304),(39,1996),(46,2642),(47,2265),(64,807)]	14.010921
136	[(49,2323),(53,132),(65,1843),(69,711),(79,2306)]	14.680115
137	[(59,2059),(66,990),(86,2160)]	13.843874
138	[(3,2284),(8,1625),(12,289),(27,2367),(89,2141)]	14.034831
139	[(7,663),(18,1022),(51,1053),(67,2366)]	14.028448
140	[(44,1130),(52,2568),(73,338)]	13.920167
141	[(14,20),(22,1657),(24,1853),(34,834),(56,2331),(63,842)]	13.722728
142	[(41,73),(55,1785),(57,424),(90,1948)]	13.648590
143	[(38,1887),(50,2048),(60,799),(70,2590)]	13.786677
144	[(11,1331)]	14.500818
145	[(43,274),(78,875),(82,6)]	13.949054
146	[]	13.769106
147	[(7,856),(13,1864),(43,1945),(64,1535),(75,706)]	13.861683
148	[(40,1396),(73,94)]	14.320711
149	[(6,2450),(23,1495),(59,1715),(67,2227)]	13.951816
150	[(10,246),(18,7),(82,637)]	14.275672
151	[(34,1655),(36,1406),(43,1031),(67,1045),(85,1929)]	14.988475
152	[(7,445),(23,1972),(33,1286),(47,349),(88,909)]	14.009428
153	[(14,2512),(81,938),(89,2331)]	15.147100
154	[(8,2300),(16,1213),(43,1137),(74,1668),(84,1128),(90,2061)]	14.536801
155	[(43,256),(68,1431),(79,843)]	15.309324
156	[(26,1907),(63,1479)]	14.743561
157	[(36,1711),(79,996),(86,733)]	13.949296
158	[(42,507),(47,2487),(63,203)]	13.827703
159	[(10,1417)]	14.317209
160	[(13,1907),(22,1819),(42,2626)]	14.113495
161	[(29,2403),(33,1212),(36,463),(50,1427)]	14.083781
162	[(25,2090)]	14.156185
163	[]	14.040871
164	[(5,2402),(25,1147),(47,1201),(58,1118)]	14.188738
165	[(21,2231),(63,1759),(87,157),(92,1844)]	14.190763
166	[(7,2008),(18,451),(29,2581),(67,1218),(83,1887),(90,1464)]	14.091961
167	[(12,862),(13,1880),(28,2107),(53,1039),(60,1348)]	14.214308
168	[(7,1550),(54,956),(70,1802),(89,614)]	14.426705
169	[(5,1595),(14,796),(32,2154),(44,455),(60,2068),(71,686),(73,731)]	14.326902
170	[(11,25),(47,1371),(51,809),(65,1008),(78,2611)]	16.049842
171	[]	14.309808
172	[(33,141),(71,537),(80,120),(82,2187)]	18.748423
173	[(10,915),(33,1964),(35,173),(61,2041),(86,1161)]	26.843754
174	[(21,70)]	19.012258
175	[(6,1536),(29,2597),(43,1165),(53,947),(54,1332),(58,1000),(67,2044),(80,103)]	14.593858
176	[]	14.329879
177	[(6,1276),(8,2016),(10,1283),(68,413),(90,2069)]	13.916435
178	[(20,2015),(26,2050),(37,2115),(85,2103)]	14.115574
179	[(35,823),(68,1007)]	14.640996
180	[(32,1895),(64,1194),(70,291),(76,221),(78,1933)]	13.860349
181	[(4,2201),(33,2473),(57,2638),(80,1299)]	17.986641
182	[(2,1551),(12,2372),(25,1289),(31,1692),(49,1023),(74,2173)]	20.864937
183	[(3,301),(18,1149),(25,478),(92,74)]	15.249331
184	[(53,1637),(75,278)]	14.437556
185	[(8,811),(30,210),(39,2489),(76,1676),(79,2077)]	14.325283
186	[(26,2585),(44,924),(67,2502),(71,880)]	13.784655
187	[(29,2275),(66,123),(72,2395)]	13.903156
188	[(21,1049),(40,1868),(48,2386)]	14.574045
189	[(3,2508),(8,1055),(24,650),(39,995),(48,1763),(67,690)]	13.988676
190	[(70,2529),(77,1879)]	14.595898
191	[(38,1909),(49,346),(59,2174),(60,2521)]	14.015201
192	[(4,338),(17,1006),(35,1093),(53,1805),(62,298)]	14.017062
193	[(5,519),(19,2512),(31,2049),(32,880),(61,2323)]	13.765387
194	[(42,1558),(54,1949),(59,674),(65,1860)]	14.126804
195	[(1,2142),(5,2140),(17,284),(22,932),(83,2382)]	13.994701
196	[(11,2043),(18,154),(34,1001),(37,2454),(43,839)]	14.187992
197	[(16,521),(83,2363)]	14.588609
198	[(1,819),(19,2141),(36,108)]	13.901315
199	[(8,1629),(32,602),(51,1284),(58,253)]	14.666897
200	[(18,576)]	15.098703
201	[(24,1307),(32,20),(39,1737),(52,1108),(58,2390),(64,2302),(82,1387)]	29.183408
202	[(25,1447),(40,612),(43,2)]	14.297902
203	[(8,2235),(41,1867)]	14.639125
204	[(22,2029),(45,17),(78,1080)]	14.983793
205	[(25,2081)]	14.716924
206	[(18,1009),(24,223),(33,1523),(58,1560),(85,716)]	14.094571
207	[(71,945)]	14.238592
208	[(41,1797),(47,593),(61,2538)]	14.004826
209	[(41,1950),(52,2048),(59,613)]	13.965887
210	[(16,1442),(34,1577),(35,677),(40,1884),(58,1712),(63,1811),(69,2093),(84,478),(85,16)]	13.900262
211	[(12,1083),(52,2414)]	17.517786
212	[(12,374),(16,2637),(18,833),(25,349),(32,1547),(47,1676),(57,371)]	18.536451
213	[(3,1093),(12,2321),(18,402),(40,564),(47,2361)]	15.130863
214	[(5,1763),(15,2007),(31,1672),(41,896),(53,177),(59,99)]	14.719658
215	[(1,100),(10,1753),(48,483),(56,1408),(57,1430)]	16.647897
216	[(28,240),(41,908),(53,1558),(61,2611)]	13.884658
217	[(1,2526),(45,1461),(52,2507),(65,999),(73,279)]	14.087787
218	[(3,2611)]	13.896786
219	[(18,1737),(27,1040),(63,803)]	14.353521
220	[(23,93),(30,1938),(38,2373)]	14.341344
221	[(21,556),(54,2576),(75,807)]	14.129294
222	[(24,576)]	16.580820
223	[(28,1774),(31,2538),(35,1247),(86,2327)]	30.892089
224	[(33,22),(40,1911)]	27.081279
225	[(19,1355),(22,1346),(31,2434),(46,31)]	14.422946
226	[(18,2303),(61,1682)]	13.858167
227	[(13,920),(54,2161),(73,2483),(82,2104)]	14.145567
228	[(46,1379),(60,2626),(83,682)]	14.639685
229	[(3,145),(54,1314),(67,2143),(70,1126)]	13.939762
230	[(15,1202),(32,1572),(67,2408),(70,665),(87,647),(88,1117),(90,1556)]	14.429875
231	[(16,207),(26,1305),(33,1275),(50,2062),(74,957)]	14.381401
232	[(11,366),(60,1938),(85,1490)]	14.730312
233	[(6,653),(22,714),(30,329),(86,443)]	14.129466
234	[(10,328),(18,1007),(27,1665),(32,2252),(86,388),(91,1373)]	15.992857
235	[(50,543),(60,1215),(74,2560),(78,2001)]	13.858873
236	[(32,305)]	23.846199
237	[(21,913),(26,2127),(70,2228),(83,40)]	14.754696
238	[(6,740),(42,1956),(88,1968)]	19.331209
239	[(27,1108),(31,2489),(55,1991),(68,2000),(89,2293)]	27.068258
240	[(61,36),(75,2256),(79,1433)]	16.900674
241	[(37,1218),(71,632),(73,353),(81,2587)]	14.457489
242	[(23,181),(52,1009),(68,317),(70,2519)]	14.486294
243	[(1,598),(7,1267),(9,1540),(10,583),(15,1338),(24,751),(56,2461),(65,2061),(70,2627),(73,2319)]	13.920861
244	[(4,1592),(83,1265)]	18.225922
245	[(12,115),(45,1294),(64,2474),(76,2381),(90,2102)]	31.329541
246	[(28,1024),(47,1295)]	30.167916
247	[(0,1054),(17,1967),(71,2011),(72,2601)]	29.824634
248	[(26,224)]	29.990467
249	[(28,2591),(47,727),(67,710),(82,2388),(84,109),(92,1131)]	16.277570
250	[(15,1753),(46,1319),(60,800),(61,1117)]	17.496545
251	[(6,1953)]	14.103643
252	[(27,2226),(28,1495)]	13.928759
253	[(26,2213),(28,118)]	14.525006
254	[(14,2185),(22,1928),(29,410),(48,1689),(67,1836)]	14.219748
255	[(10,1310),(50,882)]	14.237901
256	[(3,1183),(21,123),(45,1490),(53,567),(57,326),(58,924)]	14.030434
257	[(11,2338),(29,2495),(57,2220),(67,2100)]	14.265726
258	[(11,2561),(74,608),(92,2068)]	14.916557
259	[(10,621),(77,1932)]	14.521725
260	[(11,2331),(19,1626),(22,284),(73,1288),(82,434),(89,2576)]	14.258393
261	[(80,1400)]	13.857453
262	[(17,332),(46,1324),(67,1488),(75,2148),(81,843),(90,1642)]	14.141070
263	[(5,2629),(10,2628),(42,839),(89,1479)]	14.380929
264	[(16,1876),(37,2347),(58,857),(72,2131)]	14.835480
265	[(15,283),(39,1860),(49,2572),(51,1930),(86,908),(91,1089)]	13.825150
266	[(12,1615),(27,996),(31,685),(80,2391)]	14.138575
267	[(17,1026),(90,253)]	14.519993
268	[(14,1763),(22,1999),(28,1312)]	14.679724
269	[(21,1177),(29,435),(41,1433),(73,31),(81,1024),(88,1324)]	14.076309
270	[(12,1058),(61,1873)]	16.133679
271	[(0,2494),(27,1585),(29,1181),(33,1407),(49,74),(79,565)]	14.499100
272	[(7,799),(20,2498),(21,1024),(25,428),(41,942)]	13.915948
273	[(29,846),(34,2253)]	14.134154
274	[(31,1921),(40,2404),(72,1764)]	14.515978
275	[(5,1251),(24,1683),(26,2235),(63,1715)]	13.801981
276	[(13,2303),(39,2603),(41,539),(73,1160),(84,1556),(92,60)]	14.082883
277	[(1,1610),(11,2373),(21,103),(23,771),(76,2279),(77,1431)]	13.890714
278	[(54,1356)]	14.699329
279	[(0,1533),(61,773),(92,998)]	14.607177
280	[(42,2027),(49,825),(66,1702),(72,2198),(85,2484),(86,1106)]	13.897654
281	[(16,1354),(53,48)]	15.145791
282	[(3,1637),(10,724),(38,1016)]	14.035848
283	[(10,380),(32,1374),(35,73),(42,2281),(62,1036),(66,556),(67,89)]	14.530131
284	[(0,1389),(31,1970),(55,2398),(57,378),(87,628)]	14.041197
285	[(3,2002),(12,589),(33,1582),(72,1665)]	14.133773
286	[(2,1241),(9,632),(55,850),(69,2227)]	13.851365
287	[(1,1712),(6,1357),(74,2603)]	13.802436
288	[(57,46)]	14.083257
289	[(27,1469),(54,2524)]	13.895853
290	[(57,277)]	13.866778
291	[(36,2360),(41,2437),(62,1330),(77,1846)]	14.253908
292	[(36,1249),(40,1828),(81,2370),(90,2296)]	13.951035
293	[(49,488)]	13.961886
294	[(35,949),(65,483)]	14.411374
295	[(8,1744),(36,6),(58,420),(66,1830),(71,1097),(72,1007)]	14.169732
296	[(2,1942),(40,417),(75,1681)]	14.322549
297	[(63,2461),(92,1463)]	16.098007
298	[(3,1714),(5,1636),(27,2360),(72,197)]	13.839354
299	[(87,551)]	13.887610
300	[(11,2512),(17,2213),(45,1146),(56,1440),(65,1290),(67,1289),(71,1252),(75,1533),(86,510),(90,1833)]	14.479835
301	[(33,1754),(44,14),(76,58)]	13.993387
302	[(25,2607),(59,922),(84,1991)]	15.018161
303	[(0,683),(75,727),(84,1630),(86,281)]	14.358548
304	[]	21.630927
305	[(48,378),(61,1389),(85,1146)]	26.660180
306	[(11,180),(27,2240),(41,136),(57,356),(79,274)]	14.357212
307	[(16,2441),(17,629),(49,894),(84,2203)]	15.644045
308	[(7,1172),(17,2071),(32,2533),(50,241),(84,2139)]	20.420856
309	[(77,900)]	17.755891
310	[(8,299),(26,1469),(30,1309),(49,1114),(92,809)]	14.389153
311	[(36,1593),(60,1416),(84,466)]	14.741065
312	[(0,2524),(6,429),(18,111),(66,2015)]	15.247933
313	[(38,2483),(49,933),(60,1579)]	15.112050
314	[(14,1898),(79,1424)]	16.676479
315	[(92,394)]	15.923881
316	[(4,2480),(21,1130),(30,2549),(35,301),(68,2494)]	14.764691
317	[(61,1984)]	15.377587
318	[(72,48)]	14.891426
319	[(81,943),(88,760)]	14.097071
320	[(6,1347),(20,874),(33,1686),(53,1641)]	14.908928
321	[(41,1451),(72,1645)]	14.782846
322	[(30,1398),(48,2065),(70,2312)]	14.871025
323	[(2,1558),(14,1344),(26,2574)]	14.356722
324	[(34,1324),(40,1314),(73,1890),(77,374),(86,1089),(92,474)]	14.768148
325	[(9,2201),(55,1309)]	14.419516
326	[(2,1624),(3,24),(17,2461),(25,81),(33,1878),(76,1334),(87,2006)]	14.004494
327	[(8,1972),(11,417),(13,1508),(17,468),(24,399),(44,420),(53,658),(56,1494),(62,1651)]	14.497502
328	[(63,294),(66,195),(79,748)]	14.222989
329	[]	14.520336
330	[(10,252),(37,279),(55,899),(66,1278),(74,278)]	14.349869
331	[(29,97),(53,1837),(67,1975)]	14.716832
332	[(4,262),(7,1810),(39,1180),(42,266),(52,1269),(72,739)]	14.411839
333	[(40,1284),(46,2535)]	14.001552
334	[(31,502),(43,2487),(55,267),(66,724)]	14.497219
335	[(1,1006),(21,2295),(87,642)]	14.434372
336	[(13,1445),(31,37),(45,128),(59,351),(62,2138),(75,1615),(86,2184),(87,2423)]	15.843009
337	[(10,2338),(27,2524),(82,955)]	17.296043
338	[(60,810)]	14.464960
339	[(26,1882),(52,1025)]	14.627913
340	[(0,363),(12,1201),(32,307),(35,1885),(69,682),(79,688),(83,237)]	14.238181
341	[(32,605),(38,1884),(51,120)]	14.516284
342	[(10,1614),(16,603)]	14.408225
343	[(35,2177),(67,974),(72,157),(74,2647)]	15.056780
344	[(27,2018),(62,226),(75,2042),(89,1347)]	14.209809
345	[(6,196),(16,2624),(32,1870),(45,2421),(61,2182),(69,985),(71,2287),(90,198)]	14.953908
346	[(26,1829),(71,353),(84,1379),(85,1770)]	14.498752
347	[(16,538),(43,1293),(56,2617),(57,493),(66,1849),(77,2639)]	14.553439
348	[(33,851),(44,2494),(71,1480)]	14.451695
349	[(38,2520),(74,2318)]	14.483608
350	[(9,614),(14,1068),(19,1455),(34,194)]	14.183832
351	[(1,1740),(33,1295),(90,320)]	14.443245
352	[(10,2382)]	14.275342
353	[(18,907),(32,320),(41,1353),(71,1911),(72,821)]	14.384286
354	[(11,773),(26,943),(40,535),(71,1642)]	14.154215
355	[(27,103)]	14.359413
356	[(38,268),(58,411),(61,748),(71,1674),(74,1039)]	14.520902
357	[(45,1192),(90,466)]	14.379972
358	[(30,2387),(36,2600),(37,2326),(45,1605),(78,2354)]	14.337424
359	[(17,2467),(26,1497),(50,1019)]	14.020295
360	[(19,2528),(20,703),(30,563),(45,281),(56,604)]	14.250649
361	[(15,530),(39,2069),(49,575)]	14.539698
362	[(14,1911),(41,512),(82,681),(91,1322)]	14.459538
363	[(25,2213),(34,2399),(44,1082),(57,2430),(64,1188)]	15.786354
364	[(29,1448),(31,772),(39,1852),(70,1037),(89,2050)]	16.045013
365	[(14,1460),(83,138),(86,794),(90,943)]	20.349385
366	[(10,608),(32,2165),(44,112),(58,1741),(71,883),(74,1919)]	14.356301
367	[(75,370)]	14.281663
368	[(19,573),(76,2631)]	15.085923
369	[(2,238),(45,1317)]	14.231619
370	[(31,484),(71,2645)]	14.599632
371	[(18,1816),(19,1618),(44,1539)]	15.286665
372	[(18,168),(21,344),(24,2529),(68,1570),(86,1842)]	17.763394
373	[(71,487)]	29.499920
374	[(9,1913),(52,2157),(76,807)]	21.107256
375	[(9,2020),(32,545),(47,1762),(54,1943)]	17.943198
376	[(10,825),(12,1518),(13,505),(57,1550),(72,1504)]	14.482918
377	[(4,1718),(24,213),(58,668),(68,2186),(70,213)]	14.260649
378	[(35,2160)]	14.179567
379	[(8,1220),(18,1539),(31,1749),(69,2394)]	14.080058
380	[(13,220),(29,2437),(44,2301),(90,970)]	14.419721
381	[(24,1974),(51,1017),(54,1623),(55,1113),(64,1131)]	14.765860
382	[(8,2456),(22,698),(56,898),(57,187),(61,1375),(62,1727),(70,589),(75,182),(85,2284)]	14.631349
383	[(0,2160),(14,1337),(50,1542),(66,2063),(79,1286),(86,2251)]	16.120409
384	[(8,696),(20,1540),(35,471),(81,220),(85,1214)]	14.092304
385	[(16,955)]	16.456359
386	[(17,559),(27,317),(29,2519)]	16.341428
387	[(19,1244),(60,2501)]	15.246758
388	[(13,177),(19,1605),(64,718),(73,1457)]	14.304715
389	[(23,533),(25,2562),(41,1298),(51,1434),(56,2020),(77,2224)]	14.086443
390	[(12,365),(19,243),(36,46),(62,410),(67,1513),(77,50)]	13.896151
391	[(31,619)]	14.194368
392	[(27,1181),(52,394),(65,500),(66,2108),(67,613),(70,1512),(72,1293),(76,1913)]	14.011720
393	[(81,362)]	14.012557
394	[(9,269),(15,184),(18,1106),(23,1831),(46,2393),(90,965)]	14.089033
395	[(39,900),(71,791),(74,854)]	14.137568
396	[(21,2386),(28,1054),(32,1932),(51,580),(88,1258)]	13.896004
397	[(7,1619),(22,56),(25,1281),(40,1937),(58,29),(76,1795)]	14.222945
398	[(28,824),(33,1652),(45,504),(47,2530),(69,1419)]	13.957231
399	[(6,1219),(34,1382),(62,16)]	14.144238
400	[(3,2067),(5,56),(63,676),(85,1262)]	14.700881
401	[(41,1533),(55,1415),(59,1700),(75,600),(84,1777)]	14.130686
402	[(8,1421),(13,540),(33,1835),(54,500),(59,987)]	15.104698
403	[(12,1739)]	13.944187
404	[(25,1989),(53,142),(84,1301)]	14.442254
405	[(36,1227),(41,2426),(43,2267),(68,2633),(87,1506)]	13.976599
406	[(41,2574),(61,2540),(88,2046)]	14.652944
407	[(0,685),(55,35),(74,1950)]	14.679410
408	[(46,122),(67,1669),(84,903)]	14.144431
409	[(8,1805),(65,1815)]	14.822301
410	[(9,2277),(24,2358),(71,1528),(72,2097),(86,305)]	15.303452
411	[(13,1306),(39,987),(53,2328),(73,1340),(81,696),(89,2534)]	14.071277
412	[(12,1394)]	14.467785
413	[(45,839)]	14.067991
414	[(23,1253),(72,2039)]	17.154939
415	[(21,2645)]	14.952527
416	[(16,2302),(82,1626),(90,1450)]	14.098797
417	[(34,1968),(47,1381)]	16.833808
418	[(6,871),(32,1261),(75,174),(86,694)]	13.596039
419	[(27,2482)]	13.730080
420	[(4,844),(30,30)]	13.588809
421	[(10,1767),(18,83),(22,32),(56,1214)]	14.002445
422	[(33,2015),(36,1148),(40,1778),(58,1584)]	13.699981
423	[(5,223),(17,1116)]	13.686298
424	[(7,1033),(11,1788),(13,620),(25,1279),(30,2219),(85,1472),(89,2158)]	13.800821
425	[(22,1411),(24,2416),(47,1539),(66,781),(69,321)]	13.731436
426	[(85,1313),(87,2098)]	13.756520
427	[(4,1666),(50,1469),(51,868),(56,1905),(84,2322)]	14.201515
428	[(5,719),(19,1979),(35,1622),(64,1424),(69,1824),(80,949),(84,2452),(90,741)]	13.844618
429	[(43,225),(47,119),(71,766),(87,1124)]	13.995303
430	[(22,71),(38,2139),(42,171)]	15.719838
431	[(28,2474),(60,1279),(62,1532),(63,2565),(72,2480)]	14.701473
432	[(13,1200),(31,764),(46,1629),(60,2140),(77,1310),(87,190)]	14.493384
433	[(38,1493),(48,1321),(53,1473),(59,2590),(70,418),(78,2635)]	13.676171
434	[(25,1961),(71,354)]	13.795975
435	[(8,2625),(48,642),(90,2437)]	13.873948
436	[(40,2466),(76,622),(87,1973)]	15.391330
437	[(41,2531),(44,1873),(52,1937),(70,911),(73,553),(76,416),(88,2102)]	15.700524
438	[(4,1543),(90,252)]	16.638432
439	[(26,848),(34,1762),(48,2385)]	13.993353
440	[(20,2324),(49,1008)]	13.876078
441	[(22,479),(32,275),(34,1354),(53,2005),(72,668)]	14.402957
442	[(61,171)]	25.617471
443	[(3,2542),(49,2570),(63,2536),(84,1063),(91,1597)]	29.041630
444	[]	15.346274
445	[(4,37),(54,2510)]	15.015023
446	[(10,1743),(14,1395),(53,2446),(62,2228)]	14.516915
447	[(33,836),(42,712),(90,995)]	13.827860
448	[(16,1513),(28,2093),(56,2111),(57,1092),(89,2075),(91,382)]	14.113196
449	[(43,2005),(62,1052)]	15.046526
450	[(10,2418),(33,650),(42,37),(73,1118)]	14.474104
451	[(2,134),(29,1878),(45,495),(60,1280)]	14.050495
452	[(13,1471),(64,742)]	13.875140
453	[(16,2203),(17,899),(48,204),(59,2242),(63,1990),(67,626)]	14.210820
454	[(7,1924),(16,1912),(24,2070),(51,1913),(68,537),(69,1303),(79,2158),(84,552)]	14.226392
455	[(49,1349)]	13.826053
456	[(13,1115),(50,1913),(66,621),(82,765)]	13.708332
457	[(9,2611),(20,217),(32,971),(38,683),(56,368),(59,1584)]	13.756279
458	[]	14.259878
459	[(6,356),(9,581),(19,581),(88,668)]	13.933164
460	[(6,2249),(9,605),(19,1732),(23,334),(41,1826),(72,2322),(76,587)]	13.840037
461	[(45,1988),(53,2299)]	13.782162
462	[(17,1365),(32,1301),(35,1031),(78,1599),(92,714)]	13.794795
463	[(3,509),(14,1317),(33,745),(42,2012),(44,881)]	13.639652
464	[(47,2445),(64,386)]	13.812845
465	[(58,1727)]	13.837652
466	[(41,144)]	13.646281
467	[(34,2339)]	13.773758
468	[(1,205),(32,1257),(34,1452),(41,2460)]	13.519074
469	[(7,470),(30,1620),(33,871),(37,509),(61,889)]	13.694198
470	[(1,2203),(2,899),(6,848),(12,2159),(32,707),(70,2082)]	13.790486
471	[(48,1740),(63,99)]	14.081880
472	[(8,337),(77,1605),(84,1790)]	13.849142
473	[(24,1213),(61,1114),(74,2192),(82,59),(84,1658)]	13.779283
474	[(5,1541),(14,559),(24,1294),(38,1170),(39,53)]	13.860244
475	[(22,547),(61,230),(67,2457),(80,2348)]	13.930622
476	[(65,2527)]	13.951102
477	[(5,1234),(20,1620),(26,1797),(37,514),(54,2061),(74,1276),(80,1173)]	13.759022
478	[(44,2194),(65,1069),(91,1111)]	13.618518
479	[(70,1126)]	13.600389
480	[(17,650),(20,2071)]	14.004657
481	[(31,527),(38,2085),(44,1045),(89,2015)]	14.094105
482	[(28,2270),(41,114)]	13.571249
483	[(8,2053),(12,8),(19,1830),(23,311),(54,586),(72,2161)]	13.727194
484	[(9,1085),(30,1681),(57,552),(68,2302),(77,2398),(78,160),(89,1132)]	14.019844
485	[(6,1874),(13,1655),(16,15),(59,206),(66,2541),(67,1631),(71,519),(89,2324)]	13.827935
486	[(20,1212),(80,344)]	13.661517
487	[(15,39),(29,1705),(43,1269),(71,531)]	13.721999
488	[(0,605),(11,2031),(14,1721),(39,1962),(82,580)]	13.874654
489	[(20,1691),(59,938),(60,1567),(61,897)]	13.988667
490	[(12,1694),(13,2037),(19,386),(34,349),(92,189)]	13.781227
491	[(30,722),(32,1673),(57,2017),(62,2493),(63,434)]	13.744751
492	[(41,2117),(47,433),(52,1895),(69,1408),(70,1430)]	13.607999
493	[(8,772),(20,2262),(48,2339),(55,2213),(89,877)]	13.714206
494	[(2,535),(58,1728),(62,2028),(66,1887),(80,1505)]	13.616817
495	[(4,1135),(8,2250),(37,2374),(38,1479)]	13.678872
496	[(0,2180),(15,1973),(27,594),(47,93),(50,1010),(60,2499),(78,737)]	13.863644
497	[(5,1663),(23,2047),(56,1917),(57,1189)]	14.435845
498	[(54,714),(92,278)]	13.884531
499	[(1,1993),(16,2363),(44,1440)]	15.348251
500	[(25,2250),(60,404),(67,1710),(71,857)]	14.800313
501	[(41,1855)]	13.539742
502	[(14,2076),(44,2204),(53,1338),(80,550),(92,1179)]	13.834030
503	[(18,1906),(23,32),(69,2230)]	13.698176
504	[(20,317),(25,2168),(76,2263),(83,840)]	13.823606
505	[(27,565),(73,901)]	13.686669
506	[(9,822),(25,1791),(37,1176),(72,154),(73,2095),(80,815)]	14.166544
507	[(11,733),(16,880),(40,1805),(43,2616)]	14.459788
508	[(53,1743),(56,286)]	13.914091
509	[(5,425),(39,865),(41,1171),(42,350),(57,378),(58,1998),(86,1833)]	15.431050
510	[(14,1758),(28,658),(34,1368),(43,526)]	13.675005
511	[(0,2401),(15,2291),(31,540),(63,1582),(90,1825)]	17.082853
512	[(10,1855),(29,2572),(31,1930),(60,595),(75,2287),(83,1496),(87,2221)]	18.803357
513	[(16,2601),(25,2325),(49,1736),(51,601),(61,1499)]	15.226661
514	[(1,2351),(18,1010),(57,465),(58,422),(84,1431)]	26.897010
515	[(4,2449),(25,2538),(27,628),(37,802),(49,2533)]	25.070001
516	[(45,1276),(47,397),(58,1432),(77,1787)]	14.444315
517	[(11,688),(37,1764),(53,2144)]	13.846034
518	[(0,18),(22,1003),(39,1653)]	13.592311
519	[(60,1847),(66,218),(75,1236),(85,1623),(86,1113)]	13.992682
520	[(84,128)]	14.299808
521	[(7,1965),(43,1265),(45,1633),(46,797),(75,237)]	13.828842
522	[(17,1849),(37,1887),(75,174)]	14.267444
523	[(15,1952)]	14.676526
524	[]	13.649465
525	[(22,951),(65,759),(92,994)]	14.493500
526	[(7,1551),(30,762),(35,1917),(59,2484)]	14.025289
527	[(1,1102),(87,843)]	13.886353
528	[(60,238),(63,1956),(91,1507)]	13.968046
529	[(1,1679),(9,1241),(19,1939),(45,609),(72,1810)]	14.010915
530	[(14,1654),(22,1402),(23,1338),(39,1120),(42,453)]	13.951328
531	[(12,575),(31,2605),(39,1739)]	14.594608
532	[(9,1742),(52,2147)]	15.045763
533	[(11,1698),(43,654),(89,1607),(92,340)]	13.735429
534	[(15,2221),(23,1479),(28,734),(60,876),(74,2319)]	14.245877
535	[(13,2333),(55,2030),(91,690)]	13.703751
536	[(2,2512),(50,1086),(51,1165),(91,2083),(92,1512)]	14.047412
537	[(25,2015),(55,2506),(57,492),(83,1684),(85,393)]	13.743886
538	[(48,1463),(53,429),(56,1656),(58,1937),(61,814),(83,2598)]	14.721660
539	[(13,1984),(37,802)]	14.370897
540	[(0,2514),(12,733),(19,1270),(20,2586),(27,1003),(54,678),(84,1840)]	15.917433
541	[(8,1784),(17,727),(33,1005),(42,469),(66,452)]	13.977545
542	[]	13.553287
543	[(64,1822)]	14.139962
544	[(7,1488),(17,2124),(18,2637),(59,1976),(60,189)]	13.809469
545	[(0,1808),(6,2588),(40,1694),(41,2037),(60,2178),(87,788)]	13.871275
546	[(35,561),(43,1380),(67,2472),(85,296)]	13.748418
547	[(15,2341),(24,681),(54,710),(79,56),(90,1655)]	14.308817
548	[(7,1137),(35,1579),(80,145),(88,194)]	13.885427
549	[(0,1393),(13,34),(21,2532),(28,2058),(32,189),(52,1370)]	13.816455
550	[(25,2023),(27,324),(28,1693),(32,2533),(67,497)]	14.225154
551	[(19,1716),(27,1387),(51,2337),(70,2279)]	13.725791
552	[(39,1738),(71,175),(73,815),(91,1306)]	14.015609
553	[(7,1146),(46,250),(66,1852),(82,1137)]	14.030816
554	[(5,1745),(7,1172),(24,1781),(27,1002),(45,2270),(87,1135)]	13.839134
555	[(59,782),(88,1153)]	13.643189
556	[(2,519),(12,280),(22,1589),(40,429),(61,1978),(75,559)]	13.873130
557	[(3,2529),(9,993),(17,2388),(31,93),(68,865)]	13.851578
558	[(27,921),(28,91),(52,167),(88,1779),(91,267)]	13.637131
559	[(46,2642),(53,2543),(68,2641)]	13.729530
560	[(17,1369),(21,1328),(26,941),(45,15),(49,1202),(51,2619),(81,2163),(88,1246)]	13.897591
561	[]	13.763452
562	[(8,391),(27,800),(45,2004),(76,867),(81,1252)]	13.911346
563	[(2,537),(36,882)]	13.856298
564	[]	13.587596
565	[(13,2421),(20,594),(44,1753),(52,964),(53,1776),(63,845),(85,2570),(87,1704)]	14.803828
566	[(51,1341),(78,1003)]	13.955715
567	[(44,1904),(59,2500),(82,2263),(84,2476)]	14.646101
568	[(10,1444),(52,2352),(76,664)]	15.556581
569	[(16,661),(21,1958),(28,1638),(38,482),(42,2488),(70,941)]	14.040786
570	[(4,4),(7,2170),(72,1021),(79,1035),(89,517)]	13.963756
571	[(21,1028)]	13.955440
572	[(36,905),(65,1633),(66,797),(76,2464),(83,1325)]	13.851696
573	[(1,2441),(2,629),(42,2315),(46,1936),(83,1426)]	13.778725
574	[(30,274),(65,2277),(71,1828),(82,1466)]	14.290905
575	[(21,1405),(37,672),(66,2262)]	14.440826
576	[(19,1721),(34,1221),(47,2048),(53,1786)]	13.783517
577	[(16,10),(23,2632),(32,790),(85,1943)]	14.272897
578	[(13,1391),(25,1078),(36,1932),(68,1221)]	13.842230
579	[(5,2285),(17,1645)]	14.000259
580	[(40,368),(74,1898),(90,1870)]	18.380464
581	[(13,2613)]	17.450861
582	[(15,143),(29,1192),(68,1053),(81,1674)]	14.551344
583	[(31,2096),(57,2325),(58,1633),(67,1874)]	16.676196
584	[(0,48),(16,465),(49,2331),(54,1728),(58,1675),(64,788),(88,363)]	13.761184
585	[(7,269)]	14.643725
586	[(18,2554)]	30.247669
587	[(30,2599),(45,1264),(46,439),(65,1373),(89,1327)]	17.207188
588	[(33,998),(34,998),(48,478),(49,16),(58,1875),(71,582)]	15.435311
589	[(24,175),(38,2457),(46,35),(66,1913),(86,1723),(90,202),(91,1357)]	14.698531
590	[(24,1263),(30,2213),(49,488),(83,1240)]	15.024269
591	[(12,2625),(34,1825),(47,942),(63,618),(86,178)]	15.619285
592	[(2,652),(10,199),(53,1115),(57,353),(83,2343),(84,1850)]	13.988877
593	[(39,915),(75,1),(82,671),(83,841)]	14.106163
594	[(31,1124),(32,753),(61,1775),(70,1115),(71,465)]	13.770351
595	[(3,598),(38,682),(57,646),(59,674),(81,340)]	13.982654
596	[(31,178)]	14.309414
597	[(11,101),(22,655),(59,1595),(65,791),(69,487)]	16.263637
598	[(0,2147)]	15.093962
599	[(0,1661),(2,1741),(16,1084),(36,1873)]	14.485989
600	[(1,2437),(4,1629),(24,2536),(42,2266),(52,636)]	15.054557
601	[(76,70),(83,837)]	14.150471
602	[(28,2321),(29,1181),(35,2424),(44,2549),(47,1112),(58,1370),(66,2536),(82,130)]	14.501755
603	[(84,1988)]	13.988768
604	[(47,1311),(69,247),(89,2382)]	13.838524
605	[(32,2259),(35,1484),(39,2100),(58,329)]	14.835916
606	[(38,671),(55,812),(56,264),(69,1513),(73,1465)]	15.205714
607	[(9,552),(45,2264),(57,1338),(67,1805)]	14.456559
608	[(10,579),(22,1573),(67,27),(68,303)]	15.598214
609	[(42,1456),(60,2004)]	14.664087
610	[(1,656),(5,2260),(68,1177)]	14.146444
611	[(38,2238),(90,1338)]	14.793194
612	[(6,1105),(38,18),(55,1626)]	14.896054
613	[(18,1921),(21,414),(29,1778)]	14.166747
614	[(15,640),(89,74),(90,411)]	15.328662
615	[(22,1362),(90,1496)]	14.493334
616	[(75,856),(91,1389)]	15.308910
617	[(3,2579),(17,1147),(70,1829)]	15.715896
618	[(53,19),(88,297),(91,39)]	15.187722
619	[(21,107),(65,430),(71,2352)]	13.971684
620	[(44,1962),(45,1308)]	14.580128
621	[(2,2538),(32,847),(62,537),(63,1303)]	14.125017
622	[(0,335),(14,26),(19,1460),(22,1661),(30,2275)]	14.380851
623	[(10,2217),(42,554),(57,1265),(59,689),(86,906),(91,1246)]	14.693262
624	[(4,43),(10,1598),(72,409),(73,2588),(87,610)]	14.139430
625	[(22,2263),(31,2011),(41,1447),(69,231),(72,2567),(89,2398)]	13.910239
626	[(26,1546),(55,1608),(78,853)]	14.201648
627	[(83,819)]	13.992916
628	[(3,1926),(9,363),(33,2203),(67,1579),(90,1215)]	13.882313
629	[(1,535),(19,41),(63,119)]	14.011398
630	[(12,1107),(25,1188),(27,546),(62,1182)]	13.918362
631	[(3,2556),(37,1393),(48,1386)]	14.013344
632	[(51,1743),(55,1302),(68,1958),(75,2077),(82,1186)]	14.598120
633	[(12,1166),(35,347),(79,161)]	14.462001
634	[(39,2298),(50,1421),(80,2332)]	14.224537
635	[(7,892),(23,815),(32,1447),(62,960),(89,2556)]	15.065495
636	[(5,252),(8,1964),(36,2370),(41,1465),(82,2189),(91,2298)]	14.879684
637	[(5,2634),(12,201),(13,1865),(15,2380),(26,1457),(37,1597),(39,1367),(47,590),(55,1415),(70,2147),(74,1963),(75,1588),(81,968)]	14.551498
638	[(2,539),(50,2120),(53,646),(55,674),(82,1660),(90,1991)]	14.147378
639	[(20,268),(21,877),(62,754)]	14.144422
640	[(11,1835),(61,1808),(63,1354),(64,2202),(77,1066)]	15.354294
641	[(5,533),(9,880),(15,2426),(48,1873),(71,663),(83,1104)]	13.967454
642	[(6,1363),(44,109),(59,1126)]	14.338709
643	[(31,1667),(38,1937),(49,1408),(65,2516),(69,576)]	16.745799
644	[(21,1180),(78,654),(83,922)]	14.306079
645	[(29,2257)]	14.242837
646	[(4,1886),(37,1612),(42,2376),(50,565)]	15.237399
647	[(12,2132),(48,470),(65,992),(89,364)]	20.610280
648	[(11,1356),(21,2114),(26,497),(36,2069),(65,985)]	15.477048
649	[(6,800),(23,2630),(82,1919)]	14.333691
650	[(41,2557),(49,524),(55,1376)]	17.058629
651	[]	14.554811
652	[(33,2230),(50,368),(60,1042),(78,2276)]	14.094898
653	[(1,2227),(5,1914),(24,195),(39,2298),(53,2188),(57,2630),(89,1556)]	14.266987
654	[(11,192),(44,2323),(71,2280),(87,1703)]	14.493154
655	[(0,1361),(86,1026),(92,536)]	28.241009
656	[(20,960),(55,1629),(92,561)]	19.274110
657	[(7,1530),(36,1450),(45,2339),(54,1448),(62,239),(64,1255)]	14.021092
658	[(54,651),(56,1518)]	13.941094
659	[]	14.136675
660	[(16,2043),(35,398),(47,1589),(48,1772),(56,2266),(63,302)]	14.591972
661	[(7,1914),(18,205),(46,2503),(56,602),(68,700)]	13.900354
662	[(37,2019),(41,2449),(51,6),(54,1849),(87,134),(91,1946)]	13.986287
663	[(29,772),(34,2078),(38,709),(80,1052)]	14.078596
664	[(2,1753),(13,1598),(24,211),(47,1219),(61,32),(75,792)]	14.190960
665	[(9,1879),(28,427),(85,13),(92,2102)]	14.075899
666	[(40,601),(86,1715)]	14.116856
667	[(1,2161),(27,593),(43,1346),(76,1387)]	14.267298
668	[(22,897),(33,1843),(36,400),(58,1683),(85,2229),(87,1024)]	14.006935
669	[(14,622),(38,792),(42,1116),(48,1409),(50,2313),(68,1140),(81,1542)]	14.044311
670	[(7,2136),(26,2537),(36,940),(63,1841),(85,219)]	14.384172
671	[(0,1681),(15,1945),(62,2038),(67,992),(73,1017)]	13.758740
672	[(8,26),(61,254),(73,236),(81,109)]	14.346492
673	[(9,1942),(11,1298),(48,2457),(64,2312),(69,2096),(85,2281),(92,1322)]	13.982487
674	[(0,982),(26,632),(34,2342),(71,743)]	13.965041
675	[(40,1023),(76,1602)]	13.874541
676	[(33,805),(82,307),(88,1055)]	14.503272
677	[(4,2572),(11,1931),(21,2213),(49,1019),(61,1343),(79,1639),(87,161)]	14.315986
678	[(9,1377),(19,1394),(48,722),(67,1795)]	14.171221
679	[(8,778),(9,587),(62,169),(71,2022)]	14.295575
680	[(31,2522),(70,1935)]	14.496570
681	[(3,1794),(19,1490),(29,17),(31,2561),(56,224),(80,140)]	14.067004
682	[(14,109)]	14.053389
683	[(3,1084),(8,1650),(38,449)]	13.730002
684	[(21,1214),(68,1622)]	14.096143
685	[(85,2293)]	14.218274
686	[(32,1431),(56,1114),(70,122)]	14.113527
687	[(13,1808),(29,1056),(44,1300),(61,495),(65,2363),(68,568),(88,499)]	13.879125
688	[(8,140),(34,1130),(40,2239),(71,683)]	14.123930
689	[(5,2470),(32,574),(70,1402),(74,256)]	14.493657
690	[(58,1581),(61,987),(67,1082),(72,1334),(81,1733)]	14.365572
691	[(84,2025)]	14.022793
692	[(13,1567),(38,473),(44,2478),(46,1180),(51,665),(76,980)]	13.847582
693	[(12,1723),(21,1632),(68,2522)]	14.096146
694	[(12,1021),(65,400),(89,1081)]	13.847439
695	[(92,1509)]	14.040847
696	[(10,2168),(13,1249),(46,802),(56,652),(74,2177),(78,1044),(89,212)]	13.797552
697	[(8,1934)]	14.269685
698	[(18,2573),(24,386),(47,2423),(54,2368),(68,777)]	14.064321
699	[(10,1921),(60,2399),(61,1139),(63,206),(85,1490),(87,2244),(90,1669)]	14.056518
700	[(5,1029),(12,77),(60,1182),(72,2084)]	14.645841
701	[(17,1115),(30,407),(54,1655),(64,2145),(75,2031)]	14.099186
702	[(18,804),(30,2575),(37,1920),(69,2037)]	13.949413
703	[(74,87),(75,2274),(76,307)]	13.616601
704	[(6,226),(37,1137),(43,580),(67,322),(71,1556)]	16.117887
705	[(73,1589)]	13.744336
706	[(10,2568),(14,1896),(30,438),(84,2632)]	13.965694
707	[(25,1738),(35,1124),(52,1885),(69,865)]	14.248879
708	[(44,1196),(66,2102)]	14.145299
709	[(58,754),(59,1208)]	14.033013
710	[(82,2075),(91,2046)]	13.917262
711	[(22,442),(23,1517),(32,1581)]	13.771519
712	[(24,1100),(83,2057),(92,2521)]	13.933113
713	[]	14.175700
714	[(1,1192),(28,1187),(67,1543),(76,1442)]	14.493701
715	[(24,557),(34,1526),(84,1648)]	18.441093
716	[(72,1156),(76,483)]	19.283354
717	[(0,1517),(23,2536),(31,304)]	13.867409
718	[(21,123),(54,634),(82,1750)]	15.373470
719	[(69,1705),(73,1667),(87,1059)]	15.074397
720	[(9,2340),(13,1983),(52,671),(64,631),(79,987)]	13.768219
721	[(7,17),(20,2557),(35,1196)]	13.951429
722	[(22,444),(37,198),(63,499)]	14.305245
723	[(24,1290),(29,79),(57,1796),(64,1619)]	14.239984
724	[(18,1607),(24,2398),(70,1883)]	13.889945
725	[(24,1889),(64,1772),(91,2091)]	14.390697
726	[(53,2293),(89,1431)]	25.002468
727	[(0,2158),(51,1154),(52,1311),(55,1268),(86,2333)]	22.443574
728	[(35,1606),(37,2316),(46,2217),(49,965)]	14.376885
729	[(61,2070)]	14.334619
730	[(14,2392),(51,2268),(55,2),(84,355)]	26.080508
731	[(10,660),(55,2032)]	28.682098
732	[(22,1077),(49,1100),(57,2054),(81,965),(87,2078),(92,2533)]	29.725787
733	[(28,531),(36,24),(54,2225),(86,2296)]	27.328027
734	[(12,2030),(32,1627),(35,2110),(58,672),(60,1434),(65,1374)]	30.181696
735	[(0,2559),(13,2379),(78,34)]	28.038453
736	[(19,1714),(27,1925),(40,690),(48,1700)]	27.627112
737	[(15,1944),(19,1302),(53,2254),(58,61),(91,582)]	29.733749
738	[(82,2290)]	24.980632
739	[(4,2557),(24,231),(48,659),(53,2647),(64,1183),(75,554),(76,2280)]	28.413327
740	[(4,1910),(66,2630)]	27.020996
741	[(10,1122),(12,202),(56,618),(77,821)]	31.357256
742	[(5,1407)]	28.403042
743	[(30,810),(33,69)]	30.697857
744	[(48,2644),(50,769),(59,486),(64,2605)]	30.754311
745	[(42,1968),(55,2111),(56,1092),(60,127),(92,2337)]	30.870832
746	[(22,304),(27,656)]	30.592139
747	[(13,744),(53,770)]	30.805911
748	[(3,1415),(27,2593),(43,2445)]	30.653358
749	[(8,970),(23,200)]	28.549267
750	[(10,86),(15,1971),(24,2626),(43,1335)]	27.798675
751	[(29,2633),(69,41),(78,760)]	27.663968
752	[(6,119),(32,1297),(78,2465)]	27.874783
753	[(21,1503),(23,558),(46,205),(56,4),(59,2491),(60,183),(70,1685),(77,2101),(79,1942)]	27.839007
754	[(11,458),(19,997),(51,786),(56,2548)]	29.083027
755	[(14,1400),(19,1213),(38,478),(48,1801),(72,321),(85,2395)]	27.355624
756	[(68,388)]	31.117407
757	[(31,912),(76,970),(83,1005)]	29.953527
758	[(15,674),(37,1362),(73,356),(82,1030)]	29.147772
759	[(9,997),(18,208),(31,227),(60,2528)]	28.983885
760	[]	27.899541
761	[(4,2432),(73,1053)]	36.676750
762	[(14,578),(76,475),(86,2213)]	30.464056
763	[(14,610),(28,195),(31,161),(48,84),(75,936),(83,1621)]	35.603935
764	[(27,1034),(45,1182),(60,324),(69,944),(86,10)]	39.270855
765	[(17,2427),(35,50),(60,1070),(76,215)]	27.578292
766	[(35,1448)]	27.189889
767	[(25,1967),(52,1450)]	27.034440
768	[(70,635)]	26.830623
769	[(10,387),(14,1493),(23,908),(28,1304),(31,2125),(79,1586),(82,1890)]	27.063027
770	[(59,499)]	26.540670
771	[(35,1913),(51,1451),(59,45),(62,1834),(63,75),(70,2508),(74,1200),(85,1852)]	26.647791
772	[(2,151),(10,1152),(25,889),(42,380),(47,1961),(87,1612)]	26.996360
773	[(38,403),(82,727),(85,1582)]	27.292951
774	[(5,1183),(11,2065),(34,1549),(41,961),(54,2239)]	26.481068
775	[(33,1625),(66,1565)]	26.720637
776	[(24,76),(69,679)]	26.612985
777	[(17,1584),(37,1005),(72,1894)]	26.996141
778	[(4,1691),(11,223),(12,2202)]	26.096406
779	[(38,1588),(44,329),(65,801)]	27.168900
780	[(2,1766),(13,1499),(18,1129),(51,777)]	28.672856
781	[(24,1991)]	25.207752
782	[(24,501),(34,413),(35,313),(54,455),(69,1877)]	29.389673
783	[(25,2372),(33,383),(35,1269),(55,329),(63,1352)]	27.805651
784	[(4,2513),(42,636),(48,2356),(63,2326),(86,840)]	27.430644
785	[(31,1051),(87,2248)]	24.871556
786	[(0,1680),(15,2156),(42,1715)]	26.848213
787	[(4,730),(54,1537),(65,1529)]	28.968046
788	[(35,998),(64,1892),(66,880),(77,2111),(78,1092)]	24.740303
789	[(15,2373),(22,1190),(61,55),(64,2173),(81,461),(83,60)]	28.741775
790	[(32,1737)]	28.068071
791	[(3,1712),(38,959),(64,709),(89,1561),(91,1656)]	27.296514
792	[(58,74),(59,411)]	29.198127
793	[(4,509),(11,78),(18,878),(20,1202),(76,2276)]	30.521972
794	[(3,1244),(29,1678),(38,2173),(43,2312),(62,2622)]	29.109368
795	[(11,362),(17,140),(42,2191),(63,1180)]	26.741426
796	[(28,727),(38,879),(48,1701),(49,2176),(73,1071),(75,490)]	27.374830
797	[(68,2265),(70,672),(81,945),(82,1802),(91,1000)]	27.340170
798	[(3,2126),(9,814),(11,228),(18,776),(54,2092),(77,805)]	27.577788
799	[(11,2111),(15,2532),(32,657),(47,1035),(49,2106),(57,1599),(62,167),(80,274)]	27.717229
800	[(12,519),(29,718),(54,756),(55,2463),(56,1523),(74,2346)]	28.195217
801	[(9,1347),(22,226),(41,569),(60,1164),(87,699),(91,843)]	27.871723
802	[(2,854),(14,2451),(27,1893),(61,1309),(81,2395)]	31.958922
803	[(30,2316),(39,88),(83,760)]	33.521205
804	[(11,911),(30,835),(44,1537),(72,1522),(83,1027),(86,1832),(91,1875)]	29.949336
805	[(29,1360),(32,636),(44,1161),(67,212)]	27.884475
806	[(25,1125),(77,1837)]	27.740927
807	[(42,2273),(72,310)]	33.866208
808	[(44,13),(72,2063),(75,305),(86,534)]	35.085724
809	[(19,2501)]	27.477273
810	[(18,2478),(45,2180),(57,1879),(63,2629),(79,2621)]	27.267654
811	[(24,153),(26,1730),(31,2625),(69,116),(75,1646),(76,738),(82,2319),(89,1963)]	27.667382
812	[(21,2081),(64,1212),(80,2153)]	28.221934
813	[(5,2083),(81,2323)]	27.346089
814	[(27,1966),(32,2194),(63,1798),(66,600),(67,2523)]	28.100831
815	[(21,96),(35,1557),(53,1476),(89,654)]	28.313371
816	[(48,671),(90,2183)]	27.509050
817	[(8,1627),(10,899),(11,2152),(16,1508),(30,245),(31,534),(74,2517),(84,454)]	27.429212
818	[(10,1580),(29,643)]	27.480257
819	[(10,2221),(29,1359),(34,406),(69,1079)]	27.600379
820	[(11,1769),(45,446),(48,2376),(50,2196),(54,1731),(76,1490)]	31.282283
821	[(16,447),(29,1643),(35,558),(53,2123),(55,600),(56,2523),(80,1338)]	32.945994
822	[]	28.185978
823	[(3,241),(11,1877),(36,2457),(60,1717)]	28.808683
824	[(1,320),(40,1275),(45,1839)]	29.049908
825	[(0,262),(18,1510),(33,1056)]	27.298206
826	[(25,699),(52,352),(64,2057)]	27.753420
827	[(11,1091),(49,1144),(65,533),(87,2559)]	27.239051
828	[(38,511),(47,2437),(55,2185),(75,1738),(82,2398)]	26.726049
829	[(10,1180),(32,1143),(54,307),(67,567)]	28.481411
830	[(7,310),(52,1750)]	27.514860
831	[(59,433)]	43.192570
832	[(13,417),(21,975),(57,1478),(77,332)]	28.633838
833	[(7,2264),(9,157),(71,423)]	28.248612
834	[(18,2251),(46,2645),(70,1024),(75,2047),(81,2495)]	26.396946
835	[(28,2573),(60,2476),(65,770),(74,2475)]	26.732773
836	[(9,1198),(91,1807)]	26.338052
837	[(16,549),(44,2232),(52,2035),(86,64)]	26.948096
838	[(6,2022),(9,1255),(14,664),(15,2487),(44,83),(78,851),(80,1470)]	27.270319
839	[(5,85),(42,2112),(52,1741),(61,2352)]	30.295577
840	[(14,531),(27,2114),(30,2285),(64,630),(81,1359),(88,244),(89,1768)]	46.138207
841	[(8,1953),(16,2473),(42,531),(52,2262),(79,1501)]	47.926452
842	[(53,930)]	47.289129
843	[(17,184),(62,78),(64,2304)]	48.067763
844	[(13,1953),(15,2384),(38,2021),(48,1342),(64,1618)]	55.167593
845	[(36,2446),(48,1591),(52,806),(55,390),(76,1012),(90,617),(92,1112)]	29.858558
846	[(41,340),(48,736),(53,2186)]	28.806881
847	[(2,979),(18,711)]	29.254184
848	[(55,1749),(72,2549)]	27.873180
849	[(32,121),(85,664)]	27.139599
850	[(29,2606),(35,1028),(60,230),(82,652)]	28.837899
851	[(10,34),(15,565),(21,2536),(24,683),(43,1612),(82,1350)]	25.168646
852	[(4,559),(42,2246),(74,1902)]	28.584458
853	[(61,2452),(71,267),(85,1235)]	28.266100
854	[(35,649),(87,358)]	30.647430
855	[(53,994),(66,2339),(85,731)]	29.867925
856	[(41,2378),(53,540)]	30.234200
857	[(26,2056),(27,475),(73,2639),(74,1021),(87,1245)]	30.532299
858	[(73,2302)]	29.480225
859	[(40,1546)]	28.243762
860	[(22,493),(29,2169),(31,295),(56,362),(71,1512),(82,1906),(88,858),(92,1739)]	27.854656
861	[(20,2078),(32,430),(71,1836)]	27.683236
862	[(13,373),(36,2057),(42,1268),(54,729),(73,1252)]	29.160688
863	[(8,381),(25,843),(29,923),(37,1050),(73,2231)]	30.628772
864	[(35,1155),(39,2338),(74,1864),(84,1404),(90,272)]	28.903591
865	[(4,706),(72,2128)]	27.971591
866	[(56,455),(89,683)]	27.524915
867	[(11,1280),(48,416),(87,766)]	28.867361
868	[(6,1068),(21,820),(31,188),(51,2171),(70,2478)]	28.401010
869	[(58,2000)]	28.466827
870	[(6,1296),(7,360)]	28.165805
871	[(12,879),(35,2181),(37,75)]	28.400208
872	[(71,2597)]	28.411308
873	[(19,808),(21,2185)]	27.917847
874	[(21,1499),(31,116),(42,486),(73,1021)]	30.395987
875	[(64,1202),(90,664)]	31.379886
876	[(7,2237)]	25.336998
877	[(33,2229),(46,1401),(60,438)]	14.646333
878	[(17,2227),(24,1836),(33,2580),(51,1017),(65,2430),(68,169)]	14.104805
879	[(5,2414),(20,520),(31,932),(88,1231)]	13.991389
880	[(18,28),(24,2291),(61,2607),(91,452)]	13.839362
881	[(1,413),(14,1152),(43,190),(45,2552),(71,1486),(73,1214),(82,1910)]	14.598423
882	[(91,2137)]	14.101542
883	[(14,2097),(47,347),(75,2054)]	14.226782
884	[(36,1087),(83,2205)]	14.248066
885	[(34,39),(63,1644)]	13.731775
886	[(65,751),(80,1544)]	14.056157
887	[(14,2262),(23,363),(35,2113),(38,40),(82,1568)]	13.836400
888	[(2,1410),(11,2133),(21,2634),(63,665),(67,1252),(82,2144)]	14.131672
889	[(11,2075),(26,2341),(35,1712),(40,2200),(48,2092),(78,284),(84,1905),(90,1739)]	13.959435
890	[(6,901),(16,128),(24,1551),(31,1390),(45,322),(48,1448),(63,424),(73,2341),(83,1679)]	13.994269
891	[(13,1375),(37,262),(43,447),(45,1705),(59,2431),(67,2445),(87,666)]	13.841553
892	[(4,1587),(22,634),(39,652),(57,2572)]	14.042913
893	[(11,734),(40,1475)]	13.914482
894	[(18,1730),(61,467),(65,2034)]	14.686010
895	[(46,320),(47,333)]	14.062939
896	[(34,2598),(62,1889),(82,317)]	13.997384
897	[(18,2407),(43,708),(46,293),(49,652)]	13.936382
898	[(63,1322),(65,1811),(74,1497)]	13.884836
899	[(0,1968),(4,651),(89,1112)]	16.625848
900	[(10,761),(34,1699),(60,2264),(65,599),(78,430)]	14.564350
901	[(16,981),(70,30),(86,2423),(91,1857)]	13.690274
902	[(5,2188)]	13.631961
903	[(14,992),(62,130)]	13.754514
904	[(54,1809),(59,1705),(92,1280)]	13.542769
905	[(37,1406),(47,2476),(86,1658)]	13.640994
906	[(29,2192),(77,1509),(91,617)]	13.859418
907	[(26,2313)]	13.816720
908	[(3,925),(6,2534),(55,895),(62,2115),(70,637)]	17.249889
909	[(5,1882),(22,1667),(28,2501),(40,2509),(46,1060)]	17.878636
910	[(33,2009),(46,1338),(56,1380)]	13.911286
911	[(52,2129),(61,1873),(64,1385)]	13.938919
912	[(3,1697),(46,2217),(61,1013)]	14.088935
913	[(14,1264),(15,439),(53,589),(58,1136),(60,1401),(70,2379)]	13.836126
914	[(6,1898),(24,2258),(32,432),(34,2203),(78,74)]	15.071516
915	[(16,607),(20,2016),(63,1366)]	18.737373
916	[(3,599),(49,485)]	14.171295
917	[(31,2188),(49,2542),(54,90),(74,2285),(77,2351)]	14.100164
918	[(32,2486),(64,731)]	13.992211
919	[(4,476)]	13.843508
920	[(27,868),(36,121),(43,2228),(53,175)]	13.627395
921	[(33,527)]	13.689342
922	[(41,297),(47,1097),(48,580),(70,1191)]	13.742278
923	[(2,1084),(56,1339)]	13.741268
924	[(12,738),(21,613),(27,1576),(40,2524),(45,1749),(49,1885)]	13.803722
925	[(36,1253),(45,2647),(48,1706),(89,2590)]	13.940110
926	[(31,559),(58,2614),(65,1729)]	13.682799
927	[(2,1695),(15,748),(69,2041),(76,1338)]	13.824633
928	[(25,1714),(26,403),(70,1173)]	14.060427
929	[(13,1261),(34,2285),(37,1800),(45,458)]	13.967565
930	[(29,113),(68,1521),(77,1761)]	13.832977
931	[(31,1598),(59,2535),(69,1019),(74,1543)]	13.868326
932	[(1,64),(50,1039),(74,504),(83,2245)]	13.630121
933	[(6,1741),(50,1100),(65,103)]	14.030994
934	[(4,2545),(65,2407),(87,2507)]	13.610410
935	[(0,411),(80,1726),(87,865)]	13.898428
936	[(31,2580),(87,1016),(90,1136)]	13.683186
937	[(32,1775),(43,666),(81,1992),(84,1396)]	13.791822
938	[(22,994),(41,1244),(50,1281),(53,1645)]	13.631990
939	[(28,658),(34,72),(44,1270),(45,2586),(92,1154)]	16.010358
940	[(8,1130),(18,1339),(79,2380)]	14.050423
941	[(12,295),(14,93),(19,2006),(34,115),(46,1015),(83,1898)]	13.810787
942	[(7,926),(29,1073),(43,1225),(62,1977),(65,491)]	13.845828
943	[(29,2027)]	14.045662
944	[(25,1922),(52,225),(69,2597)]	13.729123
945	[(35,910),(41,2272),(60,2072),(67,1119),(72,546),(83,870),(91,1591)]	13.518337
946	[(1,1146),(8,1879),(22,647),(54,423),(88,1679)]	14.196577
947	[(70,909),(91,2226)]	26.422775
948	[(6,844),(54,301),(59,2494),(68,2622),(69,2603)]	22.805026
949	[(33,2206),(59,1821),(79,2429)]	14.556077
950	[(17,1295),(46,729),(65,2427)]	15.445082
951	[(17,137),(37,2296),(53,955)]	13.712476
952	[(24,826),(30,145),(35,927),(57,1630)]	13.752388
953	[(36,2497),(38,2100),(83,240),(90,1132)]	13.657923
954	[(11,1113),(18,2486),(33,1815),(43,1565),(54,1274),(75,1891),(91,2418)]	13.810793
955	[(58,2286)]	13.529493
956	[(31,1902),(34,912),(60,1059),(80,2271),(85,2150)]	13.760863
957	[]	13.728408
958	[(41,570),(63,2067),(80,437),(84,959),(89,2512),(92,1638)]	13.765163
959	[(5,2143),(78,624)]	13.780177
960	[(79,507)]	13.497662
961	[(28,806),(30,1980),(42,420)]	13.723944
962	[(38,1921),(82,2101)]	13.921644
963	[(0,1590),(1,1791),(50,194),(66,1647),(77,136)]	14.101468
964	[(7,443),(13,1207),(14,1907),(48,538),(69,2539),(78,834),(81,1963),(82,1588)]	13.969211
965	[(36,1114),(54,2647)]	13.660375
966	[(13,1846),(21,72),(50,2128),(60,2625),(63,533),(75,45)]	14.185824
967	[(10,1460),(35,1954),(46,180),(47,1481)]	13.611502
968	[(0,2169),(48,1215),(58,658),(61,250),(67,284),(71,737),(75,1331),(77,1419)]	16.251758
969	[]	14.054310
970	[(7,2468)]	14.275206
971	[(7,858),(14,135),(20,1328),(39,1598)]	14.201460
972	[(26,543)]	13.716067
973	[(20,861),(33,1315),(36,1210),(51,225),(90,179)]	13.980013
974	[(51,502),(66,52),(69,692)]	14.397140
975	[(26,118),(47,34),(57,1228),(86,2571),(88,976)]	14.723399
976	[(15,1870),(45,1879),(88,1810)]	14.080917
977	[(47,479),(71,1295)]	17.587618
978	[(9,1675),(49,1810),(92,1345)]	17.779846
979	[(46,1331),(64,185),(76,1253),(84,1990)]	14.463229
980	[(29,917),(31,1082),(57,452),(62,1176),(86,910)]	13.707457
981	[(40,2427),(43,1833),(47,2531),(73,720),(77,1661)]	15.511657
982	[]	13.759611
983	[(11,1587),(62,1973),(74,621)]	14.357393
984	[(14,294),(22,2084),(66,834),(74,375)]	16.618583
985	[(8,1298),(48,1737),(64,511),(79,944),(89,1487)]	14.265308
986	[(2,1628),(10,219),(23,1274),(40,832),(42,2441),(63,268),(87,2025)]	14.211763
987	[(17,2376),(40,2393),(41,632),(46,2097),(65,1460),(90,2421)]	14.174351
988	[(20,505),(32,2200),(44,1811),(59,1329),(73,1133),(76,2126),(82,1782),(90,685)]	14.046179
989	[(22,381),(45,816),(55,1086),(88,2240)]	14.106382
990	[(4,2083),(7,1910),(15,1151),(17,1241)]	13.965572
991	[(2,178),(6,2425),(36,1904),(81,2315)]	14.019987
992	[(8,681),(30,630),(47,1475),(56,1996),(73,355),(76,318),(78,564)]	13.715873
993	[(56,1781),(63,917),(78,1876),(92,1738)]	13.681534
994	[(16,1078),(27,2353),(50,72),(70,1568)]	13.863703
995	[(11,981),(33,236),(35,647)]	14.519882
996	[(5,819),(6,1070),(38,2288),(48,669),(57,645),(76,2249)]	14.326328
997	[(5,768),(16,518),(25,2286),(45,79),(46,1334),(79,2409),(92,2166)]	13.865846
998	[(20,2214),(21,390),(30,1541),(56,543)]	13.900061
999	[(12,2412),(40,1258),(45,2429)]	14.231223
