ruleset_index	matches	time_ms
0	[(3,1192),(17,1038),(35,1866),(55,881),(68,1470)]	15.642492
1	[(7,3223),(50,1197),(63,1012),(82,350)]	16.760331
2	[(15,2166),(25,562),(34,3184)]	18.846315
3	[(3,2084),(4,1817),(58,393),(79,2694)]	16.244435
4	[(3,82),(26,1846),(30,257),(90,740)]	16.210944
5	[(44,75),(59,1140),(74,950)]	19.289187
6	[(17,716),(20,600),(77,2447),(92,2957)]	20.911980
7	[(20,2139),(30,113),(43,1033),(52,2168),(58,1913),(66,167),(70,2677),(72,888)]	17.539074
8	[(16,2328),(70,3207),(86,3324),(92,1155)]	16.083185
9	[(22,1972),(25,504),(41,2206),(69,38),(76,1707)]	16.499047
10	[(23,1645),(86,1414)]	15.729837
11	[(1,2564),(3,605),(13,2792),(42,1882),(62,1130),(69,102)]	31.325134
12	[(10,2243),(35,1612),(57,2199),(79,1071),(87,1039),(90,144)]	20.186382
13	[(58,3101),(63,2778),(72,1039),(87,1514)]	15.929786
14	[(10,3352),(31,2389),(55,2606),(63,584),(65,932)]	16.460032
15	[(29,1553),(38,2364),(71,3106)]	20.105949
16	[(21,2383),(37,3331),(52,1256)]	17.609376
17	[(4,724),(8,2651),(35,2335),(38,485),(44,2387),(65,3017),(74,2179),(76,2934)]	16.046665
18	[(39,300),(59,1958),(68,2239),(73,322)]	16.727002
19	[(2,1382),(13,561),(30,2639),(31,2088),(84,1873),(91,1265)]	17.254840
20	[(40,1309),(55,2019)]	15.370738
21	[(4,3025),(61,649),(79,2550)]	18.107046
22	[(8,1443),(20,884),(28,3325),(55,592)]	15.922201
23	[(45,155),(48,2113),(63,1942),(78,810),(91,618)]	16.090305
24	[(12,654),(46,2119),(55,2651),(85,106)]	15.616550
25	[(1,3148),(36,2928),(42,1682),(49,2832),(55,1134),(72,1348)]	15.602471
26	[(2,211),(4,809),(38,3320),(39,305),(44,2496),(55,491),(71,2499)]	15.347381
27	[(19,1934),(61,2378),(83,2012)]	16.605171
28	[(28,2234),(32,1989),(54,867)]	16.958732
29	[(0,920),(9,1067),(10,1373),(63,3367),(89,2048)]	16.992359
30	[(8,3102),(13,2916),(34,518),(65,449),(83,2906),(85,734)]	16.063338
31	[(9,919),(30,2949),(46,1821),(61,3349),(74,1409)]	15.717076
32	[(39,1987),(57,2628),(76,2227),(81,2864),(82,2834)]	15.530315
33	[(10,73),(14,2838),(37,2419),(60,2272),(74,1709),(83,279)]	15.841308
34	[(37,2361),(73,2657),(81,464)]	16.300154
35	[(1,94),(19,2340),(71,170),(89,50)]	17.503055
36	[(18,1947),(50,2784),(75,762),(80,3064),(81,320),(84,976),(85,1986)]	16.621494
37	[(40,621),(62,20),(66,929)]	17.540745
38	[(14,1876),(27,2434),(35,3002)]	15.745852
39	[(4,791),(25,293),(59,502),(79,1630),(81,2461)]	15.499821
40	[(4,2561),(38,2234),(43,1609),(59,1980)]	18.975236
41	[(34,2428),(36,3216),(44,2880),(61,1757),(83,601)]	15.962382
42	[(17,1240),(21,2323),(22,2537),(67,600),(74,431),(80,2857)]	15.489094
43	[(14,69),(31,2348),(43,1536),(45,325),(47,2803),(64,1308),(79,3161)]	15.597415
44	[(67,487),(92,1312)]	15.483770
45	[(9,2352),(11,1244),(12,2281),(40,1960),(69,3295)]	15.644577
46	[(7,2149),(9,107),(13,1562),(35,3381),(39,1170),(79,780),(84,58)]	15.537870
47	[(38,1571),(80,3412)]	16.013357
48	[(0,977),(15,841),(26,2309),(32,351),(43,3433),(48,336),(68,3265)]	16.077492
49	[(28,3267),(35,2560),(90,3179)]	16.844044
50	[(7,52),(44,1138),(55,1225),(87,1450)]	16.699774
51	[(51,2071),(81,28)]	15.625585
52	[(33,2545),(41,1744),(62,1665),(72,906),(79,3296)]	17.722660
53	[(22,386),(37,606),(42,2402),(45,806),(53,2658),(63,1611),(64,2418),(83,2846)]	16.480510
54	[(7,1848),(15,215),(17,391),(25,705),(66,1938),(72,3433),(84,3241),(87,2674)]	15.685841
55	[(1,2580),(36,3323),(37,3074),(38,3353)]	17.304911
56	[(12,2678),(66,311),(79,748)]	15.649219
57	[(76,1052),(85,687),(86,1844)]	16.198733
58	[(21,2147),(31,1604),(38,1529),(65,2237),(76,2558),(87,1344)]	29.092181
59	[]	16.344164
60	[(5,1732),(22,2679),(43,204),(62,1714),(85,1914),(89,2437)]	16.642587
61	[(2,2086),(30,3356),(44,2434),(50,257),(65,872),(71,2210),(76,457),(79,114),(81,2104),(83,1280)]	15.538789
62	[(3,3422),(7,2471),(39,1430),(40,3134),(46,1107),(48,565)]	16.027885
63	[(18,300),(30,135),(32,1746),(40,253),(64,1743),(77,1085)]	18.637744
64	[(2,206),(5,2408),(12,1746),(44,330)]	22.472254
65	[(31,2779),(34,1521)]	20.410393
66	[(20,1007),(43,2706),(91,2542)]	24.851730
67	[(12,2644),(13,1220),(15,3067),(50,2635),(52,1671),(63,2509),(78,2995)]	18.925848
68	[]	19.294855
69	[(32,2428),(53,1954),(77,1635),(92,1137)]	17.810769
70	[(0,2018),(3,1720),(11,2071),(26,793),(45,129),(61,925),(77,1224),(88,1724)]	21.106192
71	[(17,680),(28,952),(39,2779),(45,1455),(55,2373),(74,2205),(75,2162)]	32.448616
72	[(32,60),(33,3119),(37,1031),(50,2380),(70,808),(79,588)]	16.680966
73	[(3,2956),(5,3228),(23,2095),(37,818),(70,857)]	20.145782
74	[(15,2106),(17,2374),(25,2313),(33,2250),(80,1191),(82,34)]	34.136235
75	[(1,2449),(41,2842),(63,1382),(73,822),(78,2243)]	25.502412
76	[(1,797),(34,1897),(35,721),(67,3418),(69,2935)]	16.000645
77	[(8,735),(16,2671),(45,1273),(69,3160)]	17.988566
78	[(39,210),(59,959),(66,322),(72,1529),(75,1583)]	16.629930
79	[(16,1927),(56,2296),(66,2288),(83,1188),(90,2635),(92,1671)]	15.583036
80	[(2,417),(13,2348),(15,1160),(16,1271),(24,1363),(25,39),(58,293),(69,2481),(75,870),(92,757)]	16.366956
81	[(2,263),(10,1319),(12,2403),(39,1860),(79,1688)]	16.808360
82	[(17,1856),(33,785),(58,2335),(67,162),(68,3409),(85,732),(90,3319)]	15.523966
83	[(22,3094),(24,7),(33,2293),(63,2908),(72,1931),(83,1689),(89,3182)]	15.750626
84	[(0,2431),(3,751),(4,390),(13,1608),(44,2838),(55,314),(72,2743),(74,237),(78,3069),(83,1250)]	26.913684
85	[(7,214),(13,3144),(32,2334),(64,2664),(82,2234)]	17.121834
86	[(5,1999),(33,522)]	17.780775
87	[(29,813),(49,2667),(56,1959),(69,3075),(79,3415),(91,697)]	16.539580
88	[(2,754),(5,1756),(15,225),(34,2791),(40,1284),(42,2171),(56,1574)]	15.850710
89	[(53,708),(69,419),(80,1779),(92,2278)]	16.080959
90	[(4,2166),(15,3251),(16,943),(35,981),(42,428),(50,826),(55,918),(67,1752)]	15.571554
91	[(0,2196),(23,1765),(90,1944)]	15.742101
92	[(0,100),(7,1742),(13,1596),(38,2340),(66,552),(82,3380)]	17.841811
93	[(27,1456),(43,54),(76,939)]	27.546758
94	[(14,3157),(22,1616),(29,3073),(38,980),(42,3061),(58,3431),(68,2756),(76,1476),(85,510)]	33.893103
95	[(27,2586),(38,2102),(44,1219),(87,368),(90,2689)]	35.066895
96	[(13,822),(22,2566),(24,941),(42,3307),(45,1109),(54,2816),(86,2717)]	34.795636
97	[(13,2501),(31,1082),(43,1590),(52,2692),(59,112),(73,216),(86,2559)]	27.536517
98	[(10,363),(19,2565),(33,213),(73,1157)]	15.977617
99	[(26,75),(28,938),(43,1807),(46,3388)]	15.449750
100	[(24,2335),(56,1918),(59,2799),(87,709)]	15.973891
101	[(22,2645),(88,887)]	15.542151
102	[(8,1751),(12,2364),(18,1414),(50,2656),(60,2425),(77,1978)]	15.270542
103	[(25,753),(39,2376)]	15.604176
104	[(6,503),(10,1240)]	15.487472
105	[(56,2139),(78,2297)]	15.253214
106	[(7,2542),(24,3264),(36,2016),(53,2871),(86,1689)]	17.380273
107	[(20,611),(21,2528),(29,313),(38,1116),(49,2127),(73,3288),(78,1792)]	15.337571
108	[(29,2663),(35,710),(38,3404),(90,2261)]	15.710843
109	[(5,2696),(10,3040),(11,2090),(20,670),(29,1307),(31,667),(56,2337),(58,2273),(75,2995)]	15.956998
110	[(24,1549),(30,979),(81,2470)]	15.462641
111	[(24,2614),(26,2233),(38,3051)]	16.717230
112	[(15,2322),(36,598),(66,1087),(90,1100)]	18.082605
113	[(22,3228),(46,1298),(52,2888),(65,3316),(77,3080)]	17.162532
114	[(4,749),(11,1890),(17,226),(26,1691),(41,57),(63,1501),(90,3214)]	16.323692
115	[(22,1621),(25,2523),(30,3210),(41,1207),(53,3369),(70,3188),(84,2485),(91,1906)]	21.929391
116	[(21,615),(26,3415),(33,2136),(36,752),(41,1332),(62,1296),(91,54)]	18.637332
117	[(5,2849),(26,122),(29,2032),(48,502),(65,1753)]	16.495872
118	[(4,1095),(65,3325),(79,2189)]	15.561309
119	[(15,3192),(23,1324),(38,548),(53,2707),(75,1154)]	15.467605
120	[(13,688),(54,3178),(57,2664)]	15.444879
121	[(0,1020),(19,2807),(61,57),(68,1767),(73,692)]	15.894486
122	[(2,1117),(14,684),(53,3049),(56,1993),(65,2790),(67,2578),(70,1295),(80,2061)]	15.293899
123	[(9,669),(17,893),(61,1291),(62,236),(90,2965)]	16.511213
124	[(25,2884),(32,1480),(38,735),(75,169)]	16.740435
125	[(7,3038),(17,2810),(31,2534),(73,478)]	21.231200
126	[(2,1751),(14,2331),(17,964),(24,2794),(28,1544),(68,1290),(80,1889),(82,2384)]	31.551802
127	[(10,1760),(43,3321),(44,3229),(63,3286),(74,164)]	16.670627
128	[(8,3133),(47,1634),(62,2458)]	15.752567
129	[(4,446),(8,1537),(21,595),(72,2048),(73,1096),(76,54)]	15.561695
130	[(31,262),(54,3237),(76,3394),(85,1546),(88,3406)]	15.364058
131	[(5,1482),(8,1289),(17,1684)]	15.658114
132	[(12,2826),(16,3375),(25,426),(32,1535),(57,952),(69,1721)]	19.319492
133	[(20,3434),(48,3276),(66,2691),(85,1629),(87,1246)]	16.864748
134	[(3,312),(23,1145),(79,2035),(84,99)]	15.919405
135	[(30,1607),(56,1117),(67,1025),(74,1207),(78,2634),(83,1066)]	16.543613
136	[(35,3042),(36,1660)]	15.737830
137	[(20,507),(24,243),(39,880),(53,445),(81,855),(84,2420)]	15.896732
138	[(2,2645),(41,1230),(60,1253),(62,2415)]	15.740860
139	[(0,948),(16,2778),(20,3419),(40,2581),(64,2926),(75,1044),(87,3322)]	15.814750
140	[(11,803),(12,3191),(21,443),(43,2449),(63,680),(67,2137),(70,1814)]	15.944974
141	[(12,3302),(13,800),(17,1583),(18,1316),(19,331),(32,1032),(39,1974),(51,919),(59,3396),(67,3438),(88,2898)]	17.265192
142	[(24,597),(34,1765),(70,2442),(73,36)]	16.670233
143	[(4,481),(55,3104),(56,379),(73,696),(81,742),(85,948)]	15.354571
144	[(0,442),(48,587),(74,2691)]	15.601915
145	[(8,1496),(14,1067),(55,1772),(90,938)]	15.451608
146	[(5,1349),(27,2759),(40,2965),(54,977),(66,1490),(82,3165)]	15.383862
147	[(14,2905),(48,542)]	17.167699
148	[(8,809),(12,1069),(40,1868),(52,899),(65,3137),(76,1022),(80,2755),(85,1787),(89,67)]	15.976806
149	[(20,884),(45,1514),(64,3275),(78,153)]	15.315750
150	[(0,1251),(58,1912),(59,2599),(79,2558)]	15.544707
151	[(8,1667),(31,2506),(34,2041),(38,3035),(65,2676),(67,1175),(69,110)]	15.391102
152	[(7,2373),(13,88),(23,2869),(30,1336),(34,725),(72,2878),(84,1599)]	15.364879
153	[(2,2891),(21,3136),(55,1053),(63,2858),(84,381)]	16.238155
154	[(28,2552),(43,1057)]	15.424760
155	[(8,2713),(11,3061),(29,2495),(57,244),(64,875),(83,511)]	15.530889
156	[(18,2328),(20,998),(25,2155),(66,2935),(81,3278),(92,2676)]	15.389207
157	[(4,3337),(40,1311),(45,493),(71,1681),(72,288),(90,3427)]	15.751948
158	[(1,511),(23,3132),(32,984),(52,753),(63,1130),(85,1056)]	15.431296
159	[(27,2259)]	15.627320
160	[(20,823),(39,3444),(83,2977)]	15.500568
161	[(74,3155),(83,1476),(87,1246)]	15.583357
162	[(37,473),(45,499)]	15.958094
163	[(1,1420),(14,288),(54,549),(73,2672)]	15.685292
164	[(12,664),(38,1139),(42,2361)]	15.825208
165	[(15,2439),(20,2920),(25,743),(58,2117),(66,585),(71,320),(74,1611)]	15.306648
166	[(5,2229),(58,1895),(70,2091),(75,1288)]	15.664963
167	[(14,3106),(15,1039),(79,3278)]	17.914867
168	[(3,3000),(4,1094),(73,125),(74,640),(84,1416)]	16.133667
169	[(10,736),(21,3066),(57,3344),(74,366),(90,1840)]	16.305155
170	[(85,1231)]	17.075437
171	[(7,317),(47,2924),(86,573)]	17.008571
172	[(10,1711),(16,966),(23,94),(36,270),(80,2070),(86,2027),(92,735)]	15.521999
173	[(8,2080),(15,685),(29,2739),(43,1705),(75,2194),(86,698)]	16.264355
174	[(8,582),(12,1131),(16,2225),(28,2139),(30,381),(73,2346),(92,2232)]	15.348249
175	[(2,2701),(9,1686),(30,1744),(33,1426),(39,2745),(51,1188),(81,1762),(88,2856),(90,2864)]	16.620708
176	[(42,2396),(51,816),(63,3085),(71,304)]	20.208434
177	[(38,478),(44,1216),(66,281),(83,936)]	17.414305
178	[(4,695),(7,1617),(43,490),(91,2320)]	15.540524
179	[(10,3281),(11,382),(26,843),(29,2788),(33,1422),(35,12),(37,259),(41,2694),(80,2579),(91,1277)]	15.421067
180	[(21,1676),(27,902),(45,1199),(58,2240),(71,700),(74,17)]	15.531329
181	[(15,2793),(31,3275),(45,273),(47,1928),(58,1397),(60,2426),(64,3140)]	17.448529
182	[(24,1976),(40,3436)]	15.547750
183	[(46,2751),(49,424),(55,3431),(79,410),(90,2941)]	16.873129
184	[(8,2428),(13,3036),(31,1654),(37,1028),(47,1314),(90,142)]	15.541522
185	[(29,29),(43,449),(49,673),(88,2624)]	16.439585
186	[(4,1067),(8,2564),(10,1061),(31,3248),(42,2481),(58,2652),(89,3178)]	17.255370
187	[(11,1443),(64,2268),(65,2053),(88,1609)]	17.639195
188	[(17,1455),(21,162),(22,3409),(26,36),(48,98),(65,257),(76,3310)]	20.216836
189	[(84,1861),(89,2638)]	31.988469
190	[(9,3223),(12,2561),(38,977),(51,1727),(62,400),(83,3133),(87,1819)]	16.147625
191	[(8,1824),(57,3291)]	18.310591
192	[(32,196),(40,236),(77,3358)]	16.438371
193	[(10,134),(11,2308),(12,2067),(80,1818),(82,1663),(87,1464)]	19.857798
194	[(30,2442),(61,3228),(63,2708),(77,2842),(87,1208)]	17.804099
195	[(14,934),(24,435),(42,843),(49,3323),(80,1503)]	17.674936
196	[(37,2809),(58,2320),(68,1225),(82,371)]	17.711337
197	[(7,1060),(15,2523),(39,3146),(60,1306),(66,1664),(86,2454)]	15.511268
198	[(2,2074),(27,2341),(49,1161),(54,2618),(83,440)]	16.456589
199	[(24,550),(69,2527),(90,724)]	16.616616
200	[(4,3143),(6,113),(9,233),(22,1252),(25,1837),(41,3027)]	16.490505
201	[(15,1396),(30,3302),(31,800),(39,1137),(60,335),(65,2025),(84,809)]	16.699376
202	[(1,3014),(2,2131),(10,2585),(65,68),(74,3232)]	15.520249
203	[(20,2737),(39,2984),(41,48),(52,1098),(53,2745),(80,25),(86,1161)]	15.824090
204	[(33,1935),(56,1951),(67,1692),(72,1754),(73,668),(89,2595),(90,1187)]	16.443717
205	[(20,2189),(33,2000),(55,557),(74,1390)]	15.542872
206	[(1,3169),(12,2797),(45,73),(69,2027),(85,2628)]	15.479030
207	[(19,2144),(30,2257),(91,419)]	16.197465
208	[(8,540),(55,2859),(60,2490),(61,3012),(70,2424),(82,3426)]	17.544561
209	[(71,2819),(75,1653)]	15.379966
210	[(78,3320),(91,447)]	16.159547
211	[(15,2983),(42,2861),(51,3297)]	16.366782
212	[(3,690),(6,1891),(44,1908),(64,1229),(82,3010),(91,3227)]	15.550995
213	[(21,1159),(54,2889),(67,1606),(73,2936)]	17.065866
214	[(29,3042),(51,3408),(54,2188),(59,3258),(64,2773),(66,1440),(70,996),(84,1783),(85,1072),(92,2578)]	16.340545
215	[(1,2836),(17,1890)]	18.881795
216	[(27,1304),(88,2222)]	16.485230
217	[(5,3399),(87,1421)]	15.757717
218	[(18,2815),(23,680),(29,2725),(65,3038),(80,363)]	15.864308
219	[(8,254),(17,2246),(18,1137),(25,1466),(54,2667),(71,2425)]	15.705576
220	[(3,1503),(11,3390),(14,751),(77,2042)]	15.979123
221	[(8,761),(10,2788),(14,2369),(24,2995),(39,1902),(43,61),(51,3210),(69,524),(86,19),(90,3223)]	15.536053
222	[(0,2117),(2,2689),(16,315),(32,533),(34,3270),(76,1520),(88,973),(92,1644)]	15.625707
223	[(2,1270),(8,3090),(16,1933),(25,3411),(31,3012),(35,2662),(54,2384),(69,795)]	16.486201
224	[(1,2215),(5,1990),(10,1691),(19,2691),(74,3224),(79,332),(82,176),(88,591)]	17.628498
225	[(5,1937),(6,790),(37,2091),(43,1591),(60,2260),(68,2271),(74,995)]	15.647242
226	[(2,2163),(40,2941),(56,1618),(61,733)]	15.217107
227	[(22,21),(32,2198),(33,1153),(54,3073),(55,557),(75,2962)]	15.436809
228	[(16,788),(18,1065),(22,1278),(36,214),(42,1537),(56,1294)]	15.762458
229	[(7,3028),(8,3034),(81,1138)]	15.514618
230	[(8,2135),(32,1788),(47,1213),(66,1054),(76,2710),(84,3116)]	15.551989
231	[(3,1112),(16,2781),(23,2997),(37,3141),(44,550),(58,187),(88,1393)]	16.773432
232	[(7,1576),(32,2390),(35,1776),(41,287),(54,823),(58,1764),(67,3330),(77,2871),(78,1740),(87,472)]	17.009157
233	[(10,342),(14,791),(16,785),(19,2457),(54,1429),(66,2309),(76,2421),(86,2543)]	15.181764
234	[(32,2832),(48,1854),(52,268),(59,1696),(65,2197),(66,1538),(92,2542)]	15.364974
235	[(3,3313),(16,2551),(71,2987)]	18.802237
236	[(18,3204),(43,2008),(62,3129),(90,2034)]	20.562606
237	[(33,1893),(34,972),(35,171),(43,1247),(49,2172),(53,1624),(56,2144),(61,1441)]	16.746349
238	[(75,708)]	16.670026
239	[(39,322),(52,1102),(81,511)]	15.459191
240	[(18,2108),(24,2381),(39,3123),(52,958),(65,532)]	15.932455
241	[(5,3137),(71,479),(85,682)]	15.794455
242	[(8,420),(12,1399),(24,165),(57,1482),(60,298),(71,3028),(73,913)]	15.249765
243	[(19,596),(31,362),(67,3059),(70,75),(74,377),(83,3186)]	15.525130
244	[(35,751),(48,181)]	16.617817
245	[(17,469),(20,1138),(38,1640),(41,1166),(57,3038),(63,1694),(77,249),(86,1036)]	16.455126
246	[(38,2274),(49,2292)]	15.751265
247	[(3,255),(20,62),(29,1709),(66,3087),(78,1163)]	16.530455
248	[(1,2326),(3,1292),(6,1388),(16,2672),(20,1523),(31,225),(39,3410),(79,3206),(83,471)]	15.960725
249	[(2,161),(12,1586),(24,453),(34,1700),(45,1230)]	16.178179
250	[(29,1103),(41,438),(47,1972),(63,2687),(82,2989)]	18.685306
251	[(32,6),(58,2648),(65,1102),(68,1148)]	32.342145
252	[(3,1174),(24,1683),(56,2579)]	16.542540
253	[(20,1277),(64,3039),(72,1495),(77,788)]	18.343416
254	[(25,3063),(37,2964),(67,1149),(70,275)]	16.164001
255	[(2,259),(21,1557),(33,565),(39,2917),(50,3282),(57,2524)]	15.886273
256	[(13,1848),(14,1331),(31,1984)]	16.708083
257	[(2,1851),(21,1655),(26,3350),(67,539)]	15.618877
258	[(0,739),(12,3232),(33,1568),(70,2799),(88,799)]	15.723986
259	[(20,3143),(66,3061),(68,994),(87,39)]	15.375814
260	[(44,2358),(74,2522),(87,2118)]	18.169124
261	[(1,830),(5,2679),(10,481),(18,1017),(88,453)]	17.520369
262	[(27,1950),(44,1022),(68,1409)]	17.597953
263	[(4,968),(10,2521),(17,2790),(18,1715),(23,2149),(28,1050),(33,2524),(46,1265)]	17.587730
264	[(69,2630)]	16.220165
265	[(23,99),(28,2224),(37,2708),(83,1848)]	15.695909
266	[(3,482),(13,3224),(24,292),(38,2513),(70,1848)]	15.415302
267	[(16,659),(65,2225),(80,3303)]	16.407743
268	[(0,1840),(47,50),(58,750)]	17.482892
269	[(4,2386),(22,895),(60,797)]	15.541459
270	[(20,3417),(32,2570),(69,2813)]	17.604293
271	[(22,1092),(24,285),(26,656),(71,1785),(84,1067)]	15.512972
272	[(43,1922),(75,2342)]	15.301955
273	[(30,347),(46,1250),(56,3294),(71,133),(79,2015),(88,1400)]	15.482894
274	[(26,1258),(47,2799),(50,1110),(87,1445)]	15.536461
275	[(28,422),(29,2686),(41,1668),(48,3202),(49,421),(53,2553),(56,252),(75,681),(79,2277),(80,349),(81,1581)]	15.580742
276	[(10,1438),(42,3193),(52,1432),(57,2129),(90,1913)]	15.687191
277	[(0,396),(14,1268),(22,1772),(47,540),(54,3081),(59,1618),(67,1156),(80,1243),(82,17)]	15.448951
278	[(2,3381),(7,2901),(18,965),(31,2381),(88,2796)]	15.584020
279	[(32,2493),(55,1852),(77,720),(83,2612)]	15.354129
280	[(26,819),(68,1250),(70,776)]	15.772388
281	[(5,1593),(9,828),(25,2508),(44,1292),(52,626),(76,1372)]	15.487820
282	[(40,884),(43,601),(62,27),(72,3211),(81,1961),(91,1625)]	15.674780
283	[(3,2036),(6,1383),(18,776),(30,195),(45,2710),(53,2265),(69,453),(73,2469),(80,3438),(86,2257)]	15.314192
284	[]	15.874960
285	[(3,3295),(33,900),(35,2069),(58,1676),(68,2877),(77,1720),(87,2392)]	15.397234
286	[(0,470),(9,479),(16,3096),(52,2465),(71,610),(80,2375)]	15.403474
287	[(23,149),(33,3013),(44,279),(45,2171),(46,92),(47,1671),(79,838)]	15.338778
288	[(19,1206),(25,3294)]	15.613464
289	[(37,2623),(46,2464),(92,864)]	15.804368
290	[(6,2398),(34,925),(38,1542),(57,1884),(58,286),(60,1983),(75,235),(85,525)]	15.359402
291	[(8,1448),(50,809),(56,1531),(59,2474)]	15.957178
292	[(10,1046),(12,1212),(39,680),(85,812),(86,1008),(90,3415)]	15.782515
293	[(15,909),(18,1274),(52,316),(60,3292),(81,497)]	15.228585
294	[(13,1854),(71,1346),(86,1718)]	15.325768
295	[(16,596),(30,5),(74,340),(86,2567),(91,50)]	15.644147
296	[(13,1890),(65,752),(70,3441),(76,2327)]	20.909535
297	[(6,3080),(13,2454),(21,215),(24,3118),(28,1558),(58,1894),(78,2711),(86,150)]	18.446003
298	[(2,2723),(4,663),(21,2368),(48,850),(50,3366),(66,251),(87,690)]	15.401591
299	[(38,1912),(39,2859),(85,3008)]	15.612808
300	[(10,2399),(20,2220),(22,445),(23,2837),(27,426)]	16.049991
301	[(41,963),(48,77),(82,1468)]	15.643099
302	[(18,2837),(20,2657)]	16.092477
303	[(30,136),(40,2411),(67,2959),(72,3373),(83,607),(89,3170)]	15.667474
304	[(23,3304),(74,2015),(90,3)]	16.199568
305	[(15,264)]	15.924871
306	[(76,649)]	16.388925
307	[(11,1992),(41,807)]	15.445076
308	[(0,3126),(32,876),(67,29),(71,2989)]	16.257301
309	[(7,3077),(34,1419),(38,2626),(62,2725),(65,1747)]	16.017993
310	[(0,3222),(7,2811),(10,1545),(30,41),(58,963),(68,1409),(70,1193)]	15.754171
311	[(12,2555),(14,1269),(52,546)]	15.692073
312	[(3,1857),(27,651)]	15.728564
313	[(8,2830),(14,822),(26,1701),(34,263),(36,2932),(42,3346)]	16.655764
314	[(15,1018),(24,3247),(32,723),(46,3433),(53,392),(62,609)]	30.597097
315	[(6,2710),(10,2067),(15,2350),(18,1744),(19,1134),(40,1033),(49,1371),(67,1478),(76,2816),(78,2215),(82,671),(89,752)]	26.486258
316	[(39,2967),(64,2152)]	16.607771
317	[(12,2328),(53,51)]	15.358565
318	[(19,2531),(60,1694),(69,1351),(80,4)]	16.628564
319	[(63,3000),(74,1682),(79,485)]	16.602506
320	[(24,3045),(39,888),(73,133)]	19.487992
321	[(23,1308),(32,170),(58,1271),(60,448),(67,1685),(79,3435)]	21.594368
322	[(62,1263),(80,3322)]	17.274356
323	[(53,2515),(57,2277),(63,992),(70,1089)]	16.876857
324	[(29,1139),(30,518),(38,2179),(54,3183)]	16.340814
325	[(11,3110),(13,3336),(48,1219),(55,41),(71,1164),(89,1141)]	15.953221
326	[(11,2377),(24,1539),(44,1710),(59,2840),(67,2612),(88,2387)]	17.282521
327	[(3,3013),(8,2869),(14,1594),(34,2636),(49,452),(92,3070)]	15.564486
328	[(6,1341)]	17.681619
329	[(3,3043),(19,1014),(39,843),(65,1892),(85,621),(87,2382)]	15.576248
330	[(27,2353),(47,2915),(58,1730),(67,1023)]	15.446757
331	[(9,1710),(24,3109),(30,1763)]	15.932581
332	[(12,2126),(62,2173)]	15.344476
333	[(25,738),(42,1278),(59,787),(69,840)]	15.929348
334	[(1,1292),(7,393),(40,1390),(53,916),(55,1753),(59,101),(80,823),(85,905)]	15.753863
335	[(3,3224),(41,3200),(79,1618),(86,3170),(89,3325)]	15.499319
336	[(53,2522),(72,2678),(90,1826)]	17.053994
337	[(42,1390),(46,3259),(54,3167),(55,2404),(63,2195),(83,1183),(92,2668)]	16.641707
338	[(14,2566),(32,168),(44,1920),(54,194),(74,2400)]	16.076563
339	[(1,444),(30,1190),(31,47),(39,768),(40,2443),(43,4),(62,865),(73,1117),(81,345),(83,1267),(90,1622)]	16.111627
340	[(9,880),(16,1223),(25,1141),(41,32),(48,2989),(72,4),(79,1588)]	15.594415
341	[(40,138),(44,3359),(51,2070),(62,2796),(80,443),(91,2106)]	15.474259
342	[(2,3210),(8,1835),(24,3115),(32,2577),(50,2954),(71,646),(86,2635)]	15.305152
343	[(14,2568),(24,20),(32,1724),(33,2861),(49,548),(51,2445),(58,749),(60,2489),(80,2629),(87,1662)]	15.554512
344	[(0,1297),(11,3192),(54,255)]	15.618742
345	[(1,1494),(10,2021),(16,3340),(55,1339),(60,2532),(72,3056)]	16.141006
346	[(2,675),(31,980),(39,2865),(44,1066),(46,1207),(47,3153),(70,3192),(75,1227),(91,184)]	15.762457
347	[(15,1117),(33,1524),(41,3328),(44,519),(75,90),(83,2243)]	15.792553
348	[(73,2689),(84,3077)]	16.565536
349	[(17,2120),(34,444),(42,1163),(74,1827)]	16.199435
350	[(12,2091),(35,31),(44,3167),(56,102),(84,2247),(87,2427)]	17.113029
351	[(1,2429),(2,2755),(12,712),(14,950),(17,9),(27,2092),(37,1525),(41,3291),(73,447)]	15.850153
352	[(27,3090),(33,3028),(34,3034),(50,1928),(52,126),(55,2440),(59,1045),(84,1731),(85,2140)]	15.719099
353	[(1,788),(7,937),(17,630),(36,3067),(76,1360)]	15.396529
354	[(43,983),(78,604)]	15.548657
355	[(4,1979),(8,3202),(9,421),(28,1772),(43,3223),(47,74),(58,1583),(65,3089),(74,1276)]	17.112798
356	[(10,1624),(70,1139),(76,2503),(85,1003)]	21.880001
357	[(0,1609),(13,2999),(16,2152),(21,222),(39,1770),(40,3143),(57,1155),(87,567),(88,1210)]	17.842883
358	[(46,3262),(66,3116),(81,2234)]	15.576712
359	[(21,2452),(36,676),(45,3344),(66,127),(74,1056),(81,1568),(87,3036)]	16.046585
360	[(6,61),(14,1083),(43,2614),(82,3289),(91,2693)]	15.446283
361	[(8,2641),(63,2533),(74,2871)]	16.809550
362	[(8,1878),(13,1162),(27,1693),(79,1104)]	18.186887
363	[(38,254),(39,30),(83,2895)]	19.477961
364	[(11,2601),(47,444),(58,111)]	18.727323
365	[(13,134),(27,827),(28,2364),(51,2342),(56,2589),(68,629)]	15.728222
366	[(12,2277),(15,2794),(38,3182),(54,1360),(70,2490),(72,3108),(76,1463)]	15.484062
367	[(37,1179)]	15.641053
368	[(42,866),(59,2950),(82,701)]	15.589416
369	[(9,3343),(14,2519),(46,1892)]	16.401386
370	[(7,595),(19,2735),(29,1328),(57,2502)]	15.466711
371	[(56,1124),(69,495),(80,1226)]	15.428567
372	[(40,524),(60,1933),(78,2827),(92,2976)]	15.377542
373	[(9,1757),(18,2136),(27,3118),(47,1548),(57,1458)]	16.965665
374	[(26,2634),(83,1763)]	15.309432
375	[(16,619),(17,1339),(27,26),(51,1969),(63,2853),(74,752)]	15.658967
376	[(22,1087),(28,716),(30,36),(34,1010),(81,1925),(83,438)]	31.814068
377	[(41,3369),(52,2830),(60,3276),(73,760),(79,1393),(84,1409)]	24.672398
378	[(16,243),(18,945),(39,1981),(48,998),(66,1900)]	16.273834
379	[(12,252),(42,2691),(47,2454),(57,61),(60,2718),(62,1571)]	15.903422
380	[(22,90),(52,2649),(59,1968),(86,387)]	16.307272
381	[(24,2910),(50,2026),(53,2547),(68,2084),(69,1817)]	17.745652
382	[(40,168),(44,283),(62,2094),(66,1041),(91,1372)]	15.303827
383	[(16,481),(41,808),(48,866),(53,2807),(80,725),(86,706)]	15.440946
384	[(27,692),(56,3148),(76,2196),(77,2435)]	15.497021
385	[(7,1897),(17,1183)]	16.320706
386	[(31,2673),(37,505),(52,2278),(79,2615),(80,3249),(84,2403),(91,3356)]	15.580041
387	[(56,443)]	15.347389
388	[(3,1744),(4,1134),(14,2188),(46,3387),(52,3327),(64,1178)]	16.926751
389	[(7,277),(18,2795),(43,1141),(58,1143),(81,259),(85,1558),(88,298)]	15.828553
390	[(26,1688),(35,935),(54,2881),(67,383),(82,1216)]	15.254660
391	[(1,1778),(13,2746),(27,336),(39,2073),(60,438)]	15.681770
392	[(3,2007),(7,2071),(13,2954),(30,508),(47,2337),(61,2506),(82,2487)]	15.748367
393	[(44,3067),(58,2226),(63,1530),(89,809)]	21.011573
394	[(20,2882),(38,403),(53,2799),(55,2989),(59,3438),(72,1992),(79,1256),(83,1345)]	15.786642
395	[(15,927),(18,3050),(45,275)]	15.331345
396	[(21,98),(36,2446),(46,2332)]	15.758452
397	[(35,593),(46,687),(69,3010),(84,819)]	15.407316
398	[(5,679),(11,665),(49,537),(58,1362),(63,2589),(71,203),(76,2284)]	15.440086
399	[(38,2226),(74,2717),(84,1605)]	15.568755
400	[(16,660),(61,1980),(77,1548)]	16.621808
401	[(11,49),(34,2300)]	15.923358
402	[(36,3320),(51,994),(73,2103),(89,2120)]	15.614851
403	[(2,1211),(6,1156),(80,1005)]	17.172011
404	[(3,2128),(52,482)]	15.745158
405	[(31,1491),(67,2196)]	15.279196
406	[(3,3143)]	15.481286
407	[(8,3081),(43,1825),(49,891),(69,40),(71,1549),(79,2047)]	15.378161
408	[(4,3421),(25,3259),(37,170),(72,2501),(74,182)]	16.536575
409	[(15,3134),(29,3170),(43,1728),(82,2336),(88,2208)]	16.440586
410	[(8,457),(24,2792),(27,2880),(57,2794),(71,2998)]	15.926735
411	[(25,2750),(32,1360),(60,652),(65,905),(78,1825)]	17.237552
412	[(49,3379),(69,407)]	15.822566
413	[(26,790),(41,3404),(57,973),(63,141),(72,825),(86,1446)]	17.009837
414	[(0,59),(14,627),(87,2875)]	15.992881
415	[(46,1020),(53,3122),(64,420),(67,1738),(87,1333),(88,2800)]	20.485471
416	[(15,3158),(35,2346),(42,38),(43,1966)]	21.755977
417	[(51,894),(52,460),(62,3191)]	16.207508
418	[(4,347),(12,2462),(16,1769),(40,3139)]	15.793027
419	[(25,638),(32,2046),(38,958),(47,3189),(91,1406)]	15.560841
420	[(11,1067),(52,1938)]	15.704715
421	[(23,1816),(32,2728),(50,887)]	16.137704
422	[(29,1908),(52,1905),(68,3100),(79,749),(91,2531)]	16.476883
423	[(10,1557),(21,265),(31,1514),(55,1329),(62,768),(68,242),(72,3127),(79,2931),(85,2558)]	16.494261
424	[(12,1306),(27,3336),(35,1793),(40,2454),(44,2406),(52,1782),(61,2055),(67,565),(89,3364)]	15.945905
425	[(41,1486),(75,1273),(76,829)]	16.385682
426	[(4,2945),(5,564),(22,1300),(39,1941),(43,2156),(48,2713),(89,999),(92,1389)]	15.460204
427	[(21,889),(39,1474),(42,331),(63,3118),(67,1622),(81,1476),(87,1806)]	16.516002
428	[(10,678),(55,10),(66,1496),(70,2405)]	15.789090
429	[(10,66),(32,2073),(89,341)]	15.747341
430	[(0,589),(17,1840),(34,156),(78,2355)]	15.392221
431	[(9,186),(19,1732),(38,1502),(58,430),(84,193)]	15.404447
432	[(19,187),(43,3352),(48,645),(56,948)]	19.399008
433	[(1,2206),(74,2078),(82,1482)]	15.604544
434	[(1,1078),(23,1774),(26,1373),(30,1104)]	16.529699
435	[(18,1128),(50,3325),(56,3384),(61,1445),(71,441),(85,349)]	19.544521
436	[(14,747),(59,407),(71,1102)]	17.797451
437	[(19,2686),(27,3143),(36,2226),(40,2214),(62,1074),(82,1839),(86,3028)]	16.181113
438	[(4,964),(30,427)]	25.021925
439	[(3,1713),(21,342),(40,992)]	26.391381
440	[(10,1370),(37,305),(52,909),(65,879),(74,1215)]	16.046805
441	[(59,1381),(62,3443),(69,2640),(73,2677),(76,523)]	16.031505
442	[(4,636),(41,1041),(44,1279),(81,586)]	15.472488
443	[(5,3269),(69,1435),(85,313)]	15.210737
444	[(1,1416),(10,2548),(30,2925),(48,1608),(86,3077)]	15.717100
445	[(19,54),(20,734),(49,2256),(54,378),(61,323)]	15.514417
446	[(8,1729),(34,2280),(50,552),(65,451)]	15.869762
447	[(11,728),(20,90),(34,1840),(39,1952),(66,2736)]	15.356596
448	[(6,3071),(15,2787),(16,383),(37,809),(53,478)]	16.199112
449	[(66,1601),(68,1158),(81,1013),(86,1916)]	18.304098
450	[(26,2688),(39,3352),(44,2974),(84,1027)]	16.507837
451	[(11,2161),(19,2302),(23,1795),(25,2950),(35,2447),(38,2908),(39,2729),(46,463),(47,442),(89,2593)]	15.983918
452	[(0,3047),(7,1623),(28,2666),(45,190),(48,782),(61,3052)]	16.342310
453	[(8,1334),(52,3259),(61,488),(63,2409),(85,611)]	15.639771
454	[(7,2824),(33,679),(41,1545),(45,767),(79,3364),(87,1367)]	15.736922
455	[(25,2110),(54,866),(72,2351),(74,616)]	15.246202
456	[(24,2584),(75,545),(79,2451),(84,1493),(92,2022)]	15.608160
457	[(77,2525),(82,2694)]	15.657689
458	[(16,1586),(51,265),(53,3353),(58,1290),(83,1730)]	15.775660
459	[(2,1515),(4,1160),(8,2576),(11,3268),(18,2576),(45,3161),(47,2105),(82,2562)]	15.681609
460	[(20,245),(35,686),(40,2617),(41,1015),(73,227)]	15.743375
461	[(38,1450),(46,1864),(56,2421),(76,1447),(86,2136)]	15.374691
462	[(12,2859),(37,2001),(53,1937),(61,2453),(77,3365),(78,942),(81,102)]	15.424171
463	[(15,1892),(66,691),(86,297)]	15.489404
464	[(62,2218),(86,1702),(88,3078)]	15.854929
465	[(25,1776),(58,2094)]	15.630183
466	[(16,2822),(18,2823),(71,137)]	15.343385
467	[(4,1097),(9,821),(10,1578),(16,316),(69,728),(81,1824),(82,2867)]	15.756165
468	[(28,1093),(41,3260),(70,2749),(83,128),(92,2360)]	16.055829
469	[(24,3145),(47,1099),(67,2224),(83,919),(89,2182)]	16.615787
470	[(16,1085),(22,1904),(29,1587),(56,476),(57,720),(73,297)]	15.751769
471	[(1,666),(21,2511),(48,2429),(63,3258),(64,996),(66,2108),(68,707),(88,1234),(90,1555)]	16.040386
472	[(3,194),(78,3262),(91,2701)]	15.932408
473	[(3,762),(48,2921),(49,609),(53,1488),(58,395)]	15.696901
474	[(1,2734),(12,1967),(27,804),(36,1402),(49,1404),(55,3056),(59,2068),(78,1309)]	15.281922
475	[(21,770),(42,2237),(47,416),(48,1070),(89,2550)]	16.126804
476	[(4,2870),(36,3050),(66,2496),(80,1957)]	22.018525
477	[(14,353),(31,606),(33,2542),(36,1460),(66,418),(85,2811)]	19.864262
478	[(3,1943),(15,1237),(24,220),(43,3014),(52,2774),(75,2691),(84,2058)]	16.342973
479	[(33,2078)]	15.462067
480	[(5,264),(7,1652),(32,227),(41,1243)]	18.813387
481	[(36,1704),(40,2472),(44,1175)]	18.194624
482	[(16,2607),(31,2818),(42,3271),(48,2344),(65,2912),(69,296),(87,2853)]	16.381206
483	[(10,194),(24,2248),(31,2317),(40,3331),(47,3192),(72,3073)]	15.433598
484	[(2,2819),(5,2424),(7,786),(12,2722),(31,2327),(48,893),(71,1568),(73,1874),(85,1153)]	15.560623
485	[(13,2041),(23,1384),(48,247),(79,1392),(87,2835)]	15.513226
486	[(1,2461),(14,727),(15,528),(40,241),(41,2419),(49,1568),(53,1407),(59,1041),(66,2109),(79,1280),(85,2544)]	15.544226
487	[(37,1282),(44,134),(61,232),(64,905),(66,100),(86,1300)]	15.688503
488	[(12,2758),(15,447),(26,1629),(31,1700),(47,3039)]	16.073039
489	[(5,2257),(51,3150),(83,3023)]	19.600566
490	[(20,870),(35,2868),(61,1366)]	15.717371
491	[(12,1515),(15,779),(20,3020),(28,1565),(35,2581),(36,2149),(55,1377)]	15.627259
492	[(5,3179),(19,823),(40,1419),(47,15),(56,1132),(78,969)]	15.391813
493	[(14,2146),(28,2722)]	15.973552
494	[(42,2853),(90,224)]	15.738513
495	[(8,2991),(49,3363),(50,1736),(60,1615),(71,1901),(87,1392)]	15.731259
496	[(7,649),(9,2877),(38,792),(73,1029),(87,3173)]	15.495923
497	[(4,3165),(8,3243),(43,2056),(48,311),(64,2206)]	17.939070
498	[(4,1491),(26,2840),(27,2167),(31,840),(47,2290),(63,2589)]	15.789095
499	[(4,1153),(24,263),(62,2336),(71,1263),(85,1144),(86,2502)]	15.705717
500	[(25,2991),(45,197),(50,3372),(53,1098),(57,2279),(69,926),(72,2894)]	17.175582
501	[(17,46),(42,1468),(61,3390),(67,1478)]	26.223943
502	[(9,2610),(24,139),(34,239),(56,1607),(63,3360),(77,813)]	24.234402
503	[(5,2454),(15,1393),(20,2303),(24,1816),(27,1458),(35,1784),(45,1765),(48,886),(62,242)]	15.241028
504	[(9,1646),(11,1723),(27,770),(41,632),(48,864),(51,1501),(53,1497),(84,350),(89,2365)]	15.523059
505	[(23,1691),(71,3013),(73,2639),(81,487)]	15.621987
506	[(21,1448),(44,2040),(53,936)]	15.708460
507	[(4,1177)]	15.334080
508	[(13,312),(35,3030),(41,2640),(47,1758),(67,762),(88,103)]	15.475039
509	[(13,289),(29,1713),(33,2079),(39,834),(70,2124),(78,3422),(79,1397)]	16.840020
510	[(26,1062),(39,1717),(55,239),(57,212),(79,1037),(81,1388)]	16.518611
511	[(16,1457),(61,1475),(63,900),(69,2317)]	15.793182
512	[(23,794),(76,3056),(81,3345)]	16.704258
513	[(19,2593),(46,1234),(50,3234),(66,904),(75,1558),(84,2043)]	16.526791
514	[(17,545),(22,2327),(44,2248),(47,1238),(48,700),(76,496),(86,1308),(90,1119)]	19.204961
515	[(24,2490),(25,3012),(36,2773),(49,876),(64,3306),(70,276)]	15.729558
516	[(38,3200),(58,2670),(88,259)]	15.549566
517	[(5,391),(11,1588),(27,1138),(45,2027),(76,1283)]	15.752295
518	[(31,1231)]	15.614450
519	[(19,2959),(73,1902),(82,3194)]	15.601062
520	[(5,3182),(35,1101),(47,686),(52,2744),(79,2751),(92,2664)]	15.488300
521	[(33,388),(54,458),(70,3047),(78,2033),(91,689)]	15.406249
522	[(65,557),(69,2035),(80,1436)]	15.601113
523	[(1,1287),(3,1628),(78,764),(87,696),(92,2793)]	15.480081
524	[(13,3422),(34,3365),(40,2738),(57,732),(65,2002),(77,2895),(81,2283),(90,465)]	15.728028
525	[(0,2252),(4,1003),(29,2091),(41,3082),(54,1381)]	15.680729
526	[(12,1562),(42,3173),(50,232),(76,1159),(80,3249)]	15.469986
527	[(89,1011)]	15.862192
528	[(12,1547),(48,567)]	15.357379
529	[(6,1387),(7,1888),(42,1490),(43,1677),(58,1534),(60,2861),(76,3005)]	15.355734
530	[(12,3103),(64,476),(65,720),(80,1216)]	16.754596
531	[(38,3032),(50,1405),(90,103),(91,907)]	15.510236
532	[(26,2011),(32,1383),(45,2334),(46,1296)]	16.095538
533	[(43,1048),(79,272),(82,969)]	18.155790
534	[(0,1909),(9,1681),(10,288),(14,1600),(51,779),(90,567)]	15.433082
535	[(4,196),(34,2955),(45,3206),(51,1323)]	16.229648
536	[(10,454),(19,400),(42,130),(63,3193),(83,2502)]	17.998339
537	[(11,364),(17,3259),(34,1535),(67,2790)]	21.804744
538	[(13,3034),(60,2177),(65,2963)]	17.481082
539	[(16,2800),(41,3312),(63,1566),(65,2870)]	16.230779
540	[(2,3149),(4,3122),(39,2586),(53,1765),(65,412),(71,508),(87,1323)]	15.614362
541	[(16,1502),(20,66),(52,1539),(66,906),(86,2583)]	16.417557
542	[(6,2316),(50,2157),(63,2066)]	16.720816
543	[(33,247),(55,1771)]	15.562526
544	[(6,745),(8,2664),(14,1404),(33,2143),(47,2951),(63,337),(79,3354),(90,2230)]	15.843794
545	[(67,1708),(81,2250),(88,2127)]	15.539151
546	[(42,1134),(44,2116),(70,764),(76,1546),(79,1482)]	16.544310
547	[(1,786),(16,1121),(20,1534),(29,2169),(39,836),(41,2285),(75,117),(90,2041)]	15.492331
548	[(7,1057),(11,2949),(61,1667)]	15.897157
549	[(31,1942),(34,459),(68,2877),(70,2672),(82,127)]	16.471105
550	[(27,2200),(28,1956),(32,876),(35,2134),(49,3356),(72,2804)]	17.021831
551	[(16,838),(20,2166),(60,1474),(78,927),(81,3050)]	16.306820
552	[(20,3066),(34,957),(54,3372),(60,270),(65,1871),(76,462),(78,488)]	15.913156
553	[(36,946),(42,1701),(49,3179),(54,2841),(59,1050),(73,1855),(82,1057),(90,2800)]	16.342910
554	[(26,2841),(82,2988),(91,848)]	17.031563
555	[(30,393),(35,476),(47,3227)]	15.534890
556	[(53,146),(71,1306),(73,1458)]	16.029441
557	[(68,834)]	16.068186
558	[(14,1441),(20,985),(38,1416),(54,1495),(57,3079),(59,2518),(67,1939),(78,982),(91,1753),(92,2282)]	19.046130
559	[(3,246),(7,887),(16,3002),(25,1155),(27,138),(29,194),(49,1482),(69,2959),(87,3071)]	16.290274
560	[(79,2375)]	16.532975
561	[(38,3009),(65,52),(74,1687),(90,2068)]	16.174247
562	[(41,2554),(85,1292)]	16.373659
563	[(6,2495),(36,3282),(72,1628),(91,3043)]	15.429295
564	[(15,1141),(59,46),(63,3442)]	30.223068
565	[(0,1520),(26,2172),(35,339),(60,2441),(78,2620),(87,1127)]	20.209633
566	[(0,1834),(15,112),(27,3114),(31,3051),(34,1580)]	15.473997
567	[(16,2438),(22,2722),(62,2805),(69,136),(70,1129),(73,732)]	15.557619
568	[(29,2224),(42,1267),(43,2958),(55,2426),(76,1375),(89,2668)]	15.386170
569	[(20,1874),(22,293),(30,2972),(38,613),(78,363)]	15.611400
570	[(20,2971),(38,3056),(69,2342)]	17.604386
571	[(9,3069),(21,3244),(27,955),(41,3360),(46,1466),(80,1417),(81,1973),(91,657)]	16.110045
572	[(3,1309),(6,2159),(17,586),(24,514),(57,932),(77,3214)]	18.018027
573	[(57,2079),(86,1666)]	16.479034
574	[(0,2007),(14,3257),(47,2506),(70,680),(78,3044),(79,266),(80,44),(83,2862),(86,36)]	16.312345
575	[(17,2582),(27,3425),(58,2928)]	16.181385
576	[(0,926),(39,2516),(48,3102),(51,825),(64,1017)]	15.597110
577	[(11,2959),(13,2258),(29,2022),(76,1328)]	15.783915
578	[(11,2649),(17,2010),(20,2515),(47,1083),(62,3396),(84,2510)]	15.954727
579	[(45,2344),(58,2827),(80,2753)]	15.745330
580	[(2,83),(4,622),(35,3037),(39,2718),(46,2549),(60,216),(65,3228)]	15.674866
581	[(2,2977),(19,2814),(23,1553),(27,1648),(28,763),(36,101),(37,1975),(38,1936),(41,1892),(68,2033),(73,856),(82,2644)]	15.865208
582	[(2,2038),(19,3157),(40,1509),(80,1139),(85,3217)]	26.401461
583	[(8,3250),(38,256),(45,2951),(72,1953),(77,2242)]	33.167721
584	[(42,2604),(45,1619),(86,2144)]	31.682394
585	[(19,630),(56,2323),(71,3316)]	31.008832
586	[(0,3136),(10,3368),(22,2895),(37,2271),(49,693),(53,1925),(58,482)]	32.388576
587	[(3,975),(21,2479),(28,301),(30,2473),(80,1148)]	31.839507
588	[(8,3083),(14,3147),(60,302)]	30.598324
589	[(35,2018),(37,1580),(70,2743),(78,356),(81,2850)]	30.331916
590	[(17,1410),(18,510),(25,887),(42,3147)]	31.520288
591	[(4,168),(20,255),(68,2740),(70,2732),(75,2790),(76,1715),(92,1419)]	30.631263
592	[(41,2847),(83,618)]	31.256906
593	[]	28.762599
594	[(15,289),(22,2878),(28,3117),(46,1914),(72,1410)]	32.873740
595	[(4,1040),(16,2256),(17,3126),(27,2129),(69,2151),(76,2310),(92,1419)]	31.110769
596	[(0,328),(55,1888),(76,1471)]	30.959271
597	[(31,3109),(40,16),(43,1811),(81,2398),(86,930)]	31.230965
598	[(7,1354),(55,1812),(84,3377),(92,2791)]	30.722012
599	[(23,1722),(60,298),(66,1251),(77,716),(80,1036)]	32.766478
600	[(40,2301),(49,1737),(73,1466),(92,1710)]	31.439295
601	[(38,1791),(51,171),(53,2949),(65,2812),(68,3225)]	33.599199
602	[(8,865),(11,396),(24,1993),(85,380)]	31.444593
603	[(28,2567),(31,742),(35,229),(39,2323),(41,408)]	31.141092
604	[(31,2770),(62,2640),(65,2698),(82,3156),(84,459)]	30.872019
605	[(39,539),(49,3091),(73,2000)]	35.468185
606	[(48,804),(69,383),(85,2886)]	34.373767
607	[(26,1533),(35,1042),(38,2172),(86,1756)]	32.827882
608	[(1,1663),(10,2322),(18,642),(32,3228),(39,2968),(60,2838),(79,707)]	31.309410
609	[(68,91),(71,1107)]	32.683985
610	[(65,3211),(67,2278),(77,776),(79,1154),(91,1851)]	31.413858
611	[(10,1113),(19,711)]	30.614583
612	[(0,1854),(18,1721),(41,553),(52,395),(57,3042),(63,3326),(79,2190),(80,186),(85,849),(89,1337),(90,3099)]	30.036222
613	[(52,2188)]	30.063309
614	[(14,1494),(22,59),(25,189),(37,3280),(41,1655),(84,2966)]	30.447161
615	[(17,2967),(73,1233),(80,2335),(86,1863)]	31.101945
616	[(32,1102),(36,808),(43,3175),(55,1524)]	30.846847
617	[(21,1861),(46,1629),(82,3056),(86,1749)]	29.860338
618	[(3,3221),(35,2823),(64,711),(72,426),(75,199),(89,3317)]	30.388649
619	[(0,292),(68,2920),(89,3273)]	31.745411
620	[(8,2747),(22,3066),(53,1433)]	30.422407
621	[(2,3012),(7,1549),(25,1962),(29,1024),(69,2484),(84,1479)]	32.227469
622	[(70,2283),(72,1856),(76,2303),(83,1838),(87,3281),(88,382)]	33.739446
623	[(9,2393),(10,1428),(22,3003),(68,797)]	30.255263
624	[(5,3447),(26,2970),(64,647),(66,1061),(72,543),(75,2009),(81,345),(83,2020)]	37.015664
625	[(34,480),(39,2254),(58,192),(90,2657)]	30.168542
626	[(32,1661),(38,212),(83,1491)]	29.976010
627	[(6,1203),(12,2549),(18,3207),(20,1225),(43,46),(76,224),(88,2710)]	30.800718
628	[(3,2646),(21,823),(23,1258),(50,3213),(53,1789)]	31.897924
629	[(22,3150),(26,391),(29,1929),(88,2263)]	33.117644
630	[(14,1859),(18,2882),(53,3421),(62,974),(67,3157)]	37.194676
631	[(3,87),(27,2706),(43,1639),(53,814)]	31.543223
632	[(1,2669)]	30.366043
633	[(13,2726),(29,1120)]	33.994043
634	[(6,1599),(22,3067),(33,1513),(81,221)]	32.370396
635	[(89,87)]	41.160080
636	[(15,3083),(16,2865),(25,6),(37,1008),(71,969),(80,322),(92,2482)]	48.338573
637	[(3,3054),(7,2246),(10,3289),(25,2912),(28,172),(43,1909),(80,119),(83,2750)]	56.969937
638	[(15,1422),(16,2596),(25,2823),(64,1049),(88,2174)]	45.454398
639	[(0,1496),(1,1540),(66,1103),(82,1003),(85,3397)]	34.024304
640	[(0,418),(39,2820),(41,2203),(44,186)]	32.061816
641	[(38,2728),(52,159),(59,2762)]	31.113177
642	[(28,2076),(91,2841)]	30.474285
643	[(6,2289),(20,31),(22,2382),(77,737),(91,1529)]	31.337590
644	[(48,3333),(49,2907),(78,1048),(91,2033)]	33.447839
645	[(10,1121),(25,3348),(28,1285),(59,1652),(63,1679),(84,1689),(87,3288)]	32.079225
646	[(0,2092),(71,525)]	30.854230
647	[(0,2293),(12,1792),(68,2703)]	30.899857
648	[(23,1004),(42,1003),(66,2357),(83,2788)]	32.070608
649	[(12,795),(20,1735),(22,1343),(34,2156),(50,3027),(84,1463)]	32.214688
650	[(27,3374),(31,3158),(77,3006),(87,2430)]	37.693474
651	[(0,235),(20,2395),(68,167),(70,1541),(89,926)]	36.588080
652	[(2,1453),(43,1564),(46,61),(49,2718),(60,643)]	32.297004
653	[(21,3236),(23,2239),(34,2589),(45,21),(56,1343)]	32.389612
654	[(7,960),(10,25),(19,1784),(31,1862),(67,1921),(78,2405),(84,1764),(88,1454)]	32.070987
655	[(14,2194),(53,1668),(72,1825),(85,659)]	38.877446
656	[(10,949),(15,314),(45,102),(47,265),(57,1245),(61,1341),(83,0),(88,2897)]	41.869740
657	[(26,792),(38,338),(67,2649),(75,82),(86,2338)]	40.841791
658	[(28,289),(54,1100),(69,390),(87,2160)]	41.356353
659	[(10,3082),(30,377),(33,1405),(36,2982),(38,1191),(48,1764),(55,1326),(69,85),(75,743),(84,2481)]	39.969248
660	[(15,3250),(31,3396),(39,2368),(82,495)]	39.981545
661	[(38,2492),(49,324),(59,1680)]	35.249969
662	[(14,2305),(67,1117),(79,854)]	32.174223
663	[(4,1188),(63,1148)]	31.819840
664	[(5,932),(64,494),(76,2714)]	30.805641
665	[(14,2005),(65,1853),(70,1957),(89,2107)]	30.638882
666	[(32,1795),(64,957)]	30.905042
667	[(1,3073),(5,2980),(20,2942),(21,1751),(24,686),(36,1339),(55,2255),(57,726),(91,3111)]	30.631569
668	[(2,146),(19,2891),(60,2196),(63,2250),(68,792),(75,2886)]	31.348645
669	[(12,165),(75,2474),(79,1147)]	30.453191
670	[(9,1270),(36,2231),(43,385),(62,2203)]	31.465509
671	[(1,2327),(5,152),(8,586),(24,1485),(32,534),(49,1879),(52,575),(68,3065),(69,1374)]	36.240884
672	[(18,1115),(52,1517),(53,926),(56,1778)]	35.632039
673	[(0,849),(18,1851),(22,3030),(35,2507),(54,774),(60,817)]	32.161191
674	[(13,2334),(14,1296),(26,479),(56,1120),(64,652)]	30.210898
675	[(6,1411),(10,2061),(22,1016),(27,3350),(73,1726)]	30.883348
676	[(4,1025),(41,2987),(76,38),(89,996)]	31.634387
677	[(43,3323),(52,1627),(54,387),(83,2793),(90,2445)]	30.103973
678	[(14,1432),(36,2891),(41,2527),(66,2635),(83,810)]	31.375233
679	[(0,2339),(20,1363),(21,39),(26,2669),(70,1248),(76,1875),(79,855)]	29.815185
680	[(19,2886),(25,45),(47,998),(51,339),(60,2558),(83,51),(88,1882)]	32.617677
681	[(9,3075),(63,1156),(83,1684)]	30.363320
682	[(0,1066),(19,679),(37,1775),(54,111),(75,20)]	30.375349
683	[(39,2389),(51,1730),(61,1425)]	29.905684
684	[(1,749),(13,2652),(25,3127),(36,713),(54,735),(61,491)]	31.236240
685	[(17,1501),(40,2982),(44,416),(54,1564)]	31.809265
686	[(43,1811),(49,2129),(90,273)]	32.925858
687	[(24,2718),(30,2444),(58,2222)]	28.909011
688	[(15,2846),(28,1842),(55,489),(76,1832),(87,1693)]	31.671339
689	[(9,1241),(23,407),(45,2008),(54,920),(57,1837),(78,596),(87,2651),(89,1071)]	33.583059
690	[(22,783),(41,1088),(47,3075),(76,1906),(92,2049)]	35.759917
691	[(3,2014),(11,1027),(12,1395),(35,1231),(39,2342)]	31.093138
692	[(0,2946),(2,2035),(40,1690),(43,2696),(73,2209),(88,3183)]	35.680897
693	[(40,1171),(44,1726),(45,881),(58,1910),(70,623)]	34.159299
694	[(5,945),(17,3313),(44,1382),(46,1267)]	34.032277
695	[(15,2179),(21,1702),(23,3078),(39,117),(50,551),(69,2284),(71,3004)]	34.032615
696	[(1,3298),(19,1513),(49,1340),(62,2951)]	36.739270
697	[(22,3303),(37,2943),(47,2767),(63,620),(83,979),(88,1302)]	36.788368
698	[(25,870),(29,415),(37,2398),(39,1648),(48,1512),(52,90),(54,2733),(68,2603)]	40.884880
699	[(48,2761),(49,2606),(56,1105),(65,635)]	35.280036
700	[(3,2221),(53,1026),(60,974),(69,3391),(70,3111)]	33.436989
701	[(27,3081),(37,276),(42,1991),(46,2557),(54,2041),(65,3346)]	33.196165
702	[(23,2379),(31,1411),(68,1759),(75,573)]	32.167622
703	[(8,57),(13,83),(35,1),(52,1349),(59,649),(64,1072),(75,240)]	34.508853
704	[(4,2338),(5,2168),(15,1314),(37,1057),(69,893),(88,3088)]	32.122297
705	[(0,2377),(2,6),(18,485),(44,1205),(48,1945),(56,1382),(76,487),(78,3439)]	31.916777
706	[(8,1157),(11,1595),(22,3054),(31,1872)]	36.248165
707	[(23,3421),(69,834),(70,1301),(82,489),(89,1974),(90,1862)]	33.395479
708	[(17,2325),(22,392),(67,778),(77,144)]	32.436600
709	[(28,2515),(31,2258),(83,144)]	32.621482
710	[(2,124),(35,2727),(49,2909),(50,1981),(52,2513)]	34.454277
711	[(34,2614),(66,3204)]	32.977002
712	[(6,2440),(11,1631),(18,369),(20,2626),(42,600),(56,992),(82,1122)]	31.649688
713	[(7,216),(11,3428),(75,510),(88,1851)]	31.899097
714	[(5,2423),(8,1526),(27,23),(35,2814),(43,2052),(49,645),(67,964),(75,2299),(82,3298)]	31.900382
715	[(9,997),(27,2916),(33,2571),(51,253),(76,1486)]	32.033358
716	[(5,3285),(89,525)]	20.852158
717	[(12,2505),(18,2765),(44,474),(76,2040),(88,1844)]	16.319501
718	[(17,2500),(31,155),(57,2301)]	15.547265
719	[(33,696),(34,2850),(76,2368)]	16.049082
720	[(12,1881),(47,2274),(55,2520),(57,2611),(62,1270),(82,143),(87,2763)]	15.134185
721	[(25,1863),(56,282),(65,1812),(69,230),(72,2785)]	15.655169
722	[(10,1271),(88,2401)]	15.462372
723	[(19,2694),(42,2867),(85,2612)]	15.704701
724	[(25,2657),(48,2575),(56,2678)]	15.389585
725	[(18,1752),(39,171)]	15.355375
726	[(13,1771),(62,2187)]	15.526564
727	[(0,3364),(24,2111),(25,2505),(27,2004),(33,916),(46,1098),(64,1192),(84,2511)]	15.538882
728	[(30,1601),(44,2926),(46,1428),(73,679),(79,3151),(92,767)]	15.929791
729	[(10,2839),(21,1199),(29,1802),(50,697),(57,3083)]	18.291578
730	[(7,1665),(34,1937),(35,790),(36,1584),(37,967),(41,263),(59,2165),(87,2284)]	16.153666
731	[(14,3071),(21,155),(27,1045),(29,681),(41,3019),(80,3344)]	15.738160
732	[(4,1873),(7,1720),(12,2634),(13,1008),(57,56),(67,1326),(92,876)]	15.230500
733	[(11,646),(18,2150),(31,2407),(86,3415)]	15.596762
734	[(31,166),(43,1701)]	15.743145
735	[(20,154),(51,1438),(73,3265),(87,2087)]	15.604201
736	[(18,2723),(20,663),(25,2615),(36,364),(77,707),(78,757),(80,285),(82,656),(83,2063)]	15.166224
737	[(18,1672),(90,3218)]	15.554778
738	[(4,3120),(11,412),(28,991),(31,3055),(38,2918),(46,2881),(74,2570),(88,2068)]	15.352847
739	[(28,3242),(36,2685),(73,1987),(90,2477)]	16.176785
740	[(21,291),(39,2498),(57,612),(65,1343),(89,917),(90,2271)]	15.361301
741	[(59,2245),(62,2077),(81,2383)]	18.008986
742	[(3,2698),(27,961),(47,2679),(55,2427),(74,1349)]	15.776844
743	[(15,3112),(19,987),(38,621),(78,833),(88,1952)]	15.741425
744	[(4,3158),(32,605),(34,1897)]	15.364448
745	[(12,1091),(13,836),(32,3081),(66,310),(72,1582),(91,267)]	15.997306
746	[(5,1676)]	15.825310
747	[(6,488),(8,2034),(14,3149),(75,1853)]	15.892143
748	[(8,1165),(11,2705),(12,2952),(14,1853)]	15.731598
749	[(3,2950),(11,779),(17,2401),(23,3026),(38,971),(43,2376)]	15.596823
750	[(5,146),(26,306),(40,1712),(60,1145),(76,2043),(78,1778)]	16.363902
751	[(23,1831),(26,2408),(52,2656),(70,393),(74,37)]	15.625606
752	[(2,3339),(15,2690),(43,264),(49,3146),(52,752),(77,454),(82,2581)]	15.484690
753	[(17,654),(30,3257)]	15.481579
754	[(33,7),(68,528),(80,1470),(92,1755)]	15.958321
755	[(26,3215),(77,832)]	15.548621
756	[(12,2666),(18,2976),(23,1766),(48,879),(69,3130),(79,131)]	15.642401
757	[(0,3388),(5,1235),(16,1920),(34,2806),(54,214),(60,1304),(62,2205),(67,945)]	15.473810
758	[(14,2817),(21,3001),(53,1689),(70,3324),(84,2076),(87,1477)]	15.610332
759	[(1,893),(10,352),(73,1965),(92,367)]	23.749303
760	[(16,897),(19,1480),(30,343),(32,2493)]	29.740251
761	[(17,1849),(45,544),(80,2650)]	16.405677
762	[(8,1611),(47,2949),(51,2524),(53,3362),(59,2607),(65,2520),(78,2465),(82,1256),(92,485)]	15.658864
763	[(21,1085),(59,3418),(75,2088),(80,2635),(82,1167)]	15.302719
764	[(45,974),(49,2786),(60,2200),(69,3229),(77,1618)]	16.772154
765	[(51,3044),(65,1051)]	21.276364
766	[(31,924),(32,1238),(36,2936),(51,551),(73,3417),(77,2986)]	18.709301
767	[(2,2025),(9,2118),(43,151),(92,2139)]	15.887420
768	[(15,2719),(19,2310),(20,3058),(31,65),(84,3299)]	16.089210
769	[(0,2597),(18,2128),(33,46),(41,1282),(58,817),(72,1875),(75,929),(85,2038)]	15.285738
770	[(14,35),(36,1735),(41,545),(46,703)]	15.681683
771	[(26,3422),(50,484),(73,1841),(83,1460)]	15.444646
772	[(13,423),(31,2527),(36,2175),(59,2274),(67,2124),(76,1261)]	17.138861
773	[(10,470),(32,2296),(61,246),(73,1364),(85,900)]	15.572301
774	[(25,803),(44,1020),(47,1165),(72,2634),(79,3198)]	16.343140
775	[(81,3294)]	15.507706
776	[(39,3444),(43,2255),(82,2618),(91,564)]	16.891111
777	[(2,950),(46,2671),(55,1142),(67,1389),(73,2895),(83,1707),(87,2506)]	16.232394
778	[(45,1232),(53,517),(60,3114),(75,3160),(80,2772),(81,677),(92,2172)]	15.761183
779	[(3,3381),(8,2675),(24,244),(25,647),(27,605),(35,1767),(37,1818),(52,701)]	15.880245
780	[(51,2603),(59,3066),(62,277),(64,2254)]	15.733559
781	[(5,1661),(17,2191)]	16.254504
782	[(4,3411),(57,1969),(62,979)]	16.075548
783	[(9,3197),(11,465),(26,2201),(49,2297),(67,3191),(68,1225)]	15.390687
784	[(1,872),(3,1750),(27,2318),(53,2557),(68,1660)]	15.390886
785	[(37,3420),(38,973),(62,1151),(77,241)]	15.910988
786	[(10,93),(30,639),(72,2101),(76,2837),(78,2657)]	15.232130
787	[(10,2745),(15,1184),(47,3356),(84,3246)]	15.577377
788	[(3,523),(7,3236),(17,287),(24,2428),(80,2588),(89,1837)]	15.514829
789	[(2,542)]	15.862887
790	[(17,1208),(32,1137),(44,151),(81,2669),(83,1449)]	15.506365
791	[(42,1038),(48,2356),(86,1854)]	18.754584
792	[(27,666),(61,3376),(62,830),(76,3357),(80,2943)]	15.821828
793	[(10,2192),(27,2801),(60,2593)]	15.695657
794	[(9,3430),(14,165),(23,1973),(41,715),(42,1171),(75,3019),(77,2972)]	15.935990
795	[(0,662),(4,1370),(18,1923)]	15.475972
796	[(6,1074),(42,2091),(49,3255),(55,2717),(67,1685)]	15.747184
797	[(3,290),(7,577),(9,3434),(10,367),(35,952),(37,2859),(87,2216)]	16.802026
798	[(27,1894),(37,1700)]	16.446286
799	[(2,406),(18,3342),(26,1027),(56,3288),(57,942),(86,1972)]	15.545017
800	[(10,641),(17,303),(28,2772),(29,1178),(62,3080),(77,510)]	16.293739
801	[(0,2099),(14,261),(26,831),(33,2223),(72,3049),(75,2878)]	15.427073
802	[(33,2472),(58,992),(61,41),(87,2933)]	17.371431
803	[(11,2160),(12,1292),(32,2510),(65,2838)]	16.004947
804	[(48,2919),(51,1126),(67,819),(72,670),(77,1772)]	15.282864
805	[(16,359),(44,698),(78,432),(79,3446)]	16.030026
806	[(25,334),(33,214)]	15.779573
807	[(8,437),(11,1329),(23,3040),(45,272),(60,2173),(76,1845)]	15.500559
808	[(1,2615),(2,3249),(19,3276),(33,2981),(71,869),(79,595),(84,1176)]	15.362076
809	[(7,2641),(9,2735),(15,723),(58,3242),(69,2725),(91,2205),(92,2162)]	15.285897
810	[(0,1132),(14,1446),(17,2696)]	16.402388
811	[(37,2794),(47,808),(62,1230)]	16.087982
812	[(75,2419)]	15.652089
813	[(18,652),(24,1905),(34,767),(63,1794),(69,1231)]	18.105709
814	[(1,3408),(16,2557),(18,2736),(49,1077),(50,784),(69,611),(70,2528),(75,1867)]	16.748954
815	[(0,2160),(32,1096),(45,251),(89,1048)]	19.087663
816	[(67,615)]	15.636636
817	[(6,2825),(7,1204),(15,1225),(38,528),(42,2443),(46,2290)]	15.519551
818	[(11,2519),(31,3101),(54,2916)]	15.273981
819	[(1,3008),(11,2122),(22,1507),(37,3375),(51,1656),(67,1371),(73,2385)]	15.579466
820	[(6,903),(45,374),(56,988),(80,1043),(83,268)]	16.215895
821	[(43,628)]	15.350348
822	[(1,787),(9,296),(21,1239),(32,1683),(33,975),(53,2342),(60,970),(80,1434),(87,2665)]	18.521850
823	[(30,3115),(32,2496),(35,1580),(52,962),(56,694),(67,295),(72,935),(77,2864)]	31.970955
824	[(6,2645),(12,255),(43,2592),(54,3299),(60,1316)]	16.272935
825	[(5,1417),(19,3261),(35,2763),(43,2536),(57,957),(71,3352),(85,2775),(88,741)]	16.300896
826	[(10,664),(36,732),(52,404),(63,1122),(70,2243),(78,1125)]	20.942361
827	[(62,136),(73,2040)]	18.512705
828	[(4,2815),(10,3360),(23,1001),(28,1518),(59,2294),(83,2657),(91,2552)]	15.496530
829	[(5,17),(9,2100),(30,1424),(41,1628)]	16.149030
830	[(4,2966),(11,709),(15,3216),(23,2754),(50,701),(78,3333),(87,2356)]	16.538869
831	[(29,438),(31,9),(38,39),(59,15),(63,2564)]	16.245612
832	[(16,1677),(44,776),(59,2139),(66,970),(86,227)]	15.658410
833	[(2,3149),(17,1207),(60,3031),(61,352),(75,1374),(78,887)]	15.362001
834	[(1,2251),(18,706),(45,3383),(47,2122),(85,2520)]	15.674836
835	[(5,1160),(9,3275),(22,2216),(26,241),(57,3043),(82,170)]	15.435213
836	[(76,1000)]	15.443342
837	[(15,880),(34,3173),(42,114)]	16.477833
838	[(0,205),(3,1252),(4,135),(14,1375),(23,2911),(33,1162)]	16.424280
839	[(17,3362),(32,2923),(76,870)]	16.446734
840	[(34,2406),(71,763),(92,1534)]	15.651242
841	[(22,335),(48,2523),(82,2207)]	15.484914
842	[(14,1766),(15,694),(33,578),(46,2617),(49,3020),(56,1055),(92,3365)]	15.386071
843	[(40,3243),(61,610),(67,728),(90,2316)]	16.756664
844	[(6,2361),(39,2287),(49,729),(69,1213),(84,3435)]	15.337443
845	[(2,1568),(13,1110),(25,1628),(38,197),(65,2629),(69,799),(71,892),(75,2734)]	16.448475
846	[(39,1559),(51,1629),(67,3039),(79,2096)]	15.520824
847	[(5,1277),(9,2893),(37,372),(88,2738),(89,614)]	17.578769
848	[(3,93),(32,2704),(65,1324),(70,1280),(83,300)]	15.614573
849	[(3,279),(12,395),(57,1077),(61,1583),(78,2190),(79,186),(85,1375),(89,3283)]	16.125620
850	[(7,382),(35,3244),(39,3213),(56,1223),(61,2354),(89,3409)]	15.460039
851	[(16,2847),(18,606),(25,885),(53,3320),(76,454)]	15.518133
852	[(67,1435),(75,2257),(89,2315),(90,2655),(92,2270)]	18.357579
853	[(12,1837),(52,1685),(54,1975),(55,1936),(57,2739),(67,2198),(68,1461),(71,1753),(72,113),(73,358)]	15.895322
854	[(3,2896),(58,3299),(62,1385),(76,3230),(80,1222)]	15.853990
855	[(4,2087),(47,1107),(49,565),(86,2798)]	15.444688
856	[(45,1086),(47,779),(50,3121),(61,1114)]	15.506092
857	[(4,1480),(21,863),(69,408),(71,90)]	15.891796
858	[(43,42),(90,1508)]	15.424691
859	[(8,2000),(16,1329),(23,2831)]	15.412370
860	[(0,2604),(11,546),(26,1321),(44,2600),(47,3224),(54,176)]	15.313983
861	[(24,1597),(66,972),(71,1149)]	15.658460
862	[(14,581),(18,2461),(35,1122),(45,911),(55,832)]	15.408526
863	[(8,1224),(32,1519),(34,3312),(39,1424),(79,2519)]	17.927960
864	[(9,2760),(29,1991),(30,179),(61,1698),(75,2905)]	17.018607
865	[(38,3237),(59,497),(90,2587),(91,2250)]	16.513980
866	[(27,2786),(40,2651),(64,2271),(69,1625),(77,611)]	15.890009
867	[(77,1599)]	15.623015
868	[(46,1779),(65,3413)]	16.011873
869	[(4,3381),(45,3273),(82,1496)]	17.047462
870	[(16,3236),(22,1235),(43,741),(46,2949),(66,1399),(85,1462)]	15.775389
871	[(34,1016),(45,3312),(89,3090)]	15.682260
872	[(17,306),(18,1842),(26,2439),(27,3301),(63,3053),(72,1744)]	15.618172
873	[(10,1277),(12,3428),(25,3221),(40,2992)]	16.285325
874	[(6,2608),(29,2159),(34,1298),(38,267),(55,1871),(57,1746),(60,2965),(89,466)]	15.769758
875	[(36,879),(48,1912),(49,2859),(72,1333),(77,1200),(82,561),(90,1375)]	15.451070
876	[(36,1641),(37,2717),(55,2599),(73,1321),(83,490)]	15.870028
877	[(7,1370),(51,2403),(59,2046),(85,339)]	15.896435
878	[(24,1149),(40,1093),(55,32),(69,2935),(70,969),(74,3281),(75,382),(81,2967)]	15.977812
879	[(4,2578),(23,2319),(66,373),(75,1840)]	16.709163
880	[(8,1212),(22,949),(28,1770),(29,3143),(81,1079),(91,906)]	16.277532
881	[(9,3031),(19,2907),(33,2517),(41,1609)]	16.481962
882	[(20,2369),(34,2551),(66,2994),(67,24),(88,1115)]	15.435834
883	[(23,2492),(43,425),(46,975),(61,619),(67,1419),(75,56),(79,1450),(80,1598)]	16.762511
884	[(4,2326),(16,2183),(36,116),(40,1360),(54,1337),(77,1504),(81,2443)]	19.312828
885	[(12,3129),(76,1912),(77,2859),(87,928)]	20.707031
886	[(13,428),(28,3059),(40,2306),(41,1615),(50,3),(73,2804)]	30.918450
887	[(18,2203),(31,480),(49,1419),(78,1337)]	22.664905
888	[(33,640),(40,562),(69,655)]	16.844515
889	[(19,1718),(22,817),(42,1879),(60,3223),(87,278)]	15.315580
890	[(6,2639),(11,447),(20,2855),(33,1937),(89,1573)]	15.495458
891	[(1,1771),(17,2722),(30,717),(91,2588)]	15.733827
892	[(1,2660),(67,3093)]	16.635388
893	[(51,2535),(53,1622),(54,1441),(81,3366),(87,840)]	15.693580
894	[(32,2513),(39,1710),(42,2224),(45,1359),(82,1479)]	15.745788
895	[(0,1089),(9,1541),(12,2243),(53,3224),(61,3312),(71,22)]	15.737240
896	[(2,3374),(4,2457),(25,1847),(30,1430),(41,3251),(85,121)]	16.004849
897	[(1,1728),(5,3351),(16,175),(18,104),(69,2533)]	15.532304
898	[(13,1968),(22,2098),(51,2774),(71,1918),(87,2300),(89,1987)]	15.898460
899	[(4,1100),(13,1871),(16,2840),(17,2167),(19,111),(23,272),(26,1086),(31,2241),(43,1595),(63,673),(73,2729)]	15.721087
900	[(19,367),(38,595),(65,1365),(70,977),(89,1837)]	16.855450
901	[(1,19),(10,1418),(26,2585),(43,1892),(61,1055),(87,1512)]	15.719208
902	[(8,3004),(27,270),(46,1017)]	15.388075
903	[(73,1255),(89,991)]	16.093064
904	[(45,573),(73,1752)]	17.282389
905	[(0,2266),(6,687),(7,1844),(23,3360),(39,1423),(40,808),(65,1711),(84,2410)]	15.605245
906	[(4,807),(18,2820),(20,2203),(53,1658),(72,1088),(84,2423)]	15.630020
907	[(10,66),(25,2230),(59,2310),(65,2611),(81,2444),(91,2151)]	15.481032
908	[(13,119),(34,321),(69,1211),(73,898)]	15.619632
909	[(8,258),(26,752),(70,1126),(75,1332)]	15.913224
910	[(15,738),(20,1722),(58,676),(61,778),(84,929)]	16.353301
911	[(3,1576),(25,2350),(42,921),(64,3201)]	15.893168
912	[(2,731),(35,1318),(39,938),(44,2926),(46,1428),(61,1585)]	18.154663
913	[(18,439),(22,265),(28,58),(80,3411),(90,3422)]	17.488129
914	[(7,1018),(15,1559),(20,3421),(42,709),(83,1417),(84,1973)]	16.207432
915	[(13,1578),(24,997),(30,3443),(36,3438),(85,2919)]	20.230581
916	[(0,2366),(3,1365),(13,3156),(28,233),(31,1107),(34,2349),(49,1442)]	16.611498
917	[(12,568),(66,2957),(83,1252)]	16.390093
918	[(22,2283),(46,1557),(66,1398),(87,1526)]	16.079675
919	[(3,1802),(4,748),(46,1435),(79,345)]	16.419446
920	[(7,2652),(33,1382),(37,521),(64,3333),(78,843)]	16.663569
921	[(15,2718),(25,185),(34,3363)]	16.225021
922	[(1,3417),(28,1502),(35,1283),(52,2955),(57,2324),(74,2653),(84,858)]	16.098588
923	[(28,2544),(33,2363),(54,326),(58,2752),(81,220)]	19.361448
924	[(25,2972),(31,833),(52,1832),(80,3371),(87,511)]	17.135487
925	[(1,1034),(11,2077),(20,2087)]	17.790114
926	[(12,2773),(33,123),(59,1706),(79,3419),(82,3240),(87,2567),(92,2100)]	17.754672
927	[(7,538),(25,179),(26,2007)]	17.075852
928	[(48,1489),(60,878),(65,2289)]	17.722584
929	[(0,467),(59,537),(60,901),(73,1222),(74,2988),(79,345)]	16.233613
930	[(20,2895),(31,2319),(60,598),(88,1063)]	16.245909
931	[(27,225),(51,524),(74,964),(82,529)]	16.289982
932	[(7,3400),(28,300),(34,2066),(51,1404),(64,2268),(84,2713),(86,1206)]	16.271802
933	[(32,54),(44,3023),(53,2702),(61,2753)]	16.031042
934	[(43,553),(63,1804),(65,104)]	16.354864
935	[(7,1624),(13,2386),(18,1277),(22,1781),(29,1286),(42,1606),(87,834)]	16.660567
936	[(33,230),(41,1548),(75,2275),(76,202)]	16.302276
937	[(14,2224),(30,991),(59,2458),(84,1868)]	17.030648
938	[(13,1272),(46,1107),(48,1960),(63,3231),(67,6)]	16.659187
939	[(10,2268),(11,2053),(26,69),(27,326),(64,1593)]	17.223898
940	[(3,2229),(51,297),(63,840),(83,839)]	17.336654
941	[(3,1834),(35,173),(44,168),(48,1282),(67,2602),(71,770),(72,1414),(87,1158)]	17.426967
942	[(18,189),(22,3442),(28,2462),(31,1903),(39,2222),(76,2166),(83,36),(88,1429)]	17.272102
943	[(1,2758),(9,1468),(31,1542),(45,2611),(67,952)]	18.828076
944	[(1,2135),(25,976)]	16.156272
945	[(16,1570),(59,269),(71,3319),(76,2557)]	16.108337
946	[(2,2194),(38,1180),(59,2709)]	22.232621
947	[(66,1599),(74,179),(88,2161)]	33.996125
948	[(86,3008),(92,1482)]	17.734778
949	[(13,1315),(15,1420),(30,2674),(74,1765),(80,2761),(86,2614)]	16.951673
950	[(9,3262),(36,2453),(74,1210),(89,304),(90,1755)]	16.451518
951	[(16,2052),(37,3415),(80,1409)]	17.113471
952	[(24,2695),(41,1211),(66,595),(74,2564),(78,2996),(86,1657)]	16.747072
953	[(9,3265),(38,539),(48,936)]	16.652404
954	[(23,3081),(77,2618),(82,2727)]	18.074877
955	[(30,790),(42,1381)]	16.612446
956	[(5,1464),(40,1274),(62,447),(70,2810),(78,1895),(82,2207),(92,1154)]	17.709731
957	[(29,2479),(38,67),(47,1193),(59,739),(87,1699)]	16.435915
958	[(1,2499),(25,2158),(88,2399)]	17.569081
959	[(12,168),(24,2060),(30,57),(36,816),(38,2865),(46,1274),(62,2491),(63,2351)]	18.651388
960	[(13,778),(35,3004),(38,1439),(42,1420),(60,1902)]	16.350529
961	[(17,380),(23,2584),(32,2487),(82,3373)]	16.733409
962	[(10,392),(28,3159),(45,2881),(52,2500)]	16.300327
963	[(4,2956),(19,1947),(42,610),(51,3058),(74,2783)]	16.206324
964	[(4,1144),(5,2502),(7,2543),(69,2459)]	17.080909
965	[(28,1255),(65,2498)]	20.335606
966	[(4,2896),(11,3251),(12,943),(45,1787),(55,3054),(61,2219),(76,2406),(81,3144)]	17.202009
967	[(8,2598),(9,134),(56,86),(69,2083),(78,290),(79,1893),(83,1180),(84,839)]	16.658933
968	[(43,1997),(44,3111),(46,646),(47,3394),(63,313)]	17.042941
969	[(19,1114),(34,518),(43,2238),(62,2716),(67,259)]	18.148484
970	[(26,3435),(44,3138),(61,2317),(65,1521)]	19.055500
971	[(19,2170),(27,1288),(33,2493),(76,320)]	16.481908
972	[(9,461),(16,1405),(50,726)]	16.072820
973	[(5,807),(9,1952),(15,995),(32,1200),(38,73),(43,3311),(76,2641),(78,2735),(92,1863)]	16.152712
974	[(54,3039),(61,1334)]	16.179902
975	[(2,436),(9,1190),(10,47),(14,265),(29,2500),(35,2840),(87,85),(89,2116)]	16.036952
976	[(74,599),(91,3439)]	16.074140
977	[(15,23),(28,2813),(37,207),(45,3042),(51,2197),(66,861),(81,2785)]	16.096518
978	[(44,2153),(60,1344),(67,1030),(85,597)]	17.175828
979	[(13,64),(24,3005),(33,1972),(84,2409)]	16.503379
980	[(0,2508),(16,161),(25,2018),(30,118),(57,906),(65,2454),(74,621),(76,2382)]	16.639453
981	[(4,1876),(25,2386),(26,2414),(56,1121),(58,302),(73,1355),(74,205),(79,2416),(92,3057)]	18.464483
982	[(1,3166),(29,76),(89,178)]	17.133864
983	[(17,882),(32,180),(35,561),(45,390),(50,1965),(59,2086),(71,2801)]	17.470176
984	[(28,522),(53,2220),(60,1878),(69,1514),(78,373)]	16.595105
985	[(12,1606),(16,3203),(20,82),(25,2028),(48,1137),(79,3229),(81,2096)]	16.814012
986	[(14,2377),(15,2847),(33,1191),(81,51)]	16.935370
987	[(41,479),(86,2823)]	16.106286
988	[(12,151),(78,1374)]	16.010813
989	[(3,1628),(22,1224),(33,1957),(38,1857),(39,2154),(41,264),(63,1609)]	16.518277
990	[(12,1022),(19,1146),(44,2766),(55,1583),(57,2669),(81,413)]	16.329354
991	[(10,352),(39,3405),(47,2975),(76,2335),(80,2277)]	16.203253
992	[(4,2174),(6,425),(9,1773),(26,1434),(65,2421),(82,566)]	15.953000
993	[(41,2977),(62,2309),(74,1517)]	16.346882
994	[(30,1686),(36,3009),(43,2626),(65,61)]	15.873683
995	[(3,2039),(10,468),(15,132),(37,560),(44,2550)]	16.102296
996	[(8,1417),(59,3191)]	16.934215
997	[(59,3290),(72,2699),(80,2847)]	16.426184
998	[(26,1730),(46,1693),(54,3203),(60,3243),(70,1196),(81,836),(88,1042)]	17.390670
999	[(15,2044),(81,53)]	17.340488
