ruleset_index	matches	time_ms
0	[(3,1899),(10,1711),(14,2099),(41,2736),(67,2139),(85,310)]	17.403529
1	[(8,2915),(73,3260),(82,2811),(87,1677)]	17.268982
2	[(1,1020),(6,1392),(37,183),(39,4335),(49,773),(73,925),(83,574),(92,2391)]	17.285048
3	[(34,3574),(58,3282),(61,2890),(82,507),(85,401)]	19.963256
4	[(1,1284),(17,500),(35,1311),(45,3593),(53,520),(86,942)]	20.173771
5	[(8,3750),(9,1442),(17,3838),(19,242),(21,2831),(27,3655),(38,1901),(40,1111),(46,607),(54,162),(82,3684)]	20.646017
6	[(6,4212),(23,908),(27,517),(58,721),(72,1816)]	19.795311
7	[(11,3617),(29,62),(62,2911),(68,3878)]	20.807790
8	[(3,1390),(33,935),(35,1235),(43,1075),(44,2785),(86,369),(89,598)]	19.003945
9	[(8,3019),(9,2478),(40,3575),(47,2729),(52,1678),(63,1342)]	21.836726
10	[(2,1028),(41,936),(42,2752),(55,447),(56,761),(65,3808),(73,1011)]	18.800748
11	[(3,3996),(15,2860),(27,1479),(31,3067),(36,4045),(57,1846),(62,2806),(91,4272)]	17.810360
12	[(18,1661),(23,355),(25,2947),(30,1085),(49,740),(50,1341),(56,3260),(64,4258),(85,3624),(91,3061)]	19.512352
13	[(16,588),(57,1887),(65,1377),(76,4009),(77,2594),(79,4253)]	18.286565
14	[(21,893),(82,2069)]	18.455124
15	[(10,3892),(32,3128),(36,3557),(47,1337),(58,1672),(92,2760)]	40.281797
16	[(15,2467),(32,3865),(49,1089),(57,2096)]	20.603245
17	[(11,692),(21,3737),(34,732),(35,3676),(42,3037),(78,3265),(82,136)]	17.617680
18	[(40,1713),(69,3141),(73,2897),(87,4384),(88,4104)]	21.680829
19	[(1,3859),(5,2088),(9,706),(10,503),(79,314),(92,4218)]	18.381164
20	[(6,749),(7,876),(20,4156),(32,3354),(39,1011),(44,2507),(73,1173),(91,2524)]	18.325288
21	[(9,4058),(10,1821),(14,2688),(19,3780),(33,543),(41,1161),(51,3571),(61,3464),(62,4088),(63,2440),(67,1500),(69,2513),(79,17)]	17.387911
22	[(12,2915),(27,2991),(32,2675),(42,2632),(69,1421),(72,481),(86,4190)]	17.482011
23	[(0,4126),(13,2703),(22,1102),(47,4094),(73,3405),(92,3910)]	17.589951
24	[(4,2312),(14,561),(34,3620),(49,1116),(77,1302),(80,2291)]	18.148296
25	[(2,2132),(24,525),(37,1620),(44,3808),(52,1132),(66,1182),(85,2550),(86,972)]	17.535751
26	[(6,2960),(9,2415),(19,414),(23,3915),(25,1033),(28,4070),(52,4275),(62,2759),(79,1319)]	27.522038
27	[(7,2271),(8,1709),(30,3438),(65,323)]	36.590969
28	[(3,4369),(4,1788),(16,3038),(17,3433),(18,2345),(46,1769),(62,2880),(73,278),(84,1499),(91,3889)]	37.539697
29	[(0,3774),(12,1573),(41,4358),(48,2048),(67,1108),(78,1857),(80,1945)]	36.589460
30	[(0,3681),(2,733),(50,3728),(51,2256),(69,450)]	37.969701
31	[(3,222),(17,2544),(20,203),(22,4065),(30,1551),(51,1420),(78,1470),(79,3447),(82,3338)]	34.488535
32	[(8,4299),(20,539),(26,780),(27,2999),(79,3792)]	34.056100
33	[(7,1784),(18,124),(83,16),(91,3992)]	34.330701
34	[(6,4273),(66,3376)]	39.819831
35	[(10,2690),(11,2374),(26,2062),(31,2180),(48,2774),(68,2313),(71,4304),(86,2480)]	35.458961
36	[(26,2732),(30,940),(50,464),(56,2590),(62,2613)]	34.892596
37	[(9,449),(25,2101),(57,1095),(69,2062)]	34.610241
38	[(9,3731),(39,1842),(75,2900),(79,4033),(86,1)]	36.059233
39	[(7,2437),(25,1434),(30,518),(49,2515),(61,2133),(65,2366)]	34.902973
40	[(65,942)]	35.055585
41	[(0,1353),(15,3083),(16,4188),(43,3300),(51,4385),(59,2094),(66,443),(71,2626)]	35.732945
42	[(6,81),(62,1916),(84,353),(92,1275)]	34.860197
43	[(5,3874),(19,827),(29,919),(31,1926),(39,418),(41,1758),(57,316),(66,4152),(77,3657),(84,2332),(90,895)]	35.702854
44	[(23,665),(31,3986),(33,1928),(37,3003),(47,3109),(68,924),(82,1786),(88,2743)]	35.000537
45	[(6,577),(22,1010),(23,815),(25,107),(35,3497),(45,2734),(52,948),(83,4403)]	35.158979
46	[(3,431),(19,1185),(31,659),(41,2066),(43,3133),(81,913)]	34.772466
47	[(8,4108),(10,3026),(55,761),(65,3251),(66,2451)]	35.488705
48	[(4,3348),(7,1337),(11,2221),(16,4102),(27,1264),(32,3696),(40,1796),(47,1641),(51,2743),(70,3167),(79,606)]	38.579916
49	[(3,1893),(7,3545),(31,3879),(63,928),(66,313),(83,937),(91,1106),(92,3343)]	46.330557
50	[(43,3176),(79,2028),(80,1426),(82,389),(83,2744)]	53.137870
51	[(14,3956),(16,2226),(21,318),(28,30),(44,3838),(86,1920)]	32.525009
52	[(7,3708),(9,2254),(22,799),(34,2894),(39,3826),(51,3627),(65,4087)]	33.524814
53	[(49,966),(54,3716)]	34.872787
54	[(12,3691),(15,3289),(19,3631),(60,1994),(87,1644)]	34.902973
55	[(1,2371),(4,237),(13,83),(49,2758),(65,936),(83,2015)]	35.776473
56	[(7,1026),(28,2176),(46,1432),(63,2124),(74,2468),(90,1320)]	33.635823
57	[(12,1063),(21,2363),(49,4293),(62,209),(70,1249),(72,3419),(78,2648)]	41.404402
58	[(8,2705),(15,1980),(19,1258),(30,1042),(35,3711),(43,2947),(63,4302)]	35.071827
59	[(26,2305),(89,80)]	34.903408
60	[(1,4192),(7,2062),(23,4046),(35,4175)]	35.124151
61	[(6,2349),(11,1208),(41,484),(45,3801),(53,1612),(60,2163),(74,3742),(76,3456),(79,3155),(82,1139),(88,1016),(90,2438)]	34.198923
62	[(3,1849),(31,3685),(51,1006)]	34.291515
63	[(6,1846),(38,3977),(63,2970),(67,3252),(70,578),(75,974),(78,2275)]	33.650173
64	[(20,284),(24,314),(25,781),(29,1372),(56,2353),(63,1358),(74,1328)]	33.346957
65	[(10,4240),(33,31),(34,719),(45,68),(46,617),(48,2028),(49,1426),(53,1542),(59,2787),(81,1269)]	38.000828
66	[(27,3941),(74,1805)]	33.573307
67	[(66,833),(89,1935),(92,2926)]	37.459042
68	[(3,2053),(17,1917),(25,2253),(35,3757),(39,2984),(52,1182),(55,2500),(70,864)]	35.823039
69	[(3,514),(12,1338),(27,3857),(29,1045),(41,3868),(52,2310),(76,2215),(79,339),(81,171),(83,838),(91,2051)]	35.718810
70	[(8,1031),(15,3941),(18,3846),(55,509),(56,1115),(72,3808),(74,1851)]	35.365170
71	[(19,3808),(26,1504),(37,1840),(49,329),(54,1662),(63,2491),(84,3991)]	35.768686
72	[(25,2693),(38,2472),(42,1540),(51,3654),(60,297),(71,3663),(76,3647),(79,667),(90,1525)]	36.412682
73	[(3,3640),(15,1591),(21,3919),(28,2216),(90,2047)]	37.052126
74	[(3,3351),(32,2186),(42,1148),(72,1074),(80,2220),(85,2522)]	36.431105
75	[(13,3721),(41,3952),(50,769),(57,1364),(71,2250)]	39.947878
76	[(4,3519),(6,2979),(8,2172),(9,1960),(19,2827),(62,3695),(75,3931),(79,2519),(89,2205)]	36.324700
77	[(13,423),(63,3597),(67,1599)]	36.904021
78	[(0,3541),(15,4349),(16,739),(37,3052),(58,1601),(66,2897),(77,3811),(78,4388)]	35.557284
79	[(0,4286),(21,2064),(39,4380),(56,3275),(62,322),(81,1557)]	48.100987
80	[(5,1952),(11,919),(13,1926),(31,918),(39,4093),(56,591),(58,1434),(78,2797),(83,1885)]	38.140148
81	[(11,455),(18,1703),(19,805),(64,1781),(72,3684),(80,1035),(91,2995)]	38.039721
82	[(0,1879),(13,3906),(58,3676),(60,3687),(63,262),(69,3827),(76,731),(78,3617)]	36.983662
83	[(0,188),(4,3060),(5,2777),(26,1791),(41,2675),(53,2901),(57,737),(63,2756),(67,1036),(73,257),(78,1278)]	35.231194
84	[(27,2431),(32,139),(51,3720),(71,1525),(74,1704),(84,2747),(86,669),(92,4196)]	36.716832
85	[(1,3749),(15,1558),(44,3426),(64,2122),(67,371),(71,614),(80,378),(91,402)]	36.061930
86	[(0,2894),(23,3849),(28,3557),(38,3353),(56,3136),(62,316),(84,203)]	35.298149
87	[(64,919),(82,364),(83,2528),(91,2687)]	36.107003
88	[(1,254),(36,2430),(47,1467),(58,3585),(62,3217),(86,753),(87,800),(92,2909)]	34.915837
89	[(18,566),(24,4080),(30,2307),(48,3908),(60,2761),(68,3643),(78,1021)]	38.103051
90	[(7,1447),(36,449),(37,3799),(39,3323),(70,1051),(72,4377)]	35.176641
91	[(8,3333),(27,2180),(38,3109),(47,2852),(87,2205)]	34.712959
92	[(14,3482),(18,2503),(29,120),(56,1705),(57,2509),(85,691)]	34.971846
93	[(1,1020),(18,1861),(23,4089),(32,4306),(40,4149),(52,542)]	34.954552
94	[(7,618),(23,2616),(43,135),(68,2627),(73,26)]	34.599688
95	[(15,917),(16,638),(42,3855),(71,2917),(72,3812),(73,3802)]	34.131062
96	[(17,4391),(38,2924),(54,1730),(65,3726),(87,3908)]	34.769298
97	[(3,1561),(41,1966),(81,3224)]	35.212979
98	[(0,4241),(9,4085),(15,895),(40,3001),(47,265),(54,1801),(81,2301)]	35.580774
99	[(10,615),(13,1230),(23,2831),(66,2544),(67,4060),(90,3252)]	33.697251
100	[(3,2676),(19,3604),(24,3676),(37,4216),(55,2769),(64,3020),(69,4109),(79,1270)]	35.162582
101	[(4,744),(22,3961),(33,3329),(55,1960)]	34.429482
102	[(3,688),(27,1461),(32,3121),(36,881),(82,854)]	35.015794
103	[(5,2784),(6,489),(14,801),(17,4066),(18,1250),(48,2142),(66,1579)]	40.433251
104	[(14,3688),(20,1781),(30,4326),(55,3713),(62,3844),(71,3120),(74,320),(80,46),(86,990)]	34.467941
105	[(17,3290),(39,1291),(44,1075),(48,1807),(64,2017),(78,110)]	41.924992
106	[(20,1554),(65,3501),(88,2667)]	35.090732
107	[(3,3373),(16,1271),(18,3154),(58,2285),(66,2028),(67,1426),(84,176)]	33.964379
108	[(33,2598),(49,1540),(76,1999)]	35.195015
109	[(10,3851),(26,2563),(55,3341),(59,25),(82,186),(92,4249)]	43.915911
110	[(9,4277),(13,2227),(24,4025),(29,2168),(41,1506),(58,3129),(90,2941),(91,2266)]	40.422644
111	[(3,1473),(16,2666),(31,517),(44,4178),(63,341),(81,3671)]	38.174906
112	[(49,3515),(74,1414),(80,1563)]	35.220409
113	[(12,2791),(23,1674),(25,133),(92,3512)]	33.521312
114	[(14,3764),(19,3591),(26,2470),(28,1086),(30,2215),(32,882),(66,3899)]	39.647003
115	[(8,3298),(24,457),(25,286),(44,2989),(56,2526),(77,3065),(89,1504)]	40.695904
116	[(2,2113),(22,213),(24,2184),(31,1860),(43,945),(47,1477),(65,4105),(74,718)]	35.919051
117	[(7,3895),(32,3514),(37,3638),(81,3262)]	35.760339
118	[(36,803),(55,1983),(62,2101),(81,1316),(83,3741)]	36.267281
119	[(0,2774),(10,3671),(20,1613),(23,3853),(36,1777),(41,1797),(52,3287),(53,1489),(71,3189),(90,598)]	33.905664
120	[(5,1708),(7,3923),(10,2388),(17,1473),(27,225),(48,319),(57,2122),(60,371),(84,1616),(88,3433)]	33.913040
121	[(2,1124),(27,993),(70,1051),(87,3508)]	36.275079
122	[(13,2954),(23,1287),(29,1985),(67,2891),(79,3306),(89,3292)]	36.328539
123	[(28,2798),(37,3757),(76,3920),(77,253),(81,718)]	39.428254
124	[(2,2570),(9,4309),(28,2583),(30,2898),(35,1778),(36,3420),(44,544),(53,1096),(63,2334),(67,2899),(78,3373)]	35.863591
125	[(12,3373),(28,783),(31,1812),(73,437),(74,742),(76,1323)]	34.319497
126	[(4,675),(18,1450),(64,1307),(71,4273),(80,425)]	35.317956
127	[(3,2905),(24,485),(36,3304),(38,3210),(44,1748),(55,3559),(62,3599),(76,875)]	36.270617
128	[(14,716),(35,2928)]	36.627778
129	[(1,2610),(10,3272),(11,594),(16,726),(26,711),(55,28),(65,1264),(87,2829),(90,1608)]	36.528720
130	[(22,3721),(43,718),(58,1783)]	39.364578
131	[(16,2882),(34,812),(66,1109),(75,3845),(86,2003),(90,4395)]	37.972192
132	[(5,2178),(13,49),(15,69),(21,4230),(38,2959),(39,565)]	36.394704
133	[(0,701),(4,3700),(5,829),(48,869),(66,4201),(75,2153),(81,1389),(84,3661),(87,3212)]	38.774958
134	[(3,3616),(15,239),(39,1336),(42,599),(43,4392),(50,97),(63,2310),(74,1267),(84,553)]	36.558267
135	[(25,2361),(39,133),(42,1127),(62,2222),(66,1740),(84,1679),(90,1024)]	36.304647
136	[(51,2209),(78,921)]	37.013291
137	[(0,2450),(41,2021),(64,1852),(68,754)]	36.344869
138	[(2,3961),(11,3603),(21,832),(58,4114),(70,780),(78,662),(85,1289)]	34.276149
139	[(0,958),(1,2907),(21,1147),(25,1029),(29,3259),(44,2063),(46,177),(47,2299),(74,632)]	34.852433
140	[(0,1522),(6,1204),(19,1135),(26,426),(44,605),(58,1490),(64,2466),(73,2206)]	20.211181
141	[(10,890),(14,2496),(21,1378),(55,1488),(56,1844),(72,3184)]	17.273437
142	[(20,21),(24,1027),(54,3087),(67,2475),(74,4176),(85,4171)]	23.565296
143	[(9,2438),(47,507),(51,1692),(70,2800),(84,3565),(85,958),(89,3043)]	17.752940
144	[(16,1211),(20,2284),(39,2610),(55,3469),(59,1033),(69,852),(70,1784),(74,4201),(78,1902),(87,3024)]	17.462554
145	[(1,1564),(40,1492),(41,1079),(42,1937),(57,1521),(68,2379),(85,1091)]	17.522084
146	[(24,272),(38,3813),(39,2985),(48,2539),(55,315),(59,4000),(65,2886),(68,850),(70,671),(91,84)]	17.724845
147	[(26,4111),(29,3407),(56,2195),(64,3815)]	18.219139
148	[(11,3899),(18,4329),(61,2376),(71,401),(84,2978)]	17.229965
149	[(2,4310),(27,3510),(31,4373),(39,3459),(55,2763),(71,745),(79,1119)]	19.862015
150	[(62,37),(68,4371),(82,4107),(88,2964)]	17.898718
151	[(0,4071),(14,3149),(18,1763),(44,4348),(57,722),(77,880)]	17.485261
152	[(23,2843),(30,1710),(38,2383),(49,2379),(68,4000),(80,362)]	17.509290
153	[(1,3484),(5,2794),(17,3833),(26,2215),(30,2086),(66,1678),(89,1844),(92,453)]	17.435647
154	[(13,1264),(34,650),(43,1087),(46,647),(71,1192)]	18.171130
155	[(5,2339),(28,1163),(38,3088),(41,3534),(47,102),(50,1751),(58,704),(59,4121),(75,4318)]	17.422205
156	[(2,1747),(22,1866),(35,541),(48,3172),(51,1707),(84,748)]	17.753859
157	[(5,3353),(12,616),(43,3796),(51,1595)]	17.447595
158	[(7,534),(17,3448),(35,242),(47,4289),(58,439),(63,2806),(84,1949),(86,1343)]	17.504981
159	[(18,3883),(21,2586),(29,1198),(30,1447),(37,928),(43,3484),(61,2840),(62,1466),(65,3340)]	17.141413
160	[(17,1903),(23,410),(37,2578),(72,208),(78,3473),(81,2695)]	17.818684
161	[(27,2613),(41,1777),(87,3212)]	17.720222
162	[(7,4095),(11,2347),(24,2737),(30,1843),(51,4199),(61,1891),(75,2949),(87,4234),(89,4181)]	18.992133
163	[(1,1371),(7,478),(35,2722),(46,115),(66,3625),(90,2137)]	17.445916
164	[(7,2576),(51,3644),(56,804),(60,3345),(92,3153)]	17.588468
165	[(0,3042),(30,3474),(36,4357),(45,1776),(48,1233),(52,3870),(58,4376),(68,2563),(81,3135),(91,2742)]	17.682430
166	[(26,1880),(56,1226),(60,3314)]	17.752847
167	[(4,4213),(18,949),(30,3763),(37,2804),(65,2460),(68,4326),(70,604),(91,1817)]	17.160506
168	[(25,1215),(30,3293),(33,1350),(41,739),(46,1226),(63,1302),(74,2357)]	17.402977
169	[(10,1671),(17,3806),(19,3006),(22,4350),(35,1122),(38,2704),(47,3814),(73,19),(83,2566),(87,4322)]	17.607174
170	[(0,3045),(33,2598),(39,788),(59,647)]	17.658470
171	[(9,910),(22,3249),(50,1263),(64,208)]	17.403164
172	[(20,3375),(26,703),(35,2400),(48,3369)]	17.759163
173	[(12,4319),(60,3467),(68,3288),(91,2433)]	17.293710
174	[(5,2979),(24,1471)]	28.499541
175	[(0,3006),(8,4074),(40,4020),(43,2663),(49,1557),(76,1209),(77,334)]	28.585414
176	[(2,2411),(14,654),(18,3793),(25,1930),(43,4324),(51,621),(66,4361),(70,2110),(79,717),(83,1328),(92,1705)]	20.032124
177	[(12,596),(15,76),(21,2820),(38,437),(40,3150),(43,2550),(44,180),(49,3089),(54,1193),(64,3839),(89,814)]	17.164434
178	[(0,1583),(21,2328),(41,1010),(67,915),(82,3142)]	18.191036
179	[(0,1862),(9,2813),(19,321),(33,2773),(82,1822),(90,4175)]	19.847575
180	[(8,3334),(20,2558),(54,2163),(56,1871),(73,36),(91,2550)]	17.682221
181	[(18,3810),(33,1596),(41,1),(72,3223)]	20.635481
182	[(12,3396),(66,3924)]	22.644809
183	[(13,345),(36,1587),(70,2471),(83,79),(87,2169),(89,1167),(92,317)]	20.913945
184	[(3,1448),(21,993),(24,3472),(71,856),(80,1103)]	17.715377
185	[(19,883),(64,3901),(70,1127),(72,2763)]	17.517630
186	[(20,4342),(29,2348),(63,577),(85,1649),(91,852),(92,1784)]	17.765927
187	[(6,4101),(16,2510),(44,164),(81,197)]	17.460033
188	[(18,3005),(20,740),(23,3827),(49,3246),(66,3426),(69,1050),(71,1877),(80,571)]	17.323265
189	[(1,1176),(27,3371),(54,406),(55,463),(62,2403),(74,420)]	17.575027
190	[(5,3503),(13,2853),(18,474),(46,282),(76,3128)]	17.115186
191	[(17,2906),(56,4116),(70,2352)]	33.420017
192	[(4,2206),(7,2763),(20,1614),(22,2199),(23,3877),(32,296),(45,2783),(48,932),(78,3164),(86,3627)]	50.110239
193	[(37,2402),(63,2209),(75,3479)]	31.292063
194	[(1,995),(25,3529),(40,3955),(43,2618),(46,1476),(53,4014),(77,3952),(81,2684)]	17.344854
195	[(4,3817),(17,2459),(26,1427),(27,781),(38,3133),(69,8)]	17.180014
196	[(32,375),(42,2288),(44,442),(47,4108),(66,1933),(73,150),(86,2425),(88,3236)]	17.993717
197	[(11,1542),(13,1537),(15,286),(20,1491),(28,2113),(33,3400),(56,1939),(76,4158),(86,1100)]	17.304773
198	[(2,351),(31,569),(38,2094),(76,1025),(78,1669),(82,734),(92,2069)]	18.200945
199	[(23,79),(33,104),(40,3138),(44,394),(60,689),(67,2794),(82,124),(87,1102)]	17.467873
200	[(2,4320),(30,3958),(41,495),(67,1058)]	29.254768
201	[(4,1675),(17,470),(32,2496),(45,249),(51,3096),(58,2103),(83,2884)]	17.442948
202	[(17,1375),(19,484),(49,66),(52,887),(53,3888),(70,47),(83,3942)]	17.795845
203	[(37,477),(40,3434),(41,2474),(46,1701),(75,4348)]	17.324841
204	[(1,1908),(13,2556),(29,426),(74,2546)]	17.571869
205	[(5,2930),(39,4332),(55,979),(72,2105)]	17.208816
206	[(25,4196),(50,2949)]	17.232568
207	[(7,2608),(12,1467),(15,4261),(21,4227),(29,165),(36,3596),(43,4251),(55,1540),(73,1430),(74,1149),(75,1205),(89,3743),(90,3643)]	17.696304
208	[(16,392),(36,2886),(43,3000),(46,2674),(50,3126),(53,2300),(90,2472),(91,4319),(92,3723)]	24.035736
209	[(9,1796),(40,1001),(48,633),(53,1692),(86,3068)]	39.274252
210	[(3,1362),(13,573),(43,1696),(54,192),(61,1370),(69,1404),(75,1499),(81,724),(91,1456)]	38.311378
211	[(26,4099),(66,3588),(67,1920),(81,1949)]	38.600032
212	[(19,2508),(33,670),(57,3737),(65,2912),(69,3034),(71,2667),(81,2314)]	38.367357
213	[(13,893),(69,3585),(71,674),(91,723)]	25.285755
214	[(37,2187),(42,3517),(46,1160),(50,266),(53,1733),(79,698),(83,12),(86,4073),(92,2891)]	17.451567
215	[(71,3445),(86,575)]	17.512653
216	[(11,891),(31,456),(54,2618),(65,726)]	18.624778
217	[(19,4402),(24,441),(25,2458),(49,3650),(55,2012),(59,4116),(78,1209),(82,3138)]	20.233030
218	[(12,2737),(15,3768),(38,442),(39,4023),(52,3060),(79,4085)]	17.740868
219	[(0,3834),(12,3818),(15,217),(83,1481),(86,294)]	20.483478
220	[(20,298),(21,2989),(37,4013),(40,2641),(70,3348),(78,2748),(90,167),(91,2859)]	23.719968
221	[(5,2048),(53,3446),(63,33),(64,2514),(89,1023)]	20.520604
222	[(0,4376),(26,4351),(36,4103),(41,2822),(49,446),(51,2412),(53,1481),(69,2061),(78,3666),(79,275),(82,3894)]	17.796331
223	[]	18.321448
224	[(10,2470),(19,4201),(28,3575),(40,4280),(80,679)]	18.302171
225	[(1,1214),(24,256),(31,2779),(46,631),(56,488),(64,840)]	17.709137
226	[(3,3328),(6,1140),(12,3153),(65,461),(76,3142),(78,3428),(85,3797)]	20.086655
227	[(15,249),(43,1488),(47,1572),(52,2209),(55,979),(75,1373),(79,3361)]	18.459181
228	[(7,2654),(15,3370),(22,3011),(63,210),(72,3780)]	18.113759
229	[(10,4268),(25,3336),(59,2347),(76,3268),(82,4274),(86,1211)]	17.634618
230	[(11,3412),(30,3959),(48,1531),(49,4182),(55,1943),(59,2732),(72,1764)]	20.401921
231	[(0,2472),(1,4319),(2,3723),(5,1321),(10,1888),(13,3488),(14,4362),(19,4283),(46,2433),(56,515),(58,626),(60,3025),(73,1938)]	18.814684
232	[(17,2215),(46,3010),(56,1094),(83,4370),(84,1668)]	18.222175
233	[(62,3295),(63,3377),(64,2819),(67,1264),(74,3499),(85,175)]	18.305756
234	[(11,262),(12,2149),(24,539),(47,3397),(64,3248),(79,1582),(86,58),(90,2396)]	17.232818
235	[(22,877),(34,1116),(36,911),(56,1906),(76,1344),(81,2331)]	18.372520
236	[(0,4300),(10,4008),(15,3715),(24,279),(37,1848),(67,3314),(75,3251),(76,2451),(89,2143),(92,4071)]	17.510901
237	[(23,1635),(34,4165),(42,3639),(44,2940),(50,890),(54,1616),(62,3404),(66,3184),(69,1293)]	17.801595
238	[(3,3743),(4,3643),(23,4171),(29,2280),(38,1482),(47,1374),(59,1652),(81,2467)]	17.935735
239	[(8,2980),(19,3200),(39,2897),(43,4328),(51,3811),(52,35),(58,3765),(60,386),(68,3140),(75,538),(77,1772),(90,3197)]	17.478154
240	[(19,2233),(32,3992),(36,1000),(55,1935),(62,652),(67,2365),(90,481)]	17.390989
241	[(4,409),(6,4027),(25,2270),(55,3549),(62,1387),(79,4354),(92,532)]	17.712011
242	[(28,3993),(39,1843),(48,1837),(58,2709),(60,2140),(78,1732)]	27.891060
243	[(11,337),(25,797),(51,2353)]	28.536349
244	[(21,2840),(22,3343),(59,256),(65,1867),(82,2838),(90,1887)]	17.572954
245	[(3,4181),(6,1542),(8,1537),(21,4274),(40,152),(48,57),(66,934),(72,3537)]	17.555600
246	[(3,4163),(15,1540),(38,3004),(54,1875),(63,1393),(68,2640),(77,1540),(79,285),(82,2003),(87,2203),(92,3305)]	17.875875
247	[(0,3968),(14,4071),(20,2548),(30,1571),(43,1672),(50,116),(75,3848),(79,2862),(88,2015)]	17.390785
248	[(26,2738),(29,3477),(32,599),(40,4367),(42,1338),(44,3356),(75,1111),(81,2630)]	19.443586
249	[(0,108),(30,1545),(35,1646),(57,2980),(66,1559)]	17.891663
250	[(6,4276),(79,1835),(86,2194),(89,3820)]	17.170880
251	[(25,3739),(32,1712),(35,410),(40,3579),(46,92),(65,35),(68,4047),(91,3389)]	17.359805
252	[(17,1937),(22,2152),(24,3507),(45,2820),(71,2091)]	17.332601
253	[(0,487),(2,2264),(6,2902),(21,502),(25,3461),(30,1006),(51,2177),(72,4112)]	17.781286
254	[(2,3295),(7,956),(8,1496),(53,1840),(55,2907),(87,2613)]	17.592104
255	[(54,1818),(59,357),(83,3032),(88,4318)]	17.168370
256	[(9,2432),(50,583),(70,2038)]	17.316362
257	[(5,591),(7,3994),(13,2146),(18,3531),(28,245),(29,3855),(42,2189),(85,1552),(86,1450)]	17.722090
258	[(20,2134),(35,2555),(44,3678),(53,3168),(78,1552)]	17.233294
259	[(12,2485),(27,3003),(41,3895),(52,3386)]	17.485570
260	[(9,1411),(11,1844),(20,1462),(22,2459),(59,549),(91,3061)]	17.509296
261	[(9,2836),(19,3047),(20,1203),(37,3252),(59,2003),(64,4301)]	17.264214
262	[(72,390),(74,3357)]	17.479742
263	[(0,4255),(8,587),(29,252),(43,442),(67,3766),(68,238),(83,4259),(85,1425),(88,1436),(92,3239)]	17.148885
264	[(9,2816),(20,3551),(47,3444),(66,1158),(69,2582),(74,3632)]	17.588460
265	[(2,2420),(6,3753),(7,3882),(14,3433),(15,2345),(20,2830),(23,553),(47,1470),(78,1334)]	17.368110
266	[(0,3232),(3,384),(24,1346),(32,1510),(68,3285),(74,3443),(77,3700),(82,1219)]	17.750630
267	[(1,1746),(29,2367),(40,2714),(46,4131),(53,3438),(71,288)]	18.064411
268	[(11,3251),(36,1612),(42,1604),(56,1840),(63,1098),(83,2868),(85,235)]	17.429980
269	[(25,3087),(30,3016),(43,1249),(52,2571),(73,631),(79,162),(80,342)]	17.548096
270	[(9,1142),(39,1731),(42,197),(46,1497),(54,1365),(61,2693),(68,3148),(85,648),(87,4390)]	17.768973
271	[(1,4227),(2,580),(30,4110),(49,317),(53,1400),(74,2545),(80,1658)]	18.536327
272	[(4,1157),(34,2022),(50,1216),(60,4049),(73,1222),(79,1021),(84,2776)]	17.308965
273	[(6,4401),(10,2041),(20,134),(35,1804),(37,1985),(47,2747),(77,436),(82,2563),(91,2485)]	18.774463
274	[(6,3125),(27,3230),(61,3448),(85,3754),(86,3928)]	19.281730
275	[(5,3672),(7,3496),(22,636),(27,1623),(70,3072)]	23.048519
276	[(8,340),(16,689),(41,4257)]	18.366196
277	[(10,4013),(17,1548),(40,1400),(56,321),(69,3007),(74,2031),(80,1429)]	17.850367
278	[(10,545),(16,3465),(36,2142),(43,2823),(49,2091),(75,1292),(79,2647)]	17.909872
279	[(9,3122),(14,4402),(33,4125),(39,1099),(43,2877),(84,2340)]	18.461222
280	[(1,1796),(22,4306),(28,2339),(29,409),(54,1783),(66,3463),(85,170)]	17.306100
281	[(8,782),(17,4196),(19,2244),(25,557),(40,4395),(63,3657),(71,4147)]	20.608718
282	[(16,2161),(20,3009),(30,1140),(55,733),(91,1044),(92,2488)]	17.553336
283	[(39,3914),(65,2830),(67,2141),(87,509),(88,1388)]	17.548949
284	[(29,864),(74,2312)]	18.073286
285	[(28,2814),(33,1775)]	17.609410
286	[(43,4252)]	17.447597
287	[(16,3802),(36,1848),(44,16),(48,1467),(54,2432),(56,2812),(59,3250),(60,2100)]	17.296223
288	[(31,2679),(53,2488),(88,342)]	17.367316
289	[(20,1473),(25,2031),(39,3312),(49,4335),(72,4305),(81,1321),(82,188),(86,2705)]	17.476898
290	[(19,985),(26,1974),(67,807),(76,4008),(88,1470),(89,3447)]	17.424231
291	[(30,2718),(37,1032),(43,1565),(68,1973),(80,3869),(89,1123)]	17.270637
292	[(3,1180),(24,2237),(41,3808),(56,2931),(67,3611),(73,2248),(87,3528)]	17.541855
293	[(0,2390),(8,1669),(21,3411),(24,2852),(36,1753),(90,970)]	17.164159
294	[(17,1575),(26,3934),(34,2939),(37,2002),(46,2442),(91,515)]	17.374522
295	[(13,9),(60,1279),(74,39),(88,4109)]	18.062361
296	[(5,191),(37,624),(63,978),(64,8),(74,3886)]	19.199901
297	[(0,1147),(3,543),(13,1100),(21,3289),(49,3849),(50,1126),(64,3934),(73,4400),(84,1670)]	18.287163
298	[(1,3989),(29,2588),(56,3671),(60,4329),(67,2828),(73,619)]	18.309794
299	[(2,1580),(6,3363),(24,3529),(26,2449),(35,736),(53,3007),(66,2989),(78,3749),(88,3752),(92,1954)]	29.207195
300	[(4,373),(20,798),(39,1175),(68,3609),(76,1421),(87,928)]	26.092512
301	[(8,1780),(36,3538),(63,2458),(72,721),(84,4150),(90,1739)]	17.804496
302	[(14,2977),(15,1206),(34,3089),(40,1477),(49,3621),(65,3667),(83,2391),(87,2815)]	17.465789
303	[(8,2334),(16,870),(18,70),(22,2138),(57,2522),(70,752),(84,3679)]	20.282671
304	[(4,2078),(14,1839),(26,1081),(27,1506),(29,2024),(43,4311),(91,1902)]	17.453521
305	[(40,1329),(72,1385),(74,1186)]	17.574003
306	[(2,153),(12,2309),(22,972),(26,1614),(33,1363),(71,1736),(76,3464),(77,4088),(82,2396),(83,2916),(91,1023)]	17.955381
307	[(52,2104),(69,206),(80,1480)]	18.297313
308	[(3,1521),(8,4049),(16,4400),(18,444),(35,891),(88,2875)]	17.420268
309	[(1,1996),(3,78),(9,3613),(30,3546)]	17.402233
310	[(0,2090),(2,3291),(12,4325),(18,2471),(40,153),(48,1669),(57,3227),(65,1517),(87,1805)]	18.569568
311	[(8,1098),(24,4191),(32,1936),(33,4121),(48,1994),(67,3111),(71,2900)]	20.135320
312	[(4,2914),(8,761),(17,72),(22,72),(23,506),(37,1134),(58,993)]	22.112597
313	[(12,1195),(17,3323),(24,471),(28,682),(46,3075),(55,1624),(71,1023)]	17.887850
314	[(1,2774),(4,1503),(19,2253),(83,4306),(88,2958)]	17.350156
315	[(21,2102),(37,1221),(38,1825),(44,3218),(55,301),(56,3446),(61,1760),(76,1730)]	17.492225
316	[(21,605),(54,1432),(66,220),(71,189),(89,85)]	18.304622
317	[(4,3480),(14,4264),(39,947),(42,1949),(47,2235),(65,1114),(82,2238),(90,2611)]	17.385880
318	[(30,3048),(48,348),(52,1147),(78,2974),(88,327)]	18.147555
319	[(0,4245),(15,1658),(32,3694),(44,3498),(45,2994),(58,184),(71,2137),(88,3036)]	17.580808
320	[(12,3844),(21,3220),(26,555),(32,967),(40,2489),(44,607),(49,3794),(53,593),(86,2610)]	17.367805
321	[(14,1296),(24,2011),(26,3912),(32,4304),(41,3199),(48,1781),(62,2328),(63,2613),(66,2915),(72,2481)]	17.370367
322	[(27,2281)]	17.286458
323	[(5,1224),(25,3564),(36,3584),(46,2236),(84,1724)]	17.813818
324	[(19,1334),(21,3201),(28,2665)]	18.565771
325	[(67,3416)]	17.815386
326	[(12,1658),(34,136),(45,3268),(70,2406),(71,2178),(72,2720),(80,264),(86,556)]	17.551269
327	[(8,2843),(29,1254),(62,2712),(65,1008),(75,2406),(87,3771)]	18.435334
328	[(23,136),(25,2888),(30,1304),(35,4202),(43,3587),(69,2066),(73,3546),(84,3982)]	19.910866
329	[(3,2768),(15,287),(16,3407),(50,166),(51,2846),(53,879),(57,1335),(63,2651)]	23.991074
330	[(1,803),(5,3488),(26,3081),(32,3808),(42,1015),(58,3980),(67,2448),(88,2288),(90,711)]	17.919778
331	[(10,3268),(23,1581),(51,943)]	17.325913
332	[(6,1019),(16,1432),(30,3611),(36,2728),(38,1945),(47,3340),(59,3118)]	17.970328
333	[(1,2984),(35,1657),(38,2640),(42,3011),(64,842),(69,757),(71,3858),(79,1086)]	19.904198
334	[(7,3282),(19,2039),(22,3334),(43,4289),(75,3203),(85,2504)]	18.027004
335	[(9,3405),(24,49),(33,3551),(34,3294),(76,321)]	20.570357
336	[(36,188),(59,2619),(60,4389),(83,3371)]	18.992385
337	[(1,1754),(3,790),(21,3197),(34,1338),(36,3356),(43,347),(47,3681),(56,4014),(66,4035),(72,1226),(91,285)]	18.382342
338	[(1,4372),(19,1030),(22,1630),(38,3372),(45,955),(56,1345),(70,2322)]	18.650026
339	[(9,2109),(22,2862),(52,138),(59,4195),(60,1611),(79,3728),(80,1800)]	18.304680
340	[(4,1189),(40,460),(76,303)]	17.991092
341	[(2,1715),(10,1316),(11,4119),(25,2109),(29,4261),(34,4075),(75,2541),(90,3034)]	17.502200
342	[(11,1454),(13,4162),(15,4356),(18,4122),(27,692),(38,3766),(51,1193),(59,3412),(72,4261),(79,4271)]	18.340092
343	[(4,1756),(29,1953),(46,3894),(73,3645)]	20.055925
344	[(22,1338),(38,1950),(55,2785),(85,2927)]	18.029484
345	[(3,617),(5,2028),(6,1426),(24,423),(50,1193),(59,1354),(69,2408),(73,2850),(76,627),(78,3005)]	18.677764
346	[(1,760),(45,1282),(50,62),(57,3485)]	17.711275
347	[(50,206)]	17.505584
348	[(7,21),(13,1559),(22,3742),(32,2382),(45,3434),(58,2083),(59,4153),(64,123),(78,1206),(86,1011)]	17.452756
349	[(29,1273),(43,2862),(50,4072),(88,1380)]	20.689751
350	[(46,1778),(47,3420),(57,2211),(76,527),(82,3113),(85,1137)]	20.397234
351	[(1,2166),(6,2786),(38,623),(66,191),(73,1456),(86,4258),(87,1169)]	20.252850
352	[(8,3409),(23,2168),(37,458),(53,1170),(55,4236),(71,1133),(74,1175)]	17.721422
353	[(20,1511),(30,2158),(47,2144),(71,4280),(77,3070),(80,3301)]	17.573698
354	[(7,1967),(14,1645),(37,200),(39,1572),(63,1160),(69,536),(77,2597),(90,2763)]	25.539794
355	[(2,3462),(32,2954),(42,1023),(84,3203),(92,1893)]	28.952226
356	[(11,1616),(21,2749),(24,4275),(43,2900),(50,4311),(52,148),(55,3178),(73,310),(81,2501),(85,672)]	19.208171
357	[(8,619),(24,3068),(28,3138),(39,2659),(47,4015),(62,3395),(81,1911)]	18.289051
358	[(1,3570),(10,3641),(18,2455),(23,4324),(27,2131),(54,3181)]	17.255633
359	[(13,3552),(14,47),(26,1110),(36,2602),(55,866),(59,2790),(75,1343),(91,2814)]	18.439419
360	[(13,4044),(63,3270)]	17.229964
361	[(9,2128),(25,2643),(36,115),(69,4279)]	29.384184
362	[(12,1912),(14,4280),(32,1433),(65,1479),(71,1304),(86,2898),(90,1794)]	31.940637
363	[(20,1409),(35,3466),(47,822),(50,4224),(79,4118),(84,2777),(88,2904)]	18.452211
364	[(24,3416),(26,4243),(35,4085),(63,1209),(73,3453),(81,4000)]	17.197121
365	[(1,608),(11,3234),(23,3982),(33,3476),(52,4007)]	17.372101
366	[(1,1257),(18,1515),(72,4242),(81,1588),(90,2120)]	18.149369
367	[(26,2466),(41,1683),(43,3861),(61,3240)]	17.213131
368	[(18,4115),(68,3060),(81,3846),(90,1445)]	17.429030
369	[(5,2829),(6,346),(27,1848),(45,2528),(54,981),(74,1307),(83,3328),(92,34)]	17.422860
370	[(18,1313),(74,4224),(81,1135)]	17.736976
371	[(1,768),(36,2791),(84,2433)]	17.610471
372	[(16,1362),(87,594)]	18.069176
373	[(7,4196),(15,4131),(23,4251),(50,1156),(53,653)]	17.410716
374	[(7,3261),(32,2960),(59,3347),(61,1938),(78,1740)]	17.333501
375	[(5,3022),(7,580),(44,2281),(64,2576),(73,8),(75,1690),(90,2293)]	17.924935
376	[(5,3153),(24,63),(31,2452),(38,4284),(55,3131),(66,463),(69,943),(90,751)]	17.604671
377	[(29,3480),(39,108),(53,3291),(57,3720),(60,869),(92,3818)]	19.356605
378	[(0,1536),(34,1351),(37,2076),(41,4364),(44,2213),(54,8),(73,2192),(76,1848),(83,2572)]	18.152819
379	[(2,1234),(4,117),(6,4135),(8,1829),(24,26),(34,1750),(38,2446),(42,4201),(47,1100),(56,1068),(91,3552),(92,47)]	17.157343
380	[(0,2774)]	18.674234
381	[(24,2323),(26,2227),(31,178),(35,3922),(47,3191),(60,1943),(89,3207),(92,538)]	23.283574
382	[(21,1814),(37,813),(46,2941),(47,2266),(59,59),(62,1629),(81,2999),(87,765),(89,3745),(90,2680),(92,2605)]	18.146247
383	[(24,436),(37,2658),(42,3663),(58,673),(70,3906),(84,2383),(86,3449),(88,1209),(89,3976),(90,498)]	19.073278
384	[(15,516),(24,3799)]	17.711768
385	[(1,417),(9,771),(15,2117),(31,4292),(39,3932),(46,4086),(54,2127),(55,1416),(79,801)]	18.724052
386	[(0,713),(12,1883),(23,3076),(41,3069),(55,1039),(82,4131),(85,3634)]	17.634395
387	[(8,2573),(11,2977),(12,1206),(17,3549),(43,2517),(49,961)]	17.416586
388	[(1,3183),(13,1733),(22,2610),(30,607),(31,3536),(40,1048),(56,3708),(58,3743),(77,570),(80,823),(84,1777),(88,1820),(89,1695)]	20.666764
389	[(5,4350),(14,242),(26,4374),(29,903),(86,2709),(88,2140)]	17.557249
390	[(2,2235),(61,2047),(81,2550),(82,180),(88,840)]	17.667133
391	[(0,3819),(36,3317),(40,3451),(67,1911),(70,705),(80,597)]	17.809061
392	[(21,2626),(24,1600),(28,4110),(46,3341),(55,3334)]	17.528181
393	[(2,111),(4,1565),(12,2249),(26,3722),(28,4168),(54,1320),(56,3536),(59,166),(60,2846),(66,1846),(84,599),(85,4392)]	18.244344
394	[(38,2409),(65,71),(78,2455),(91,498)]	17.775152
395	[(29,1339),(37,1479),(46,3482),(76,215),(79,3154)]	17.441288
396	[(16,2609),(17,1196),(20,3665),(28,3968),(48,3369)]	17.905477
397	[(4,3977),(9,1508),(19,1822),(24,3121),(26,1148),(56,860),(71,2956),(86,2339)]	17.320567
398	[(29,4326),(53,3883)]	17.552863
399	[(37,1397),(44,248),(59,1446),(67,3395),(77,1950)]	17.756884
400	[(8,1791),(14,2097),(19,785),(25,874),(43,3056)]	18.034146
401	[(5,1482),(11,889),(63,574),(79,3169)]	17.416155
402	[(12,612),(27,1351),(35,2644),(49,2553),(74,4036)]	18.388558
403	[(4,1998),(8,3007),(28,4117),(53,2772),(73,1451),(74,2978),(92,1503)]	20.182927
404	[(8,1507),(15,4125),(20,1),(27,4027),(52,384)]	17.577388
405	[(21,1129),(25,3010),(52,4037),(56,275),(77,1098),(79,2451),(88,3498)]	17.648292
406	[(17,2798),(47,2853),(56,3897),(64,4299),(65,3117),(68,3962)]	17.640564
407	[(1,1510),(4,2611),(33,409),(35,1819),(37,3561),(53,544),(62,4281),(71,4025)]	17.413688
408	[(16,3015),(37,4304),(61,26),(67,4238)]	17.823811
409	[(37,3660),(42,4281),(45,849),(63,2837),(83,1764)]	24.522420
410	[(4,2608),(8,3456),(26,1144),(55,3984),(81,492)]	35.653120
411	[(4,1498),(50,529),(52,2618),(63,3760),(65,2504),(66,409),(76,897)]	17.765756
412	[(6,3423),(7,4277),(10,3716),(30,2894),(47,386),(54,1608),(59,2337),(60,2646),(62,376),(69,954),(74,1619),(75,3451),(79,690),(88,1422)]	17.939198
413	[(7,1124),(20,2054),(88,1811)]	17.979489
414	[(3,4158),(41,2000),(61,623),(65,1509),(67,1840)]	20.026788
415	[(15,143),(53,3014),(54,93),(56,1441),(86,4149)]	19.687232
416	[(27,3570),(31,1622),(41,1537),(51,2748),(52,3158),(57,2125),(59,694),(67,2895),(83,1462),(92,3414)]	17.540813
417	[(13,340),(14,2805),(20,2540),(32,2649),(35,3963),(42,1025),(50,422),(59,793)]	18.196803
418	[(0,2580),(5,122),(7,4143),(54,3389),(68,3775),(72,1389),(77,1962),(80,795),(85,3986),(87,1928)]	17.284374
419	[(13,4089),(26,551),(55,184),(61,4150),(64,3103),(92,1526)]	17.569713
420	[(8,1552),(49,2845),(58,3128),(85,1572)]	17.405038
421	[(24,1274),(44,2740),(49,229),(68,4225),(78,695)]	18.480912
422	[(47,3423),(67,163),(71,3445),(85,1721)]	17.946769
423	[(28,129),(74,3790)]	17.555877
424	[(7,3161),(15,2060),(21,1916),(26,4230),(40,1100),(50,4087),(92,2495)]	17.753909
425	[(15,3259),(32,3407),(56,2858)]	18.441048
426	[(85,2059),(86,3139)]	18.154048
427	[(3,1915),(23,3394),(24,1747),(26,212),(44,3244),(52,531),(53,669),(55,3884),(60,1896)]	17.762568
428	[(13,2652),(29,1242),(52,427),(79,2939),(92,3184)]	18.757784
429	[(3,3989),(7,4279),(27,3753),(35,352),(39,890),(40,669),(51,3917),(79,3582),(91,3726)]	17.674385
430	[(6,1502),(21,4321),(33,3263),(55,1308),(59,3010),(86,3169)]	17.575015
431	[(68,2108),(69,3100),(71,428),(73,3013),(75,4305),(82,2732)]	20.159776
432	[(19,626),(29,4130),(31,3633),(37,4156),(40,4113),(47,4214),(56,958),(79,1683)]	17.690563
433	[(4,1158),(7,1911),(18,753),(19,3132),(59,2800),(65,1420),(90,1942)]	18.950423
434	[(21,4032),(40,3223),(78,2218),(92,3281)]	23.195689
435	[(8,2771),(29,1515),(40,3443),(43,3700),(59,770),(65,896)]	21.092052
436	[(0,3100),(14,3738),(31,2398),(50,917),(51,638),(59,954),(70,3811),(71,35)]	18.378601
437	[(33,2355),(35,1397),(37,166),(38,2846),(44,2693),(53,2565),(62,709),(67,2447),(74,157),(77,1940),(87,1311)]	19.728080
438	[(21,4335),(26,1568),(74,909),(78,2583),(80,192),(89,4089)]	18.589176
439	[(9,2386),(89,1030)]	17.657071
440	[(5,2440),(9,3669),(26,136),(36,341),(51,195),(69,972),(81,3527),(90,1582)]	17.801312
441	[(28,1630),(54,2715),(71,3720),(75,69),(83,907)]	20.580753
442	[(6,2728),(14,4296),(21,3407),(23,1200),(26,2424),(34,988),(35,881),(38,516),(73,1211),(86,4192)]	18.152801
443	[(27,1204),(41,1313),(46,3491),(62,4293),(69,3759),(90,3256)]	20.782090
444	[(70,4340),(73,2731),(87,4185)]	17.628528
445	[(6,2965),(13,1550),(14,2069),(53,3486),(76,561),(77,3363)]	17.503792
446	[(7,2130),(13,1001),(28,525),(48,3501),(60,3271),(75,3278),(77,3493),(79,2845),(91,2677)]	17.501966
447	[]	18.068803
448	[(9,4038),(28,1404),(30,3783),(53,437),(74,3216)]	17.900775
449	[(25,992),(32,27),(54,1048),(88,2804)]	17.818577
450	[(0,3218),(22,3904),(53,561),(77,801)]	17.383565
451	[(1,575),(6,4175),(11,1785),(27,203),(30,136),(38,2756),(40,694),(45,3162),(68,303),(75,1810)]	18.532034
452	[(1,3007),(4,164),(8,3758),(47,1938),(56,3975),(84,1316)]	17.451772
453	[(27,2583),(37,1689),(63,2147),(83,3154),(92,458)]	17.719054
454	[(4,2683),(47,4130),(60,1151),(80,3823),(84,1827)]	17.816024
455	[(0,4225),(3,3406),(4,3957),(13,2462),(16,207),(27,1132),(36,2249),(43,3527),(66,1256)]	17.826516
456	[(2,1656),(8,272),(67,2225),(86,3006),(92,1782)]	17.708406
457	[(29,4203),(44,175),(47,373),(71,2420),(76,589),(80,4308),(92,1816)]	18.173893
458	[(4,440),(22,2880),(26,2925),(28,2320),(65,3888),(83,3980)]	17.815270
459	[(2,1259),(10,3112),(27,2571),(41,1160),(55,2641),(75,852),(87,3720)]	17.648650
460	[(15,3756),(17,1436),(36,2511),(38,671),(50,2969),(51,3966),(52,3235),(67,1410)]	17.671335
461	[(3,3578),(15,481),(16,4161),(26,4132),(31,1147),(39,1828),(43,2210),(71,295)]	18.357005
462	[(3,4161),(17,613),(27,1336),(36,4348),(40,4161),(59,3500),(77,1104),(87,3356)]	17.573017
463	[(14,2528),(29,3172),(35,3626),(57,1680),(82,312),(92,3867)]	17.842192
464	[(24,483),(49,1973),(56,2269),(72,1705),(79,3113)]	20.009027
465	[(3,1570),(21,1283),(36,2676),(42,1384),(45,2151),(48,1013),(50,1502),(58,1629),(66,3243),(68,2108),(69,3100),(81,1079)]	34.778548
466	[(1,1116),(12,535),(15,3304),(55,3634),(70,2444),(73,2616),(76,772),(85,1006)]	20.196085
467	[(1,1409),(24,1488),(28,1278),(34,3548),(43,2545),(47,2890),(51,1890),(71,3937),(74,1910),(78,2266)]	18.018260
468	[(12,2352),(29,1278),(32,1677),(80,1008)]	17.992813
469	[(22,597),(34,4143),(45,3369),(47,2115),(52,2412),(69,2257)]	17.715621
470	[(11,2472),(24,0),(60,995),(70,2784)]	17.474207
471	[(9,221),(16,3229),(48,2166),(53,3156),(54,4191),(67,2278),(73,2909),(90,1229),(91,2511)]	17.350261
472	[(0,1850),(9,1126),(12,4268),(13,1536),(14,4099),(18,327),(22,1366),(23,1331),(29,3273),(30,2171),(37,1698),(47,4118),(58,1143),(66,1770),(72,3887),(88,3119)]	17.541976
473	[(17,3180),(21,3561),(55,2372),(69,2833),(77,922)]	17.383767
474	[(1,2006),(27,1529),(41,4043),(47,2910),(62,1778),(64,4018),(77,1011),(92,1247)]	18.042184
475	[(9,3208),(22,1913),(60,1108),(72,3417),(78,2685),(89,17)]	17.777539
476	[(3,2032),(5,3318),(16,590),(33,1507),(34,2473),(63,3697),(82,422),(84,104)]	17.686427
477	[(2,1999),(12,2079),(35,2161),(37,637),(41,80),(71,2807),(72,2138)]	17.415090
478	[(2,1977),(41,2180),(53,1617),(55,2589),(72,471),(75,4201),(82,3943),(88,2962)]	17.449756
479	[(8,1781),(29,3909),(51,275),(71,1018)]	17.280481
480	[(21,444),(41,1429),(70,2984),(80,4056),(82,2593),(92,30)]	18.047336
481	[(8,1458),(28,232),(49,1021),(62,1316),(63,4119),(81,4239),(90,2328)]	18.064830
482	[(47,1512),(51,1265),(55,1532),(60,4346)]	17.435198
483	[(54,370),(58,3204),(62,1870),(82,2421)]	19.345471
484	[(6,1478),(14,2867),(23,3108),(29,3886),(33,3849),(34,4341),(41,1779),(57,1827)]	17.729471
485	[(4,781),(20,4235),(33,2735),(39,4206),(83,2161)]	18.471379
486	[(30,2348),(42,88),(78,1139),(87,3550)]	17.529416
487	[(0,2637),(3,252),(16,3480),(59,527),(64,2504),(71,2388),(76,2067),(84,2077),(92,2539)]	18.779024
488	[(3,1106),(15,1456),(56,2590),(63,2199),(74,4132),(83,228),(84,3931)]	22.389333
489	[(3,3722),(6,509),(13,1211),(27,3875),(61,550),(65,1166),(82,398)]	21.343415
490	[(3,3588),(4,1451),(11,3583),(25,3911),(35,2364),(55,691),(62,1003),(84,350)]	18.524242
491	[(3,3820),(12,1259),(13,4082),(15,3035),(32,4330),(43,3969),(75,4134),(81,4370)]	17.939241
492	[(30,838),(86,1959),(91,1545)]	18.020409
493	[(14,977),(26,462),(48,3548),(69,2802),(75,3332),(85,2996)]	17.495374
494	[(15,3858),(47,914),(82,4137),(89,3987),(90,1673)]	17.709608
495	[(27,118),(30,1013),(34,2114),(53,3858)]	17.480452
496	[(7,3464),(52,391)]	20.435297
497	[(13,394),(17,996),(26,2211),(29,2651),(40,2839),(87,2161)]	17.392986
498	[(22,2178),(23,2720),(27,3209),(31,757),(33,3858),(57,2095),(61,617),(65,1)]	17.489851
499	[(41,1095),(49,3170),(84,1605)]	17.592570
500	[(6,1759),(34,3826),(38,225),(54,3806),(77,3157),(84,2154)]	18.981161
501	[(4,255),(5,978),(15,450),(21,1490),(26,3279),(36,1389),(40,740),(41,1341),(47,262),(49,3773),(54,1593),(55,2096),(59,4189),(65,641),(80,3606)]	17.575118
502	[(0,1541),(2,3372),(3,555),(7,2293),(23,1238),(87,997)]	17.644656
503	[(5,1100),(6,1979),(25,2418),(88,597)]	21.236215
504	[(14,1538),(58,331),(80,2014),(84,2811)]	17.703995
505	[(7,1029),(20,1482),(23,2470),(28,1658),(32,452),(38,3567),(40,2155),(49,1435),(52,165),(59,4042),(84,1203)]	18.073803
506	[(8,3889),(42,325),(84,333)]	17.670351
507	[(66,1933)]	17.765460
508	[(0,3206),(13,3616),(20,3877),(69,1641),(84,3690)]	17.719297
509	[(23,2332),(24,2654),(30,417),(32,1248),(39,1941),(42,1534),(78,1849)]	17.529266
510	[(1,3049),(3,1592),(16,3767),(47,4158),(65,1213),(67,3157),(82,3609)]	18.244799
511	[(2,2893),(8,701),(11,3182),(15,3939),(43,3919),(47,560),(56,443),(63,1775),(66,4022),(72,1539)]	20.484320
512	[(10,1341),(11,2694),(17,538),(21,258),(28,3847),(32,1389)]	18.880681
513	[(45,3707),(51,1982),(68,1268)]	22.292975
514	[(16,1484),(28,1957),(35,4393),(54,1445),(87,2011)]	18.160225
515	[(0,3546),(2,1105),(9,2809),(12,2393),(21,1543),(53,3215),(70,4184)]	18.238753
516	[(3,1783),(8,2093),(52,3729),(54,916),(74,1689),(79,1975),(92,3642)]	17.476644
517	[(2,3284),(26,3176),(28,4274),(48,2844),(50,1909),(74,3842),(82,900),(85,3501)]	17.609260
518	[(1,742),(28,3553),(39,2913),(53,4366),(59,2767),(66,4011)]	20.169325
519	[(39,2542),(66,2298),(69,2814),(82,1549)]	17.352916
520	[(26,2251),(37,4347),(48,2511),(66,2650),(81,3299),(92,2122)]	22.761066
521	[(9,2610),(44,4192),(49,618),(59,3699),(68,55),(78,4120),(92,3418)]	34.004038
522	[(2,2086),(27,3838),(65,979),(71,2343),(79,1365),(80,4338),(86,538),(87,2566)]	17.985350
523	[(5,1217),(38,2998),(51,2624),(57,3604),(70,636)]	17.603655
524	[(13,1849),(21,1885),(30,1603),(34,1104),(35,862),(72,2977),(90,3831)]	18.644149
525	[(4,672),(13,1155),(48,3069),(76,2318),(83,2514)]	17.573453
526	[(29,3551),(59,170),(60,4010),(87,1564)]	17.890775
527	[(24,3230),(73,20),(75,2814),(82,3197)]	18.155552
528	[(23,1985),(30,826),(37,246),(42,2516),(52,566),(61,520),(71,3715),(73,4385),(76,4306),(91,1504)]	17.324954
529	[(5,3298),(44,2739),(48,4053),(59,1305),(64,1538),(74,4017),(78,431)]	18.175308
530	[(36,224),(49,4237),(55,2503),(69,2927),(80,180),(89,3956)]	17.681974
531	[(13,3646),(18,3342),(44,3307),(62,2269),(74,509),(80,4198)]	18.033591
532	[(4,3702),(33,965),(48,3927),(59,1173),(68,628),(70,1646),(71,3897),(79,3083),(80,4188)]	19.280904
533	[(12,3441),(16,40),(18,4100),(26,1683),(53,3667),(66,1901),(74,2926),(88,2695),(92,540)]	18.075821
534	[(16,496),(19,803),(39,4389),(42,1299),(51,3035),(57,4055),(63,1447),(67,4206),(73,2842),(81,2604),(88,515)]	19.931494
535	[(1,2967),(4,296),(30,1731),(55,844)]	17.642607
536	[(1,3085),(5,3781),(43,297),(51,2663)]	17.963985
537	[(18,3681),(50,3589),(85,4316)]	17.865581
538	[(43,1833),(72,3677)]	21.251988
539	[(63,3211),(64,3850),(67,482)]	18.111236
540	[(4,3014),(17,1123),(42,2246),(47,3743),(54,3408),(64,1816),(74,1931),(78,1628),(83,980),(85,1649)]	17.845917
541	[(3,1831),(8,2533),(77,2224),(86,3257),(87,1483)]	22.179577
542	[(44,4396)]	22.879467
543	[(9,3634),(30,1702),(32,4158),(40,1237),(49,1760),(82,1881)]	18.331626
544	[(2,1836),(8,2122),(28,1092),(41,494),(51,4171),(56,2174),(59,854),(80,326),(81,843),(88,2261)]	18.804962
545	[(0,660),(31,2000),(38,3544),(59,3735),(71,28),(80,2186),(85,4029)]	19.477307
546	[(16,185),(17,1597),(27,1642),(30,1904),(31,4248),(50,818),(67,305),(68,2841),(74,2502)]	18.119294
547	[(3,494),(14,4091),(16,1286),(38,2436),(60,504),(63,12),(64,3134),(67,4072),(81,2937)]	18.316180
548	[(2,1031),(7,1087),(11,1551),(18,212),(30,100),(43,3285),(45,2389),(51,3494)]	18.117099
549	[(27,262),(43,3248),(71,2808)]	20.774928
550	[(2,2027),(67,2254),(79,1622),(87,1063),(90,3731)]	17.503647
551	[(3,1283),(4,1615),(6,3003),(37,354),(52,2114),(55,395),(63,2879)]	18.095306
552	[(12,4093),(13,873),(28,2739),(29,1060),(44,183),(48,1612),(53,2193),(59,2400)]	17.528916
553	[(17,1203),(32,1789),(50,1106),(51,1466),(61,287),(82,1087)]	17.723998
554	[(13,2938),(16,1481),(23,3753),(48,583),(52,164),(70,3529)]	17.741303
555	[(12,691),(22,2809),(30,3282),(40,1796),(53,3574),(56,3724),(76,2848),(86,1103)]	18.002697
556	[(22,4016),(55,3167),(61,4),(65,607),(66,3536),(85,2839)]	17.934037
557	[(1,3262),(13,732),(15,2243),(19,438),(30,998),(49,4336),(59,825),(68,1941),(80,3511),(92,1131)]	17.577077
558	[(15,3404),(27,2052),(54,4112),(63,2482),(70,3972),(73,3184),(92,1637)]	18.479014
559	[(31,3309),(47,731),(59,665),(76,4146)]	18.978243
560	[(13,1830),(17,2009),(32,1377),(50,3747),(71,4111),(76,423),(80,2370)]	17.689780
561	[(15,274),(16,2526),(27,3801),(42,872),(78,3955)]	19.864936
562	[(18,473),(38,2262),(41,4232),(44,1540),(60,3876),(86,1486)]	20.699814
563	[(5,1163),(25,2581),(63,818),(68,4032),(78,4086),(81,4173),(91,2768)]	18.709238
564	[(25,284),(62,3284),(79,2598),(86,1409)]	18.943034
565	[(2,3666),(7,2133),(8,3985),(17,319),(33,3042),(41,2102),(54,2249),(91,1308)]	19.426175
566	[(37,323)]	18.079943
567	[(5,2162),(25,2591),(32,4008),(38,1890)]	17.953033
568	[(7,427),(11,1081),(12,1506),(46,918),(58,3839),(87,165)]	18.872673
569	[(0,2704),(4,1837),(22,1434),(45,1234),(82,20)]	17.872718
570	[(6,204),(32,453),(43,1145),(63,92),(67,3879),(70,4007)]	18.379809
571	[(2,357),(19,2466),(25,1353),(30,736),(55,1382),(67,1526)]	20.882449
572	[(5,3509),(7,3872),(39,3069),(64,4192),(70,2224),(73,4297),(92,2237)]	18.892249
573	[(3,1185),(6,2127),(7,868),(8,694),(9,1802),(20,3964),(29,4181),(46,2132),(56,1248),(89,213)]	17.892695
574	[(7,4397),(53,3965),(56,3201),(72,3808),(87,4176)]	17.864153
575	[(1,175),(19,711),(26,2197),(76,995),(89,20)]	26.834196
576	[(11,2318),(28,1776),(57,2382),(90,3736)]	30.273972
577	[(8,2751),(29,1782),(44,3253),(45,1595),(82,67),(83,1638),(89,74)]	18.234089
578	[(32,3587),(38,2601),(45,3003),(77,1947),(79,3845)]	17.647733
579	[(17,2481),(25,3670),(28,2438),(36,1217),(44,1512),(86,2524),(88,4020)]	17.826844
580	[(14,3763),(23,2100),(26,2719),(57,2825),(72,625),(91,2308),(92,4142)]	17.916499
581	[(24,1647),(29,2071),(68,4120),(75,4189),(79,1934)]	17.820955
582	[(47,2360),(67,2590),(72,1928),(79,2665)]	17.804958
583	[(46,2338),(50,1359),(68,2014)]	17.723099
584	[(6,2974),(48,1488),(49,1844),(59,2),(84,963),(92,1697)]	18.001057
585	[(21,2483),(28,115),(36,1459),(53,196),(54,3087),(72,2591),(92,1157)]	17.795447
586	[(2,4350),(21,3320),(28,2376),(29,1171),(30,435),(44,3031),(58,384),(79,2729)]	17.354728
587	[(3,1993),(29,941),(34,3780),(67,222),(80,4047)]	17.443695
588	[(20,508),(74,1825),(86,2092),(87,1802)]	17.475338
589	[(14,471),(69,1525)]	17.674427
590	[(2,517),(33,3481),(35,2293),(40,4317),(44,2042),(53,448),(67,1183),(79,2110),(83,2461)]	17.366720
591	[(0,4329),(12,2771),(23,2940),(24,3966),(28,3438)]	17.411693
592	[(22,1598),(62,3438)]	18.970122
593	[(4,396),(16,1409),(30,4089),(56,4352),(79,982),(87,1382),(88,502)]	17.578807
594	[(0,1586),(4,2413),(8,1976),(23,2988),(48,2996),(50,391),(74,2240)]	21.866605
595	[(9,3233),(23,1024),(31,2343),(34,4039),(50,3485),(56,632),(65,2901),(77,1061),(81,540)]	22.664441
596	[(3,3846),(26,3037),(45,3700)]	18.138498
597	[(23,4295),(32,3170),(41,2160),(46,2852),(51,4019)]	17.930977
598	[(1,769),(13,1835),(15,1626),(50,1378),(52,1978),(54,3769),(56,2151),(59,2751),(64,3591),(74,3080)]	19.461834
599	[(3,1615),(33,3136),(36,2693),(39,3109),(42,105),(43,633),(50,531),(53,3350),(58,1553),(60,2140),(71,2543),(86,1747)]	17.800754
600	[(16,1459),(26,1706),(29,308),(30,739),(47,982),(49,1261),(52,945),(67,3421),(81,3544)]	18.633336
601	[(2,686),(4,1399),(10,436),(14,704),(28,1365),(30,135),(50,3613),(53,1551),(57,421),(67,3614),(73,578),(80,676)]	18.065586
602	[(30,4110),(31,15),(65,4293),(71,2957)]	20.306634
603	[(17,3354),(29,733),(33,1155),(72,158),(85,1300)]	17.998134
604	[(12,1584),(16,2501),(40,1222),(45,3165),(73,2946)]	17.754969
605	[(0,830),(12,3940),(21,282),(24,2149),(48,4339),(69,3142),(77,4381),(79,2190),(83,430),(88,3517),(90,2365)]	18.450424
606	[(48,1529),(75,2028),(81,518),(86,3178)]	18.187978
607	[(2,1296),(9,1827),(14,2290),(21,3712),(31,3325),(32,3975),(39,890),(42,1120),(51,3029),(60,3303),(80,3582)]	17.540856
608	[(4,1366),(8,1073),(12,3791),(33,1674),(56,3310),(70,1128),(90,2397),(91,4230)]	18.177986
609	[(2,91),(32,517),(48,1021),(59,1540),(77,2588),(82,2580)]	17.597543
610	[(21,2179),(23,953),(70,1674)]	17.575841
611	[(15,3444),(21,3752),(35,4086),(36,2402)]	19.351796
612	[(23,2237),(40,3150),(65,3522),(86,2923)]	18.912585
613	[(41,1092),(43,51),(68,1135),(73,841),(78,744)]	20.702513
614	[(21,1021),(24,2729),(28,3299),(86,93),(89,317)]	18.031858
615	[(16,212),(30,2342),(45,1943),(67,3959),(70,66),(80,3676),(83,855),(84,904)]	18.478422
616	[(17,4220),(26,826),(32,35),(37,1790),(42,2243),(44,1847),(71,2959),(72,565),(87,3299),(89,3349)]	17.632707
617	[(6,734),(30,1298),(31,4384),(49,2671)]	17.998843
618	[(8,2959),(9,2920),(78,2807)]	17.384898
619	[(0,1346),(19,1423),(54,4399),(60,1606),(82,64)]	17.485498
620	[(4,3310),(26,4189),(27,683),(49,1887),(65,2551),(75,1412)]	17.653235
621	[(7,4025),(10,2610),(19,1561),(31,1361),(45,60),(47,2746),(48,559),(49,2035),(54,3491),(66,2633),(68,522),(76,4398)]	17.898782
622	[(2,2415),(9,4282),(11,1448),(27,3052),(32,1393),(56,3440),(86,2813),(89,359)]	17.583388
623	[(31,4086),(39,1688),(46,429),(71,3519),(79,2871),(81,3846)]	18.752731
624	[(1,1574),(17,1808),(18,3287),(35,1822),(68,4039),(80,1800)]	20.058235
625	[(11,806),(44,3296),(64,1967),(66,551),(69,3057),(81,3385)]	18.584387
626	[(21,2378),(22,1105),(24,2044),(35,4272),(59,2244)]	18.747312
627	[(16,615),(33,732),(37,4036),(49,2162),(73,1737),(76,1673),(79,2316)]	17.388566
628	[(3,1905),(4,4081),(24,3230),(43,866),(60,395),(63,2924)]	19.772972
629	[(6,4152),(11,1593),(30,2153),(43,2071),(47,3908),(70,4006),(82,1356)]	18.234104
630	[(46,2547),(47,3232),(51,85),(85,3734),(89,2328)]	17.888155
631	[(5,1425),(43,2279),(46,4403),(56,788),(60,4127)]	35.014024
632	[(12,37),(30,3119),(63,4200),(66,2201),(67,4084),(69,2559),(72,1688),(77,1766),(79,4313),(86,2525)]	21.922781
633	[(5,2576),(26,770)]	17.700290
634	[(8,4273),(41,3760),(52,3120)]	18.830218
635	[(29,1195),(35,2195),(41,3457),(48,520),(51,2957),(64,1612)]	18.120636
636	[(1,2271),(12,2421),(25,1712),(29,3391),(48,3589),(57,11),(65,2189),(80,2897),(88,74)]	17.351945
637	[(5,602),(19,2617),(49,1959),(52,2850),(78,3431)]	18.618883
638	[(2,4257),(9,1200),(12,2424),(15,2773),(29,1540),(31,285),(33,1742),(48,1553)]	18.973373
639	[(32,1751),(64,4274),(75,3293),(82,672),(85,657),(87,3460),(90,1618)]	17.633554
640	[(15,1889),(61,660)]	17.160402
641	[(2,2285),(48,2693)]	17.610345
642	[(4,2685),(9,1570),(26,1972),(30,4329),(39,3234),(45,636),(53,2902),(60,1018)]	18.455669
643	[(2,2098),(12,3248),(24,1415),(27,2444),(35,2993),(43,2117),(72,1322)]	18.452298
644	[(2,4132),(28,3009),(52,2718),(55,538),(68,3495),(71,449),(75,3515),(85,1643),(91,4120)]	17.721411
645	[(10,1286),(21,1331),(23,4224),(26,3801),(28,2492),(29,173),(44,1980),(88,862)]	17.735995
646	[(1,2099),(9,399),(14,1000),(15,261),(21,1128),(46,1960),(55,1316),(56,4119),(79,3594),(91,601),(92,3248)]	17.632728
647	[(7,454),(35,2377),(56,885),(57,3317),(71,1115),(80,967)]	20.228593
648	[(14,3293),(24,361),(26,2254),(35,814),(42,672),(50,3051),(65,2408),(66,146),(79,4064)]	25.216647
649	[(36,953),(40,4030),(44,2435),(50,495),(52,754),(63,243),(77,3064),(92,2455)]	18.209034
650	[(15,2378),(38,1228),(47,1513),(55,4026),(61,148),(74,3538),(82,4086),(83,2402),(85,463),(92,4322)]	18.014500
651	[(1,4008),(16,3299),(21,3529),(41,2576),(65,2148),(80,3078),(88,4394)]	17.620275
652	[(41,614),(51,3902),(64,2834),(65,1530),(73,2313)]	17.510989
653	[(9,4258),(12,1799),(17,1935),(19,2065),(22,3941),(48,3588),(69,1738),(74,796)]	17.767538
654	[(2,3018),(23,2446),(52,3077),(66,2854)]	17.586188
655	[(27,2919),(48,120),(59,3016)]	17.255644
656	[(7,3537),(14,4155),(22,1612),(29,952),(59,4041),(66,1540),(72,3218),(83,2341)]	20.277387
657	[(20,3399),(27,830),(44,1481),(45,3548),(89,1787)]	17.434654
658	[(17,3048),(21,1368),(39,3501),(79,3962),(85,2089),(88,4063)]	17.549031
659	[(23,3288),(24,3361),(38,2220),(49,3797),(64,2688),(91,3433)]	17.290470
660	[(3,1083),(47,4016),(50,650),(57,1199),(72,1416),(84,4297),(87,3039),(90,2150)]	18.434587
661	[(9,3152),(26,3602),(30,3613),(48,3761),(57,104),(61,3226),(64,3326),(75,537)]	18.346939
662	[(6,668),(13,1880),(17,1577),(49,1438),(65,1472),(72,790)]	17.634213
663	[(14,577),(19,2597),(33,3824),(63,4047),(70,3620),(75,3932)]	17.562535
664	[(11,3935),(35,3040),(67,1271),(88,1012)]	18.138405
665	[(11,1753),(17,2381),(19,2653),(25,867),(69,3194),(74,3835),(75,2282),(76,2987),(79,3991),(89,1172)]	37.368981
666	[(23,128),(40,1982),(42,3324),(43,4091),(57,4060)]	36.977709
667	[(6,4144),(14,1767),(26,2674),(45,1269),(57,2404),(63,4053)]	39.327079
668	[(8,3603),(22,550),(27,4064),(38,1211),(62,2186),(76,3178)]	35.037340
669	[(2,455),(67,3578),(68,1634),(86,3567)]	35.975328
670	[(14,2477),(22,167),(34,2442),(39,1325),(48,3701),(53,3992),(79,3007),(81,3912),(82,673)]	38.289355
671	[(13,1306),(69,3556),(77,665)]	34.921959
672	[(20,153),(50,4341),(51,1067),(82,636)]	34.986815
673	[(3,1321),(6,308),(24,862),(34,3997),(61,1254),(62,1872),(63,2226),(83,3219)]	39.225603
674	[(1,3835),(24,251),(43,2772),(53,770),(60,97),(68,3702)]	32.996619
675	[(0,1060),(17,2924),(24,2825),(25,1301),(50,2778),(68,2204),(73,1726),(74,2462),(76,3264),(77,3487),(84,816),(87,3029),(92,3270)]	35.327521
676	[(11,2204),(18,487),(32,2133),(51,1243),(58,4366),(63,124)]	41.788312
677	[(3,3847),(31,4186),(56,2793)]	36.801968
678	[(17,3716),(28,2749),(39,2794),(58,749)]	36.173232
679	[(4,1599),(15,353),(45,3457),(47,597),(62,1469),(76,1431),(86,2662)]	34.897190
680	[(22,546),(52,1009),(64,1),(66,1029),(70,2639),(87,229)]	36.646201
681	[(6,2378),(7,1105),(11,2370),(17,4370),(18,1668),(21,2751),(48,1906),(53,3089),(56,2738),(68,3168),(71,4152),(74,926)]	35.365261
682	[(1,1282),(15,636),(40,2648),(50,3709),(58,3180),(86,419)]	35.494077
683	[(9,3113),(24,1936),(51,3980),(59,2632),(67,2858),(75,2487),(81,432),(86,72),(89,1600)]	38.287468
684	[(27,974),(40,780),(72,1375)]	39.714986
685	[(2,167),(7,4218),(11,1211),(41,4073),(51,410),(59,2996),(73,832),(86,3197),(88,4322)]	36.260732
686	[(1,2854),(3,4240),(7,3105),(20,1369),(21,690),(39,1357),(53,2056),(54,1666),(69,3435),(87,3290),(89,3377)]	35.516381
687	[(4,4398),(10,2222),(13,660),(54,403),(61,3162),(76,408),(88,45)]	35.368725
688	[(10,1556),(34,605),(39,245),(65,1889),(74,2188),(81,3709)]	46.440207
689	[(8,448),(18,2399),(23,954),(26,4137),(29,4244),(33,2569),(54,3774)]	39.022925
690	[(10,2297),(49,2370),(78,1564)]	34.291706
691	[(6,708),(26,4125),(37,1222),(56,967)]	34.000681
692	[(7,793),(18,3304),(29,143),(38,2507),(47,687),(69,2714),(75,3988),(79,2922)]	34.498482
693	[(14,3482),(29,3472),(39,1944),(44,1726),(67,383),(76,3474),(77,3753),(86,78)]	36.878102
694	[(1,3265),(6,747),(25,3629),(29,3468),(49,1840),(67,1211),(72,3690),(73,732)]	39.747150
695	[(9,3276),(33,3007),(37,4406),(43,2229),(64,1353),(84,1283),(89,3895),(91,1694)]	41.293286
696	[(5,402),(17,3647),(39,3682),(52,1221),(57,3111),(76,1657)]	38.786794
697	[(11,1769),(26,1405),(68,2181),(77,4188),(81,2865),(87,1618)]	34.384605
698	[(18,2387),(31,1214),(35,2087),(74,3995),(79,556)]	38.563305
699	[(5,3566),(17,2493),(44,7),(46,2794),(61,4241),(84,2343),(87,2212),(90,4238),(92,239)]	37.595624
700	[(8,2958),(11,2770),(17,2076),(25,2959),(52,3020),(72,226),(73,964),(75,4368),(76,2925)]	36.760807
701	[(2,1486),(8,6),(37,4184),(38,2726),(50,2555),(58,4262),(71,578),(73,1499)]	35.424947
702	[(2,1909),(7,1525),(30,349),(86,729)]	34.171151
703	[(53,1246),(59,3464),(79,1452),(80,4248),(89,2722),(90,2092)]	33.879378
704	[(35,3748),(37,1087),(44,228),(65,2439),(82,2529),(90,1635)]	34.537675
705	[(2,1712),(5,750),(8,4052),(21,2725),(26,839),(49,171),(51,838),(53,870),(73,4016),(81,260),(89,3390)]	37.227566
706	[(11,3740),(35,1257),(51,308),(52,739),(79,3603),(80,13),(83,2519),(91,3469)]	51.625603
707	[(50,556),(53,47),(61,28),(69,1941)]	42.887647
708	[(4,2436),(18,2069),(53,139),(72,2457),(90,1845)]	37.554776
709	[(20,85),(26,1400)]	37.571103
710	[(26,84),(40,2537),(45,1057),(68,2343),(75,2353),(76,2583)]	39.272209
711	[(37,1111),(55,91),(58,2319),(62,4087)]	54.971350
712	[(0,3077),(6,4236),(12,1072),(34,1929),(82,3146)]	65.311198
713	[(10,2460),(22,715),(56,2172),(58,192),(90,785)]	54.196146
714	[(8,1876),(16,872),(17,1250),(23,3805),(43,4267),(44,4219),(48,316),(53,1495),(68,1450),(72,1252),(79,1802)]	39.024347
715	[(26,4303),(30,3226),(43,4254),(63,47)]	36.312043
716	[(5,2333),(7,2419),(14,3466),(33,1243),(35,4010),(62,2067)]	36.105066
717	[(8,2384),(25,4182),(44,2084),(77,1211)]	64.743426
718	[(3,3440),(5,6),(9,1200),(16,1711),(18,345),(48,3657),(58,2273),(64,3906),(85,4306)]	32.993828
719	[(3,662),(37,995),(50,1936),(66,3814),(89,3814)]	34.014828
720	[(17,2745),(25,2580),(33,926),(35,3383),(47,3004),(56,835),(68,3896),(72,805),(80,1525)]	33.776409
721	[(22,3375),(75,1462),(84,1626)]	35.215257
722	[(4,1724),(5,562),(16,2925),(63,45)]	34.648358
723	[(11,4216),(31,2850),(37,2195),(49,3048),(73,4086),(89,1985)]	35.467623
724	[(17,2695),(27,246),(46,3860),(82,2257),(91,4043)]	34.922662
725	[(4,81),(11,633),(16,2384),(22,1953),(24,3055),(29,3386),(31,1659),(38,3613),(51,705),(60,544),(69,1347)]	36.552035
726	[(3,2030),(24,1973),(32,2753),(43,1873),(60,2347),(64,1214)]	37.459369
727	[(1,3823),(18,3520),(64,1899),(80,4187),(88,1336),(92,1871)]	34.644550
728	[(9,2543),(17,3424),(47,3406),(52,1675),(66,725),(75,3218),(83,2947)]	35.454975
729	[(14,2160),(34,272),(50,2687),(74,3513),(75,2696),(85,3617)]	35.522059
730	[(1,3260),(5,2638),(10,1515),(14,4169),(19,3265),(27,402),(58,2208)]	35.059741
731	[(6,1501),(23,4094),(44,880)]	34.780463
732	[(0,3348),(1,1953),(2,3699),(3,3540),(14,3528),(17,920),(31,564),(68,373),(73,1047),(82,498)]	38.747786
733	[(20,639),(24,708),(28,2388),(34,712),(44,2839),(68,3022),(77,3311),(80,1410),(82,2638)]	35.848136
734	[(12,844),(24,3427),(33,3492),(51,144),(66,2138),(77,3605)]	36.381438
735	[(2,778),(4,3064),(43,2837),(48,3204),(55,2377),(72,4079)]	39.173229
736	[(6,121),(13,2394),(47,2101)]	35.857371
737	[(6,1768),(26,1541),(27,1017),(29,3296),(39,1098),(57,821),(82,2641),(92,933)]	35.525676
738	[(0,1768),(10,1816),(19,3751),(26,1699),(28,3524),(29,3596),(31,656),(53,826),(78,1662)]	35.184062
739	[(18,3913),(23,1188),(24,3057),(67,3637)]	35.495781
740	[(9,158),(28,504),(33,2405),(89,468)]	37.359645
741	[(33,1793),(58,4263),(70,1124),(78,529),(84,1376),(92,1113)]	34.213931
742	[(39,1132),(45,300),(48,4046),(50,3509),(53,3652)]	34.694353
743	[(3,2641),(12,3064),(44,1191)]	33.475602
744	[(7,2695),(32,3996),(68,2495)]	33.633422
745	[(11,698),(21,2318),(25,1225),(61,3104),(81,1021)]	34.804876
746	[(4,2558),(11,771),(17,640),(41,2412),(59,2498),(67,1302),(80,2055)]	34.158043
747	[(74,3906),(78,1263),(80,3810),(82,474)]	34.712647
748	[(5,1940),(12,87),(19,3911),(51,3742),(64,4075),(72,3684),(73,2426),(77,4153)]	35.330611
749	[(11,3035),(32,4094),(67,1757),(69,3686),(80,1857),(81,840)]	34.951464
750	[(0,1423),(9,1612),(17,594),(29,162),(61,574),(69,362)]	33.879029
751	[(5,3798),(40,148),(70,3282),(78,3036),(92,558)]	35.184459
752	[(11,3120),(27,1770),(34,2088),(37,3594),(55,2618),(65,3430),(67,2502),(88,2555),(90,380),(92,148)]	38.456647
753	[(7,3821),(19,1442),(31,1095),(36,1659),(48,2124),(66,1744),(71,3713)]	37.370256
754	[(11,3916),(60,2943),(76,3811),(79,2139)]	35.186686
755	[(30,2932),(55,2972),(84,1657)]	34.848598
756	[(6,1821),(13,3669),(16,209),(19,1258),(63,4177),(68,58),(80,4142),(91,2013)]	37.883615
757	[(17,955),(29,583),(68,747),(72,2076),(74,393),(92,3791)]	40.063091
758	[(38,3841),(39,792),(45,1690),(46,2011),(62,1442),(70,369),(75,3290)]	38.446632
759	[(24,1266),(34,3582),(37,4170),(43,2443),(68,324),(85,3384)]	34.768079
760	[(4,4129),(11,1799),(23,3244),(25,3462),(30,214),(60,2558),(66,671),(70,3329),(72,3376),(79,3342),(82,1191),(85,2086)]	35.008991
761	[(10,1892),(25,2524),(32,2874),(59,1594),(64,3479)]	33.506938
762	[(9,3695),(17,517),(30,2879),(47,1551),(61,2623),(83,3503)]	33.950476
763	[(2,2971),(22,2275),(45,4124)]	48.859046
764	[(16,2151),(26,3284),(42,1865),(69,1748),(83,3734),(89,1819)]	48.021377
765	[(39,2550),(40,972),(72,796)]	39.475605
766	[(14,2148),(28,3231),(61,3675),(63,1813)]	41.468602
767	[(28,3535),(31,2834),(33,4195),(37,4239),(45,3454),(71,661),(76,2475),(77,823),(78,808),(89,161)]	38.360364
768	[(12,3624),(34,1329),(47,101),(68,643)]	34.986411
769	[(20,1301),(51,2575),(65,2599),(72,1431),(89,454)]	35.848685
770	[(37,536),(50,975),(55,264),(59,45),(75,3820),(83,2802)]	38.489210
771	[(6,2751),(26,1849),(29,1625),(42,401),(51,3199),(59,2631),(65,314),(90,3849),(91,1126)]	36.068294
772	[(20,543),(33,2325),(34,3599),(59,3004),(77,2368)]	36.796253
773	[(3,4099),(29,681),(32,3275),(44,256),(46,565),(49,4223),(59,3769),(63,2863),(69,4134),(72,3380),(85,1775)]	38.059132
774	[(3,1813),(45,1510),(51,1903),(53,245),(55,3658),(67,2679),(76,1102)]	41.498917
775	[(20,2101),(32,1859),(57,2972),(59,2564),(68,3454),(80,2422),(85,537),(90,2203)]	40.667315
776	[(9,3631),(29,3902),(47,4002),(55,3103),(57,3776),(64,2352)]	37.064126
777	[(15,549),(81,986)]	38.728052
778	[(0,494),(8,3760),(15,3731),(38,219),(44,4181),(58,1007),(59,3075),(72,1212),(73,3967)]	37.773272
779	[(1,1940),(17,3661),(27,3996),(51,3846),(83,1646)]	36.469939
780	[(0,4400),(27,3649),(29,4402),(39,1537),(60,4350),(71,2228)]	37.037939
781	[(17,2239),(18,3984),(23,2391),(26,4134),(50,2390),(67,3566),(83,3942),(86,1433),(90,1617)]	20.608628
782	[(37,2378),(41,2183),(60,3776),(61,2168),(65,293),(71,1175),(86,2411),(87,3611),(89,3918)]	18.427119
783	[(11,3831),(16,838),(25,3396),(34,3597),(49,110),(51,591),(79,3273),(89,3821)]	17.677501
784	[(39,434),(42,945),(60,1393)]	17.148802
785	[(2,185),(26,4156),(41,935),(56,2210)]	17.502074
786	[(61,1843),(75,1150),(83,538)]	17.052258
787	[(11,4020),(16,1593),(52,433),(58,162),(59,342),(87,4137)]	17.701578
788	[(39,2933),(47,3271),(65,1411),(75,478)]	19.699363
789	[(17,2641),(26,3697),(27,774),(46,548),(51,991),(68,3673),(76,3950),(81,4226),(85,1528)]	17.604880
790	[(2,3800),(10,474),(21,2151),(34,74),(41,533),(53,773),(67,392),(70,885),(71,3317),(76,993)]	18.141733
791	[(27,4203),(43,1362),(76,1271),(85,3397)]	17.363253
792	[(8,4239),(12,609),(21,1024),(58,317),(83,1964),(89,2106)]	18.286851
793	[(2,456),(8,876),(29,885),(62,3637),(70,4185),(89,2969)]	17.647883
794	[(11,3318),(63,2005),(70,1599),(85,297),(90,363),(91,3221)]	19.846160
795	[(1,933),(3,3669),(45,3884),(55,1361),(62,1945)]	17.673330
796	[(6,709),(34,2534),(47,853)]	18.560174
797	[(2,2924),(15,687),(26,167),(38,3379),(41,3575),(52,2112),(56,3230),(60,3604),(72,1831)]	20.158613
798	[(29,3580),(40,2936),(56,547),(75,3717),(76,2133),(78,767),(79,1449),(88,183),(90,4335)]	24.291073
799	[(5,2594),(14,2838),(21,1030),(35,427),(44,4247),(49,3166),(52,1311)]	18.696967
800	[(8,3018),(11,1042),(20,2379),(33,1449),(36,3106),(71,3658),(79,3417),(81,203)]	19.440027
801	[(0,281),(12,1683),(26,3074),(39,4222),(41,2020),(66,2832),(76,2988),(85,2210)]	31.855888
802	[(1,3526),(10,3972),(23,3286),(32,3697),(36,1409),(53,377),(55,2967),(60,4406),(74,3994),(77,2278)]	24.282580
803	[(8,3025),(13,1486),(24,102),(48,394),(60,2042),(73,1369),(83,3036),(88,2837)]	17.476693
804	[(1,850),(4,4001),(29,1080),(45,1547),(49,95),(58,2646),(69,805),(89,513)]	17.253072
805	[(16,2668),(32,945),(70,544)]	17.363718
806	[(19,1654),(22,3224),(39,2315),(63,2378),(69,3639),(76,526)]	20.482663
807	[(0,3979),(10,609),(14,4254),(16,1231),(23,3851),(24,1166),(34,920),(36,4221),(43,2565),(66,669),(83,4199),(84,1303)]	21.106272
808	[(11,3019),(19,869),(25,2642),(68,4385),(74,469)]	20.719344
809	[(8,2128),(23,2908),(30,1460)]	17.671791
810	[(12,91),(13,1544),(28,4067),(29,291),(31,2160),(35,3625),(52,4146),(56,3128),(91,3972)]	18.678118
811	[(16,597),(25,3177),(31,2771),(46,3173),(48,1790),(55,4208),(61,3951),(64,3037),(66,2606),(75,2716),(81,2842),(86,3703)]	18.039471
812	[(7,3407),(19,4068),(33,2675),(53,2521)]	22.086250
813	[(11,359),(22,1879),(29,2868),(37,1304),(41,1217),(49,754),(79,4005)]	17.809342
814	[(3,3829),(41,4103),(62,1339),(73,3245),(83,4400)]	17.626735
815	[(3,1153),(28,3314),(33,1085),(52,3571),(73,2763),(84,787)]	17.946487
816	[(7,512),(27,558),(39,938)]	17.503833
817	[(19,2209),(61,952),(72,3629),(89,2282),(90,2987),(92,59)]	18.510390
818	[(30,1887),(41,733),(50,4075),(53,4303),(60,2434),(67,4090),(75,986)]	18.173691
819	[(28,2395),(52,3917),(75,1588),(90,1642)]	17.771124
820	[(25,4065),(37,1199),(41,3136),(71,3904),(75,1668),(79,3333)]	18.044576
821	[(13,2600),(18,4141),(21,3088),(28,1783),(89,3124)]	18.107042
822	[(16,2153),(32,3507),(33,1993),(36,484),(37,3814),(76,2434),(79,237)]	17.811263
823	[(14,3320),(19,3768),(24,27),(31,2530),(57,279),(60,983),(74,3688),(87,2974)]	17.789151
824	[(6,3961),(9,749),(77,4189),(85,790),(87,4380),(91,264)]	18.139431
825	[(32,3453),(65,390)]	17.834936
826	[(23,1203),(24,3388),(49,3846),(59,1331),(63,3146),(73,1329),(83,2551)]	17.481793
827	[(2,2616),(22,1379),(39,2193),(57,2088),(60,1021),(66,77),(67,930),(85,4321)]	17.520909
828	[(1,882),(7,1),(16,2485),(32,641),(60,917),(63,2422),(79,1859),(89,665)]	18.325988
829	[(2,2895),(6,368),(12,3078),(27,2881),(55,1201),(61,68),(62,617),(78,200),(84,2278)]	19.270842
830	[(18,2334),(28,3380),(30,2191),(36,2657),(63,3760),(86,2588),(90,1566)]	17.550932
831	[(1,223),(55,2813)]	18.460585
832	[(64,3999),(75,1325)]	17.905355
833	[(29,3018),(32,3301),(34,4118),(41,3483),(44,3846),(75,3556),(77,229),(82,1422)]	18.434586
834	[(16,2383),(18,3449),(35,1721),(64,414),(76,1735),(81,3855)]	19.814135
835	[(2,426),(10,2098),(13,1695),(28,2387),(51,789),(57,2768),(73,620),(82,4304),(89,2624)]	17.541493
836	[(5,1165),(9,2757),(48,4039),(76,1854),(80,3955)]	17.792890
837	[(8,3728),(9,1800),(23,120),(31,1842),(42,3155),(47,1494),(65,810),(77,1334)]	17.330881
838	[(15,4289),(40,4303),(49,1350),(51,4152),(77,2382)]	17.790514
839	[(0,160),(26,796),(27,1348),(43,1),(53,1615),(59,1176),(71,647),(88,1003)]	17.738181
840	[(1,3953),(14,2388),(18,2674),(31,4137),(42,4002),(47,2224),(87,4284)]	17.875204
841	[(5,4318),(16,1596),(42,2388),(46,2931),(47,3706),(48,286),(56,2749),(70,2358),(78,3910)]	17.508650
842	[(20,3936),(59,4043),(70,3797),(88,3629),(92,1104)]	18.845591
843	[(23,2898),(37,4367),(45,1556),(84,79),(85,887),(86,3888)]	18.023998
844	[(26,515),(70,1531),(71,1706)]	17.240122
845	[(26,4020),(39,2336),(64,3207),(75,2006)]	19.274061
846	[(0,2552),(4,1619),(5,3451),(12,213),(18,2850),(28,1103),(41,540),(50,3661),(54,283),(77,239),(84,379)]	17.838688
847	[(9,2505),(10,947),(42,1148),(86,341)]	18.464899
848	[(35,3890),(42,2572),(54,3563),(61,2908),(62,1613),(65,3853),(69,1139)]	18.473007
849	[(3,16),(36,10),(38,1174),(62,3327),(82,3322)]	19.817993
850	[(8,359),(52,999),(78,80),(83,3111),(90,3827)]	19.983109
851	[(0,2172),(7,512),(9,389),(25,3213),(27,1991),(28,441),(48,1237),(49,1652),(70,3662)]	25.107957
852	[(12,2916),(14,2045),(17,411),(19,3344),(24,2058),(27,3668),(30,4163),(65,622),(67,3759),(74,1194),(77,1889),(81,3569),(85,965)]	20.308981
853	[(2,4056),(4,3157),(33,424),(51,1216),(75,2973),(78,2383),(87,1692)]	20.405709
854	[(31,628),(35,786),(40,2591),(46,2808),(65,1257),(66,629),(86,3504)]	22.513471
855	[(1,4155),(39,1377),(40,3448),(65,1481),(66,3548),(67,3804),(78,3766),(79,238),(83,2427),(85,19)]	18.888277
856	[(2,3694),(10,1198),(11,1447),(21,2588),(31,3145),(47,3035),(52,612),(88,3060)]	37.059116
857	[(47,784),(48,3253),(89,1334)]	18.708474
858	[(11,4032),(27,1997),(49,3299),(65,2085),(70,3723),(79,1783),(91,1798)]	18.809245
859	[(6,1054),(15,609),(25,2232),(47,839),(50,1269),(74,3941),(77,3490),(88,2680),(89,197)]	18.883205
860	[(10,1204),(32,998),(38,1165),(70,3539),(77,3582),(89,1117)]	20.471391
861	[(66,4165)]	17.797867
862	[(13,4265),(35,3146),(58,3843),(59,1061),(66,3698),(67,407),(83,2531),(86,75)]	17.806523
863	[(0,3407),(6,1648),(9,2915),(53,3009),(75,1034),(80,727)]	17.462591
864	[(5,2139),(22,930),(43,2436),(51,1591),(66,2187),(77,1956),(91,2216)]	17.681249
865	[(31,3220),(42,4046),(45,1245),(67,397),(68,61),(87,931),(89,675)]	17.568566
866	[(0,4331),(3,4068),(32,4043),(37,4326),(45,1184),(63,2080),(69,1044),(72,3690)]	17.745163
867	[(15,2468),(35,243),(51,1895),(53,1443),(70,1012),(72,1565),(82,89),(83,3420),(85,1197),(89,2836)]	18.033046
868	[(19,4310),(23,3995),(26,3453),(30,202),(56,3109),(81,3316)]	17.573929
869	[(15,1620),(18,2024),(19,1862),(33,4134),(39,275),(50,3337),(58,3140),(66,3387),(73,3059)]	18.417179
870	[(1,2964),(25,2882),(33,832),(46,1551),(54,2523),(68,3472),(80,337),(83,3113)]	17.708927
871	[(15,514),(17,1186),(46,1545),(60,2227),(63,697),(79,4186)]	17.984439
872	[(10,776),(54,3555)]	17.523968
873	[(9,4175),(13,2612),(27,801),(29,3496),(60,1799),(66,3414),(74,1962),(80,2304),(89,271)]	18.069756
874	[(47,1047),(59,2985),(63,3175),(84,3686)]	17.729362
875	[(23,314),(32,2831),(35,3609),(42,10),(60,2044),(69,887),(70,3888)]	17.600508
876	[(36,2710),(52,2902),(61,2638),(64,3717),(81,1010),(89,3197),(91,4322)]	18.344860
877	[(26,3535),(29,3795),(30,583),(48,2545),(50,455)]	17.849774
878	[(10,2499),(14,1652),(20,361),(25,3725),(38,2868),(41,1278),(68,1469),(92,2620)]	17.993637
879	[(2,2648),(4,2891),(25,3126),(57,1556),(68,2139),(69,4073)]	19.075675
880	[(12,2611),(24,3939),(28,2659),(36,4282),(38,1448),(46,1790),(53,3876),(63,3978),(74,3946),(92,2304)]	19.911347
881	[(44,992),(67,608),(90,223)]	22.022001
882	[(9,368),(24,4235),(48,2250),(65,1168),(80,478),(83,3928),(91,278)]	20.716274
883	[(12,1232),(29,1437),(32,1252),(46,1993),(50,588),(59,2994)]	19.445592
884	[(12,3170),(73,1630),(82,43),(89,2827)]	17.383622
885	[(0,4070),(18,3077),(32,2008),(86,2789),(90,555),(92,1836)]	17.595869
886	[(0,1768),(25,2970),(61,4018),(70,1753),(84,1720),(92,670)]	17.967439
887	[(47,3914),(50,1523),(58,1497),(72,2933),(80,560)]	17.760915
888	[(15,2246),(21,602),(33,2357),(78,490)]	19.121067
889	[(5,3770),(29,1593),(30,2096),(47,2400),(65,2825),(71,3088),(72,3045),(78,2459),(82,528)]	17.945643
890	[(11,1456),(17,907),(42,4019),(72,4091),(75,1717),(78,2904)]	18.430787
891	[(10,4317),(20,3320),(33,1414),(44,469),(55,3377),(56,2819),(76,1647),(87,3856),(88,2040)]	18.677332
892	[(2,3290),(27,2248),(64,365)]	17.713548
893	[(14,3535),(34,3007),(64,2223),(77,1709),(78,3339),(87,757)]	17.499594
894	[(0,699),(1,2278),(23,3695),(40,3268),(46,456),(78,1537),(83,4106),(89,4052)]	17.493117
895	[(6,771),(15,3566),(17,3303),(21,2956),(32,3894),(44,3013),(50,571),(73,2318),(77,3272),(82,2863)]	17.400625
896	[(48,80),(57,1793),(62,3055),(65,1260),(84,2390),(91,1032)]	17.576101
897	[(12,770),(16,1927),(34,172),(53,2763),(55,1580),(58,4155),(66,4102),(75,860),(82,167)]	17.553564
898	[(2,1046),(30,491),(31,1004),(32,2969),(40,3693),(74,1110),(75,745)]	17.516333
899	[(10,1357),(17,3209),(38,730),(43,3740),(74,694),(85,3691),(88,2986)]	17.322801
900	[(0,4364),(4,3302),(7,1239),(20,2910),(26,117),(42,4076),(58,3176),(65,4344),(81,3157)]	18.740080
901	[(3,3681),(9,1133),(17,3409),(62,2304)]	18.397130
902	[(0,1123),(44,807),(69,3443),(84,2476)]	17.630585
903	[(6,1007),(21,14),(22,2376),(32,936),(48,2975),(53,2796),(64,69),(89,3524)]	20.356490
904	[(6,3271),(12,1943),(14,1270),(17,2893),(41,210),(64,4194),(72,4281),(77,1953)]	24.149811
905	[(30,280),(41,1790),(81,1867)]	18.355934
906	[(13,3922),(37,3277),(62,324),(67,585),(89,4117)]	17.968139
907	[(35,2774),(60,1061),(69,2163),(71,1871),(74,140),(85,1381)]	17.914400
908	[(9,2532),(11,3431),(25,1329),(30,1441),(34,2587),(58,4042),(70,4107),(80,1569),(90,2855)]	19.880375
909	[(7,3351),(25,8),(48,4030),(57,2529),(60,4329),(77,3205)]	17.656298
910	[(0,3969),(2,194),(41,3301),(55,756),(58,2602),(71,271),(75,2926),(77,4271),(81,26),(90,1885)]	17.931668
911	[(18,784),(37,266),(61,2693),(64,586),(70,3605),(89,1839)]	33.130356
912	[(2,2869),(7,1743),(37,2493),(55,972),(62,3722),(87,3016)]	26.080239
913	[(5,76),(7,4359),(30,2535),(36,459),(59,3106),(64,1197),(88,1807),(90,1849),(92,2305)]	19.333534
914	[(11,2253),(24,2363),(29,3192),(43,4113),(62,4181),(74,421),(78,317),(91,3100)]	20.930167
915	[(16,902),(49,927),(53,4303),(57,1526),(65,1264),(68,1103),(86,95),(88,582),(90,604),(92,2943)]	17.914391
916	[(3,4344),(12,4168),(19,1070),(48,2569),(63,2679),(69,1000),(72,2259),(83,3090),(87,3874)]	17.673771
917	[(20,3402),(36,93),(38,829),(71,150),(72,918),(90,3626)]	17.809520
918	[(16,442),(18,2353),(42,1257),(54,1558),(57,1686),(59,1997),(64,19),(66,3778),(70,1191),(87,1876)]	17.470971
919	[(28,682),(46,3759),(70,935),(77,3728),(78,1800)]	17.695251
920	[(5,2183),(28,531),(35,3124),(37,1327),(39,4002),(60,1387)]	17.737086
921	[(12,2824),(26,97),(35,3365),(53,412),(74,2354),(89,597)]	17.561346
922	[(0,940),(19,217),(60,3963),(80,3281)]	17.612066
923	[(5,223),(40,1868),(52,1527),(54,1236)]	17.724122
924	[(5,3404),(14,4095),(50,47),(69,3499)]	17.870307
925	[(41,1654),(44,3645),(62,3300),(87,1177),(89,2800),(91,1543)]	18.153969
926	[(0,3877),(4,4119),(26,865),(53,3442),(68,4095),(77,1697),(91,1036)]	20.286349
927	[(1,4282),(5,4277),(16,1299),(48,2248),(88,691)]	17.721035
928	[(8,239),(20,3770),(57,2207),(67,4113),(69,479)]	17.447169
929	[(1,3750),(2,4234),(10,3347),(26,824),(31,876),(40,2498),(45,3916),(51,1002),(53,3827),(84,265)]	17.924213
930	[(8,14),(9,3306),(21,2777),(36,932),(38,3717),(53,2201),(55,2086),(71,1091),(72,3593),(86,1786)]	17.675816
931	[(4,4065),(5,3471),(18,447),(75,1450),(76,2928)]	17.771370
932	[(9,103),(40,2451),(90,3469)]	18.554228
933	[(1,620),(20,1565),(39,4332),(70,2689),(81,2814),(87,2130)]	17.312539
934	[(28,1805),(39,3787)]	17.461413
935	[(19,502),(24,533),(47,3739),(87,1941),(92,531)]	19.643277
936	[(2,1531),(3,1706),(16,2612),(27,3745),(68,2601),(91,3106)]	17.716588
937	[(2,3482),(16,2257),(30,3524),(43,3856),(49,3254),(56,2933),(71,4110),(72,15)]	17.775045
938	[(1,3345),(25,1666),(49,3121),(51,1539),(53,2481),(67,1712),(85,598),(88,523)]	18.686062
939	[(0,4264),(19,1097),(20,2403),(22,2863),(27,1236),(33,3842),(46,2295),(55,683),(74,132)]	17.679637
940	[(1,2365),(4,2945),(8,605),(15,3626),(22,1622),(35,3413),(48,2814),(59,1488),(63,757),(70,3064),(75,3991),(77,2637),(84,2740)]	18.081776
941	[(13,998),(42,2775)]	17.618911
942	[(8,3143),(19,777),(21,2604),(46,3206),(59,1206),(68,3397),(84,4176)]	17.471879
943	[(49,1831),(91,4106)]	17.626323
944	[(11,2691),(13,3528),(30,739),(39,2436),(42,3756),(91,563)]	18.149898
945	[(1,920),(3,3193),(15,3255),(28,1393)]	17.793526
946	[(6,736),(21,250),(44,1419),(71,2211),(77,2549)]	18.838680
947	[(18,3883),(39,3686),(88,1785),(89,1820)]	17.952858
948	[(5,2803),(14,3266),(17,423),(30,4136),(42,1968),(53,3021),(60,3434),(62,3416),(91,3886)]	18.447671
949	[(15,1371),(21,2358),(23,1072),(25,2895),(30,1644),(54,760),(66,3318)]	18.133907
950	[(3,794),(18,3718),(29,1487),(34,1830),(63,2097),(71,2430),(88,2110)]	18.387627
951	[(4,396),(5,3138),(11,331),(16,4267),(45,3695),(59,2589),(73,1921)]	18.705318
952	[(4,1108),(22,2144),(27,1091),(57,3679),(80,2440),(87,3350)]	17.970387
953	[(22,3363),(23,4027),(26,3159),(54,1493),(70,894)]	17.508063
954	[(38,2183),(45,4211),(51,1167),(57,2661),(59,4105),(86,747)]	18.354417
955	[(8,2500),(10,3353),(15,3620),(20,1593),(44,3638),(47,2370),(54,1227),(74,2667),(88,1243)]	17.616393
956	[(10,3900),(28,68),(31,1194),(46,3319),(55,2167),(62,1456),(75,1374)]	18.379219
957	[(19,3719),(40,3058),(44,3051),(52,2754),(56,4284),(67,2119)]	24.089218
958	[(15,2900),(41,1202),(45,3230)]	20.922308
959	[(0,2560),(24,141),(28,3224),(36,621),(82,1048)]	17.912239
960	[(5,1902),(28,3021),(38,304),(42,1371),(62,1810),(86,2975)]	18.105036
961	[(6,1610),(18,2880),(46,2984),(50,1598),(59,1438),(62,1974),(67,3610),(71,2235),(79,2879),(88,1858)]	19.611139
962	[(12,2241),(47,544),(51,1711),(64,1680),(79,2014)]	18.508195
963	[(4,3640),(8,308),(10,3392),(70,4243),(75,4057),(83,2058)]	17.266523
964	[(0,4115),(31,4000),(38,812),(56,1736),(58,1181),(64,4013),(67,2425),(74,25),(85,34)]	17.551756
965	[(34,1666),(48,2976),(56,238),(71,4224),(87,497)]	17.846882
966	[(20,3842),(25,1018),(32,3268),(36,1709),(37,3339),(44,2978),(60,2771),(75,2631)]	17.469131
967	[(1,497),(7,2851),(15,4174),(25,4215),(41,2367),(49,2328),(50,2613),(62,3204)]	35.277920
968	[(6,1672),(13,1384),(19,3813),(20,2985),(24,3841),(31,1784),(67,2459),(79,831),(92,2031)]	22.648392
969	[(36,422),(38,104),(42,923),(62,3092),(72,4070)]	17.663213
970	[(64,31),(65,719),(84,448)]	17.819654
971	[(3,1182),(13,3733),(25,2224),(37,596),(58,2786),(85,2235)]	17.511968
972	[(1,785),(21,4339),(30,3959),(44,874),(50,2404),(91,2778)]	17.193779
973	[(33,1284),(34,18),(43,1288),(77,2128),(90,3374)]	17.399843
974	[(17,3972),(24,1735),(30,1010),(31,815),(45,2700),(48,3516),(67,3630)]	17.362643
975	[(50,1078),(53,951),(63,1415),(69,4388)]	17.541694
976	[(23,1720),(24,2628),(50,2127),(51,868),(53,4040),(81,2991)]	17.606776
977	[(23,3917),(50,3248)]	19.167353
978	[(11,1867),(25,579),(40,1891),(62,2483),(72,3026),(81,1971),(84,3725),(85,1027)]	18.656792
979	[(48,3274),(49,1097),(66,501),(67,527),(69,681),(72,283),(82,2035),(84,2147)]	17.520889
980	[(0,557),(6,3172),(10,3091),(19,2825),(20,1301),(24,3602),(30,174),(37,3903),(52,2405),(54,3281),(58,2304),(61,1902),(65,1100),(66,1979)]	17.810181
981	[(1,3514),(2,182),(11,160),(36,2559),(49,1099),(56,1286)]	17.440023
982	[(10,2608),(16,1391),(56,1923),(66,1178),(69,291),(75,867),(79,4307),(82,1129)]	18.286133
983	[(3,126),(22,3397),(27,668),(40,4310),(44,2040),(48,1759),(52,1224),(57,1510),(78,365)]	18.125255
984	[(11,1853),(17,295),(22,226),(23,3736),(53,798),(75,3689),(80,2139),(83,3299)]	18.460862
985	[(14,570),(22,1750),(39,2767),(79,1748),(82,4057),(87,2456),(89,4031)]	18.118922
986	[(18,440),(33,2220),(38,3703),(53,3795),(70,1046),(71,1039)]	17.701380
987	[(22,3102),(28,861),(34,2837),(81,2741)]	18.172088
988	[(8,1223),(15,2558),(24,3953),(30,861),(33,1200),(42,429),(75,3094),(78,3556),(92,1124)]	17.490940
989	[(5,1217),(30,224),(53,1380),(57,3243),(59,1868),(61,4345),(87,1614)]	20.376649
990	[(28,1834),(38,122),(40,1731),(51,3482),(56,3327),(77,3868),(88,1073)]	17.917239
991	[(1,2340),(7,1009),(46,1667),(63,2088),(74,3690),(75,732),(76,3676)]	18.329149
992	[(25,237),(27,3536),(56,133),(63,2196),(68,2930)]	18.131857
993	[(15,4068),(23,1492),(49,4222),(54,3474),(55,3753),(58,1247),(69,4343),(70,1141)]	18.071251
994	[(39,21),(52,1389),(53,986),(64,1068),(76,3053),(89,212)]	17.906377
995	[(37,851),(44,17),(52,2292),(54,1579),(63,3048)]	17.670542
996	[(21,2941),(23,3222),(32,2378),(34,971),(72,1019),(87,67),(88,1638)]	17.709287
997	[(3,693),(19,2998),(21,2065),(66,2885),(76,1354)]	18.809615
998	[(17,616),(26,3980),(80,2436)]	18.568130
999	[(1,487),(17,1996),(37,3415),(54,3119)]	17.744455
