ruleset_index	matches	time_ms
0	[(39,397),(52,792)]	27.950769
1	[(29,1075),(30,1767),(55,1137)]	29.562781
2	[(1,1688),(6,2080),(8,165),(47,1858),(50,1046),(67,668)]	27.801223
3	[(47,57)]	26.661981
4	[(14,1785),(45,1564),(60,1838)]	27.563418
5	[(5,206),(8,1280),(68,921),(76,975)]	29.357862
6	[(6,439),(12,108),(15,2033),(50,712),(58,680)]	31.688338
7	[(58,78)]	27.661428
8	[(24,552),(52,653),(81,391)]	29.806966
9	[(8,1101),(35,719),(37,1027),(49,2159),(52,490),(57,380),(84,772)]	29.037742
10	[(2,1731),(27,2103),(40,1651),(47,687),(74,666),(77,1019),(83,944)]	26.033445
11	[(23,786),(45,1802),(59,1988),(76,1578)]	27.546402
12	[(2,809),(64,81),(83,1192)]	26.519699
13	[(21,1),(47,79),(68,2063),(69,1494)]	26.024979
14	[(3,1888)]	25.902995
15	[(8,1211),(16,213)]	26.421141
16	[(16,1313),(24,1692),(55,2128),(80,22)]	26.188772
17	[(23,2057),(28,218),(45,1182),(88,1267)]	26.105726
18	[(3,1945),(14,2105),(21,1283),(25,865),(82,2195)]	25.850159
19	[(4,422),(83,1799)]	14.074495
20	[(6,2008),(35,1355),(37,655),(71,1354),(75,1674),(91,1248)]	13.258344
21	[(29,2109),(87,1145),(91,93)]	17.852657
22	[(3,1566),(39,900),(40,1458),(47,1911),(58,51),(71,466)]	16.168437
23	[(28,1198),(54,808),(69,1833),(81,609)]	13.203316
24	[(28,96),(31,1412)]	14.352039
25	[(7,239),(13,2057),(50,160),(63,1069),(76,622)]	13.456928
26	[(9,1614),(22,689),(65,389),(91,576)]	13.082326
27	[(22,1789),(52,2086),(57,41),(63,434),(73,1927)]	13.497633
28	[(19,573),(28,749),(65,965),(66,1790)]	13.190570
29	[(30,742),(50,866),(54,917),(67,2173)]	12.921784
30	[]	12.893466
31	[(2,41),(24,1622),(49,239),(51,1837),(84,1219)]	14.011639
32	[(46,878)]	14.158207
33	[(11,740),(38,1932),(50,1742),(53,778),(68,80),(90,502),(91,2238)]	13.747744
34	[(8,1316),(67,2137),(86,165)]	12.818733
35	[(9,2166),(20,279),(27,1225),(36,1188)]	13.897993
36	[]	13.236364
37	[(12,674),(41,1929),(45,849),(56,2115),(70,1225),(77,1966)]	14.137673
38	[(12,329),(37,1382)]	13.086285
39	[(72,1989)]	13.885018
40	[(2,600),(31,25),(38,749),(49,1402)]	13.140267
41	[(28,1591),(44,590),(53,608),(65,1775)]	14.301587
42	[(42,1019),(45,1242),(85,1382)]	14.120128
43	[(35,2126),(50,958),(55,1267),(79,1431)]	13.098601
44	[(16,866),(67,2203)]	13.413021
45	[(56,1883),(78,1216)]	13.722556
46	[(10,528),(11,2015),(22,2026),(64,1542)]	13.144934
47	[(14,2069),(16,630),(23,875),(42,747),(72,1830)]	13.113746
48	[(2,2037),(19,1188),(41,553),(72,2114)]	12.902562
49	[(26,2183),(53,993),(57,1820)]	12.849238
50	[(46,874),(50,1391),(87,1048)]	13.360862
51	[(14,1738),(55,1415),(71,1318)]	13.663783
52	[(21,1238),(42,2071),(45,837)]	13.638309
53	[(0,1490),(3,1906),(7,1985),(31,487),(60,476)]	15.033534
54	[(40,2065),(54,620),(71,2127),(85,53)]	13.173521
55	[(5,1179),(29,1750),(32,449),(54,1495),(64,1651)]	13.088058
56	[(41,936)]	14.812818
57	[(0,841),(1,640),(4,958),(39,2039),(46,482),(51,2068)]	14.198245
58	[(2,249),(48,1591)]	13.029527
59	[(20,240),(35,2104),(55,511),(63,257)]	12.874281
60	[(4,417),(8,1225),(30,323),(68,1664)]	12.971209
61	[(22,1463),(42,2066),(71,1252)]	13.019213
62	[(8,2247),(20,1652),(23,1919),(27,1400),(43,1632),(51,401),(65,2092),(72,1326)]	13.043350
63	[(52,1872),(73,501),(81,1358),(92,1216)]	12.945527
64	[(2,1715),(20,614),(72,1882),(79,1515)]	13.786877
65	[(21,1817),(73,527)]	13.634951
66	[(3,594),(20,1240),(60,929)]	12.914797
67	[(26,1362),(39,537),(44,197),(59,2031)]	13.852140
68	[(6,984),(8,70)]	22.312009
69	[(20,1712),(28,2018),(29,1860),(35,824),(50,907),(87,475)]	26.551554
70	[(87,1573)]	13.651961
71	[]	13.758746
72	[(9,885),(27,292),(31,611),(47,2117),(54,1147)]	13.175825
73	[(4,1178),(25,237),(32,1220),(73,1666)]	15.009472
74	[(42,458),(45,1438),(54,994)]	13.154439
75	[(10,906),(72,246)]	14.680170
76	[(81,1797)]	13.081802
77	[(49,919)]	12.779863
78	[(4,1096),(16,672),(19,1477),(34,1306),(57,84),(85,577)]	13.184218
79	[(1,1961),(8,1221),(15,671),(32,1001),(51,71),(87,1337)]	13.961007
80	[(23,1267),(42,1862),(71,2166),(90,656)]	13.530268
81	[(58,962),(70,968)]	13.836293
82	[(69,950)]	13.724172
83	[(19,833),(36,1455),(44,436),(59,641),(91,1873)]	13.546599
84	[(28,757),(41,740),(52,753),(56,26)]	13.443558
85	[(80,673),(82,749),(92,2049)]	13.298712
86	[(8,1148),(61,886),(88,616)]	12.829226
87	[(13,257),(28,839),(33,42)]	12.982683
88	[(12,2056),(44,392),(50,1298),(69,1798)]	12.897829
89	[(17,1478),(24,454),(69,109)]	15.021683
90	[(0,765),(8,2233),(26,216),(49,667),(55,1099),(61,7),(79,728),(81,1569),(87,237)]	22.115165
91	[(0,1751),(20,1609),(46,1858),(60,1611),(62,1111)]	13.190816
92	[(39,279)]	17.211539
93	[(1,1688),(5,900),(6,1458),(30,837),(37,1277),(41,1284),(48,151)]	17.606907
94	[(83,1161)]	13.399711
95	[(4,303),(34,88),(70,1340)]	13.715154
96	[(2,867),(12,246),(16,674),(17,1281),(38,1363),(71,1005)]	13.179172
97	[]	14.113855
98	[]	12.764713
99	[(11,1714),(35,1885),(41,1208),(83,201),(87,1117)]	12.887738
100	[(40,1707),(59,1135),(78,1552)]	13.964812
101	[(49,1142)]	13.132540
102	[(11,55),(74,421)]	13.055967
103	[(9,931),(11,894),(27,1978),(42,1472),(55,972),(69,845),(71,1563),(75,564)]	13.554630
104	[(26,628),(61,1546),(89,1950)]	12.825123
105	[(41,1786),(73,1264)]	12.920295
106	[(20,1291),(60,153),(77,703),(85,1940)]	12.850449
107	[(6,1492),(14,758),(54,713)]	12.971449
108	[(8,1199)]	12.805116
109	[(2,1707),(20,419),(23,1055)]	12.831996
110	[(4,1487),(20,1525),(45,1615),(62,833),(72,2200)]	13.015050
111	[(59,256),(80,872),(82,2140)]	13.028607
112	[(32,886),(66,385),(74,2088)]	12.854142
113	[(21,1178),(54,463),(62,1569)]	13.022364
114	[(29,1292),(40,650),(46,793),(54,1712),(75,876)]	13.356642
115	[(11,333),(28,1461)]	12.940318
116	[(58,1603),(62,943),(64,1927),(88,123)]	14.289294
117	[(7,1565),(92,618)]	13.256345
118	[(58,535),(70,1385),(92,1867)]	16.457505
119	[(4,193),(13,2096),(28,495),(54,743),(67,1025),(79,1317),(83,1480)]	14.153027
120	[(15,972),(90,1800)]	13.674306
121	[(0,1384),(22,541),(32,2220),(39,2093)]	13.604479
122	[(1,2102),(28,1076),(30,2124),(60,630),(80,1068)]	12.939047
123	[(9,1064),(21,1353),(50,701)]	13.245005
124	[(43,21),(61,1246),(76,1732),(86,725)]	15.724703
125	[(10,1732),(32,2031),(85,1515),(91,245)]	13.485805
126	[(15,1781),(19,1019),(35,1389)]	13.627024
127	[(2,1908),(15,1322),(30,441),(39,586),(50,62)]	12.770179
128	[(4,390),(20,481),(88,283)]	14.885631
129	[(9,1444),(83,1456)]	12.842286
130	[]	13.022795
131	[(1,1824),(6,2075),(8,202),(26,1126),(27,566),(37,1961),(51,485),(61,1421)]	12.814359
132	[(40,185),(50,1623),(91,405)]	14.109080
133	[(10,1255),(25,1283),(32,1526),(36,1030),(69,1125),(77,2055)]	13.266476
134	[(44,1912)]	13.086625
135	[(15,1896),(62,563),(81,506),(86,12)]	12.731672
136	[(27,506),(41,441)]	13.212229
137	[(63,522)]	12.707476
138	[(32,2073),(34,2181),(63,942),(64,1042),(91,75)]	13.198981
139	[(10,377),(43,1011),(71,1571),(90,211)]	12.735479
140	[(16,818),(36,2140),(38,1295),(81,817),(92,832)]	12.652813
141	[(1,857),(13,1150),(19,2226),(58,1159)]	12.982745
142	[(56,600)]	12.614905
143	[(21,1168),(43,1531),(62,371)]	25.639546
144	[(15,1678),(29,739),(31,1034),(71,1779),(79,1518),(91,71)]	19.929774
145	[(15,1536),(32,651),(65,249),(77,2102)]	13.705294
146	[(63,967),(80,138)]	12.899996
147	[(19,1294),(21,544),(69,2171),(80,1777),(92,49)]	12.880479
148	[(5,892),(19,2124),(24,620),(51,2106),(53,1560),(58,2110)]	12.675060
149	[]	13.158079
150	[(65,944),(73,702)]	12.780720
151	[(12,1091),(52,924),(87,148),(92,108)]	13.270439
152	[(0,1999),(23,1727),(27,975)]	12.763362
153	[(13,196),(25,1292),(38,1602),(53,1276),(66,490),(67,1485)]	12.690802
154	[(38,1562),(70,1854),(77,1681),(82,611),(83,1608)]	13.057291
155	[(8,2030),(22,1682)]	12.764468
156	[(34,287),(69,1782),(73,108)]	12.712272
157	[(19,2229),(35,372),(40,73),(92,1405)]	13.862670
158	[(17,1722),(25,0),(53,1599),(80,898)]	12.784673
159	[(25,736),(26,2033),(31,2233),(76,918)]	12.878704
160	[(48,931),(81,384),(84,353),(92,1826)]	12.777400
161	[(19,1026),(24,1420),(31,1658),(61,430)]	12.694732
162	[]	12.867856
163	[(2,1155),(52,742),(62,1019)]	12.765053
164	[(17,194),(30,675),(53,1504),(57,2139),(59,1886),(64,221),(68,487),(85,723)]	12.812067
165	[(0,442),(28,1757),(41,1833),(87,814)]	13.744999
166	[(46,831)]	18.181369
167	[(19,1933),(45,1796),(55,965),(63,158)]	15.013989
168	[(4,1993),(12,371),(41,672)]	13.151761
169	[(19,1570),(51,1856),(79,508)]	12.678093
170	[(1,267),(15,704),(16,626),(21,149),(31,1168),(69,1848)]	12.914407
171	[(13,318),(50,2240),(54,186),(86,100)]	13.679071
172	[(48,170)]	14.250054
173	[(17,1027),(65,215),(72,1892)]	12.954938
174	[(44,772),(88,101)]	12.935554
175	[(0,1570),(15,214),(31,2071),(60,1041)]	13.392562
176	[(45,2158),(46,298),(55,41),(78,1131)]	14.081718
177	[(71,56),(84,952)]	12.876734
178	[(10,409),(20,2021),(40,2020),(58,168)]	12.925966
179	[(61,1128)]	13.435370
180	[(62,314)]	13.146104
181	[(71,135)]	13.277227
182	[(11,1818),(44,2205),(56,1479),(76,1656),(81,2205),(85,779)]	12.832001
183	[(21,329),(72,1075)]	12.880488
184	[]	13.591181
185	[(8,1558),(45,1897)]	12.924227
186	[(11,1310),(22,2070),(67,1924),(68,1437)]	13.223336
187	[(32,2100),(54,1333),(84,948)]	12.966594
188	[(3,594),(4,1018),(23,950),(77,2230)]	13.014378
189	[(48,1104),(53,1223),(70,361),(80,501),(83,2201)]	12.859102
190	[]	13.082685
191	[(3,1610),(29,1444),(44,353),(65,1740)]	12.889598
192	[]	12.800492
193	[(30,480),(78,1863)]	13.479084
194	[(4,2043),(15,2218),(50,1595)]	13.035487
195	[(65,1249),(76,2176),(84,152),(88,1828)]	13.078535
196	[(7,1539),(31,18),(54,1712)]	13.205495
197	[(20,496),(39,1357),(73,1437),(78,1258),(84,1467)]	13.257094
198	[(87,1569)]	12.845378
199	[(17,1864),(20,21),(46,1235)]	15.771657
200	[(0,1811),(23,1881)]	14.087659
201	[(10,837),(31,1150),(61,2141),(73,475),(87,1339)]	12.989615
202	[(20,2066),(23,1902),(58,1610),(59,1512),(70,342),(75,939),(77,249),(83,431)]	14.696543
203	[]	12.892166
204	[(73,684),(84,188),(92,1118)]	12.856470
205	[(30,1053),(38,861),(39,112),(86,1304)]	13.257342
206	[(1,565),(53,1209),(58,558),(59,1229),(76,2231),(92,634)]	12.867010
207	[(7,114),(35,1242),(91,109)]	13.085728
208	[(34,967),(44,1450),(73,886)]	12.794014
209	[(84,1127)]	12.748880
210	[(10,1313),(32,1944),(53,244)]	13.122918
211	[(5,140),(13,2138),(27,1338)]	12.999374
212	[(7,2101),(27,16),(45,832),(59,2057),(90,1744)]	12.943731
213	[(16,1852),(32,1345),(42,311),(65,1925),(68,920),(86,313)]	12.766706
214	[(5,1104),(20,2047),(23,1871),(42,383),(44,869)]	12.934871
215	[(11,1655),(21,2077)]	13.091107
216	[(75,325)]	14.450523
217	[(9,1461)]	14.633489
218	[]	15.472591
219	[(22,1364),(46,2100),(67,364)]	17.437470
220	[(35,662),(56,571),(86,2225)]	25.881390
221	[(54,587)]	15.442607
222	[(8,1546),(55,1153)]	13.166666
223	[(45,1535)]	12.822481
224	[(6,1693),(8,1549),(34,2144),(56,201)]	12.903362
225	[(5,2239),(19,1432)]	12.913786
226	[(8,1761),(13,1070),(15,500),(61,1062),(69,1315)]	12.782507
227	[(25,2133),(38,143),(78,1914)]	13.596684
228	[(27,2022),(39,316),(78,433)]	12.902607
229	[(7,864),(38,1448),(60,570)]	12.731926
230	[(37,1293),(56,1552),(78,1902)]	13.295198
231	[(69,641),(76,1317)]	13.048763
232	[(58,459),(63,126),(64,1299)]	14.282227
233	[(17,2054),(37,1841)]	13.012619
234	[(21,601),(28,1189),(31,1845),(42,1829),(59,347),(61,1612)]	12.894385
235	[(5,1577),(24,469),(26,626),(35,1440),(60,1537)]	13.051088
236	[(45,1430)]	13.062577
237	[(18,1674),(27,424),(28,873),(43,1671),(83,775)]	12.975241
238	[(6,1362),(35,428),(82,1313),(91,1587)]	13.273951
239	[(4,1251),(24,1785),(33,1680),(85,804)]	15.884452
240	[(32,2238),(41,697),(57,1449),(60,192),(74,1611)]	18.592932
241	[(68,119),(78,579)]	13.582070
242	[(71,864)]	12.852286
243	[(15,1277),(18,292),(26,982),(64,35),(80,1179),(92,1373)]	12.745636
244	[]	13.578348
245	[(31,1602),(78,526)]	13.741666
246	[(27,136),(36,1589),(43,718)]	13.433507
247	[]	12.898600
248	[(46,1296),(68,902)]	12.836876
249	[(14,243),(61,977),(69,715),(77,2059),(78,207),(83,1040)]	14.022683
250	[(14,376),(16,1655),(55,1577)]	12.866892
251	[(25,1185),(50,339),(73,1957)]	12.943593
252	[(1,755),(14,272),(81,1591)]	12.711870
253	[(7,1293),(30,401),(39,1323),(49,150),(62,484),(69,849),(70,2244),(82,529)]	13.495489
254	[(15,1589),(24,332),(43,816),(67,217),(70,1572),(76,290)]	12.957885
255	[(17,868),(18,1524)]	12.893285
256	[(50,1045),(68,2161)]	13.469484
257	[(11,2112),(18,859),(36,1322)]	13.446427
258	[(35,284),(54,288),(61,560),(70,1135),(72,241)]	13.325368
259	[(0,296),(9,751),(17,1875),(41,1565),(44,1120),(67,863),(70,1336),(77,282)]	12.891343
260	[(6,1563),(53,1057),(77,1850),(89,587)]	13.009764
261	[(30,1007),(51,1775),(61,788),(78,1262)]	13.298073
262	[(40,1546),(49,505),(76,1851)]	12.779103
263	[(38,722),(66,1882),(86,1325)]	13.025372
264	[(7,72),(9,1133),(56,1605)]	13.150289
265	[(16,573),(67,812)]	12.718323
266	[(20,1349)]	12.907435
267	[(12,755),(52,872),(70,737),(71,387)]	13.027953
268	[(14,1104),(52,836),(72,524),(74,1228)]	12.691786
269	[(15,28),(67,954)]	13.204075
270	[(2,803)]	12.874623
271	[(31,1793),(60,1974),(85,1536),(91,138)]	12.927772
272	[(0,481),(56,1296),(74,544)]	14.159184
273	[(28,2195),(36,1076),(38,2124),(75,1494)]	14.249346
274	[(24,175),(47,1135),(61,1722)]	13.020392
275	[(14,1759),(16,2096),(35,201)]	12.860925
276	[(42,1726),(74,1314),(90,78)]	14.630199
277	[(24,2090),(41,1830),(74,805)]	13.084391
278	[(25,1733),(44,1122),(67,152)]	13.006004
279	[(63,844),(91,1067)]	12.892782
280	[(4,1522),(15,722),(32,1499),(34,1138),(73,1848)]	12.953881
281	[(31,695),(52,1634),(55,747),(59,1251)]	13.224899
282	[]	12.652438
283	[(0,901),(10,510),(56,2040)]	12.792363
284	[(21,1263)]	12.837007
285	[(21,2120),(41,23),(48,2075),(68,386)]	12.833431
286	[(6,119),(11,1007),(54,1050)]	12.827858
287	[(19,1167),(69,1132),(88,703)]	13.511148
288	[(73,527)]	12.811477
289	[(18,1481),(25,805),(66,1845)]	12.727016
290	[(1,1077),(43,626)]	12.757763
291	[(1,2151),(18,873),(19,1312),(23,327),(45,245),(60,2178),(92,1508)]	12.723298
292	[(58,748),(80,1579),(84,506),(87,1089)]	12.814159
293	[(1,655),(23,1858)]	12.791114
294	[(50,246),(57,377)]	13.156994
295	[(15,818),(35,250),(42,692),(70,237)]	14.666531
296	[]	19.234169
297	[(24,351),(52,2167),(58,1237),(71,1931),(76,103)]	25.310493
298	[(2,789),(61,2124),(63,2184)]	13.441690
299	[(16,527),(42,172),(46,2140),(62,1501),(84,886),(86,1453)]	12.908610
300	[(28,1467)]	13.390278
301	[(27,1016),(45,1006),(66,2143),(72,680)]	13.046841
302	[(73,2219),(86,855)]	12.925644
303	[(36,1687),(61,571)]	12.646854
304	[]	13.095696
305	[(56,530)]	13.701897
306	[(3,358),(7,1004),(37,1620),(54,532)]	12.605480
307	[(12,768),(46,17)]	12.763989
308	[(24,635),(27,932),(39,644),(49,1486),(50,534),(51,90)]	15.971297
309	[(7,2210),(17,1694),(77,1308)]	13.537399
310	[(32,980),(41,358)]	12.844908
311	[(17,392),(49,398),(57,1782),(83,1461)]	12.667279
312	[(18,757),(61,1186),(66,2021),(88,1322)]	13.381795
313	[(7,2232),(16,1300),(23,892),(67,2086),(82,1882),(87,1500)]	19.219570
314	[(45,2127),(87,2182)]	16.020037
315	[]	14.368697
316	[(9,377),(41,1033)]	13.925118
317	[(7,863),(58,1173),(78,601)]	17.219589
318	[(0,856),(20,1390),(39,1078),(68,1607)]	12.923619
319	[(8,1981),(51,290),(84,1619)]	13.261894
320	[(31,1137),(70,334),(71,354),(79,1781)]	12.767759
321	[(54,1550),(84,103),(89,1155)]	13.776775
322	[(12,984),(34,806),(52,2061),(54,1305),(60,713),(65,2009),(67,483)]	13.643069
323	[(7,1917),(58,473),(64,1344),(79,1004)]	13.450773
324	[(60,1810),(80,986)]	16.980149
325	[(41,1060)]	12.805492
326	[(39,174),(63,1025)]	15.835270
327	[(8,1727),(58,241),(69,706)]	12.832761
328	[(31,788),(54,1402)]	12.700466
329	[(11,1019),(15,355),(25,411),(48,1312),(92,2061)]	13.261699
330	[(14,363)]	13.043557
331	[(87,1028)]	13.385812
332	[(9,509),(21,2071),(32,752)]	12.723762
333	[(63,1350)]	12.986575
334	[(23,1056),(85,741)]	13.151386
335	[(87,2063)]	12.729048
336	[(7,201),(80,1811),(87,1283)]	12.959071
337	[(10,2112),(41,1180),(49,169),(63,1814)]	13.097521
338	[(22,766),(40,1076),(86,472)]	12.716427
339	[(1,1434),(76,784)]	12.900729
340	[(1,511),(35,2215),(64,2201)]	12.755381
341	[(32,1094),(44,1319),(45,921),(68,2138)]	12.879049
342	[(28,2234),(40,1647)]	12.901820
343	[(9,2010),(72,814)]	12.688420
344	[(32,1792),(85,953)]	12.802764
345	[(70,1441)]	14.676311
346	[(42,1579),(74,1161)]	16.103845
347	[(36,219),(38,2175)]	13.060070
348	[(24,500),(84,2210),(87,666)]	13.258238
349	[(34,1434),(41,630),(50,2157),(51,210),(80,166)]	16.212093
350	[]	13.549708
351	[(18,721),(72,1375),(86,81)]	13.623433
352	[(11,152),(33,864),(66,1962),(78,2098),(84,121)]	13.462051
353	[]	13.169864
354	[(31,1326)]	13.294676
355	[(2,1812),(31,1507),(66,843)]	12.749699
356	[(4,1704),(8,1173)]	13.173053
357	[(2,1661),(3,136),(44,150),(45,1239),(62,503)]	12.979026
358	[(24,1574),(41,18),(50,352),(68,995),(81,749),(83,900),(88,692)]	12.801083
359	[(8,249),(14,342),(65,1054)]	13.033201
360	[(17,1387),(50,1287),(90,76)]	12.953944
361	[(30,637)]	12.960603
362	[(1,2049),(27,2045),(30,1960),(34,1620),(47,132),(52,877),(74,1596)]	12.839526
363	[(43,1152),(61,1216),(81,880)]	12.725593
364	[(39,1742),(47,1434),(61,2188)]	12.962341
365	[(11,2072),(53,426),(68,1968),(69,550),(86,1489),(88,2211)]	12.837535
366	[(19,1752),(21,956),(25,737),(41,2234),(58,1463),(64,2020),(69,1840)]	12.985683
367	[(14,1791),(31,29)]	14.169217
368	[(9,1309)]	13.262747
369	[(6,2236),(14,393),(23,747)]	13.157003
370	[(23,2036),(31,2194),(80,1348)]	12.997491
371	[(26,922),(79,1911),(91,873)]	14.566847
372	[(70,1242)]	25.904520
373	[(27,351),(31,1724),(55,405),(69,752),(88,1985)]	17.542045
374	[(16,1160),(74,423)]	13.735094
375	[(0,103),(16,1446)]	13.482227
376	[(22,385),(25,736),(26,2033),(41,43)]	12.881255
377	[(54,212),(58,753)]	14.866926
378	[(13,1069)]	13.101383
379	[(6,2000),(20,920),(92,342)]	12.818153
380	[(24,2078),(51,1877)]	13.056622
381	[]	13.207713
382	[(25,1160),(27,1775),(63,36)]	13.094776
383	[(12,1265),(38,242),(55,1750),(61,2147)]	13.069133
384	[(13,1392),(45,606),(63,298),(76,1751)]	13.293246
385	[(0,2067),(6,372),(84,1273)]	20.190643
386	[(23,1670),(40,1361),(58,1102)]	18.972136
387	[(30,1124),(42,912)]	14.435637
388	[(8,2182),(33,2032)]	13.322484
389	[]	12.820595
390	[(15,1606),(20,1033),(24,190),(52,94)]	12.884636
391	[(6,1997),(73,91)]	13.309150
392	[(58,1209),(59,129),(80,1075),(83,589)]	14.070676
393	[]	15.945623
394	[(41,824),(53,1135),(73,1619)]	13.314141
395	[(39,1308),(42,1710),(45,1572),(54,246),(80,1175),(81,298)]	18.528488
396	[(32,282),(45,2096),(48,170),(77,138),(91,1859)]	13.027544
397	[(26,458),(58,160),(65,32)]	12.961847
398	[(50,515)]	12.688609
399	[(35,2119),(36,4),(67,503),(71,1111),(83,1516)]	12.894534
400	[(10,544),(66,1197)]	14.435475
401	[(7,630),(28,1451),(31,1718),(38,872),(58,552)]	15.011049
402	[(13,1698),(87,1779)]	13.153321
403	[(49,124),(63,976),(65,2220),(86,2180),(89,603)]	13.179597
404	[(56,1520),(87,2071)]	13.127550
405	[(67,1751)]	13.220804
406	[(6,1381),(15,1310),(52,813),(55,1955)]	12.904796
407	[(25,656),(64,1047)]	12.845379
408	[(56,1520),(82,374)]	13.075009
409	[(72,778)]	13.676466
410	[(4,114),(27,590),(34,2244)]	12.954949
411	[(14,994),(65,741),(86,1925)]	18.783209
412	[(29,299),(88,1737)]	12.892865
413	[(5,2033),(6,115)]	13.353253
414	[(6,507),(25,601),(56,194),(64,379)]	13.305228
415	[(2,2119),(46,1384)]	14.491279
416	[(70,1427),(91,1231)]	15.746423
417	[(9,2014),(29,1896),(67,304),(75,106),(92,2219)]	15.101838
418	[(9,259),(29,1928),(45,1071),(83,1790)]	14.563323
419	[(16,1141),(49,1438),(58,1925),(70,599),(86,1543)]	13.097775
420	[(43,1543),(63,1985),(84,1516)]	12.789441
421	[(14,908),(33,1763),(34,830),(36,400),(48,1805),(89,363)]	15.984371
422	[(1,1050),(33,2021),(44,573)]	12.798981
423	[(7,1979),(57,1355),(72,2041),(81,1761)]	12.920884
424	[(3,1448),(24,392),(90,1321)]	13.138023
425	[(82,725)]	13.550933
426	[(27,197),(41,1677),(48,2030),(68,21)]	13.001225
427	[(16,2062),(42,2226),(48,1713),(63,351),(70,1219),(74,1254)]	12.968546
428	[(17,716),(33,430)]	13.617555
429	[(5,1825),(24,1661),(25,136),(30,873),(31,1312),(48,625)]	13.465633
430	[(6,2011),(13,1419),(46,732)]	13.459395
431	[(22,2076),(44,1526),(88,892)]	12.692193
432	[(9,2170)]	13.669565
433	[(31,199),(33,1908),(41,328),(65,1837),(90,11)]	12.933835
434	[(64,674),(86,2166)]	12.854356
435	[(27,1294),(48,2063),(86,1804)]	14.954917
436	[(76,2105)]	12.922554
437	[(28,1211),(30,1170),(48,1011),(69,86),(86,864)]	13.157265
438	[(44,1703),(88,1173)]	13.092062
439	[(17,2058),(66,1928)]	12.831533
440	[(33,1561)]	14.131072
441	[(17,110),(28,766),(42,706),(63,938),(72,753),(92,2247)]	12.934777
442	[(8,1307),(50,2199)]	12.798742
443	[(14,884)]	12.704130
444	[(74,479),(86,2210)]	13.225429
445	[(37,681),(75,1184),(89,1254)]	14.023041
446	[(40,2166),(82,178)]	25.708524
447	[(43,1189),(56,256),(64,1992),(67,361),(68,669)]	18.140648
448	[(6,222),(51,541),(64,2221),(91,50)]	13.660136
449	[(14,1005),(17,1160),(45,770)]	13.410788
450	[(15,1417),(28,1119),(47,984),(87,1857),(92,569)]	13.045297
451	[(80,304),(90,1438)]	12.818728
452	[(32,0),(56,1662),(79,827)]	13.455197
453	[(24,63),(35,1355),(47,1123),(59,2117),(89,796)]	12.765179
454	[(32,1557),(69,1492),(70,1810)]	13.348043
455	[(70,917),(76,1118),(83,240),(86,2213)]	12.927002
456	[(7,719),(15,1472),(22,316),(65,751),(86,1570)]	13.047539
457	[(7,1543),(40,525),(51,891)]	18.444422
458	[(18,243),(28,981),(40,1236),(52,36),(75,124)]	18.905570
459	[(16,1724),(45,1431),(52,432),(76,593),(77,84),(88,753)]	13.245634
460	[(9,1094),(40,10),(85,2234)]	12.830673
461	[(38,1048),(48,344),(77,692)]	12.874567
462	[(9,497),(48,268),(53,2239)]	12.876930
463	[(20,443)]	13.635551
464	[(38,710),(73,1970),(75,1015)]	12.976218
465	[(0,504),(5,876),(11,1637),(37,1070),(50,2011),(59,36),(73,2183),(88,1379)]	12.857218
466	[(21,2154),(44,908),(85,401)]	12.910706
467	[(4,604),(39,250),(56,377),(65,1656),(92,2135)]	12.930825
468	[(35,571),(48,1819),(57,1410),(58,1350),(63,831),(74,1014)]	13.505873
469	[(13,1913),(19,345),(45,170),(75,1167)]	13.301195
470	[]	13.247968
471	[(14,441),(51,1633)]	12.922314
472	[(44,1852)]	13.155058
473	[]	12.766108
474	[(6,2084),(81,880),(86,2163)]	14.145203
475	[(7,715),(8,1649),(17,40),(54,1368),(60,2173)]	13.055140
476	[(6,460),(10,1957),(22,1503),(26,7),(64,271),(70,878)]	13.064614
477	[(37,375),(46,1518),(58,1200)]	18.290285
478	[(14,2235),(26,204),(31,776),(53,1098)]	13.034051
479	[(2,149),(62,1906),(63,337)]	12.855183
480	[(11,566),(23,1168),(27,1160)]	12.871742
481	[(2,2037),(30,1891),(55,1170),(89,2021)]	17.145807
482	[(27,537),(59,2243),(85,1954)]	12.695258
483	[(48,1007),(50,335)]	13.062470
484	[(38,1359),(60,518)]	13.977989
485	[(5,171)]	12.752062
486	[(15,834),(34,1762),(90,1597)]	15.101432
487	[(42,432),(64,741),(70,2176),(80,779)]	13.692651
488	[(0,1094)]	13.497937
489	[(12,1678),(39,1103),(44,1892),(47,1228)]	12.965935
490	[(6,90),(15,533),(43,1273),(70,1787)]	15.772474
491	[(17,1864),(26,2044),(45,416),(78,478),(79,1167)]	13.190704
492	[]	12.674979
493	[(54,955),(89,1360)]	14.761329
494	[(17,1309),(23,929),(38,1260),(56,288),(57,530)]	13.765308
495	[(9,1398)]	12.787470
496	[(0,658),(9,386),(33,982),(54,1732)]	13.338845
497	[(57,562),(81,1616)]	13.249307
498	[(30,359),(35,1309)]	13.380251
499	[(10,653),(17,1467),(40,276),(50,919),(66,127),(90,163)]	13.098972
500	[(44,1960),(76,364)]	14.059263
501	[(53,350)]	14.174252
502	[(20,102),(35,678),(53,1277),(57,1846),(76,839),(85,1113)]	15.122442
503	[(36,856)]	13.636611
504	[(16,932),(24,1077),(45,2074)]	13.962696
505	[(66,1791),(68,1418),(81,2203)]	13.681445
506	[(4,513),(7,1608),(11,1438),(54,952)]	13.963199
507	[(6,1668),(30,267),(77,428)]	14.679059
508	[(21,1959),(74,1806)]	13.371392
509	[(45,1706),(67,1909),(92,1623)]	13.157455
510	[(50,507),(69,857)]	13.828612
511	[(4,560),(26,1369),(31,1698),(52,779),(58,630)]	13.041653
512	[(74,1441)]	12.876533
513	[(14,115),(23,2055),(30,1957),(35,1292),(67,2175),(76,2075)]	12.939263
514	[(33,1973)]	12.922599
515	[(12,429),(34,851),(87,1203),(90,360)]	14.244989
516	[(9,1976),(12,44),(22,1210),(27,6),(46,1279)]	13.814586
517	[(52,1016),(67,44)]	13.197413
518	[(34,1393),(53,1893),(54,262),(62,527),(80,1596),(90,1028)]	15.880602
519	[(35,1650),(40,135)]	13.080684
520	[(24,371),(34,1008),(71,1963)]	21.237532
521	[(16,1084),(21,290),(26,275)]	23.498363
522	[(34,64),(68,241),(81,2177)]	13.196009
523	[(62,466),(82,1256),(91,2064)]	12.933601
524	[(7,875),(14,934),(54,1322)]	13.897707
525	[(35,621),(47,1361),(84,1584)]	12.986854
526	[(38,1768),(89,1579)]	12.965463
527	[(15,546),(45,1286)]	13.235626
528	[(51,1478),(74,837)]	14.446599
529	[(15,1887),(30,1285),(55,662),(79,627)]	17.736411
530	[(23,1277),(69,953),(87,551),(89,1738)]	15.286518
531	[(25,108),(51,1511),(52,1481),(83,1178)]	16.383199
532	[(13,980),(46,943),(57,1354)]	13.204427
533	[(9,833),(18,1719),(88,384)]	16.255764
534	[(4,475),(57,403),(64,2233)]	15.004020
535	[]	14.600358
536	[(4,420),(22,1991),(28,187),(62,2223),(63,1726)]	13.247795
537	[(10,663),(25,2021),(38,1369),(40,1339),(47,1827),(58,2211)]	13.140418
538	[(2,162),(14,2167),(42,391),(78,467)]	13.093903
539	[(66,146),(83,1771)]	13.625273
540	[(15,704),(52,526),(58,40),(68,2171)]	13.107844
541	[(40,1594),(81,1621)]	13.245670
542	[(2,1971),(10,2073),(22,1792),(25,1084),(27,851),(86,774)]	17.339141
543	[(4,560),(17,1750),(29,295),(55,1475),(73,2146)]	15.222836
544	[(33,184),(84,132),(88,1890)]	13.748029
545	[(67,1092),(84,1967)]	13.119925
546	[(21,1578),(30,2145),(50,195),(82,2092)]	13.393417
547	[(6,1515),(12,819),(48,122),(67,2157),(74,305),(88,755)]	12.907868
548	[(32,1057),(75,2009),(91,530)]	13.113956
549	[(5,1756),(68,386),(81,1054),(86,1003)]	13.154771
550	[(12,1701),(14,2187),(22,1168),(34,466),(39,1235),(57,1086)]	12.757548
551	[(31,774),(32,2124),(76,2028)]	13.088200
552	[]	12.901927
553	[(13,1087),(61,355),(66,1742)]	12.872683
554	[(21,1693),(39,2174),(48,1045),(77,1389)]	12.857736
555	[(3,881),(28,56),(36,966),(61,2052),(87,1866)]	12.746925
556	[(10,1661),(29,653),(37,883)]	12.962330
557	[(37,2074),(38,2057)]	13.158841
558	[(76,228)]	13.659176
559	[(18,1382),(37,1834),(58,609),(87,222)]	12.950978
560	[(57,1323)]	13.332939
561	[(77,1561),(87,1153)]	12.881131
562	[(15,773),(49,2186),(76,476),(89,1638)]	15.701484
563	[(63,195),(88,1419)]	12.982508
564	[(25,614),(32,1056)]	13.153330
565	[(33,442),(43,376),(47,187),(72,1619)]	14.911080
566	[(8,163),(19,2073),(39,1615),(52,269),(76,1792),(83,1273)]	13.037633
567	[(2,944),(8,1832)]	13.064521
568	[(4,1324)]	13.025628
569	[(35,1138),(37,67),(87,1917)]	12.897863
570	[(48,585),(68,544)]	13.055001
571	[]	12.919561
572	[(27,1989),(36,1115),(61,1395),(84,2073)]	12.872298
573	[(21,1015),(30,482),(40,1470)]	12.863593
574	[(3,1084),(36,1157),(50,1816)]	12.933690
575	[(13,1372),(30,584),(53,770)]	12.818715
576	[(40,999),(65,2022)]	13.531754
577	[(6,952),(33,1315),(60,1116)]	12.943793
578	[(36,282),(53,712)]	13.189316
579	[(60,15),(86,1248),(91,1209)]	12.774083
580	[(26,1181),(36,1194),(64,1178),(69,1224),(70,33)]	13.022764
581	[(4,445),(38,820),(60,901),(71,2204)]	12.731804
582	[(10,606),(16,1803),(22,1621),(23,1031),(28,150),(29,1239),(32,234),(38,1286),(42,77)]	13.508042
583	[(11,1032),(22,1717),(38,1429),(78,1770)]	13.081226
584	[(10,1230),(36,1780),(41,2149)]	12.792844
585	[(33,116),(65,641),(91,2137)]	12.836679
586	[(39,1369)]	12.651703
587	[(60,2113)]	12.920159
588	[(4,189),(31,1163),(52,1775),(77,189)]	12.846237
589	[(4,1264),(23,2193),(31,1877)]	12.815063
590	[(12,707),(88,2229),(92,908)]	12.804963
591	[(26,1755),(35,1664),(54,1132)]	12.893205
592	[(25,2046),(59,1071),(61,872)]	12.765048
593	[(65,204),(76,1025),(85,1694)]	13.480966
594	[(10,1310)]	13.069243
595	[(76,1855)]	13.098129
596	[(42,1506),(61,703),(69,900),(70,1458),(71,127),(89,1618)]	25.209626
597	[(1,479),(7,586)]	19.748024
598	[(3,1352),(4,607),(38,1184)]	13.032068
599	[(2,1463),(14,1785),(20,1909),(30,79),(63,1700)]	12.810672
600	[(29,1772),(30,672),(42,1585)]	13.369029
601	[(60,251),(80,2242)]	15.815226
602	[(37,94),(41,1387),(67,2068)]	18.373823
603	[(24,1254),(81,120),(82,1914),(91,1767)]	14.217241
604	[(52,2229),(68,475),(74,1673),(77,1913),(86,965),(87,1790),(91,1761)]	13.568659
605	[(59,2017),(68,67),(88,383)]	13.062758
606	[(21,911)]	13.533512
607	[(32,1662),(57,1277),(61,1920),(69,1885),(82,1285),(91,707)]	13.814813
608	[(7,290),(26,1074)]	13.284814
609	[(64,189),(80,1116)]	13.110881
610	[(27,1950),(30,649),(38,947),(64,1749)]	13.017265
611	[(1,1733),(54,438),(90,1277)]	12.852207
612	[(64,80)]	12.754906
613	[]	12.872488
614	[(32,979),(56,1531)]	13.875438
615	[(33,971)]	14.258060
616	[(57,88),(73,185),(88,1085)]	13.553594
617	[(16,1870),(40,1311),(63,559),(74,1639)]	14.386648
618	[(53,1198)]	15.978011
619	[(4,1824),(13,2229),(22,1604),(38,888),(72,1534)]	13.020738
620	[(12,1567),(16,1588),(42,645)]	13.013190
621	[(1,2029),(50,1724),(63,1492),(76,1553),(78,632),(79,1086)]	12.898323
622	[(2,1614),(35,640),(53,959)]	14.137602
623	[(62,1441)]	14.245208
624	[(14,1406),(27,1786),(67,1310)]	12.787902
625	[(58,2189)]	13.525117
626	[(6,106),(18,1410),(19,1350),(28,2158),(51,632),(52,2171)]	14.555382
627	[(4,531),(6,780),(74,591),(90,1902),(91,260)]	14.534880
628	[(13,632),(14,1086),(19,1194),(36,998),(42,1862),(53,1202),(63,1363),(90,1537)]	14.523807
629	[(68,183)]	14.511257
630	[(7,986),(22,2095),(31,715),(39,1724),(52,273)]	14.688870
631	[(18,925),(25,1031),(31,97)]	15.284200
632	[(40,1368),(88,462),(90,2137)]	15.172454
633	[(46,2109),(52,448),(60,1615)]	14.477405
634	[(16,472),(28,1660),(72,1867)]	14.683829
635	[(61,321),(73,2083),(76,292)]	15.769287
636	[(52,1087),(57,1342)]	13.157157
637	[(0,2096),(87,1518)]	14.429481
638	[(33,1289),(37,737)]	13.976649
639	[(21,1360),(74,1900)]	13.193077
640	[(2,505),(58,20)]	13.112182
641	[(29,769),(34,897),(35,155),(39,1763),(60,1376)]	13.749309
642	[(39,2072),(43,1040),(49,1238),(54,1293),(84,640)]	12.819570
643	[(9,216),(46,2129),(66,477)]	12.932168
644	[(36,1681),(44,2081)]	12.983763
645	[(8,396),(53,313)]	12.846095
646	[]	12.923993
647	[(19,1116),(24,991)]	13.208119
648	[]	13.397306
649	[(66,277),(67,251)]	13.699763
650	[(7,124),(12,1633),(29,961)]	12.963279
651	[(6,879),(66,538)]	17.937949
652	[(10,357),(58,788),(63,1678)]	12.939601
653	[(9,81),(12,2050),(64,851),(77,269)]	12.926959
654	[(9,1287),(77,309),(84,459)]	14.480307
655	[(5,1172),(26,2246),(28,1597),(30,1965),(39,1802),(54,845),(64,532),(83,1263)]	13.182165
656	[(1,1803),(16,26),(19,321),(48,36),(60,2110),(69,108)]	13.049128
657	[(9,830),(52,1259),(62,1491),(66,1877)]	12.977099
658	[(10,133),(87,270)]	12.916456
659	[(34,1511),(35,1481),(48,459),(78,2171),(88,816)]	12.940452
660	[(21,1368),(26,2152),(30,1159),(56,1585),(91,359),(92,549)]	13.067035
661	[(16,83),(62,1100),(73,249),(91,1605)]	13.375763
662	[(44,1961),(50,250),(89,44)]	13.445977
663	[(60,1673)]	13.103210
664	[(1,376),(58,363)]	12.783745
665	[(5,443),(53,1127),(89,367)]	12.872408
666	[(0,1406),(78,659)]	13.548583
667	[(83,365)]	13.038448
668	[(9,1962),(13,1963),(30,407),(54,248),(56,2090),(60,1751),(86,136)]	13.517733
669	[(14,2105),(88,1131)]	13.176590
670	[(5,1774),(33,1253),(52,502),(53,2238)]	22.104085
671	[(20,1526),(75,1196),(76,609),(85,1821),(88,371)]	23.271977
672	[(21,358),(47,1858),(77,1488)]	13.565921
673	[(1,2069),(6,1772),(34,850)]	17.155476
674	[(3,968),(14,943),(34,1502),(52,119),(87,2052)]	16.228308
675	[(10,1068),(17,1363),(86,2193)]	13.987551
676	[(1,83),(8,470),(35,2052),(58,1893),(91,1806)]	13.149994
677	[(20,955),(28,907),(57,1528),(82,2064)]	12.915274
678	[(12,978),(23,1882),(55,2073),(58,2008)]	13.072309
679	[(19,1267),(59,1978),(71,923),(83,1230)]	12.800007
680	[(80,1922)]	12.895228
681	[(12,1482),(55,1366),(66,414),(69,288),(90,468)]	13.309444
682	[(6,1347)]	13.433665
683	[(12,1069),(32,1192),(65,1712)]	13.293701
684	[(25,2041),(28,1523),(44,1905),(51,1399)]	15.301588
685	[(39,1481)]	13.435368
686	[(13,1948),(33,897)]	13.404218
687	[(4,1553),(5,421),(10,563),(72,1819)]	12.871291
688	[(50,1294),(56,2118),(87,2045)]	13.053217
689	[(1,259),(4,1631),(33,1590),(39,2104),(77,2076)]	12.782918
690	[(39,1627),(50,1482),(66,1152),(91,1873)]	12.993354
691	[(38,544),(55,1137),(59,488)]	12.967369
692	[(1,2135),(64,1809),(76,1853),(91,1230)]	13.097140
693	[(13,278)]	12.810233
694	[(21,137)]	12.967714
695	[(11,279),(51,627),(74,256),(89,1565)]	14.005176
696	[(32,605),(36,1828)]	12.890461
697	[(6,1735)]	13.372372
698	[(16,327),(29,1533),(47,1283)]	14.028210
699	[(65,415)]	13.072784
700	[(7,2182),(38,1189),(79,481),(87,659)]	14.075514
701	[(36,130),(44,259),(48,1734),(50,284)]	12.809634
702	[(15,396),(27,871),(40,2162),(71,533),(75,100)]	13.277328
703	[(20,1016),(47,236)]	12.840160
704	[(3,536),(38,1015),(62,1626),(79,2059)]	12.701209
705	[(60,1465),(61,800),(76,2203)]	13.141998
706	[(6,688),(51,1772),(52,672)]	12.722565
707	[(52,2215),(53,342),(57,502)]	13.021368
708	[(69,77)]	15.431351
709	[(37,1854),(53,1680)]	13.149987
710	[(17,295),(61,1338)]	13.477391
711	[(0,1298)]	14.970377
712	[(10,425),(72,1269),(79,409),(86,907)]	12.979225
713	[(24,186),(40,1074),(45,1632),(57,244),(82,2123),(84,1420)]	13.324008
714	[(1,1239),(53,301),(69,1019),(74,1946),(92,1831)]	13.211747
715	[(5,71),(8,1024),(63,342),(66,1589)]	13.500923
716	[(13,1462),(26,2132),(54,1503)]	14.224770
717	[(6,1627),(17,315),(33,1112),(35,1102),(54,277),(55,251),(74,869),(80,0)]	13.470180
718	[(66,22),(76,37)]	16.203984
719	[(9,571),(16,1093),(28,724)]	13.092626
720	[(10,29),(13,2200),(40,505),(76,881)]	13.500449
721	[(37,637),(50,845),(56,310),(82,2146)]	13.250538
722	[(1,1379),(6,1799),(21,657),(47,891)]	13.961287
723	[(18,987),(27,1294)]	13.079156
724	[(17,384),(43,1144),(51,244),(66,997),(78,116)]	13.181841
725	[(52,1176)]	12.712267
726	[(5,38),(13,1475),(67,138)]	12.907145
727	[(10,1595),(43,1438),(61,1339),(81,1423)]	14.258833
728	[(36,791),(57,2211)]	13.024776
729	[(18,1499),(62,318)]	13.412314
730	[(34,2239),(51,1066),(77,1823),(91,665)]	12.750568
731	[(9,39),(14,222),(91,1728)]	12.802486
732	[(14,1089),(59,991),(70,865),(83,247)]	12.766239
733	[]	13.075604
734	[(38,1660),(88,1867)]	12.861154
735	[(14,1075),(17,862),(21,1776)]	13.420532
736	[(18,789),(26,1365),(85,1102),(89,527)]	13.351488
737	[(35,841)]	12.875499
738	[(39,1223)]	13.116563
739	[(36,664)]	13.682491
740	[(73,551),(76,1044)]	12.912038
741	[(10,362),(21,755),(37,391),(69,115),(90,1656)]	12.923669
742	[(91,1221)]	12.758019
743	[(11,810),(19,225),(33,1874),(39,1929),(50,2156),(52,341),(84,1716)]	17.520736
744	[(7,384),(10,589),(33,372),(83,193)]	14.735659
745	[(34,1766),(61,1843)]	30.484740
746	[(23,1288),(51,1811),(58,2185),(74,2140)]	34.901959
747	[(2,1970),(78,2240)]	28.588419
748	[(29,2046),(39,1835),(48,1997),(70,968),(82,1764),(85,2057)]	27.009116
749	[(65,1885)]	27.263983
750	[(44,1201),(65,776),(92,1712)]	28.175276
751	[(21,28),(24,1408),(43,2207)]	25.999221
752	[(7,625),(28,1378),(40,2146),(49,1357),(59,1764),(61,1418),(88,284)]	25.566276
753	[(29,1406),(44,83),(65,2066)]	26.712566
754	[(27,1299),(54,1290),(68,834)]	22.781807
755	[(17,1214),(32,1228),(46,855)]	25.187184
756	[(0,1465)]	24.682005
757	[(29,1045),(33,794)]	26.758213
758	[(24,1797),(30,1057),(57,1571)]	22.791242
759	[(21,2115),(82,971)]	25.055096
760	[(3,1974),(7,1657),(11,2050),(21,1847),(25,1812),(59,259),(73,2137),(83,853)]	25.529608
761	[(25,1248),(29,1950),(41,1412),(83,1894),(86,339)]	25.448003
762	[(80,1050)]	25.401654
763	[(16,792),(40,1863),(69,1762)]	25.335120
764	[]	27.924994
765	[(4,2144),(64,324),(79,1779)]	26.075622
766	[]	25.579943
767	[(47,1661),(60,1343),(89,2006)]	25.708217
768	[(19,1855),(84,494)]	25.479855
769	[(13,712),(88,1022)]	25.623315
770	[(11,792),(51,1205),(62,1764),(65,2057)]	25.580352
771	[(5,2047),(18,153),(56,338),(85,1742)]	25.555110
772	[(9,247),(15,147),(42,510),(48,1536),(75,550),(82,607)]	25.634804
773	[(36,1166),(49,465)]	26.244365
774	[(20,321),(26,1329),(44,1384),(78,2185)]	26.217186
775	[(83,249)]	25.689960
776	[(47,1654),(92,874)]	25.793999
777	[(13,120),(39,501)]	25.667323
778	[]	25.732983
779	[]	26.806372
780	[(3,2222),(33,1364),(44,1044),(45,1143),(84,28)]	23.868834
781	[(6,1861),(20,1238),(35,732),(44,649),(79,420),(83,431),(90,1098)]	24.681219
782	[(36,1204),(76,2028)]	24.778997
783	[(37,1213),(56,2017)]	25.426686
784	[(25,1802),(26,1325),(30,1481),(71,417),(82,1667)]	27.464594
785	[(82,2204)]	26.500872
786	[(9,966),(31,1947),(47,2020),(59,515)]	29.524435
787	[(54,852),(65,1652),(72,740),(89,1990)]	25.906465
788	[(57,2220)]	26.505064
789	[(59,1235),(66,34)]	29.997689
790	[]	24.854348
791	[(8,1046),(39,1912),(50,1744),(74,758)]	26.143799
792	[(2,692),(18,1301)]	26.531659
793	[(53,1687),(64,329)]	28.265978
794	[(2,493),(7,1326),(73,2165)]	28.082647
795	[(20,1323),(22,1355),(26,1925)]	27.990925
796	[(5,1545),(48,596),(91,479)]	25.686709
797	[(2,1363),(18,822),(19,523),(43,483),(85,2054)]	25.349587
798	[(27,1237),(42,1367),(44,866),(83,1923)]	25.083692
799	[(20,798),(77,273)]	24.890251
800	[(47,739),(58,67),(61,1109),(89,56)]	27.556397
801	[(29,1427),(41,1090),(53,568),(54,1975)]	23.220845
802	[(1,1980),(4,2180),(13,59)]	25.517458
803	[(5,1877),(7,1147),(11,270),(20,987),(29,791),(36,1346),(43,1449),(56,626),(86,761)]	28.800798
804	[(10,2013),(16,335),(44,852),(60,1152),(72,419)]	27.078615
805	[(80,606)]	27.950452
806	[(60,1410),(61,1350)]	23.603513
807	[]	25.381374
808	[(11,1101),(14,999),(45,543),(57,1503),(69,837)]	28.939738
809	[(12,1551)]	25.435799
810	[(45,658),(51,1212),(59,519),(71,361),(80,1801)]	27.988630
811	[(23,651),(33,1646),(57,1353)]	26.406893
812	[(44,262),(91,1632)]	26.781928
813	[(31,359),(57,1212)]	26.251103
814	[(11,2243),(67,180),(81,1388),(85,1679)]	29.255789
815	[(0,270),(2,1187),(37,91),(38,1496),(79,2178)]	27.167314
816	[(62,395),(66,2043)]	27.993514
817	[(3,469),(38,834)]	28.710555
818	[(0,1424),(11,393),(61,263),(73,824)]	27.572385
819	[(2,1453),(77,1217)]	28.560547
820	[(13,433),(57,890)]	25.547697
821	[(24,1979),(41,528),(56,180),(69,516),(80,1277),(89,1659)]	28.097542
822	[(4,2142),(86,1137)]	26.785512
823	[(3,534),(4,1365),(47,395)]	25.856235
824	[(8,1605),(9,2008),(17,414),(31,1743),(43,1272),(54,494),(68,1504),(70,1636)]	25.484782
825	[(39,2196),(73,1918)]	26.460443
826	[(82,646)]	29.437949
827	[]	26.039986
828	[(26,201),(54,1332),(56,1589),(87,1196),(88,609)]	26.160742
829	[(15,969),(70,1881),(82,2007)]	26.511312
830	[(20,1733)]	26.397203
831	[(86,199),(92,1586)]	25.516890
832	[(1,143),(23,1462),(25,735),(26,1217),(88,1259)]	25.440149
833	[(9,814),(23,1116),(55,816),(66,1610),(82,1737)]	25.443103
834	[(13,718),(51,1989),(68,1661),(69,136)]	25.639294
835	[(1,352),(11,319),(15,2201),(91,1961)]	25.467187
836	[(39,1014)]	26.022184
837	[(29,1382),(46,141),(68,228)]	25.970432
838	[(6,923),(8,1179),(68,332),(70,690)]	25.420650
839	[(52,1463)]	25.458542
840	[(20,520),(42,1654),(44,1452),(48,1012)]	26.940613
841	[(0,1730),(10,133),(69,256)]	27.326175
842	[(4,2014),(12,1405),(25,1512),(38,625),(46,10),(48,1864)]	27.398743
843	[(12,1175),(15,1757),(53,1868)]	23.076790
844	[(18,1034),(27,1673),(74,1612),(80,2129),(87,1110)]	25.132728
845	[(33,1241),(46,829),(56,1206),(63,1954)]	26.282328
846	[(81,975)]	25.312018
847	[(40,1124),(42,458),(79,1282)]	24.959023
848	[(31,400),(59,1988),(78,2178),(84,1951)]	24.743117
849	[(8,655),(28,2193),(32,31),(34,27)]	25.181693
850	[(45,52),(69,988),(90,950)]	24.781474
851	[(1,244)]	26.276549
852	[(26,857),(40,634),(65,1193),(78,1923),(80,344)]	25.794776
853	[(40,856),(55,820),(74,2069),(88,986),(89,1402)]	27.676335
854	[(58,494)]	25.311872
855	[(11,1700),(27,2148),(30,655),(40,1722),(51,1717),(59,1791),(90,1588)]	26.108257
856	[(12,2233),(27,1750),(53,1698)]	25.374484
857	[(41,683),(43,1194)]	25.307868
858	[(33,1794),(76,1373)]	25.781105
859	[(11,564),(33,1409),(84,1548)]	24.996733
860	[(61,6),(80,371)]	26.918386
861	[(34,53),(71,217)]	25.323781
862	[(14,233),(67,1901),(76,975)]	25.103317
863	[(43,1756),(79,393)]	26.271922
864	[(27,2220),(39,2112),(45,1612)]	26.150266
865	[(10,2098)]	25.670065
866	[(58,1347),(67,1938)]	26.459720
867	[(0,1862),(64,1323),(68,417),(82,889)]	23.347400
868	[(31,512)]	26.175738
869	[(9,1977),(43,595),(73,935)]	27.595047
870	[(14,1041),(28,1950)]	31.031530
871	[(19,130),(30,863),(33,357),(43,1850),(68,285)]	29.106331
872	[(3,441),(51,1985),(59,833),(64,57),(73,2071)]	27.739876
873	[(22,1589),(60,2050)]	25.810088
874	[(5,1436),(39,1942)]	25.329529
875	[(2,7),(4,1410)]	24.797661
876	[(21,1197),(45,1865),(49,716),(80,2020)]	25.011084
877	[(16,2022),(30,1045),(54,796)]	24.938295
878	[(24,217),(43,1923)]	24.533295
879	[(12,7),(39,2126),(43,1913),(49,725)]	27.969437
880	[]	25.546469
881	[(2,1695),(8,482),(13,247),(48,1148),(53,1574),(92,224)]	26.982635
882	[(72,69)]	28.088495
883	[(11,1228),(61,1446),(62,167),(79,1048),(89,2074),(90,2057)]	25.632609
884	[(52,1969),(62,2037),(73,766)]	24.700940
885	[(13,1330),(45,2087),(48,2037),(80,172),(91,1065)]	25.143357
886	[]	25.038566
887	[(24,511),(38,775),(75,1807),(86,637)]	25.443183
888	[(3,1576),(77,2106)]	26.814463
889	[(28,350),(46,896),(49,2036)]	26.370435
890	[(12,285),(33,2239),(62,600)]	26.098124
891	[(1,1475),(33,2088),(46,1395)]	27.245533
892	[(26,1176),(47,1470)]	26.283822
893	[(8,1573),(51,1527),(61,713),(73,1712)]	25.647755
894	[(0,274),(72,1025),(80,748)]	26.273505
895	[(18,1920),(34,1258),(38,56),(51,675)]	25.845880
896	[(29,1534),(53,1142),(66,1551),(69,489),(73,257)]	26.218505
897	[(9,681),(25,1345),(41,1612)]	20.546322
898	[(80,2028)]	13.839359
899	[(15,173),(28,647),(40,931),(76,1011)]	18.023765
900	[(62,1986),(80,364)]	16.435377
901	[(20,62),(23,2204),(86,1283)]	13.232679
902	[(19,1997),(26,607),(36,470),(42,726),(47,2022),(66,1787),(76,1794)]	12.817575
903	[(1,808),(12,1964),(69,848)]	15.160756
904	[(13,1552),(45,100)]	13.929065
905	[(18,1254),(19,556),(49,860),(54,2219),(64,2035),(74,29),(89,1754)]	12.750288
906	[(23,0),(49,461),(58,1888),(75,1793)]	12.722036
907	[(59,1855)]	13.479791
908	[(27,912),(38,40),(49,1108),(76,1880)]	12.902266
909	[(2,2),(8,1476)]	13.119942
910	[(14,334),(32,1324),(46,1277),(53,88)]	12.760277
911	[(11,234),(15,560),(26,105),(64,990)]	13.020927
912	[]	12.795463
913	[(23,36),(69,176),(71,1075),(72,1767),(91,934)]	12.920260
914	[(63,482),(64,252),(86,1003)]	13.008960
915	[(5,21),(23,1024),(31,938)]	13.999173
916	[(48,1590)]	14.467616
917	[(12,727),(47,944),(84,1881)]	14.737423
918	[(23,1728),(67,357),(82,1606)]	18.925799
919	[(51,1883)]	13.630093
920	[(35,1659),(36,31),(39,1654)]	21.977078
921	[(32,1891)]	23.205641
922	[(49,360),(74,45),(82,152),(83,2169)]	13.370146
923	[(1,1854),(26,17),(51,470),(68,147)]	12.935419
924	[(23,357),(49,2215),(50,342),(54,1799),(56,2048)]	12.916053
925	[(12,1926),(13,709),(30,1523),(82,1)]	12.804715
926	[(18,277),(50,1364),(54,887),(55,641),(61,316),(64,424),(69,2034)]	12.851115
927	[(37,1593),(67,1371),(76,1277),(79,292),(82,1346)]	12.756698
928	[(60,1243),(63,1144),(87,151),(90,107)]	13.231771
929	[(1,1280),(47,2034),(53,950),(55,653),(75,745),(89,1621),(90,1031)]	13.439950
930	[(72,1564)]	12.744969
931	[(9,1295),(15,1627),(36,1756),(52,213),(87,143)]	13.432573
932	[(19,1732),(49,163),(53,243),(70,1405),(84,2030)]	12.958847
933	[(6,1463),(29,123),(38,1105),(39,112),(62,1260),(73,1884),(76,1335),(91,478)]	12.912096
934	[(2,66),(5,1447),(8,836),(38,773)]	13.547473
935	[(8,722),(30,836),(32,68),(38,1702),(45,346),(47,1185),(54,1437)]	15.243114
936	[(71,1266),(79,928)]	14.934317
937	[(62,1097),(75,700)]	14.237544
938	[(72,1372),(87,1789)]	17.768920
939	[(70,977)]	12.984631
940	[(37,891),(53,1697),(68,2199),(81,1499)]	12.861910
941	[(16,1825),(77,1408),(86,1833)]	12.982090
942	[(12,1660)]	12.804853
943	[(3,1043),(12,1080),(25,1051),(27,278),(58,1317)]	12.974583
944	[(13,1089),(16,1831),(30,672),(34,1055)]	12.709110
945	[(8,325),(15,1484),(39,551),(87,2046)]	13.135435
946	[(17,930),(80,252)]	12.794935
947	[(1,2097),(33,872),(44,2062),(73,575),(77,986),(92,1523)]	12.816028
948	[(51,408),(71,1356),(72,162),(89,1183)]	12.886385
949	[(40,594),(41,1018)]	12.687743
950	[(5,520),(8,1125),(25,172),(38,1339)]	12.831203
951	[(23,726),(32,1075),(33,1767)]	12.888026
952	[(2,66),(4,2173),(24,1334),(45,2033),(58,1435),(70,1128)]	13.787404
953	[(15,1600)]	13.023855
954	[(27,501),(41,2014),(83,1086)]	12.743122
955	[(14,2181),(80,1883)]	12.895041
956	[(23,67),(29,579),(61,1375),(63,285),(65,206)]	13.020531
957	[(3,340),(34,1920)]	13.508315
958	[(26,2168),(51,1757),(53,2154),(68,302),(86,1540)]	13.104582
959	[(24,1247),(31,1949),(62,320),(74,1856)]	12.747683
960	[(38,19),(43,1155),(49,1100),(52,845)]	12.975617
961	[(4,983),(33,589),(67,2198)]	13.122029
962	[(1,1646),(28,2160),(30,1402),(31,14),(43,1200),(80,322)]	12.820959
963	[(8,1772),(46,1704),(67,878)]	13.218675
964	[(16,1184),(40,306),(58,128),(68,88),(71,2038)]	12.786849
965	[(18,629),(20,2209)]	12.852477
966	[(2,988),(29,888),(61,623)]	12.747044
967	[(2,1534),(55,1997),(81,666)]	13.467316
968	[(25,86),(48,1537),(92,805)]	12.627253
969	[(13,406),(20,1336),(73,520)]	12.918017
970	[(8,422),(10,426),(16,1030),(68,1494),(69,770),(80,7),(89,391)]	12.945074
971	[(9,1102),(87,964)]	15.250953
972	[(17,1511),(25,1665),(34,1413),(48,107),(70,1760),(80,788),(86,1707)]	20.068260
973	[(7,486),(39,745),(45,345),(54,378),(75,825),(81,571)]	14.978906
974	[(20,59)]	13.319257
975	[(16,1882),(18,196)]	14.119814
976	[(5,1294),(27,1618),(47,718),(61,1347)]	13.627418
977	[(34,1600),(59,231),(73,646),(92,72)]	12.894592
978	[(32,945),(42,164),(78,469)]	12.981635
979	[(58,1299),(81,1394)]	12.671663
980	[(2,1288),(15,1203),(29,312),(36,1838),(85,2158)]	12.757770
981	[(16,2065),(41,2079),(69,1975)]	12.892009
982	[(10,114),(33,1631),(72,20)]	12.999635
983	[(54,1041)]	12.855703
984	[(92,1160)]	12.826911
985	[(21,660),(35,505),(37,1433),(42,527),(91,1152)]	12.674556
986	[(21,277),(22,251),(58,1290),(88,104)]	13.710743
987	[(2,2237),(6,524),(51,557)]	12.986455
988	[(17,612),(26,1173),(49,572),(57,2231)]	13.279664
989	[(11,254)]	12.972005
990	[(35,888),(87,290)]	13.876829
991	[(27,1381),(62,455)]	12.924289
992	[(28,1778)]	12.869814
993	[(12,1412),(63,312)]	13.384542
994	[(24,411),(29,1403)]	13.041788
995	[(18,220),(52,1164)]	13.043988
996	[(30,1110)]	15.718837
997	[(30,485),(33,1392)]	25.683905
998	[(22,1206),(46,2045),(91,822),(92,523)]	16.387675
999	[(14,1376),(16,840),(58,518),(84,1506)]	12.847635
