ruleset_index	matches	time_ms
0	[(12,2446)]	17.066288
1	[(6,1647),(17,195),(52,696),(64,1775),(65,1143)]	13.741056
2	[(8,512),(18,1778),(23,201),(34,1851),(80,1909),(81,1610),(83,1827)]	16.763562
3	[(36,66),(46,2291),(57,2285),(62,1213)]	17.920870
4	[(7,86)]	13.686231
5	[(1,26),(16,830)]	13.521597
6	[(5,59),(59,244),(67,1914)]	13.621565
7	[(8,571),(17,2366),(24,391),(28,33),(64,196),(67,573),(78,1518),(81,1544)]	13.391563
8	[(46,204),(65,2137),(74,1920)]	13.950077
9	[(6,1683),(21,596),(59,2024),(67,1389)]	13.556065
10	[(2,658),(14,990),(15,2398),(30,2245),(36,1569),(52,320)]	13.364013
11	[(34,1771),(44,1007),(47,930),(57,501)]	14.768225
12	[(2,252),(27,1652),(50,1322),(51,1544)]	14.076656
13	[(42,1120),(86,37),(90,434)]	13.940343
14	[(19,2249),(64,345),(67,274),(68,1400),(69,1694),(70,972)]	13.457170
15	[(33,1767),(48,1289),(85,1308),(88,1101)]	13.334535
16	[(1,337),(10,141),(52,884),(60,439),(90,1047)]	13.854519
17	[(65,1181),(73,469)]	13.894414
18	[(1,2169),(5,2339),(12,2167),(13,1713),(50,2485),(57,2450)]	13.404000
19	[(0,903),(16,1878),(52,1086),(54,630)]	13.362151
20	[(89,74)]	13.327321
21	[(2,1921),(18,542),(32,1077),(66,253)]	14.043228
22	[(30,212),(38,2366),(62,146),(73,715),(92,1855)]	13.728322
23	[(56,813),(88,1731)]	13.642561
24	[(5,156),(46,892),(79,1331)]	13.573556
25	[(20,1568),(34,2185),(67,201),(85,166)]	13.638915
26	[(32,385),(39,895),(51,139),(87,816)]	14.193754
27	[(49,1558),(62,1383),(77,2248),(80,268)]	13.831310
28	[(54,1129),(75,331),(88,2462),(90,1073)]	13.539869
29	[(11,1776),(73,461),(75,874)]	13.807239
30	[(33,727),(37,1887),(57,2252),(73,1921),(82,695),(87,2052)]	14.151404
31	[(65,2021),(69,2455),(81,2468)]	13.789092
32	[(10,2033),(37,2441),(68,2377),(84,813)]	13.739950
33	[(6,532),(12,210),(19,1940),(36,284),(49,816),(53,2487),(56,457),(87,645)]	13.400378
34	[(20,741),(31,1799),(58,1096),(76,793),(86,512)]	14.337423
35	[(36,797),(49,1596),(51,1280),(77,2187)]	14.675374
36	[(14,2222),(25,1723),(31,430),(65,436),(73,1817)]	13.754245
37	[(36,1926),(48,2114),(66,1711),(71,1388)]	13.641523
38	[(19,1780),(29,1884),(38,603),(40,1950),(90,242)]	13.680714
39	[(0,345),(48,2103),(69,1673),(83,351)]	13.465071
40	[(43,612),(45,2078),(47,178),(53,2414)]	14.045903
41	[(25,1045),(27,2221)]	13.277158
42	[(10,930),(32,1450),(34,242),(55,1897),(86,2265)]	13.693828
43	[(24,2222),(49,1346),(91,2428)]	13.650185
44	[(6,718),(60,1241),(88,1493)]	13.505651
45	[(37,85),(43,1328),(48,811),(58,1672)]	13.330615
46	[(35,2322),(69,2160),(72,1872),(73,1058),(77,1180)]	13.380869
47	[(23,2386),(35,1375)]	13.664588
48	[(3,2145),(10,2360),(19,797),(51,1493),(78,260)]	13.495907
49	[(22,753),(35,941),(79,2142),(81,59),(86,37)]	13.987778
50	[(3,78),(37,994),(65,315),(84,872)]	15.861723
51	[(14,1199),(39,2316)]	14.029837
52	[(10,269),(25,1082),(54,761)]	14.379582
53	[(1,1115),(48,2213)]	14.185092
54	[(58,309)]	13.695567
55	[(13,2233),(61,1537)]	13.756045
56	[(29,2082),(33,2232),(39,2299),(63,506),(71,156),(84,549)]	15.696410
57	[(16,126),(28,2396),(30,2418),(61,2269),(67,557)]	14.925151
58	[(32,587),(39,739),(67,567),(88,516),(91,982)]	14.432118
59	[(24,2455),(68,255),(89,641)]	13.515367
60	[(9,1388),(47,157),(52,715)]	13.772209
61	[(31,845),(81,2402),(84,1742)]	13.552397
62	[(12,835),(51,1119),(86,1677),(89,2246)]	14.322523
63	[(6,501),(10,1213),(19,368),(32,2098),(59,554),(63,656)]	13.463575
64	[(12,2098),(21,1877),(25,1223),(27,1769),(45,2053),(81,267)]	13.585410
65	[(5,1172),(8,2069),(11,117),(17,2167),(36,1050),(52,555),(92,1786)]	14.831814
66	[(35,2060),(41,962),(43,361),(74,2358)]	13.969365
67	[(36,574),(75,774)]	13.402056
68	[(23,1734),(49,2460),(63,2324),(71,1784)]	14.285856
69	[(18,1823)]	13.416832
70	[(53,292),(76,1150),(82,452)]	16.197213
71	[(22,2104),(78,1197),(81,1744)]	27.238335
72	[(23,881),(55,461),(90,281)]	19.849633
73	[(31,2132),(40,1427),(46,1396),(62,2167),(80,1846),(86,1026)]	18.508307
74	[(0,2278),(5,2288),(9,1235),(61,886)]	14.632880
75	[(38,2327),(43,15),(46,1513),(50,1429),(72,2332)]	13.951023
76	[]	13.358094
77	[(57,1796),(78,1817),(81,2006),(85,749)]	14.287594
78	[(2,638),(13,667),(51,2147),(56,41),(68,2321)]	13.619541
79	[(11,472),(15,389),(22,295),(64,1302),(68,1573),(69,831)]	13.901628
80	[]	14.105981
81	[(32,2190),(39,2345),(86,578),(88,2393)]	14.208922
82	[(16,1050)]	13.940513
83	[(5,1703),(46,940),(75,85)]	13.306381
84	[(11,94),(26,1145),(42,210),(71,281)]	14.137118
85	[(43,1065),(49,1208)]	14.641316
86	[(18,117),(23,674)]	14.352511
87	[(12,2271),(19,1415),(53,2368),(62,447),(78,959)]	13.895815
88	[(31,1561)]	13.733969
89	[(36,1913),(38,1294)]	13.502653
90	[(29,1344),(47,1603),(53,114)]	13.412118
91	[(21,144),(47,1904),(56,1154),(60,1869),(82,812)]	13.770489
92	[(41,338),(85,104)]	13.244470
93	[(4,2366),(44,254),(92,2012)]	13.498555
94	[(2,1163),(54,1106),(72,1449),(74,81),(83,690)]	13.602749
95	[(36,904),(70,388),(84,1664)]	13.313131
96	[(12,2332),(49,1303),(53,651),(60,2077),(86,482)]	13.757134
97	[(1,1293),(13,2110),(15,163),(28,1486),(41,752),(42,1841),(46,1619),(55,331)]	13.736367
98	[(16,52),(61,2414)]	13.489071
99	[(11,290),(17,1484),(43,2357),(80,256)]	13.276381
100	[(18,347),(34,719),(68,1648),(75,583),(77,2443),(92,1490)]	14.628934
101	[(13,2088),(35,2363)]	13.328922
102	[(43,2125)]	13.290319
103	[(0,1678),(1,339),(25,2408),(44,523)]	13.751496
104	[(2,1930),(3,1125),(55,832),(86,62),(90,978)]	13.443315
105	[(11,1330),(28,2035)]	17.809216
106	[(8,2406),(57,952),(58,181),(90,189)]	13.331036
107	[(18,2279),(26,1297),(48,996)]	13.437485
108	[(78,1004),(91,1269)]	13.913127
109	[(67,219),(71,328)]	13.272498
110	[(31,1731),(52,1419)]	13.443440
111	[(79,1295)]	13.700818
112	[(18,99),(37,965),(45,2361),(50,1865),(83,2317)]	13.535078
113	[(38,2425),(78,814)]	13.529366
114	[(20,1061),(29,1488),(46,689),(74,1002)]	13.476980
115	[(22,89),(27,1963),(43,938),(44,2111),(74,461)]	14.647032
116	[(35,1627),(58,167),(81,920),(83,2164),(90,2382),(92,254)]	13.818240
117	[(17,56),(30,2400),(35,1460),(46,453),(56,2169)]	15.976505
118	[]	14.550930
119	[(1,228),(13,918),(20,326),(52,1847)]	14.228922
120	[(6,1602),(66,981),(70,1647),(85,365)]	15.371729
121	[(20,1836),(36,780),(47,2392),(58,582),(63,1643)]	14.024240
122	[(27,1378),(47,1222),(59,853),(92,1063)]	13.281996
123	[(21,229),(26,787),(42,997),(48,770),(49,1118),(66,1995),(67,91),(88,2456)]	13.470595
124	[(9,703),(19,635),(29,332),(58,2467),(63,2421)]	13.577829
125	[(9,1761),(40,577)]	14.285089
126	[(10,324),(25,790),(27,2081),(75,1953),(78,1978),(90,2164)]	16.493913
127	[(12,1372)]	14.749056
128	[(11,1947),(12,1030),(25,1148)]	14.080461
129	[(7,736),(10,1599),(54,1242),(56,1597),(66,1840)]	13.260096
130	[(49,1534),(64,1811),(88,748)]	13.730947
131	[]	13.338161
132	[(13,1889),(22,409),(36,2420),(91,435)]	14.210042
133	[(13,2475),(69,627),(83,232),(92,672)]	13.392908
134	[(8,1577),(11,810),(42,2242),(51,1388)]	13.403050
135	[(31,824),(52,59),(62,1735),(78,1759),(81,1232)]	14.181278
136	[(27,1232),(36,2295),(46,894),(48,2207),(69,1062),(89,946),(91,1095)]	14.390903
137	[(3,1952),(40,2326),(52,1124),(74,2273),(83,406)]	13.637892
138	[(10,681)]	14.431895
139	[(15,2073),(22,614),(33,1641),(44,1894),(56,423),(58,377),(63,416),(89,1691)]	15.201071
140	[(62,2132),(92,2016)]	15.127012
141	[(2,215),(15,2465),(20,1201),(30,1090),(40,1959),(45,1405),(58,1266),(60,318),(68,1388),(88,785)]	13.575078
142	[(14,681),(16,592)]	13.728832
143	[(13,1695),(52,811),(60,208)]	23.189703
144	[(9,1020),(52,2415),(56,1278),(71,1956)]	26.119744
145	[(13,975),(27,1531),(50,419),(58,856)]	14.098966
146	[(23,2127),(24,2001),(39,654),(41,969),(42,22),(59,1591),(60,172)]	13.295101
147	[(29,652),(31,1930),(36,1172),(52,1185),(72,1823)]	13.990114
148	[(2,1616),(32,1988),(63,2025),(81,566)]	13.395161
149	[(17,355),(32,1996),(74,707),(75,2247),(81,881)]	13.647341
150	[(16,1329),(47,874),(77,2037),(89,1360),(92,1302)]	13.231059
151	[(7,1359),(28,1055),(46,603),(56,1333),(72,2027),(90,1959)]	13.349330
152	[(5,1462),(68,1591),(84,1541),(88,2334)]	13.534821
153	[(14,1247),(25,1488),(59,1601)]	13.508634
154	[(20,1709),(29,1446),(63,2451),(64,1186),(74,2475)]	13.729082
155	[]	13.517510
156	[(49,1850),(51,2204),(54,1838)]	14.133541
157	[(4,1785)]	13.556026
158	[(40,814),(46,2027),(52,2408)]	13.296128
159	[(19,2307),(55,1177),(74,691)]	13.410335
160	[(10,1225),(63,219)]	13.741324
161	[(10,2141),(36,2250)]	14.547347
162	[(10,1531),(22,1391),(72,1456)]	13.964383
163	[]	13.735408
164	[(55,1773),(57,763)]	13.418134
165	[(15,1420),(78,1480)]	13.490579
166	[(5,173),(34,1176),(45,1715)]	13.406983
167	[(61,1667),(89,2147)]	13.717320
168	[(4,1273),(56,1010),(88,1229)]	13.423620
169	[(37,2161),(51,1198),(55,2153),(72,740)]	13.484021
170	[(12,201),(25,1884),(37,930),(63,2290),(90,1902)]	13.295021
171	[]	13.624268
172	[(1,1794),(16,572),(66,1285)]	14.997031
173	[]	14.070956
174	[(91,1758)]	13.517598
175	[(56,125),(79,745),(86,206)]	13.597432
176	[(19,1873),(66,2040)]	13.518388
177	[(43,166),(71,1888),(73,2436),(77,878),(78,1621)]	13.606213
178	[(10,491),(22,829)]	13.973208
179	[(29,1566),(61,1999),(69,616),(73,861)]	13.850308
180	[(12,811),(64,163),(91,166)]	13.800867
181	[(4,728),(46,1385)]	13.524609
182	[(13,175),(26,1211),(53,474),(56,1530)]	13.718324
183	[(7,1829),(30,793)]	13.638099
184	[(43,722),(46,1716),(52,991),(75,1352)]	13.361318
185	[(34,383),(57,2137),(61,2003),(86,378)]	13.578734
186	[(3,975),(6,949),(49,1416),(80,2254),(88,200)]	13.578667
187	[(88,612)]	13.953616
188	[(4,1442),(15,1643),(39,2460),(53,1803)]	13.852171
189	[(3,999),(47,977),(89,14)]	13.669797
190	[(8,1647),(20,1947),(35,1521),(82,400)]	15.563321
191	[(9,1335),(35,2005),(45,1173),(69,118),(73,1547)]	17.748759
192	[(21,1942),(57,1018)]	15.015158
193	[(4,1235),(8,339),(13,885),(19,1247),(50,347),(57,964),(88,2105)]	14.127033
194	[(2,1391),(19,438),(45,364),(73,2013),(85,1610)]	15.074409
195	[(27,1223),(30,1699),(55,887),(79,2351),(91,296)]	14.722302
196	[(12,1777),(36,1165),(63,421),(78,87)]	15.644716
197	[(61,751),(75,1194),(77,733)]	18.371126
198	[(2,1078),(21,2026),(28,211),(83,382)]	15.162996
199	[(17,518),(36,1681),(48,550),(59,1774),(72,1844),(77,1225),(83,1940)]	15.335526
200	[(22,1552),(89,2229)]	15.834005
201	[(3,289),(11,894),(67,922)]	15.131967
202	[(57,8),(69,417),(83,1371)]	15.020245
203	[(7,710),(73,812),(77,603),(81,2471)]	15.337141
204	[(1,1857),(20,2212),(79,234)]	16.023750
205	[(57,1195)]	13.889905
206	[(0,896),(5,2319),(16,1804),(38,1584),(59,565)]	13.877436
207	[(60,94)]	13.612256
208	[(4,1800)]	13.431052
209	[(15,1754),(26,622),(49,2259),(54,811),(59,1849)]	13.589497
210	[(25,1665),(39,309)]	13.823826
211	[(3,2106),(29,2266)]	14.480662
212	[(45,2016),(51,1321)]	14.331557
213	[(2,293),(24,1964),(65,2150)]	24.594570
214	[(12,869),(13,1081),(37,23),(41,1859),(63,1718),(80,775)]	20.232846
215	[(53,2434),(56,2257)]	31.460992
216	[(1,816),(9,2313),(24,375),(80,1823)]	15.317219
217	[(69,1950)]	14.509667
218	[(78,1121)]	13.949474
219	[(44,1094),(70,66),(80,776)]	14.641037
220	[(15,980),(21,2111),(26,1592),(46,1730),(65,2006),(92,1222)]	14.901330
221	[(10,1566),(56,2092),(59,2362),(66,2031),(74,26)]	14.155987
222	[(27,1314),(70,203)]	13.851798
223	[(9,2092),(25,153),(37,179),(90,1287),(92,1082)]	13.993344
224	[(5,1752),(20,1593),(40,947),(74,2043)]	14.920563
225	[(17,90),(31,64)]	15.565830
226	[(5,542),(29,18),(31,692),(52,856),(56,1737),(71,1093),(92,2182)]	15.230633
227	[(5,2166),(9,2169),(78,198),(90,2193)]	15.612620
228	[]	15.336073
229	[(7,299),(17,1193),(58,1531),(85,2419),(89,1163)]	15.766666
230	[(12,538),(24,2232),(43,339),(61,1824),(73,2371)]	15.248495
231	[(4,853),(7,1750),(21,1134),(71,1783)]	15.588136
232	[]	13.498687
233	[(15,1905),(49,2385),(63,2063),(68,1840),(72,827),(76,1292)]	14.683876
234	[(12,1258),(28,1239),(38,349),(41,2174),(47,2049),(86,1319),(91,2472)]	13.809499
235	[(87,623)]	13.548163
236	[(36,735),(40,1502),(53,286)]	13.574711
237	[(8,604),(12,1714),(19,480),(29,1339),(64,2214)]	13.506177
238	[(1,2338),(61,1952),(68,2416),(70,384)]	13.838725
239	[(17,882),(33,1581),(83,1974)]	13.688238
240	[(11,953),(24,390),(42,1075),(74,1869),(91,715)]	13.498176
241	[]	15.484565
242	[(6,1897),(21,2347),(71,299)]	13.630288
243	[(3,340),(14,2125),(37,622),(76,1416),(92,498)]	14.473742
244	[(38,906),(48,860),(51,1373)]	14.023915
245	[(0,1689),(13,1734),(15,1170),(25,191)]	14.029184
246	[(38,1826),(47,1751)]	13.864916
247	[(18,468),(31,1748),(46,1521),(69,1911)]	14.044908
248	[(7,1211),(32,2242),(38,1810),(68,225),(85,308)]	14.003858
249	[(4,858),(14,2399),(19,1677),(35,1747),(51,2051),(80,2182)]	13.971031
250	[(46,596),(62,544)]	14.136935
251	[(9,788),(16,2473),(49,1817),(70,2218)]	14.078155
252	[(5,373),(22,460),(80,2221)]	13.876540
253	[(30,1119),(48,375),(66,2356)]	14.048944
254	[(14,2050),(19,812),(67,1035),(70,1202),(85,2270)]	13.662267
255	[(44,816),(73,2058),(76,720)]	14.180159
256	[]	13.742882
257	[(2,2354),(39,219),(83,494)]	14.673785
258	[(17,149),(49,320),(69,1623)]	14.430867
259	[(28,2465),(35,2060),(54,817)]	13.475210
260	[(28,747),(31,1163),(51,993),(82,1878)]	13.304335
261	[(14,1208),(43,1929),(66,1497),(73,2290)]	13.467805
262	[(62,377),(69,821)]	13.397686
263	[(29,2010),(39,2137),(58,1133),(83,591)]	13.547931
264	[]	15.993865
265	[(79,1718)]	13.727281
266	[(13,2043),(57,366),(59,1616),(62,1343),(73,2243)]	13.557965
267	[(29,671)]	13.619930
268	[(13,977),(18,414),(49,1864)]	13.792733
269	[(17,723),(31,2108),(47,1085),(78,2007)]	13.464332
270	[(44,2143),(55,1108),(79,1208)]	13.252487
271	[(7,449),(9,18),(68,2143),(80,1381),(81,1393),(83,975)]	13.456735
272	[(7,208),(29,1516),(44,569)]	13.525150
273	[(8,847),(16,502),(20,1500),(86,964)]	13.927741
274	[(18,1517),(37,2473),(70,533),(80,2039),(82,1461)]	13.642569
275	[(16,918),(29,427),(39,1155),(53,2065),(58,1907)]	13.676037
276	[(14,1143),(39,933),(61,185)]	16.255429
277	[(18,191),(19,1802),(33,1116),(35,1725),(54,1152),(58,1297),(59,1737)]	28.414625
278	[(2,2322),(31,390),(83,882)]	27.922900
279	[(2,1184),(9,1650),(34,1064),(42,586),(48,2319),(57,1677),(64,1971),(70,1362)]	29.828177
280	[(16,2137),(37,2126),(49,1323),(57,1272)]	27.925182
281	[(10,1670),(46,1908)]	31.938693
282	[(2,991),(7,1949),(54,1468)]	35.867261
283	[(11,107),(20,962),(62,1345),(81,1388)]	28.426437
284	[(13,1601),(27,1514),(75,156)]	26.800328
285	[(15,1850),(31,1496),(39,2059),(40,2046),(68,2311),(80,1508)]	25.915198
286	[(55,725),(71,1606)]	26.232322
287	[(9,764),(28,333),(34,957),(35,735),(71,2384),(74,933)]	25.832356
288	[(7,1910),(90,383)]	26.947837
289	[(58,1585),(74,673),(80,853),(92,227)]	25.963044
290	[(3,439),(50,410),(51,1798),(54,362),(55,1618)]	26.206579
291	[(2,1145),(6,1724),(8,2440),(57,2267),(80,795)]	27.173329
292	[(15,584),(72,251),(74,341),(84,1232)]	26.938536
293	[(3,1046),(5,1009),(19,2023),(24,1904),(38,931),(47,2299),(64,972),(69,1066)]	26.895093
294	[(16,1448),(50,2332),(73,2423)]	26.772015
295	[(86,1901),(87,1648),(92,734)]	26.627521
296	[(47,1508),(76,1263),(90,108)]	26.574011
297	[(1,614),(24,371),(31,1660),(44,422),(49,674),(58,1465),(78,841),(84,1898)]	26.588079
298	[(38,1162),(66,2256),(81,478),(89,1887)]	26.634519
299	[(11,2470),(42,393),(61,363),(66,2111)]	26.730657
300	[(11,1247),(32,902),(63,1091),(65,244),(81,1216)]	27.084352
301	[(3,351),(8,2261),(32,1682),(60,812),(75,39),(79,115)]	27.331688
302	[(63,1275)]	26.910492
303	[(8,2421),(16,95)]	28.158347
304	[(0,1808),(15,1893),(30,2226),(62,1067),(89,1438)]	27.003643
305	[(16,723),(29,2255),(90,995)]	26.804371
306	[(73,1506)]	32.589456
307	[(30,328),(55,1543),(71,42),(89,2142)]	34.271429
308	[(11,403),(55,1140),(74,1776),(85,2450)]	26.876161
309	[(10,883),(59,1342)]	27.848131
310	[(60,1449),(79,1585),(87,2358)]	25.476812
311	[(30,1079),(59,292),(82,1963)]	26.318880
312	[(42,749),(63,1502),(70,548),(71,1315)]	26.358866
313	[(19,2067),(26,1012),(35,1220),(65,197),(81,667),(84,1672)]	26.091904
314	[(6,1975),(8,2299),(11,2389),(43,2140)]	26.666567
315	[(15,1080),(21,2066),(31,890),(59,719),(66,1484),(75,651),(88,1627)]	32.086222
316	[(1,2389),(14,2434),(43,916),(90,309)]	28.206150
317	[(16,1335),(19,1044),(49,1019)]	25.819450
318	[(61,1348),(80,313)]	26.627894
319	[(15,1381)]	28.691845
320	[(34,468),(59,1142),(60,1935)]	27.713492
321	[(3,2414),(18,1714),(36,1517),(69,1073),(92,98)]	28.896407
322	[(14,1947),(66,0),(68,2362),(77,470)]	28.378631
323	[(18,462),(30,159),(40,878),(41,2139),(51,2372),(77,2207),(87,2099)]	26.101876
324	[(3,856),(37,469),(48,971),(73,1376),(82,2362),(83,1982)]	26.098764
325	[(7,779),(9,728),(50,883),(69,1954),(86,2104),(91,1846)]	25.933313
326	[(9,1823),(12,1381),(13,1393),(40,155),(46,2275),(56,1416),(92,374)]	26.076058
327	[(4,957),(27,264),(43,394),(55,2133),(84,2352)]	26.125876
328	[]	26.956760
329	[(3,1248),(16,652),(89,94)]	25.719692
330	[(62,960),(73,1267),(74,1352)]	26.864163
331	[(1,1359),(51,1856),(84,1089)]	26.929248
332	[(3,1778),(49,1288)]	28.178582
333	[(26,453),(54,981),(70,1489)]	27.855469
334	[(29,1916),(30,103),(50,2274)]	24.277624
335	[(3,2043),(24,1889),(66,179),(78,1297),(79,1737)]	26.214539
336	[(54,457),(73,1377)]	30.956411
337	[]	29.833332
338	[(1,30),(51,2329),(58,18)]	28.189476
339	[(12,374),(30,1384),(39,276),(43,313),(84,2323),(91,1927)]	27.133320
340	[(19,56),(22,1108),(72,313),(90,441)]	27.558493
341	[(70,623)]	26.619486
342	[(15,2041),(42,1182)]	27.151063
343	[(13,1157),(19,1593),(55,438),(68,466)]	26.435087
344	[(14,2084),(34,2286)]	28.562784
345	[(19,1536),(28,165),(48,2108),(52,2310),(54,600)]	26.486598
346	[(12,644),(33,1025),(49,33),(74,690),(80,2401)]	27.276012
347	[(8,1168),(40,1598),(43,34),(91,1523)]	27.544978
348	[(15,287),(66,1750),(92,1879)]	27.122269
349	[(9,1443),(19,1685),(32,2197)]	27.639347
350	[(13,2338),(61,37)]	27.637877
351	[(25,2301),(33,1751),(84,1696)]	27.550059
352	[(1,1713),(24,861),(33,299),(42,2310),(68,2206),(90,595)]	29.042423
353	[(13,977),(25,603),(59,903),(63,620),(71,947),(90,560),(91,419)]	27.474906
354	[(14,1169)]	27.109769
355	[(6,1565),(55,2240),(56,2437),(68,84)]	27.463274
356	[]	26.753448
357	[(0,612)]	26.706220
358	[(11,1307),(57,687),(69,1807)]	26.597332
359	[(43,2153),(82,1106),(88,69)]	30.428746
360	[(49,2179),(82,1306)]	27.657659
361	[(6,1284),(16,2013),(21,1471),(46,341),(70,1496)]	27.373985
362	[(5,1790),(9,2053),(14,947),(20,1970)]	27.381420
363	[(43,1749),(50,786),(84,1703),(86,1767)]	26.679980
364	[(54,2327),(81,1591),(82,172)]	26.543706
365	[(3,1511),(10,987),(40,152),(44,195),(78,437)]	26.521505
366	[(6,1761),(26,846),(31,823),(77,2056)]	26.532691
367	[(25,1879),(70,700),(83,1890)]	26.407279
368	[(33,196),(78,213)]	26.901998
369	[(10,172),(34,1739)]	28.020484
370	[(43,1242),(58,567),(67,157),(74,786)]	26.195429
371	[(1,1204),(92,1339)]	29.209331
372	[(1,356),(59,980),(63,839)]	26.824616
373	[(27,371),(54,2463),(55,435),(65,1072),(71,908),(75,1730)]	26.771030
374	[(26,1759),(34,253),(44,2191),(92,490)]	26.153644
375	[(15,789),(19,132),(38,1865),(40,2466)]	26.037924
376	[(10,1323),(23,1920),(69,1856),(74,740),(79,2254)]	25.944103
377	[(23,385),(69,385),(88,601),(89,968)]	27.066335
378	[(5,1123),(41,1205),(50,46),(75,735),(80,1675),(86,408)]	32.333407
379	[(7,2146),(43,1593)]	27.906666
380	[(1,228),(47,1907)]	26.180161
381	[(30,519),(78,1978)]	27.894799
382	[]	25.490333
383	[(33,155),(72,1560),(91,1440)]	26.111605
384	[(3,469),(30,2406),(53,432),(65,1045),(75,710)]	26.228702
385	[(11,573),(20,1510),(40,2308),(51,920),(54,1226),(78,721)]	26.044651
386	[(39,1955),(61,1538)]	26.250539
387	[(73,457),(80,1887)]	25.822868
388	[(10,1798),(34,1087),(92,397)]	25.758004
389	[(0,1350),(2,1964),(45,1846),(75,1207)]	28.156868
390	[(1,1803),(11,1449),(31,1230),(45,1264),(46,1985),(57,1026),(74,1317),(79,507),(81,166)]	27.169390
391	[(36,1347),(58,1201),(75,112),(89,1539),(92,327)]	27.489913
392	[(0,1979),(14,2272),(67,1849),(68,418),(72,34),(87,1504)]	28.630983
393	[(27,1475),(66,501),(84,2242)]	24.511573
394	[(5,1843),(28,79),(52,1623),(79,884)]	27.841567
395	[(45,1202),(54,2332),(58,2258),(79,2279),(91,414)]	27.324916
396	[(40,1138),(45,918),(71,2338)]	28.018192
397	[(25,642),(47,842)]	27.117302
398	[(44,1548),(56,143),(58,2449),(87,109),(89,2447)]	26.940639
399	[(50,508),(74,482),(83,137)]	26.701222
400	[(16,942),(58,913),(83,2337)]	32.915977
401	[(47,1715),(52,1117),(63,1827)]	27.237003
402	[(52,1049),(53,385),(66,1123),(87,1956)]	26.344538
403	[(17,1633),(88,2020),(89,2251)]	27.267235
404	[(3,1097),(8,2364),(14,1679),(25,1546)]	26.420082
405	[(32,105),(51,1704),(70,1312)]	28.212416
406	[(63,1087),(65,1261),(67,1608),(75,684),(85,812)]	29.655719
407	[(8,1152),(57,211),(77,127),(80,1149)]	28.568829
408	[(20,2347),(28,513),(51,413),(72,2110),(91,1064)]	27.289446
409	[(38,414),(69,2147),(72,2487),(78,2249)]	33.183295
410	[(13,1215),(30,285),(65,337),(82,1473)]	26.410820
411	[(34,2205),(35,1343),(61,742),(64,1545),(69,114),(86,2150)]	26.526123
412	[(3,1714),(60,346),(87,476)]	28.003766
413	[(4,1145),(11,221),(84,1037)]	36.050835
414	[(4,733),(41,128),(52,1835),(89,1762)]	27.807170
415	[(14,205),(27,1660),(53,1048)]	27.320394
416	[(15,706),(37,602),(84,2344)]	27.864394
417	[(55,2)]	31.038795
418	[(55,1955)]	29.857427
419	[(5,2006),(17,1148),(58,2150),(78,2106),(83,1483)]	28.714041
420	[(54,2004),(73,956),(84,137)]	31.222800
421	[(47,358)]	85.433746
422	[(10,1122),(57,2107),(82,958)]	18.746146
423	[(48,2239),(62,276)]	14.136940
424	[(71,1411)]	13.522238
425	[(23,67),(32,652),(43,396)]	13.753518
426	[(43,1668)]	13.769142
427	[(0,673),(10,282),(38,2265),(63,371)]	13.833426
428	[(2,125)]	13.448653
429	[(8,1496),(11,1636),(13,2067),(70,1638),(80,645),(84,1283)]	13.493546
430	[(54,2390),(76,2407),(91,11)]	13.523242
431	[(27,1056),(49,98),(55,1459),(64,2021),(77,673),(91,451)]	13.343004
432	[(0,1061),(26,1968)]	23.630856
433	[(78,679),(84,78),(89,861)]	28.771584
434	[(27,1776),(75,376)]	19.741698
435	[(10,669),(17,2092),(35,1526),(60,2019),(66,844)]	15.156022
436	[(53,2477),(85,171),(89,2230)]	13.604275
437	[(19,427),(40,862),(55,2343),(86,299)]	13.471970
438	[(86,1321),(92,376)]	14.009928
439	[]	13.485510
440	[(23,2409),(37,895),(73,59)]	13.606824
441	[(7,960),(9,1348),(25,1344),(41,2157),(64,1557),(65,1673),(85,2284),(87,1071)]	13.846703
442	[(21,652),(72,2419)]	13.958827
443	[(64,1349),(69,1011)]	13.898777
444	[(3,1162),(16,1817),(19,2006),(24,1842),(57,1953),(88,1046)]	13.823545
445	[(65,2448)]	13.773566
446	[(24,2222),(31,1921)]	25.253594
447	[(38,1632),(43,1239),(69,1524),(79,1270),(88,1015)]	21.126124
448	[(8,865),(15,1712),(59,536),(77,396)]	13.464989
449	[(23,624),(62,893)]	22.852244
450	[(4,1180),(25,206),(52,1369),(64,1037),(71,1933),(75,668),(87,2192)]	13.782152
451	[(24,336),(56,1174),(71,568)]	13.411708
452	[(61,665),(77,1916),(78,103)]	13.425269
453	[(22,923),(56,1331),(83,2279)]	13.491677
454	[(10,2342),(35,2170),(74,76)]	13.415560
455	[(32,186),(39,2393),(66,1038)]	13.250244
456	[(8,2001),(43,1197),(63,566),(82,483),(84,769)]	13.530053
457	[(20,963),(41,1471),(55,833),(58,2107)]	13.707986
458	[(18,2399),(31,2350)]	13.719316
459	[(9,929),(19,929),(61,1935),(63,974),(66,1535),(81,280)]	13.303935
460	[(20,1755),(46,1746),(69,1165),(73,2074)]	13.538881
461	[(28,1356),(35,754),(51,1877),(56,1292),(68,235),(73,610),(91,1802)]	13.425270
462	[(23,669),(66,63)]	27.602673
463	[(18,2131)]	29.806094
464	[(2,1845),(41,2310),(42,1808),(63,1509),(81,1287)]	29.640986
465	[(26,1063),(27,1116),(67,1104),(74,2412),(83,959)]	28.332137
466	[(5,1876),(22,1791),(31,1860),(56,971),(63,1172),(76,2224),(85,1119)]	14.400735
467	[(17,1166),(75,2235)]	13.440533
468	[(11,118),(41,321),(70,1259),(79,1350)]	13.766572
469	[(38,2355),(59,1726),(60,15),(68,488)]	13.366330
470	[(14,1433),(28,1835)]	13.652437
471	[(23,1705),(35,2291),(92,22)]	13.804881
472	[(32,2092),(68,1537),(71,216)]	15.643431
473	[(9,1794),(32,453),(66,2324),(89,262)]	13.971767
474	[(40,751),(92,1326)]	13.431726
475	[(13,1909),(14,1610),(67,758)]	14.195000
476	[(33,2364),(68,889),(73,1954)]	13.369922
477	[(41,641),(86,1074)]	14.452378
478	[(77,115)]	13.792818
479	[(66,2034)]	13.577895
480	[(19,2140),(32,2074),(56,1045),(90,1834)]	14.314306
481	[(20,1660),(31,540),(39,1727),(47,1516),(54,146),(82,1539)]	13.425695
482	[(77,316)]	14.106214
483	[(0,1630),(15,1171),(43,578)]	13.742410
484	[(9,813),(31,1263),(33,674),(42,1238),(72,1106)]	13.864061
485	[(4,1223),(70,1235),(85,2131)]	18.286610
486	[(3,351),(53,1745)]	16.624269
487	[(3,2010),(34,1561),(39,838)]	13.586001
488	[(88,1333)]	14.336401
489	[(4,1475),(54,315),(82,2184)]	13.350357
490	[(27,1032),(54,2126),(55,104),(57,573),(91,2351)]	13.353684
491	[(17,518),(49,2327),(63,1878),(65,442),(66,1409)]	14.878553
492	[(4,293),(64,571),(69,2257)]	13.289007
493	[(7,1146)]	13.427588
494	[(14,1489),(21,323),(79,2275),(87,181),(90,1501)]	13.408364
495	[(27,1939),(52,1489),(63,2212),(76,1762)]	13.318625
496	[(9,2311),(13,171),(35,2145),(41,2272),(58,251),(85,1037)]	13.426567
497	[(43,4),(55,2460)]	13.572127
498	[(32,1489),(92,1352)]	14.004431
499	[(40,1298),(49,2330),(65,2195),(77,917)]	13.451491
500	[(35,1588),(56,1947),(83,201)]	14.013976
501	[(41,1322),(59,1922),(63,2173)]	13.459138
502	[(25,1984),(26,113),(36,1068),(52,2125),(73,2265)]	13.573616
503	[(49,1047),(67,551)]	13.678356
504	[(15,2017),(48,227),(63,92),(88,306)]	13.663130
505	[(28,1381),(31,2056),(32,1246),(77,1742)]	13.403407
506	[(15,2024),(21,2440),(22,2260),(37,1881)]	14.012335
507	[(19,1677),(27,1522),(42,721),(51,1399),(67,505),(72,2201)]	13.584969
508	[(11,1708),(33,1115),(42,1477),(58,1516)]	13.330383
509	[(3,1399),(18,188),(82,1112),(91,973)]	13.522598
510	[(10,395),(46,1194),(48,733),(70,215)]	13.451475
511	[(16,177),(47,1702)]	13.936547
512	[(10,1322),(38,2170),(89,1734)]	14.084229
513	[(35,1488),(51,1206)]	13.895221
514	[(11,601),(12,968),(22,1263),(68,403),(78,2081)]	17.224459
515	[(11,555),(59,112)]	29.835568
516	[(92,1200)]	14.879665
517	[(21,856),(50,1191),(61,1672),(70,705),(75,2280)]	13.434392
518	[(9,2367),(11,1555),(14,788),(37,1437),(64,1127),(72,1671),(75,2466),(92,2284)]	13.495892
519	[(31,1050),(34,741),(47,2180),(55,439)]	13.588155
520	[(36,2009),(37,1379),(49,22),(52,2199)]	13.622016
521	[(12,2140),(39,1598),(73,1448),(85,1927)]	13.274724
522	[(5,54),(39,1725),(51,1877),(71,1515)]	13.706745
523	[(18,611),(31,698),(48,1007),(60,1523)]	13.486813
524	[(7,2386),(27,852),(60,1933)]	13.554991
525	[(17,1824),(30,2338),(36,791),(41,618),(57,1498),(85,1585),(92,2435)]	13.379494
526	[(13,379),(34,2460),(84,1041)]	13.204141
527	[(5,1624),(27,2214),(44,2291),(65,503)]	13.260460
528	[(18,1296),(22,1272),(33,1268),(39,1388),(87,353)]	13.757347
529	[(21,534),(39,2216),(49,178),(74,659),(79,1609),(90,886)]	13.669180
530	[(8,1303),(47,2137),(53,608),(85,1526),(89,1199)]	13.386416
531	[(47,246)]	13.392009
532	[(16,2255),(25,2212),(38,2239),(70,1747),(75,546),(77,446)]	13.501510
533	[(19,352),(24,513),(39,1824),(45,200),(47,741),(67,1393)]	14.009700
534	[(11,332),(43,2474),(61,91)]	15.666824
535	[(55,68),(90,995)]	14.758444
536	[(2,1247),(24,135),(30,1477),(31,1840),(53,754),(55,417),(68,819),(84,567),(90,275)]	13.289067
537	[(14,2143),(21,1186),(69,599),(89,881)]	13.512589
538	[(25,673),(49,1137)]	13.374217
539	[(17,1482),(32,1855),(53,1714)]	15.367597
540	[(4,1048),(7,987),(16,1758),(43,580),(69,1117)]	14.297982
541	[(7,970),(10,1786),(18,1496),(24,1041),(44,1229),(60,970),(61,46),(77,529)]	13.573881
542	[(8,136),(24,2286),(30,184),(33,2217),(80,274),(81,1400)]	14.060547
543	[(10,971),(21,447),(41,1977),(87,216),(92,870)]	16.133632
544	[(74,2310),(75,1808)]	13.912421
545	[(31,128),(37,1018),(70,1242)]	13.588133
546	[(20,881),(59,360),(65,2228)]	13.220351
547	[(33,1197),(35,269),(57,903)]	14.223027
548	[(55,1495),(60,1359),(69,433),(86,1983)]	14.034771
549	[(51,117),(68,2311)]	13.348248
550	[(31,784),(40,1430),(65,2338),(68,269)]	13.576793
551	[(30,1325)]	13.364833
552	[(51,410)]	13.999963
553	[(39,1554),(42,1012),(48,293),(91,1482)]	14.599551
554	[(55,2159)]	13.686642
555	[(12,104),(28,1888),(29,2285),(57,2341),(81,1427)]	14.769611
556	[(1,1235),(6,1317),(9,1451),(19,629),(23,248),(77,1713),(91,1453)]	18.667676
557	[(12,1862),(88,1783)]	16.667492
558	[(6,1005)]	13.495573
559	[(19,603),(62,2356),(78,1807),(89,2293)]	13.647902
560	[(12,766),(20,2377),(34,1445),(42,976),(58,576)]	13.385380
561	[(0,1876),(18,1127)]	13.345508
562	[(29,1740),(31,906),(89,174)]	14.290838
563	[(9,1497),(43,1736),(48,2474),(56,793),(67,2058),(91,1248)]	13.446399
564	[(8,1970),(31,315),(39,588),(42,1115),(85,130)]	13.634690
565	[(41,2066),(56,1521)]	13.811060
566	[(3,1858),(35,913),(68,2025)]	13.866450
567	[(11,1854)]	13.477177
568	[(27,2177),(60,201)]	13.429703
569	[(6,2095),(47,345)]	13.517538
570	[(18,1699),(34,1833),(39,1109),(65,984),(76,1771),(89,1801)]	15.704279
571	[(18,1879),(37,1195),(55,2236),(85,2259)]	13.695444
572	[(2,875),(24,2461),(29,107),(40,1873),(44,741),(48,496),(56,345),(70,529)]	13.433567
573	[(6,1226),(34,1351),(40,818),(44,2042),(68,133)]	13.514722
574	[(10,1962),(38,520),(62,2420),(69,2132),(77,363)]	13.686554
575	[(68,2182),(78,2215),(83,638)]	13.675097
576	[]	13.572758
577	[(61,2158),(82,473)]	13.627404
578	[(46,2465),(64,2057),(65,1762),(72,287)]	14.331325
579	[(14,1516),(62,991),(64,2028)]	13.366835
580	[(11,944),(12,2042),(47,2225),(69,2047),(92,230)]	13.840009
581	[(4,2476),(44,2466),(75,1922),(90,407)]	13.710059
582	[(16,2030),(37,2291),(41,619),(48,123)]	13.371367
583	[(19,329),(22,330),(24,603),(56,629),(65,1675),(74,1127)]	13.279484
584	[(22,1601),(57,324),(73,1472)]	13.938419
585	[(17,2229),(43,1531),(58,1996)]	13.461552
586	[(68,2285),(75,76)]	13.346885
587	[(65,2472),(76,534)]	13.333397
588	[(12,1962),(59,1135),(68,1663)]	26.510280
589	[(38,758),(69,281),(86,1861)]	18.952188
590	[(10,783),(31,1218),(46,557)]	13.473447
591	[(16,219),(64,661)]	13.673752
592	[(36,1274),(45,1407),(66,353),(69,716)]	13.818730
593	[(6,1769),(20,362),(87,2236)]	13.451430
594	[(64,1058),(75,2075)]	13.603835
595	[(31,1515),(64,1910)]	13.905141
596	[(44,1032)]	13.409020
597	[(0,1510),(2,744),(32,2330),(46,1904),(69,908),(82,1343)]	13.356717
598	[(1,1429),(15,799)]	13.347511
599	[(23,1271),(76,721)]	13.761635
600	[(19,990),(35,760),(54,607),(88,195)]	13.848479
601	[(8,1614),(86,2277)]	13.778098
602	[(19,900),(48,172)]	13.236006
603	[(3,408),(10,1807),(28,1901),(36,1559),(58,899),(59,2038),(68,2301),(74,377),(78,530),(82,198)]	13.581680
604	[(31,2380),(73,2101)]	13.285693
605	[(24,1258),(56,158),(64,1793),(67,1796),(75,960)]	14.713426
606	[(4,2267),(37,327),(45,1614),(57,2262),(79,298)]	14.060238
607	[(6,165),(14,1023),(18,0),(56,2125),(81,645)]	13.463994
608	[]	13.337226
609	[(24,2105)]	13.662364
610	[(48,1665),(85,1817),(91,2354)]	13.362185
611	[(10,558),(23,1153),(32,1835),(53,1586),(89,2125)]	13.335582
612	[(56,2467),(83,1114),(92,1770)]	13.339113
613	[(5,1583),(44,871),(61,1714)]	13.739557
614	[(25,1943),(35,2046),(68,2139),(82,810)]	14.295619
615	[(19,1084),(55,411),(62,1336),(75,319)]	16.926779
616	[(13,2119),(30,554),(79,1339),(85,1676)]	14.316877
617	[(4,702),(51,1025),(76,310),(85,1040)]	15.710478
618	[(27,992),(37,2356),(47,458),(69,877),(83,2464)]	14.293035
619	[(33,221),(44,2337),(45,1815),(75,1251)]	13.694571
620	[(15,1463),(18,1846),(26,1922),(71,2140),(78,2363),(84,396)]	13.405872
621	[(41,727),(48,1813),(71,1843),(74,1964)]	13.607377
622	[(9,47),(17,433),(43,1793),(55,464),(56,97),(91,1145)]	14.005341
623	[(1,1639),(23,1716),(28,1835)]	13.464813
624	[(0,88),(18,1847),(48,1214)]	13.679011
625	[(24,2028)]	13.343750
626	[(14,961),(41,520),(53,731),(75,434),(84,105)]	16.250344
627	[(68,718),(76,1501)]	18.316223
628	[(10,610),(54,2031)]	13.844722
629	[(74,863)]	14.037987
630	[(34,1242),(50,568),(77,1680),(90,829)]	13.671865
631	[(10,1748),(12,1471),(27,361),(33,66),(60,1655)]	13.514844
632	[(25,1717),(34,943)]	13.397251
633	[(27,2019),(73,2346)]	13.967218
634	[(6,1541),(77,919),(87,1102)]	13.413267
635	[(5,77),(62,1620)]	13.949561
636	[(11,1305),(72,76)]	13.501572
637	[(0,918),(10,1306),(66,119),(82,2296),(91,1187)]	13.318440
638	[(67,1710)]	13.444195
639	[(4,1130),(15,1854),(45,197),(67,713),(85,1816)]	13.723086
640	[(5,379),(15,1700),(24,412),(57,415),(59,1762),(83,22)]	17.406315
641	[(4,1073)]	13.823348
642	[(15,1014),(18,2309),(27,1460),(38,987),(52,2404)]	15.060984
643	[(19,214),(49,2257)]	13.971856
644	[(6,1887),(39,1879),(42,2182),(68,867)]	13.885441
645	[(14,1096),(23,786),(33,1587)]	14.002840
646	[(18,2209),(35,794),(61,1058),(86,440)]	13.596558
647	[(20,2158),(44,1675),(57,1347)]	13.857421
648	[(27,73),(51,1081),(55,882),(69,1765),(73,1138),(83,1566)]	13.684646
649	[(10,791),(31,1026),(34,1668),(53,2304),(55,2363),(71,135)]	13.890445
650	[(23,603),(31,706),(35,280),(43,1858)]	13.627080
651	[]	13.903157
652	[(4,584),(28,184),(31,262),(53,1072)]	13.961399
653	[(13,386)]	13.534621
654	[(11,639),(43,2207),(86,340)]	14.516488
655	[(36,858)]	13.501663
656	[(1,2030),(20,1620),(34,931),(76,205),(85,351)]	13.348329
657	[(7,1503)]	13.741653
658	[(61,1717),(63,384)]	13.174390
659	[(7,1490),(9,191),(10,618),(47,772),(79,1117)]	13.444842
660	[(7,2122),(12,590),(17,1777),(30,1266),(33,149)]	13.600181
661	[(31,883),(39,784),(49,2210),(55,1770),(62,675)]	25.911198
662	[]	20.564741
663	[(9,1706),(28,1146),(31,101),(45,517),(48,141),(68,355),(76,2308),(80,893),(82,1544)]	14.020753
664	[(35,487),(45,446),(55,1093),(88,193)]	13.353072
665	[(61,235),(73,1887)]	13.823039
666	[(24,44),(38,776),(40,1206),(59,1282)]	13.348968
667	[(53,2240),(54,2437),(55,1951),(85,2003)]	14.388834
668	[(11,1978),(20,1804),(65,1824),(71,2272)]	13.591300
669	[(18,2443),(31,86),(53,403),(57,2121),(61,493),(72,43)]	14.327101
670	[]	13.482425
671	[(1,1263),(14,607),(35,915)]	13.513808
672	[(2,1750),(33,1590),(41,17),(60,1875)]	13.712766
673	[(18,2354),(48,758)]	13.587996
674	[(30,2084),(33,2434),(47,874),(54,2019),(61,1388)]	13.585324
675	[(35,1727),(89,2201)]	13.281144
676	[(26,1626),(64,1940)]	15.245275
677	[(1,1632),(10,1131),(14,1072),(56,524),(68,272)]	13.589646
678	[(11,470),(72,980),(89,2214),(91,72)]	13.834866
679	[(1,965),(52,2033),(57,2310),(70,694)]	14.529928
680	[(5,932),(72,1923)]	13.445332
681	[(24,2217)]	13.536268
682	[(63,510)]	13.505657
683	[(28,407),(63,1823),(87,2445)]	13.820734
684	[(11,1717),(56,360)]	13.274402
685	[]	15.942087
686	[(89,2063)]	13.890258
687	[(10,1735),(18,974)]	13.423296
688	[(4,2117),(26,1294),(37,1989),(53,779),(65,1700),(79,2099)]	13.318139
689	[(9,888),(15,424),(27,215),(88,1640)]	14.389404
690	[(5,2342),(7,5),(24,1315),(66,1749)]	13.457370
691	[(18,440),(25,1679)]	13.501219
692	[(14,1309),(28,205),(82,906)]	13.729937
693	[(12,1861),(79,900)]	13.241167
694	[(6,1276),(47,2323)]	13.858257
695	[(2,2432),(13,338),(51,1609),(57,1519),(58,789)]	13.496290
696	[(30,1457),(71,729),(92,802)]	14.667643
697	[(10,2230),(55,100),(67,2202),(84,1731)]	19.081638
698	[(9,1691),(23,1509),(38,1343),(41,10),(61,86)]	15.166776
699	[(3,881),(25,1867),(84,1515)]	14.849555
700	[(12,1938),(38,1239),(82,894)]	16.382557
701	[(27,1152),(36,1595),(62,843),(90,1793)]	15.715680
702	[(2,1191),(7,281),(24,2003),(30,2097),(53,1173),(67,1454)]	15.576996
703	[(18,1997),(32,1902),(82,259)]	15.312797
704	[]	15.175010
705	[(8,556),(53,95),(74,248)]	14.264665
706	[(12,2270),(14,1076),(24,38),(78,681),(89,205)]	13.492810
707	[(4,2045),(44,1256),(60,1242),(62,1597)]	13.850092
708	[(52,1313),(56,454),(71,1295)]	13.330841
709	[(53,1581)]	14.184112
710	[(12,403),(32,461),(63,822),(68,1515),(81,2244),(86,635)]	13.522563
711	[(48,872),(57,1874),(79,188)]	13.457076
712	[(79,491)]	13.333931
713	[(88,2354)]	14.034273
714	[(10,1662),(42,1993)]	14.229579
715	[(1,2260),(11,110),(45,2321),(46,1415),(62,417)]	14.592886
716	[(72,359)]	13.810265
717	[(12,2331),(18,2181),(59,1180)]	15.992523
718	[(2,464),(3,97),(17,1848),(25,2229),(26,495),(27,998),(34,219),(38,70),(77,1374)]	13.522647
719	[(38,1391),(45,1794)]	13.309510
720	[(47,1826),(55,1414),(57,2424),(80,281)]	13.984895
721	[(11,1337),(15,943),(27,111),(68,1916),(76,2344),(84,799),(92,1472)]	13.511372
722	[(67,1330),(82,923)]	13.490778
723	[(24,244),(63,955),(76,86),(88,1272)]	13.231492
724	[(0,261),(42,1149),(81,488),(87,943)]	13.485343
725	[(12,2259),(45,1098),(91,1518)]	13.703575
726	[(36,531),(59,1531),(82,298)]	13.717830
727	[(21,273),(25,2331),(47,749)]	13.277849
728	[(43,416),(86,894)]	13.228509
729	[(33,2127),(34,2001),(49,1617),(51,1679),(55,2212),(75,1931),(83,426)]	13.568383
730	[(80,1236)]	13.466726
731	[(18,376),(90,1445)]	13.621186
732	[(9,1602),(12,1759),(25,1744),(57,737),(83,425)]	14.125432
733	[(49,1994),(63,1485),(65,2009),(67,465),(85,959)]	19.099527
734	[(12,68),(13,2468),(43,1012),(64,757),(67,1957),(90,2189)]	27.923811
735	[(30,500)]	14.420135
736	[(5,2196),(15,574),(58,698),(60,757),(68,192)]	13.664371
737	[(43,632),(76,26)]	13.600543
738	[(82,2481)]	13.325411
739	[(12,1369),(32,250),(44,1984),(85,312)]	14.019460
740	[(52,268),(53,98),(85,1404)]	13.360693
741	[(42,240),(44,1772),(55,2266),(60,1308),(72,2468)]	13.439866
742	[(23,323),(26,1083),(56,1670),(58,739),(85,1453)]	13.508736
743	[(1,310),(26,865),(67,2308),(71,990)]	13.444499
744	[(4,706),(11,127),(21,944),(31,328),(38,2034),(54,170),(55,1656),(79,2218)]	15.205264
745	[(32,1152),(35,794),(48,823),(52,470),(58,1928),(70,2211),(84,1549)]	13.715118
746	[(18,1854)]	15.200147
747	[(19,2077),(51,806),(87,1990)]	13.851709
748	[(31,611),(58,1139)]	13.588915
749	[(40,1460),(46,1140),(66,28),(73,1058)]	14.542369
750	[(22,218),(28,2007),(33,801),(53,2113),(61,1827),(71,1561),(83,2249),(86,336)]	13.371536
751	[(31,1312),(86,1428)]	13.344097
752	[(36,2469),(44,723)]	13.323900
753	[(38,573),(48,506),(53,922),(71,832)]	13.575776
754	[(12,1534),(70,1765)]	13.407781
755	[(77,2318)]	16.545943
756	[(3,312),(58,1918),(68,1319),(80,230)]	14.251981
757	[(24,1731),(31,1622),(68,1276)]	13.291348
758	[(17,1418),(20,1837),(27,1942),(31,1396),(83,1460)]	13.405080
759	[(10,1556),(30,1428),(35,645),(45,455),(49,1967),(85,24)]	14.360700
760	[(62,903),(76,2464),(78,13)]	13.579319
761	[(4,1332),(11,2248),(23,74),(89,184)]	13.591628
762	[(65,1414),(81,410),(82,884)]	13.536853
763	[]	13.515590
764	[(39,574),(47,319),(58,1685),(62,253),(76,1297),(77,1737),(92,1639)]	14.200909
765	[(37,507),(39,166),(71,2176),(79,1956)]	14.321520
766	[(79,2410)]	16.373542
767	[(30,2419),(65,1697),(69,1069),(71,1540)]	18.479765
768	[(63,318),(75,442)]	13.783239
769	[(18,1097),(29,218),(44,186),(49,2170),(53,1056),(54,1348),(75,1711),(77,2045),(82,1376),(90,266)]	13.628388
770	[(23,774),(25,1930),(26,1125)]	13.365555
771	[(11,1293),(22,2314),(70,999),(90,674)]	13.253953
772	[(9,425),(19,1077),(24,15),(29,2433),(43,107),(45,2216),(59,1826),(61,271),(72,1890),(79,2432)]	15.043128
773	[(40,876),(67,1954),(83,1496)]	13.392718
774	[(9,2445),(72,1759)]	13.493669
775	[(58,75),(71,1597)]	13.504404
776	[(10,1559),(15,1434),(43,1951)]	13.495042
777	[(16,2107),(41,514),(52,2262),(56,1932)]	13.312921
778	[(25,851)]	13.363384
779	[(3,2322),(12,490),(16,232),(40,2420),(83,1747),(92,1799)]	13.390886
780	[(8,1967),(34,993)]	13.509127
781	[(82,979),(83,1371)]	13.525488
782	[(4,153),(43,384)]	14.244270
783	[(73,457)]	13.565502
784	[(6,1829),(8,1657),(37,481),(55,2473),(62,1474),(68,2295)]	13.390226
785	[(3,112),(34,1597)]	13.680543
786	[(1,1542),(65,1719),(86,649),(92,2179)]	13.682064
787	[(19,2145),(25,749),(49,922),(51,481),(61,2176),(88,215)]	13.477112
788	[(48,1723)]	13.500369
789	[(7,1285),(60,1430)]	13.413595
790	[(12,1947),(40,2216),(71,1347)]	14.296499
791	[(10,277),(40,1187),(85,2049),(88,1559),(89,484)]	13.606212
792	[(19,602)]	13.621640
793	[(66,695),(75,22),(79,1312)]	13.301024
794	[(0,341),(24,1214),(54,2287),(66,771)]	13.265689
795	[(26,2150),(39,492),(81,715)]	13.565779
796	[(22,204),(47,1245),(55,482),(74,2156),(92,744)]	13.534306
797	[(6,10),(8,107),(16,2341),(83,5)]	13.471260
798	[(12,1020),(13,1124),(14,502),(18,2245),(27,1465),(48,66),(75,1965)]	13.222420
799	[(20,154),(34,2129),(42,143),(79,666),(85,619)]	13.673244
800	[(2,1666),(6,1934),(70,258),(73,849),(87,1000),(89,1888)]	14.270509
801	[]	13.494219
802	[(19,1742)]	13.475392
803	[(69,709)]	13.250106
804	[(18,458),(42,1141),(58,346),(60,1749),(71,1103)]	13.516703
805	[(8,497),(23,2297),(35,1710),(62,1099),(92,716)]	14.245883
806	[(2,986),(25,1286),(47,1579)]	13.366065
807	[(47,1098)]	23.286636
808	[(9,1683),(27,1099),(46,127),(78,1241),(83,1571)]	22.778810
809	[(21,2398),(23,2083),(31,790),(42,861),(75,646),(86,1057),(90,469)]	13.560683
810	[(3,56),(34,1031),(73,1815),(85,935)]	14.444194
811	[(38,790),(42,1974),(45,1664),(57,229),(58,2281),(86,1532),(88,357)]	13.992259
812	[(7,652),(45,1120),(46,1870)]	13.986106
813	[(19,353),(88,1811)]	13.530533
814	[]	14.603664
815	[(30,308),(45,2256),(46,746),(54,643),(86,1671),(91,200)]	13.875529
816	[(25,2160),(47,327),(64,434)]	14.758249
817	[(0,224),(23,531),(40,1765),(76,809),(87,1524),(91,1185)]	16.487299
818	[(14,1160),(40,1468),(72,693),(84,1846)]	13.388878
819	[(40,1430),(47,1653)]	13.401783
820	[(26,444),(30,2226),(58,1052),(81,1221)]	14.077911
821	[(33,984),(42,349),(49,1019),(90,92)]	13.428169
822	[(30,1045),(41,2059)]	13.361535
823	[(9,2073),(36,758),(43,1161),(83,1704),(91,619)]	13.714764
824	[(14,808),(24,407),(35,2397),(36,283),(47,2165),(61,802),(77,1922)]	13.257870
825	[(45,1069)]	13.315951
826	[(5,693),(21,1008),(92,1243)]	15.915172
827	[(38,489),(41,2170)]	13.366275
828	[(12,1637),(52,490),(55,2050),(58,1645),(61,1117),(66,2221),(67,1979),(72,1687),(80,1913),(92,1446)]	13.588482
829	[(22,1074),(49,928),(50,1474),(64,1093),(89,1567),(92,1473)]	13.442351
830	[(18,2421),(23,2068),(41,1562),(76,122)]	13.796823
831	[]	14.172544
832	[(46,962),(54,1773),(86,2074)]	13.353252
833	[(11,1542),(46,2036),(53,1090),(61,1556),(65,8),(85,328)]	13.290014
834	[(60,221),(67,1451),(85,1414),(87,1214)]	13.689657
835	[(23,1582),(57,1248)]	13.907141
836	[(85,903)]	13.298084
837	[(25,667),(30,603),(67,17)]	15.787790
838	[(3,1552),(41,1766),(45,1569),(91,916)]	18.179304
839	[(8,466),(25,2176),(47,439),(62,1113)]	14.034700
840	[(9,2253),(47,529),(56,2290),(58,1252),(63,1538)]	13.499650
841	[(38,1990),(64,1562),(76,808)]	13.196706
842	[(31,1524),(48,518),(58,751)]	13.320628
843	[(43,1132),(49,2193),(58,2053),(61,1606),(72,2104),(76,585),(79,2471),(87,896)]	14.201094
844	[]	13.352184
845	[(45,53)]	13.937596
846	[(8,1047),(26,1864),(49,1679),(54,2044),(69,2356),(80,1892),(89,2396)]	13.349404
847	[(8,1630),(18,1062),(27,1389),(37,1051),(45,1758),(74,2198),(77,661)]	13.725236
848	[(17,1781),(49,2156),(54,1189),(61,2083),(62,326)]	13.403003
849	[(1,2267),(35,1382)]	13.517239
850	[(42,116),(54,1836),(78,641)]	13.350177
851	[(22,1349),(52,1331)]	14.352250
852	[(25,2450),(67,1011),(72,681),(77,1700)]	13.696326
853	[(7,1568),(60,376),(86,183)]	14.184152
854	[(4,2290),(9,310),(21,1884),(25,848),(34,1195),(45,1294),(66,50),(68,2215)]	14.051066
855	[(18,143),(51,330),(53,2435),(69,79)]	13.625316
856	[(7,1632)]	13.615724
857	[(29,602),(85,1663)]	14.212166
858	[(10,2058),(16,1879),(27,1159),(37,1313),(64,1065),(76,498)]	13.769252
859	[(52,465),(55,1109)]	13.520092
860	[(24,2039),(42,1536),(47,2043),(64,1084)]	13.391844
861	[(71,1035)]	13.517981
862	[(47,1553),(51,1308),(55,2318),(66,680),(75,1892),(88,1865)]	13.589501
863	[(0,652),(44,998),(77,325)]	13.275890
864	[(18,264),(66,23),(72,1658)]	14.733807
865	[(66,1178),(78,1426)]	15.042824
866	[(8,594),(41,1640),(55,2416),(73,617)]	13.547316
867	[(41,2193),(63,416),(70,193),(77,1541),(86,1153)]	13.792783
868	[(3,580),(32,415)]	13.373758
869	[(4,2322),(12,8),(17,306),(42,1365),(48,826),(64,819),(73,1361)]	13.834697
870	[(6,807),(35,1777)]	13.458394
871	[(19,1595),(49,1463),(73,304)]	13.372402
872	[(1,207),(26,1420),(43,2230),(90,984)]	13.494716
873	[(21,2050),(26,721),(49,190),(54,489)]	13.453303
874	[(3,1427),(11,971),(16,343),(57,2098),(59,654),(61,969),(63,924),(91,1087)]	13.376824
875	[(19,2459),(54,83),(84,787)]	13.365789
876	[(11,2033),(37,482),(47,896),(64,1965)]	13.411104
877	[(15,1780),(68,874)]	13.279359
878	[(24,1035),(61,894),(63,2207),(83,1084),(87,1873)]	13.478829
879	[(72,2209),(79,461)]	13.389437
880	[(16,548),(36,47),(77,1084),(88,2477)]	15.251102
881	[(13,425),(41,612),(47,2383),(52,27),(69,1511)]	27.093074
882	[(6,490),(8,261),(18,91)]	17.063145
883	[(24,784),(54,1927),(75,737),(76,1397)]	13.459641
884	[(7,505),(12,2330),(42,2205),(49,2266),(71,29),(75,815),(87,1929)]	13.495475
885	[(33,1250),(39,1407),(47,1267),(54,116),(56,1583),(80,393)]	13.511941
886	[(24,2344),(25,656),(55,945)]	13.681062
887	[(6,1470),(63,1646),(80,1702)]	13.360618
888	[(0,298),(16,580),(29,927),(57,1179),(60,2042),(89,563)]	15.246953
889	[(9,1497),(24,718),(27,1077),(36,2138),(66,2012)]	13.602419
890	[(35,1404),(53,2205),(74,1077)]	13.435083
891	[(36,1778),(47,1531),(55,2063),(65,1659),(73,906),(89,980)]	13.585935
892	[(7,653),(10,922),(28,341),(46,994),(47,818)]	13.194959
893	[(15,1118),(25,1505),(42,1777),(50,751),(80,1283),(88,1489)]	13.338938
894	[(43,488),(56,2129),(89,556)]	13.451483
895	[(38,1888),(39,2285),(53,2043),(55,179),(69,114),(77,1599)]	13.922521
896	[(21,768),(48,641),(72,2271)]	13.336811
897	[(11,432),(89,218)]	14.550359
898	[(4,1789),(31,2426),(59,975),(68,2294),(92,43)]	16.129868
899	[(66,283),(67,354)]	13.979114
900	[(0,1205),(10,873),(22,1772),(67,2303),(84,1568)]	14.177097
901	[(13,2274),(72,1396)]	13.626812
902	[(15,808),(18,1274),(52,798),(54,203),(64,1971),(82,2229),(83,495)]	13.449475
903	[(91,2079)]	13.211488
904	[(7,1723),(20,1193),(21,2278),(49,1280),(69,156)]	13.798610
905	[(39,2413),(44,749),(88,2293)]	13.319049
906	[(42,848),(55,1043)]	13.718015
907	[(7,1427),(11,1636),(13,2067),(54,757),(65,2424),(72,519),(76,500),(85,1563)]	13.262700
908	[(22,1925),(55,267),(73,1788),(76,2231),(88,431)]	15.649778
909	[(56,1909),(90,2080),(92,1303)]	18.018482
910	[(20,1271),(45,2125),(80,1449),(84,1711),(86,1444)]	14.405236
911	[(0,1988),(25,1080),(50,446),(51,405),(75,2287),(80,80)]	13.513368
912	[(25,1675),(43,416),(50,636)]	13.634314
913	[(80,153)]	14.051929
914	[(37,2405),(64,724)]	13.911871
915	[(4,2346),(66,1840)]	14.231183
916	[(11,1475),(65,352)]	13.656025
917	[(29,175),(83,1552)]	15.943035
918	[(59,1159),(63,740),(81,2313)]	13.551048
919	[(22,1036),(46,1011),(64,1227)]	13.511258
920	[(17,398),(56,405),(71,1984)]	13.385227
921	[(3,279),(7,774),(33,540)]	13.793906
922	[(34,2280),(74,450)]	14.230391
923	[(40,265),(54,738)]	13.505406
924	[(0,1357),(4,709),(21,1849),(46,1151),(73,1215),(91,1654)]	13.731442
925	[(14,1436),(28,1394),(50,2429),(65,9)]	13.554524
926	[(6,447),(87,1901)]	13.578324
927	[(1,47),(17,2474),(22,2138),(37,2315),(47,251),(49,341),(54,1710),(88,104)]	13.787157
928	[(22,157),(35,1145),(43,2034)]	13.467229
929	[(19,1740),(21,906),(36,1799),(46,1534)]	13.749445
930	[(21,1703),(26,875),(28,2237),(38,1965),(42,1600),(61,965),(69,664),(83,985)]	13.227413
931	[(2,768),(33,1351),(78,788),(90,2152)]	14.024052
932	[(11,655),(44,1502),(53,2399),(63,1015)]	13.521029
933	[(31,2382)]	13.854411
934	[(28,2358),(70,906),(73,1808)]	13.430997
935	[(9,2137),(44,1170),(50,2273)]	13.510824
936	[(11,357),(38,1307),(44,1984)]	13.280282
937	[(1,1866),(15,488),(75,1368),(89,43)]	13.487636
938	[(22,2435),(50,642),(57,2439)]	13.523879
939	[(27,738),(61,606),(68,255),(81,2266),(82,331)]	13.820171
940	[(0,2175),(3,173),(42,1235),(57,800)]	15.527988
941	[(1,1437),(9,1005),(56,986)]	13.488032
942	[(18,1943),(23,315),(68,2049),(79,766)]	13.313928
943	[(3,209),(32,342),(45,2424)]	13.294435
944	[(92,2161)]	13.426141
945	[(33,461)]	13.190474
946	[(17,525),(57,2420),(65,515),(80,724)]	13.767914
947	[(0,851),(1,2130),(66,1541),(70,2334)]	13.493551
948	[(45,2469),(64,1084),(66,1370),(69,933),(77,661)]	14.054593
949	[(41,1442),(44,2033),(53,2268)]	14.653173
950	[(8,627),(16,1777),(17,1751),(25,393),(49,1833)]	13.746589
951	[(15,1993)]	14.370464
952	[(19,1572),(31,939),(65,1241),(70,1999)]	14.423334
953	[(62,2081),(74,1707)]	13.578061
954	[(3,1934),(9,1172),(23,1152),(86,1276)]	23.544192
955	[(22,905),(31,2227),(61,2105)]	23.700353
956	[(34,1622)]	13.714674
957	[(50,1984)]	13.568038
958	[(43,103),(78,1140),(89,1247)]	13.260071
959	[(33,903),(51,1934),(74,1198),(89,553)]	15.583027
960	[(49,675),(68,954),(76,2443),(81,726)]	13.632774
961	[(41,394),(70,1803),(85,1115)]	13.283884
962	[(24,2308),(52,1848),(57,1947),(88,325)]	14.389973
963	[(42,1606),(88,1535)]	13.283285
964	[(31,1591),(32,172),(44,1771)]	13.321842
965	[(71,786),(88,1113)]	13.759872
966	[(16,1617),(33,2275),(69,219),(85,282)]	13.565638
967	[(17,1929),(41,671)]	13.531039
968	[(20,654),(87,187),(90,1366)]	15.428613
969	[(13,2328),(39,1251),(47,1691),(68,589)]	14.311847
970	[(1,990),(34,840),(73,874)]	13.255840
971	[(4,201),(16,2486),(25,529),(81,2003)]	13.589799
972	[(2,369)]	13.853248
973	[(20,1499),(69,37)]	14.075675
974	[(4,955),(44,828),(71,436),(81,0)]	13.489070
975	[(2,1825),(9,1384),(29,1848),(46,1365),(49,827),(80,978),(86,1431)]	13.740824
976	[(1,2069),(50,1226),(90,1008)]	13.658430
977	[(55,476),(59,2335),(71,1751),(88,396)]	13.600200
978	[(2,2244),(17,2431),(35,446),(61,516)]	13.633513
979	[(4,1814),(9,2126),(32,619),(72,2044),(86,1027),(87,1017),(91,990)]	17.987647
980	[(3,935),(55,2270),(62,1881)]	15.962799
981	[(6,1809),(35,1224),(64,443),(87,1044)]	13.585391
982	[(24,1611),(71,415)]	13.595127
983	[(22,2049),(38,1652),(64,2230),(76,1176)]	13.465121
984	[(26,1372),(68,37),(88,992)]	13.489028
985	[(3,1899),(4,445),(37,2320),(58,960),(88,2054),(91,1749)]	14.146145
986	[(25,1041),(38,1532),(64,479),(77,481)]	13.320410
987	[(36,2086),(49,2118),(55,523),(88,1508),(91,1945)]	13.853445
988	[(86,521)]	13.266221
989	[(13,2021),(20,1977),(59,265),(63,612),(65,1687),(77,588)]	13.496672
990	[(3,275),(23,335),(46,808),(50,1866),(54,2),(73,2288)]	14.096829
991	[(10,1556),(90,41)]	13.894254
992	[(13,1212),(65,1292),(85,2072)]	13.414306
993	[(35,2039),(39,17),(50,240),(58,1326),(88,1684),(90,922)]	13.433370
994	[(81,2310),(82,1808)]	14.705463
995	[(5,687),(42,705),(89,1107),(91,1397)]	15.455079
996	[(52,2248),(83,1397),(86,1733),(87,473)]	15.374494
997	[(12,294),(49,79),(57,2096),(89,1453)]	15.102135
998	[(3,1101),(33,2237),(68,499),(78,1598)]	15.382590
999	[(18,1304),(30,1142),(33,1058),(44,2433),(79,2000),(81,1158),(88,304)]	15.164240
