ruleset_index	matches	time_ms
0	[(68,377),(75,165)]	11.539507
1	[(89,886)]	12.178812
2	[(30,18)]	21.115908
3	[(33,1278),(65,552)]	20.738977
4	[(28,652),(51,1329),(75,445)]	11.842198
5	[]	12.384649
6	[(90,188)]	11.950360
7	[(14,762),(19,1218),(54,459)]	11.895861
8	[(80,1139),(87,234)]	13.727545
9	[(24,709),(56,549),(62,36)]	11.465508
10	[(60,442),(88,1257),(89,130)]	13.594022
11	[(45,430)]	12.458987
12	[(11,1314),(16,125)]	11.481514
13	[(46,21),(55,721),(78,1181)]	11.422120
14	[(9,1001),(19,1087),(65,740)]	11.644174
15	[(9,383),(42,1440),(67,171),(76,342)]	14.142007
16	[(31,1208),(59,1432)]	15.502362
17	[(67,16),(79,714),(86,97)]	12.438819
18	[(74,502)]	11.486611
19	[(24,158),(79,739)]	11.423165
20	[]	11.395360
21	[]	11.383532
22	[(21,1318),(63,335),(69,1092),(70,1051),(84,48)]	11.464503
23	[(27,582),(51,12)]	11.471910
24	[(39,1083),(53,956),(84,773)]	11.472864
25	[(21,434)]	11.441805
26	[]	12.262408
27	[(5,55),(13,688),(25,807),(38,212),(53,829)]	11.607053
28	[(82,886),(92,512)]	11.732565
29	[(23,643),(44,597),(49,238),(83,478)]	12.223117
30	[(8,811)]	11.627132
31	[(0,1417),(7,85),(34,647)]	13.344183
32	[(72,170)]	11.748464
33	[(53,973)]	12.040625
34	[(63,698)]	12.841565
35	[(40,530),(57,914),(84,66)]	12.497856
36	[(3,1258),(34,139),(65,217),(72,771)]	11.985116
37	[(3,36),(52,631)]	11.716077
38	[(74,198)]	11.985785
39	[(13,62),(14,1269),(37,263)]	11.423881
40	[(2,1136),(30,703),(42,154)]	11.572509
41	[(67,251),(68,1396)]	11.401060
42	[(46,1067),(52,704),(75,1441),(89,1463)]	11.423272
43	[(13,321),(32,631),(44,668)]	11.873732
44	[(1,613)]	11.306957
45	[(45,1224),(46,363),(59,755)]	11.524704
46	[(28,1141)]	11.533370
47	[(52,959)]	11.579272
48	[(1,400),(23,997),(75,1010)]	11.580340
49	[(80,981)]	11.293705
50	[(34,317),(57,300),(62,1177),(74,328)]	11.438460
51	[(80,717)]	11.469367
52	[(7,336)]	13.908674
53	[(39,498),(77,1444)]	12.077964
54	[(39,1045),(91,115)]	11.402612
55	[(67,439)]	11.315005
56	[]	11.585176
57	[(20,392),(23,490),(34,730),(38,1039),(90,92)]	12.036054
58	[]	11.762334
59	[(92,125)]	11.461979
60	[]	11.356057
61	[(89,1282)]	11.539200
62	[(34,1058),(50,220),(58,807)]	11.588187
63	[(11,1185),(75,595)]	11.401208
64	[(15,378),(24,739),(52,844)]	11.532691
65	[(89,559)]	11.388991
66	[(1,1180)]	11.511619
67	[(8,1329),(25,620)]	12.236821
68	[(65,1161),(73,1076)]	11.365358
69	[]	11.793412
70	[(74,576)]	11.505062
71	[(41,1140),(48,1489)]	11.711296
72	[]	11.964587
73	[(15,496),(89,1184)]	12.759557
74	[(36,1281),(72,1127),(83,937)]	12.157338
75	[]	11.381334
76	[]	11.931352
77	[(76,551)]	12.047552
78	[(67,502)]	11.832143
79	[(4,927)]	11.564620
80	[]	11.407461
81	[(27,737)]	11.413670
82	[(39,150),(69,1186),(70,188)]	12.191259
83	[]	12.084186
84	[]	11.557578
85	[(15,332),(18,1496),(50,1018),(55,564),(87,1447)]	11.530148
86	[(52,1503)]	11.276849
87	[(8,99)]	12.578251
88	[(27,387),(92,491)]	22.521432
89	[(21,1337),(28,1362),(31,1101),(41,1234)]	19.001606
90	[(61,1229)]	11.700263
91	[(34,366),(70,1201),(77,357),(81,24)]	11.657133
92	[(71,251),(75,400)]	11.517958
93	[(50,1001),(72,261)]	13.281177
94	[(20,1199),(30,1159),(56,1498)]	11.473940
95	[(88,1391),(92,1135)]	11.653044
96	[(9,844),(28,1361),(39,1217),(44,204),(51,1144),(56,1170),(61,1178),(62,882),(63,45),(84,1342)]	11.486837
97	[(32,573),(78,1523)]	11.821667
98	[(6,414)]	15.069826
99	[(81,1514)]	15.440242
100	[(6,37),(18,1387),(31,441),(43,1130)]	12.633277
101	[(27,1196),(57,562)]	12.255759
102	[(54,1404),(75,1)]	12.881683
103	[(3,1401)]	12.989331
104	[(17,597),(42,875)]	12.757762
105	[(41,259),(55,1218),(57,365),(59,922),(60,529),(76,1478)]	12.636857
106	[]	12.333822
107	[(19,680),(86,309)]	11.571642
108	[(91,521)]	12.815455
109	[(11,548),(33,534)]	11.411827
110	[(45,754),(80,637)]	11.669130
111	[(14,92)]	11.507064
112	[(78,124),(86,1422)]	11.401276
113	[(0,541),(2,1083),(8,71),(52,888),(69,215),(70,164)]	11.501412
114	[(24,251),(25,1396),(80,101)]	11.562624
115	[(5,679)]	11.515203
116	[(24,1007)]	11.659088
117	[(36,772),(72,1144),(82,1027)]	12.736318
118	[(76,1345)]	13.785901
119	[(49,1102),(78,1145)]	12.360603
120	[(81,699)]	14.559519
121	[(20,373),(30,703),(34,992),(36,725),(64,1281)]	11.555968
122	[(3,1182),(19,81),(43,660),(56,1195),(89,1068)]	11.433251
123	[(20,1112)]	11.458295
124	[(14,1063),(31,1470)]	11.402238
125	[(6,1514),(36,202),(77,375)]	11.494092
126	[(8,132)]	11.510406
127	[(12,519),(20,716),(34,98),(42,1139),(64,664)]	11.512153
128	[(4,273),(23,281),(24,447)]	11.310047
129	[(51,1487),(91,397)]	11.839620
130	[(18,1436),(24,1168),(28,505),(32,1376)]	11.488716
131	[(18,25),(65,697),(91,1273)]	11.400112
132	[(29,1251),(46,757),(58,920)]	11.310994
133	[]	11.929342
134	[(72,870),(74,904),(89,632)]	12.186701
135	[(7,677),(80,1019)]	12.983323
136	[]	11.669574
137	[(61,116),(91,873)]	11.292328
138	[(47,881)]	11.585053
139	[(28,697),(56,469)]	11.831350
140	[(6,1153),(92,9)]	11.353718
141	[(57,514)]	11.423180
142	[(9,22),(39,1176),(56,1136),(80,1457)]	11.442904
143	[(25,94),(58,241),(60,1341),(61,1307),(79,260)]	11.317030
144	[(77,794)]	11.321138
145	[(17,1285),(41,1335),(55,1315),(61,1501)]	11.344089
146	[(30,330),(81,29)]	11.283506
147	[(21,908)]	11.323715
148	[(27,493),(65,304)]	11.461888
149	[(51,1447)]	11.325695
150	[(64,617)]	11.363699
151	[(2,166),(12,358),(45,226)]	11.589972
152	[(43,1365),(57,1456)]	11.654613
153	[(74,665),(81,734)]	11.846960
154	[(35,1279),(51,1481),(87,1241)]	11.839591
155	[(87,721)]	11.366805
156	[]	13.111736
157	[(51,1094)]	11.668173
158	[(55,926)]	11.590371
159	[(61,1109),(66,1403),(92,1420)]	11.903589
160	[]	11.695700
161	[(11,542),(48,433),(68,1000)]	11.442079
162	[(14,414),(16,1196),(21,864)]	11.415242
163	[(53,1489)]	11.391562
164	[(65,996),(90,485)]	12.051293
165	[(22,1329),(43,303)]	11.425293
166	[(44,40),(52,1201)]	12.257269
167	[(17,506),(91,1439)]	11.802588
168	[(71,202)]	12.216447
169	[(71,527),(80,381),(89,1057)]	11.271563
170	[(13,782),(36,975),(70,1415),(85,192)]	11.264518
171	[(2,322),(3,1415),(40,1114)]	11.500613
172	[(29,11),(67,1340),(77,517),(83,718)]	11.514542
173	[(2,1037),(13,225),(55,112)]	18.002796
174	[(42,372)]	22.602300
175	[(26,1107)]	13.881561
176	[(11,2),(77,906)]	11.895532
177	[(12,108),(22,868),(41,1292),(68,1520),(89,1047)]	11.463207
178	[(13,143),(50,1469),(64,540),(75,330)]	11.467385
179	[(40,720),(43,128),(78,1108)]	11.641289
180	[(1,459),(4,513),(27,917),(65,937)]	12.930106
181	[(9,1271),(22,1339),(63,560),(85,689)]	15.292118
182	[(1,927)]	13.222580
183	[(69,1511)]	11.369719
184	[(48,1244)]	11.369508
185	[(24,387),(39,58)]	11.532409
186	[(22,1423),(28,1036),(48,439)]	11.234890
187	[(8,180),(71,998)]	11.307621
188	[(16,1281),(23,1186),(45,1469),(57,735),(72,1141)]	12.892047
189	[(43,197),(55,909),(60,877),(82,421),(91,805)]	13.156010
190	[(21,1262),(34,399),(39,400),(80,1056)]	12.598104
191	[(24,1090),(26,616),(58,1192)]	12.381332
192	[(10,560),(37,663),(70,774)]	12.432992
193	[(50,1387)]	13.850678
194	[]	12.825088
195	[(82,1084)]	11.912000
196	[(18,71)]	11.754432
197	[(2,1300)]	11.439012
198	[(17,211),(52,1193)]	12.067077
199	[(0,542),(1,944),(2,466),(36,1111),(55,1283)]	11.940643
200	[(69,551)]	12.643965
201	[]	13.103635
202	[(80,990)]	11.662647
203	[(12,56),(60,330),(76,226)]	11.651054
204	[]	11.510459
205	[(17,1345),(23,857),(27,598),(39,134),(65,139),(69,299)]	11.756234
206	[]	12.002075
207	[(7,1215),(27,511),(52,284)]	11.752126
208	[(2,1181),(11,1450),(12,1228),(44,979),(58,1418)]	11.937663
209	[(10,776),(16,1456),(71,311)]	12.078736
210	[(2,4),(4,472),(13,744),(40,1277),(54,1073)]	11.390139
211	[(0,682),(31,264),(41,342)]	11.403324
212	[(2,687),(45,9)]	11.658779
213	[(89,1033)]	12.376619
214	[(26,599)]	11.752097
215	[(27,257),(38,531),(58,1317)]	12.139761
216	[(4,1463),(15,1114),(44,1312),(73,669)]	11.742006
217	[(48,1500),(55,394)]	14.378167
218	[]	14.283963
219	[(43,220),(91,95)]	11.638363
220	[(10,446)]	11.498644
221	[(6,238),(47,967)]	12.400913
222	[(66,657),(92,465)]	11.488793
223	[(47,216),(49,887),(88,1095)]	11.440548
224	[(9,1396),(20,815),(24,1458)]	11.543532
225	[(0,626),(19,168),(34,675),(61,1096),(86,675),(90,520)]	11.418369
226	[(19,912),(49,600),(54,341),(65,1328)]	11.468919
227	[(64,1048),(68,678)]	11.364627
228	[(8,912),(14,86)]	11.635569
229	[(19,434),(52,1225),(87,93)]	11.530923
230	[(50,1160)]	11.942785
231	[(3,1026),(21,891),(36,187)]	11.431080
232	[(71,617)]	11.622045
233	[(22,456)]	11.687858
234	[(15,298),(52,122),(56,1462)]	12.061286
235	[(44,948),(76,1263),(84,1346)]	11.511595
236	[(36,1065),(53,348)]	11.573342
237	[(2,817),(75,1012)]	11.581077
238	[(83,1074)]	11.445733
239	[(31,58),(37,1167),(40,502)]	11.400442
240	[(5,468),(7,1199),(45,1060)]	11.781955
241	[(5,304),(17,914),(85,544)]	12.100273
242	[(11,221),(33,356),(42,720)]	11.600382
243	[(24,1508),(77,781),(84,25)]	11.544577
244	[(21,1109),(84,101),(88,721)]	11.455482
245	[(60,453),(82,1368),(85,1143)]	11.484290
246	[(27,1397),(61,220),(90,970)]	11.380526
247	[(10,442),(45,399),(76,1241),(83,309),(91,506)]	11.672879
248	[(39,845),(49,523),(84,984)]	11.838363
249	[(13,1471)]	11.300640
250	[]	11.541495
251	[(48,771)]	11.497495
252	[]	11.478736
253	[(6,1402)]	11.576484
254	[(18,24),(22,694),(61,483),(85,313)]	11.624371
255	[(56,211)]	12.416241
256	[]	11.318455
257	[(6,551),(28,89),(70,681)]	11.275371
258	[(7,228),(20,810)]	13.852335
259	[(25,49),(46,890),(51,119),(57,104),(69,1476),(80,22)]	24.746639
260	[(2,405),(21,115),(80,1123),(84,1101)]	17.420373
261	[(15,1018),(31,1353),(36,107),(65,687),(81,402)]	11.439098
262	[(8,1123),(43,1182),(59,922),(60,529),(77,208),(82,780)]	13.161944
263	[(32,211),(82,958),(92,326)]	15.938069
264	[(32,161),(50,665),(82,426),(84,381)]	12.960483
265	[(1,339),(18,991),(31,693),(84,1238)]	11.412250
266	[(23,1138),(58,498)]	12.199851
267	[(34,851),(49,1337),(60,1507)]	11.627816
268	[(8,339),(26,610)]	12.017417
269	[]	11.596271
270	[(13,1293),(52,155),(57,599),(80,1460),(88,412)]	11.557218
271	[(72,1238)]	11.266987
272	[(7,1341),(44,788),(74,908)]	11.411697
273	[(9,567)]	11.417461
274	[(12,223),(28,240),(66,88),(77,718)]	11.898390
275	[(1,253)]	11.544686
276	[(71,1016)]	11.389327
277	[(22,1315),(27,1091),(31,717),(39,797)]	11.480589
278	[(15,155),(29,18),(51,951),(66,258),(73,8)]	11.360071
279	[(1,969),(64,884),(79,872)]	11.565162
280	[(2,776),(79,1345)]	11.859279
281	[(41,1273)]	16.516475
282	[(44,1326),(59,597),(83,693),(88,639)]	17.666773
283	[(23,166)]	11.660072
284	[(27,892),(83,648)]	11.633528
285	[(89,1431)]	11.675806
286	[(12,1353),(53,73),(87,630)]	11.314637
287	[(3,1016),(15,763),(35,1065),(37,167),(40,92)]	11.387234
288	[(24,1000),(30,75),(50,1114),(52,320)]	11.482305
289	[]	11.540221
290	[]	11.372606
291	[(62,383),(73,495)]	11.617451
292	[(2,190),(69,914),(83,1019)]	11.460142
293	[(14,1332),(18,229),(33,753)]	11.369796
294	[(34,1409)]	11.312054
295	[(29,195)]	11.578530
296	[(6,603)]	11.909700
297	[(46,935)]	11.730859
298	[]	11.557678
299	[(52,262),(88,230)]	11.408891
300	[(55,795),(76,1092)]	14.497116
301	[(38,98),(49,1524),(88,128)]	12.012913
302	[(2,784),(11,621),(36,1294),(87,1198)]	11.593810
303	[(0,807),(1,110)]	11.413698
304	[(15,200),(70,963),(89,777)]	11.741464
305	[(7,347),(17,727),(21,898),(43,1304)]	11.694894
306	[(29,542),(47,1505),(65,1072)]	11.784607
307	[(80,1437),(90,981)]	11.531092
308	[]	11.415895
309	[(19,1361),(25,262)]	11.397267
310	[(4,1200),(16,881),(42,1077),(62,75)]	11.357877
311	[(75,707)]	11.562194
312	[(19,199),(33,1293),(35,477)]	12.710077
313	[(8,196),(25,52),(68,829),(90,577)]	12.861294
314	[(30,355)]	13.032685
315	[(55,1171)]	12.962652
316	[(71,334)]	13.330532
317	[(2,720),(34,1353),(44,121),(90,325)]	13.988756
318	[(21,440),(42,508)]	13.377041
319	[(34,1255)]	15.961400
320	[(21,641),(64,960)]	12.991358
321	[(27,1349)]	13.441980
322	[(53,29),(71,542)]	12.927078
323	[(68,140)]	12.945435
324	[(12,518)]	12.795014
325	[(24,1410),(32,804)]	13.045451
326	[(30,1517),(44,1383),(55,439),(78,715)]	12.847583
327	[(35,626),(67,1286),(70,454)]	12.943725
328	[(24,778),(76,1303)]	12.917354
329	[(33,1059),(36,454),(84,283)]	12.710605
330	[]	12.920874
331	[(3,73),(9,1383),(67,585)]	12.706856
332	[(41,478),(46,878),(48,1403)]	12.733910
333	[(6,440),(59,473)]	13.016740
334	[(91,1180)]	12.949556
335	[(65,247)]	12.866295
336	[(1,616),(10,1030),(34,1261),(56,125),(65,1293)]	12.954193
337	[(37,495),(38,705),(85,135),(88,804)]	12.812283
338	[(4,756)]	13.335028
339	[]	14.358106
340	[(17,662),(39,601),(87,1305)]	12.535459
341	[(3,643),(38,1277),(39,741)]	24.172302
342	[(35,926),(39,614)]	27.119458
343	[(7,11),(9,1075),(19,815),(50,1058)]	32.801640
344	[(76,1115)]	19.368088
345	[(40,774)]	14.397960
346	[(23,1141),(32,1511),(39,427),(47,683)]	13.082611
347	[(37,722),(41,67)]	11.347685
348	[(4,317),(20,1337)]	11.650629
349	[(1,898),(46,559),(52,742)]	11.477906
350	[(27,726)]	11.385658
351	[(74,186)]	11.324924
352	[(3,1168),(14,106)]	11.540081
353	[(30,947)]	11.256644
354	[(75,322),(76,1415)]	11.751279
355	[(22,184),(28,1315)]	11.625334
356	[(32,591),(37,1312)]	11.299148
357	[(3,1397),(59,1469),(70,976)]	11.674451
358	[(68,1274)]	11.667894
359	[(80,958),(83,989)]	11.951369
360	[(9,1461),(14,659),(19,1330),(86,844)]	11.738228
361	[(20,606),(58,1078),(80,925)]	11.360913
362	[(47,636)]	11.597387
363	[(67,1020),(68,629),(83,839)]	12.204076
364	[(26,1290),(32,414),(43,128),(45,1149)]	11.599659
365	[(1,723),(31,83)]	11.458179
366	[(31,837),(33,365)]	11.537995
367	[]	11.551051
368	[(36,857),(60,1453),(90,177)]	11.444384
369	[(1,1329),(60,1278),(80,68)]	11.798763
370	[(28,85),(31,1405),(91,1102)]	11.447854
371	[(26,312),(45,929),(48,731),(68,1267),(82,698)]	11.376771
372	[(47,508),(54,1259),(71,1067)]	11.564595
373	[(31,661)]	11.387270
374	[(27,738)]	11.493809
375	[]	12.163765
376	[(66,909)]	11.906346
377	[(52,196)]	14.092958
378	[(20,1427),(21,201),(25,538),(75,1065),(77,167)]	11.845779
379	[(7,532),(43,815),(49,463)]	11.550636
380	[(23,308),(90,1411)]	11.999753
381	[(16,256),(28,795),(40,1438)]	11.677641
382	[]	12.200046
383	[(29,344),(72,1306)]	11.506237
384	[(53,1428)]	11.625227
385	[(4,1017)]	11.494924
386	[(33,1221),(50,628),(60,702)]	11.443771
387	[(24,1191)]	11.307344
388	[(9,1126),(56,336)]	11.426085
389	[]	11.556344
390	[(28,1051),(60,1184)]	11.403845
391	[(16,237),(17,318),(64,1210)]	11.416390
392	[]	12.366782
393	[(31,129),(51,1477),(71,147)]	11.674197
394	[(27,752),(32,980),(42,1378)]	11.847238
395	[(14,1231),(30,981),(43,603),(49,1494),(77,1509)]	11.609399
396	[(35,706),(78,29)]	15.801428
397	[(1,55)]	12.044688
398	[(39,1027),(83,262)]	11.986291
399	[(20,931),(26,660),(76,1300)]	11.664630
400	[(10,908),(38,252),(68,982),(79,91),(82,302)]	12.506451
401	[(19,1180),(35,664),(46,40)]	12.054241
402	[(38,507),(39,130),(57,689),(68,518)]	11.631578
403	[(79,350)]	11.400497
404	[(35,844),(70,607)]	11.281683
405	[(23,1061)]	11.425979
406	[(4,1475),(53,1519),(54,1200)]	11.420455
407	[(4,325),(7,119),(10,842),(45,746),(88,1004)]	11.518972
408	[(57,1266),(79,1476)]	11.512817
409	[(33,652),(43,895),(46,172),(72,973),(78,1087),(79,677),(88,1480)]	11.382498
410	[(4,1215),(55,800),(58,435),(70,1294),(74,644)]	11.398827
411	[(0,1447),(16,57)]	11.553853
412	[(9,1045),(11,182),(40,219),(55,397)]	11.319510
413	[(17,702),(25,86),(75,199)]	11.507282
414	[(6,775),(36,1118),(46,210),(49,324),(74,1388),(83,556)]	11.698393
415	[]	11.364758
416	[]	11.376979
417	[(47,1211),(51,191),(63,1038),(80,1307)]	12.211080
418	[(44,297),(63,44),(71,563),(79,390)]	12.845822
419	[(37,1166),(72,1477),(75,682)]	15.303396
420	[(61,1201),(69,78)]	11.560004
421	[(1,179)]	11.430192
422	[(0,73)]	12.471593
423	[(27,818)]	16.721542
424	[(79,45)]	14.500379
425	[(48,929),(50,350),(72,53)]	11.828147
426	[(12,40),(65,1085)]	19.062293
427	[(11,586),(22,414)]	23.268578
428	[(18,1495),(79,1409)]	11.944119
429	[(11,1455),(25,1397),(70,471)]	11.409512
430	[(16,1242),(57,1061),(91,43)]	11.550570
431	[]	12.009095
432	[]	11.356821
433	[(58,733),(67,1117)]	11.480350
434	[(46,213),(85,360)]	11.442362
435	[(66,761)]	11.695607
436	[(45,51),(66,1120),(87,422)]	12.043949
437	[(61,1374),(65,1267),(91,1436)]	11.499859
438	[(39,865),(64,663),(72,1425),(75,1293),(80,1073)]	11.947401
439	[(42,428)]	11.817427
440	[(1,516),(33,63)]	11.585118
441	[(76,808)]	12.593377
442	[(1,1287),(17,1166)]	12.438621
443	[(20,643),(27,1153),(58,640),(77,1140)]	11.428503
444	[(53,985),(59,440),(67,405)]	12.169005
445	[(16,1456),(30,660),(43,1349),(67,1354),(90,1320)]	11.392638
446	[(11,1481),(21,721),(34,489)]	11.362122
447	[(6,529),(64,1064),(69,59),(78,17)]	11.582326
448	[]	11.991053
449	[(84,867)]	11.478257
450	[(31,522)]	11.603568
451	[(34,468),(92,1191)]	11.797430
452	[(20,1264),(52,380),(65,1457),(71,698),(75,1272)]	11.338800
453	[(84,680)]	11.593378
454	[(12,202),(84,102)]	11.343529
455	[(45,268),(55,731)]	12.860100
456	[(19,1147),(20,805)]	12.448525
457	[(38,807),(39,110)]	11.681830
458	[(12,996),(17,1471)]	12.638531
459	[(16,661)]	11.542711
460	[(52,80)]	14.359287
461	[(14,503),(20,194),(36,862),(79,724)]	11.627441
462	[(11,920),(45,681),(92,456)]	11.708858
463	[(53,423),(77,948)]	11.409142
464	[]	11.544251
465	[(81,1335)]	11.550752
466	[]	11.530723
467	[(3,1155),(12,206)]	11.906938
468	[]	11.496942
469	[(4,1124),(38,351),(58,1079),(73,1030)]	11.510823
470	[(89,478)]	11.559353
471	[(73,491),(75,1006)]	11.286761
472	[(24,1163)]	11.618568
473	[(55,571),(57,794)]	11.991027
474	[(41,1319)]	11.523196
475	[]	12.218797
476	[(7,877),(26,1229),(49,3),(92,1432)]	11.606851
477	[(12,1356),(44,206),(84,343)]	11.413858
478	[(36,878),(46,621),(64,1506),(73,52)]	12.131574
479	[(46,1164),(48,1259),(69,287)]	16.226482
480	[]	11.573086
481	[(1,400),(19,992),(37,1396),(79,1357)]	11.321512
482	[(2,460),(7,162),(62,982),(88,1346)]	11.323029
483	[(49,1353),(56,629)]	11.576256
484	[(2,311),(57,102)]	11.321153
485	[]	11.346861
486	[(48,958)]	11.408164
487	[(47,281),(48,447),(75,56)]	11.328258
488	[(16,186)]	11.323302
489	[(24,813),(30,309),(59,734),(77,710),(92,368)]	11.552589
490	[(7,509)]	11.400680
491	[(29,307)]	12.642478
492	[(20,510),(71,1317)]	11.628964
493	[(9,414),(52,873)]	11.468892
494	[(19,182),(35,143),(59,132),(70,365),(74,578),(78,53)]	11.449918
495	[(21,962),(42,464),(49,389)]	11.421885
496	[(15,422),(22,352)]	11.687975
497	[]	11.677806
498	[(21,1388),(44,1275),(54,456),(89,1102),(91,400)]	11.536518
499	[(9,121),(43,795),(56,1005),(66,282)]	11.424515
500	[(21,1509),(84,1468)]	12.213951
501	[(60,446),(90,1150)]	12.977645
502	[(10,983),(11,1044),(46,747),(62,1221),(68,1485)]	12.185072
503	[(20,23),(21,1272)]	11.422924
504	[(13,962),(38,128),(53,31),(54,1250)]	11.556206
505	[(22,1396)]	13.434763
506	[(28,1030),(72,71)]	15.283592
507	[(55,934)]	13.508438
508	[(11,425)]	11.648878
509	[(25,1025),(35,746),(41,1435),(52,540),(60,648),(72,804)]	11.499917
510	[(6,406),(50,775)]	12.218534
511	[(18,234),(80,957),(87,1327)]	13.162252
512	[(1,605),(19,1269),(55,1420)]	22.694502
513	[(10,1321),(80,51)]	18.851046
514	[(5,607),(54,177)]	11.660403
515	[(22,1418),(44,531),(69,916),(72,899)]	12.568606
516	[(7,238),(25,14),(61,462),(69,308)]	14.452949
517	[(17,341),(23,341),(42,718)]	11.907746
518	[(4,490),(31,192),(86,1407),(87,171)]	11.652574
519	[(33,1295),(75,620)]	11.428441
520	[(6,1003),(17,33)]	11.814996
521	[(36,74),(90,405)]	11.985578
522	[(47,517),(83,1058)]	11.401282
523	[(1,209),(10,48),(40,470),(51,1443)]	11.984549
524	[(6,420),(18,93),(70,364),(77,839)]	11.770442
525	[(0,418),(26,1440),(40,1252),(41,114),(44,731),(66,1237),(79,1016)]	11.390760
526	[(1,881),(83,277)]	12.018336
527	[(31,944),(51,243),(92,411)]	11.564077
528	[]	11.605594
529	[(17,479)]	11.338566
530	[(26,275),(36,608)]	11.711247
531	[]	11.684675
532	[(49,181)]	11.497340
533	[(34,929),(46,1295)]	11.538311
534	[(28,858)]	11.746723
535	[]	13.294244
536	[(45,1460),(72,784)]	11.876551
537	[(6,1286),(31,1251),(69,1395)]	11.589715
538	[(11,106),(87,187)]	11.482036
539	[]	11.691885
540	[(9,1039),(44,988)]	13.163077
541	[(23,277),(32,886),(71,130),(82,732)]	12.632596
542	[(92,244)]	13.976120
543	[(13,317),(19,1445),(55,515),(81,1247)]	12.010244
544	[(84,636)]	11.506156
545	[(50,368),(65,1140)]	14.991220
546	[(30,750)]	12.070517
547	[(17,994),(21,1161),(52,590)]	12.058435
548	[(37,337)]	11.506984
549	[(1,1362),(3,679),(17,869),(29,830),(61,236),(79,667)]	12.241274
550	[(51,1033),(54,1140)]	11.629040
551	[(10,851),(30,1451),(87,125)]	11.753450
552	[(83,1415),(88,990)]	11.470585
553	[(92,522)]	11.390369
554	[]	11.497335
555	[(15,853),(52,1278)]	11.442805
556	[(28,188)]	11.483522
557	[(27,672)]	12.304481
558	[(4,380),(6,293)]	11.493996
559	[(41,886)]	12.222595
560	[(84,1421)]	11.598635
561	[(11,926),(29,272),(44,1355),(55,949),(74,111),(77,63)]	11.833562
562	[(12,662),(49,54),(59,818)]	11.302988
563	[(8,687),(79,1117)]	11.626138
564	[(12,367),(65,604)]	11.332304
565	[(81,492),(83,228)]	11.273716
566	[(39,754)]	11.501863
567	[(54,107),(84,357)]	11.428628
568	[(31,611),(34,236),(61,782)]	11.558517
569	[(14,62),(15,1269),(55,1071),(58,1459)]	13.010731
570	[(2,216),(68,908)]	11.428121
571	[(27,1488)]	11.609465
572	[(57,740)]	11.341803
573	[(59,746),(85,575)]	11.322444
574	[(2,1146)]	12.230445
575	[]	11.350045
576	[(43,1110),(48,811),(68,156),(87,1454),(92,557)]	13.354487
577	[(36,1424),(45,1094),(75,85)]	24.758777
578	[(47,659)]	23.739261
579	[(4,103),(56,482)]	23.119574
580	[(26,1032),(55,974)]	22.669741
581	[(45,406),(57,704),(62,1358)]	22.772197
582	[]	26.447571
583	[]	23.979120
584	[(55,132)]	23.170185
585	[(4,555)]	22.641604
586	[(9,449),(18,1011),(22,839)]	24.655205
587	[(61,503)]	27.672692
588	[(24,390),(37,355),(55,974),(72,166)]	28.902937
589	[(61,1056)]	22.213073
590	[(20,1314),(60,634)]	21.793027
591	[(22,566),(88,485)]	24.247417
592	[(44,533),(74,453)]	20.332098
593	[(18,1155),(37,78),(57,1510),(73,291)]	21.805798
594	[(4,144),(27,946),(44,171),(57,1218)]	22.657777
595	[(1,773)]	22.532968
596	[(23,1507),(59,832),(71,282)]	22.587566
597	[(14,1276),(35,842)]	22.447737
598	[(25,362)]	23.259327
599	[(32,834),(54,1085),(57,871)]	22.604999
600	[(27,1235),(92,1383)]	22.966088
601	[(25,905),(80,841)]	22.632476
602	[(24,1195),(74,978)]	25.141663
603	[(25,1320),(48,1438),(86,104)]	22.973650
604	[(50,376)]	22.660009
605	[(85,1527)]	22.666720
606	[(8,1235),(33,1042),(34,1351),(78,1507),(88,305)]	22.794132
607	[(9,102)]	22.653221
608	[]	22.596433
609	[(23,455)]	26.809495
610	[(8,933),(84,771)]	23.035818
611	[(21,230)]	22.713432
612	[(51,794),(78,756),(81,735)]	22.675619
613	[(26,1500),(59,583)]	22.597467
614	[(75,453)]	22.547862
615	[(40,1302),(43,24),(53,258),(74,363),(77,458)]	22.761175
616	[(2,76),(3,118),(80,274)]	22.423498
617	[(43,1159),(50,1511),(63,388),(87,1413)]	21.906962
618	[(34,390)]	21.710801
619	[(24,1422)]	23.158659
620	[(3,644),(30,1141),(33,290),(47,721),(59,218)]	23.046269
621	[(31,403),(35,566),(50,661)]	22.617843
622	[(21,292),(76,23)]	25.472395
623	[(15,11),(58,101)]	23.492376
624	[(16,1022),(22,844),(27,259)]	23.126228
625	[]	26.522885
626	[(3,1100),(12,380),(17,934)]	25.171044
627	[(15,578)]	22.586607
628	[(64,1217),(88,1501)]	22.981934
629	[]	22.829000
630	[(14,1142),(39,661),(45,2)]	22.438131
631	[(38,1237)]	22.108575
632	[(18,446),(48,301)]	26.059814
633	[(14,198),(60,754),(79,953)]	23.577937
634	[(12,125),(55,492),(88,1434)]	23.925293
635	[(17,735),(59,269),(92,1054)]	23.005203
636	[(16,427),(24,1213)]	22.046823
637	[(73,1188)]	21.832563
638	[(24,390)]	22.700669
639	[(79,1473),(80,5)]	22.427350
640	[(35,232),(76,233)]	22.198126
641	[]	22.809423
642	[(20,615),(26,1371),(31,695),(53,1402),(58,287)]	22.087127
643	[]	23.418733
644	[(22,890),(87,1407)]	23.433662
645	[(19,1421),(79,893),(83,506)]	23.587793
646	[(6,675),(10,667),(75,597)]	21.979422
647	[(69,1207)]	21.969700
648	[(3,1140),(5,1188),(35,1047),(61,604),(66,1479)]	24.880817
649	[(25,972),(42,829),(44,1015)]	20.115247
650	[(22,226),(47,1464),(49,126),(80,648),(85,909)]	22.216819
651	[(7,391),(17,860),(19,1110),(36,1503),(64,113)]	25.025266
652	[(87,639)]	22.789222
653	[(74,779)]	23.516058
654	[(47,236)]	22.906645
655	[(39,430),(74,746),(80,356)]	23.256705
656	[(6,0),(29,183),(40,1350),(63,284)]	21.889984
657	[(5,467),(42,87)]	22.018924
658	[(47,1438),(91,1493)]	22.213547
659	[(10,114)]	22.866872
660	[(2,948),(14,889),(51,1279),(58,992),(86,1288)]	22.168687
661	[]	26.068327
662	[(28,206),(71,417)]	22.588492
663	[(18,1415),(56,1119)]	22.744305
664	[(5,740),(12,205),(27,62),(49,172),(78,492),(88,1526)]	22.629667
665	[(74,874)]	22.703853
666	[(3,88),(9,1164),(10,732),(28,656)]	22.793187
667	[(13,1264),(20,612),(73,1458)]	24.929386
668	[(86,1397),(89,442)]	25.092994
669	[]	26.062890
670	[(33,444),(69,1206),(72,875)]	23.124274
671	[]	23.864229
672	[(22,1077),(48,918),(55,417)]	23.862116
673	[(8,753),(19,189)]	22.659513
674	[(1,874),(66,804)]	22.771757
675	[(73,1035)]	22.470976
676	[]	23.093164
677	[(79,613),(87,953),(89,1058)]	22.794163
678	[(10,1052),(16,1045),(18,182)]	22.985587
679	[(5,1189)]	29.356989
680	[]	27.296645
681	[(84,25)]	31.373698
682	[(62,7)]	23.452511
683	[(5,445),(46,675)]	26.702676
684	[(27,595),(64,635)]	25.761563
685	[(49,367),(90,742)]	25.572594
686	[(27,952)]	22.919642
687	[(40,842),(55,75),(88,833)]	24.945311
688	[(10,854),(39,89),(71,807)]	30.191328
689	[]	25.949909
690	[]	24.820129
691	[(35,192),(38,908),(62,1474)]	25.069700
692	[(20,344),(32,997),(76,1310)]	24.879621
693	[(36,546),(44,1035),(52,823)]	24.837844
694	[(11,475)]	25.189281
695	[(18,929),(32,262),(66,1008)]	27.375654
696	[(42,280)]	25.021945
697	[(15,1523),(50,362),(58,241)]	25.987784
698	[(53,308)]	25.355931
699	[(65,691)]	24.809252
700	[(1,447),(75,1245)]	24.957114
701	[(18,1303),(28,367)]	24.594837
702	[(33,806),(47,190),(67,1393),(73,504)]	24.997500
703	[(23,99)]	24.768338
704	[]	24.714415
705	[(11,128),(89,151)]	26.076474
706	[(12,313)]	25.800262
707	[]	25.398604
708	[(38,78),(76,549)]	33.441098
709	[(0,88),(7,190),(11,1254),(18,577),(25,592),(27,353),(62,550),(82,549)]	28.436860
710	[(79,562)]	25.807453
711	[(71,113),(89,913)]	25.259747
712	[(26,894),(80,579)]	24.522355
713	[(48,385),(58,1073),(81,362)]	19.835162
714	[(19,352),(64,543),(65,575),(80,566),(87,1366)]	22.183356
715	[(28,764),(37,995),(78,950)]	23.666765
716	[]	23.432020
717	[]	24.955800
718	[]	22.565394
719	[(7,1447),(28,1298),(65,587)]	22.669485
720	[]	22.652632
721	[(63,972)]	21.314747
722	[(5,1486),(55,125),(63,833),(80,199)]	22.419599
723	[]	24.974543
724	[(26,931),(91,1319)]	23.833881
725	[(28,119)]	30.384428
726	[(13,515),(80,158)]	36.269963
727	[(12,12),(50,451),(73,1176)]	25.141455
728	[(60,188),(67,301)]	26.220056
729	[(49,646)]	22.533496
730	[]	23.682740
731	[(10,1400)]	20.439518
732	[(19,162),(51,894),(86,662)]	22.155205
733	[(54,204),(64,783)]	22.161300
734	[]	23.185056
735	[(6,1050),(8,760),(18,220),(25,238),(31,1471),(63,426)]	25.518479
736	[(28,942)]	22.913937
737	[(49,182),(54,1190)]	22.754647
738	[(84,376)]	23.208800
739	[(39,1276),(55,614),(71,77),(74,789)]	23.163594
740	[]	23.251489
741	[(13,1412),(87,1188)]	23.215980
742	[(24,998),(43,401),(72,1497)]	23.005556
743	[(15,915),(36,1129)]	23.377993
744	[]	23.117355
745	[(6,579),(9,1329),(18,667),(33,367),(37,135),(48,837),(53,867)]	16.989694
746	[(53,1098)]	11.723666
747	[(57,824),(90,1469)]	11.326770
748	[]	11.431061
749	[(8,1411),(25,1287),(27,13),(44,589),(92,586)]	11.568148
750	[(77,417),(83,1087),(84,677)]	11.525199
751	[]	12.735253
752	[(45,727),(70,1343),(79,1503)]	12.210135
753	[]	14.087951
754	[(69,1082),(80,377)]	15.909581
755	[(3,33),(88,310)]	11.867612
756	[(41,518)]	11.409950
757	[(76,1411)]	11.276300
758	[(71,234),(87,1382)]	11.593541
759	[(4,1112),(51,320),(60,1330)]	11.620048
760	[(18,1470),(45,1120),(90,441)]	11.372949
761	[(35,1079),(55,933)]	11.583530
762	[(79,73)]	11.805964
763	[(4,1012),(13,672),(31,953),(90,786)]	11.385882
764	[(8,867),(12,700),(25,1340),(68,623)]	12.106637
765	[(42,897),(53,1176),(72,779)]	11.747524
766	[(9,53),(13,113),(40,607),(69,1027)]	11.634334
767	[(50,1072),(55,838),(67,1366),(83,303)]	11.533364
768	[(41,840)]	11.501926
769	[(32,18)]	11.709334
770	[(53,715),(59,833),(74,960)]	11.644232
771	[(28,923),(32,990),(57,635),(65,739)]	11.848630
772	[(63,508)]	12.115131
773	[(71,5),(77,1070),(89,510)]	11.825394
774	[(53,89),(62,91),(73,738),(92,1002)]	11.762310
775	[]	11.635601
776	[(26,582),(48,360),(90,1360)]	11.428539
777	[(34,831),(73,839),(77,1350)]	11.664377
778	[(85,490)]	11.723498
779	[]	11.533631
780	[(24,1404)]	11.893247
781	[(18,800)]	11.550527
782	[(16,133),(30,1188),(34,1520)]	11.719168
783	[(4,265),(75,125)]	11.598341
784	[(25,430),(36,216)]	11.461013
785	[(18,840),(61,538)]	11.454389
786	[(56,1399),(67,647)]	11.989150
787	[(78,562)]	11.457979
788	[(3,808),(12,1159),(14,1251)]	11.514686
789	[(10,1497),(30,1321),(50,733),(73,872)]	12.064011
790	[]	11.479165
791	[(21,666),(26,1086),(44,472),(51,237),(68,360)]	11.462581
792	[]	11.909335
793	[(40,974)]	11.482638
794	[(27,944),(44,542),(45,944),(46,466),(87,1460),(91,1053)]	19.911884
795	[(19,1197),(55,403),(65,478),(70,156),(87,118)]	22.905110
796	[(4,1043),(59,1105),(76,794)]	14.834662
797	[(36,920),(39,1031)]	11.648980
798	[]	11.404469
799	[(6,1181),(31,999)]	11.680716
800	[(0,697),(68,560)]	12.025623
801	[]	11.432342
802	[(13,47),(80,819)]	11.633098
803	[(18,127),(76,753),(80,131)]	11.438729
804	[(6,161),(14,1446),(77,1315)]	11.427058
805	[(56,270),(82,1514)]	11.506851
806	[(30,459),(57,684),(79,1421)]	12.175888
807	[(29,197),(54,1337)]	11.467437
808	[(89,1307),(91,852)]	11.563629
809	[]	11.373594
810	[(40,541),(42,1083)]	11.252890
811	[(3,441),(41,1388),(66,374)]	11.395685
812	[(69,504),(86,379)]	11.525058
813	[(69,192)]	11.426606
814	[(28,201),(68,680)]	11.286175
815	[(38,1116)]	11.440002
816	[(3,1307)]	11.379436
817	[(17,300),(39,1082),(61,183),(87,59)]	11.424203
818	[(14,39),(74,1378)]	12.438273
819	[(11,487),(29,581),(45,467),(49,421)]	11.826195
820	[(54,968),(83,122)]	12.116133
821	[(8,677),(12,877),(73,708),(74,16)]	13.905962
822	[(1,473)]	11.440825
823	[(80,1001)]	11.423339
824	[]	11.446050
825	[(27,1159),(37,220),(49,19),(53,1422),(62,956),(70,1001)]	11.256671
826	[(29,875),(60,1163),(61,579)]	11.482124
827	[]	11.600142
828	[(13,1077),(29,438),(38,1249)]	11.602071
829	[(3,255),(11,890),(88,759)]	11.475990
830	[(47,450)]	11.859210
831	[(16,250)]	11.397638
832	[]	11.402288
833	[(26,924),(74,907)]	11.338285
834	[(47,487),(69,1397),(71,1212)]	11.605637
835	[(60,357),(71,1513),(89,1443)]	13.326078
836	[]	14.289696
837	[]	15.971249
838	[(26,154),(64,62)]	12.645472
839	[(26,779),(46,1432)]	11.309511
840	[(66,806),(72,1379),(81,581)]	11.667315
841	[]	11.451010
842	[(18,1317),(31,59),(34,778),(59,1319),(82,525)]	11.293288
843	[(6,1394),(45,854)]	11.366109
844	[(57,959),(72,1235)]	11.937291
845	[(46,224),(79,107)]	11.761275
846	[(63,982),(80,117)]	11.444822
847	[(1,554)]	11.342224
848	[(57,778)]	11.495849
849	[(82,743)]	11.435818
850	[(54,373),(71,424),(74,1114),(90,1186)]	12.546327
851	[(24,807),(31,916),(37,1036),(71,474),(78,1016)]	11.863644
852	[(63,1108)]	12.151007
853	[]	11.480882
854	[]	11.593962
855	[(21,1300),(68,752)]	11.704477
856	[(4,1300),(85,616)]	12.442494
857	[(3,1470),(36,932),(64,467)]	11.537360
858	[(30,249),(63,472)]	11.603031
859	[(30,1457),(31,70),(82,647)]	11.351175
860	[(1,335),(10,1153),(23,531),(79,1307),(85,1448)]	11.849655
861	[(1,1169),(7,1217),(53,1095),(67,1519),(90,1193)]	11.674609
862	[(16,559),(23,1363),(75,117)]	11.469218
863	[(85,787)]	11.571516
864	[(25,703),(51,496)]	11.267654
865	[(11,1309),(31,641)]	11.319764
866	[(12,1522),(32,1319),(89,807),(90,110)]	11.396349
867	[(24,813),(70,1526)]	11.309003
868	[(4,988)]	11.304073
869	[(50,843),(71,1280)]	11.432936
870	[(7,1178),(75,605)]	11.640784
871	[(6,1326),(25,95),(63,1173),(72,1457)]	11.269366
872	[(2,235),(30,265),(62,522)]	11.683460
873	[(0,982)]	11.327425
874	[(14,317),(40,598),(72,475)]	11.662272
875	[(2,1229),(3,934),(10,467),(21,632),(23,739),(34,193),(43,163),(52,1418)]	11.663321
876	[(39,1300),(50,1495),(52,1402),(54,920)]	11.582446
877	[(67,680),(73,146)]	12.010906
878	[(10,803)]	12.115075
879	[(12,1229),(57,854),(74,1057)]	11.621570
880	[(12,325),(30,1475)]	11.599441
881	[(1,1520),(31,53),(67,723)]	24.420254
882	[]	21.292180
883	[(6,784),(76,822)]	11.913932
884	[(24,1080),(51,264)]	11.574170
885	[(6,903),(38,533)]	11.975631
886	[(5,635),(65,1508)]	11.702070
887	[]	11.380413
888	[]	11.568016
889	[(79,109)]	11.350097
890	[(13,364),(22,1206),(62,1136)]	12.528840
891	[(1,515),(12,61),(27,769)]	11.492294
892	[(20,1096),(41,842)]	11.342168
893	[(11,858),(33,262)]	11.294272
894	[(39,1383)]	11.373928
895	[(3,1446),(13,1314),(76,1016),(85,321)]	11.393171
896	[(12,699)]	11.870785
897	[(1,895),(11,1428)]	12.242675
898	[]	11.517194
899	[(78,379)]	11.469770
900	[]	11.929269
901	[(22,1321),(80,1363),(89,1323)]	11.558582
902	[(60,1115),(64,884),(75,851)]	11.954253
903	[(4,1140),(26,1368)]	11.801670
904	[(28,826),(32,520)]	11.540465
905	[(4,124),(22,1221),(47,357)]	11.385613
906	[]	11.300902
907	[(11,1455),(47,991),(85,382)]	11.576282
908	[(1,86),(43,1280)]	11.446604
909	[(61,695)]	11.361265
910	[(23,1475),(87,834)]	12.001374
911	[]	11.658421
912	[(49,1187)]	11.314494
913	[(9,1460)]	11.429079
914	[(57,878)]	11.514127
915	[(72,975)]	11.694315
916	[(2,223)]	12.294642
917	[(32,647),(44,956),(76,463)]	11.819087
918	[(54,332),(75,1261)]	14.292531
919	[]	15.277759
920	[(84,688)]	17.747468
921	[(4,821),(34,389),(61,680)]	13.679788
922	[(6,1396),(56,189),(74,1183)]	12.962975
923	[(61,1095)]	13.321126
924	[(0,395),(17,370)]	11.719839
925	[(25,929),(73,167)]	11.527657
926	[(21,802)]	11.486393
927	[(28,1146)]	12.016434
928	[(5,339),(74,622),(76,868)]	12.203749
929	[(53,1186),(54,188)]	11.881270
930	[(20,839)]	11.542660
931	[(6,1449)]	11.800264
932	[(72,844)]	11.837667
933	[(35,232),(39,134)]	11.421679
934	[(29,1268),(80,145)]	11.456738
935	[]	11.522709
936	[(4,1235)]	11.771940
937	[(31,1067)]	11.722288
938	[]	11.937664
939	[(25,321),(65,420),(91,451)]	11.766052
940	[(46,993),(66,1343)]	11.583315
941	[(9,293)]	11.678368
942	[(29,1216)]	11.926328
943	[(57,1145),(69,1201)]	11.325376
944	[(5,606),(49,550),(84,702)]	11.418775
945	[(26,220),(77,710)]	11.396051
946	[(12,899),(58,1100),(76,949)]	11.314790
947	[(72,965)]	11.385961
948	[]	11.287508
949	[(26,255),(52,1231),(64,49)]	11.296406
950	[]	11.365717
951	[(24,601),(30,1355)]	11.351320
952	[]	11.441732
953	[(55,429)]	11.471201
954	[(25,842)]	11.276421
955	[(29,86),(63,714)]	11.791769
956	[(40,229),(64,364),(69,90)]	13.275307
957	[]	11.825462
958	[(14,198),(46,240),(82,1280)]	11.501554
959	[(25,158),(38,427),(46,229)]	11.399265
960	[]	11.274691
961	[(27,698),(47,239),(90,62)]	11.688147
962	[(59,87)]	11.318674
963	[(40,625),(70,1290),(84,930)]	11.284636
964	[(62,994),(80,1188)]	12.791559
965	[]	12.948467
966	[(16,646),(23,1265),(47,266),(57,294),(87,1465)]	11.660366
967	[(15,1222),(39,1177)]	21.963228
968	[(28,1176)]	19.765667
969	[(65,584),(91,1283)]	12.007054
970	[(80,1229),(88,1139)]	11.399283
971	[(5,782),(34,1021),(37,108)]	11.737144
972	[(38,170),(74,1217)]	12.021067
973	[]	11.852841
974	[(20,47),(45,319),(71,217)]	11.580320
975	[]	11.504548
976	[(73,1070)]	11.382912
977	[(7,662),(27,208)]	11.407450
978	[(0,562),(3,270),(15,1267),(44,961),(57,428),(59,557)]	11.328263
979	[(73,264)]	11.901520
980	[(13,1137),(55,313)]	11.659930
981	[(2,1380),(15,1045),(76,292)]	11.672201
982	[(2,486),(10,1215),(46,381),(88,318)]	11.569462
983	[(5,78),(62,422)]	11.679659
984	[(0,628),(13,1254),(26,519),(55,19),(84,860)]	11.680032
985	[(30,533),(44,957),(64,1249)]	11.536287
986	[(57,1084),(61,555)]	11.542872
987	[]	12.050402
988	[(19,379)]	11.625705
989	[(30,608),(40,113),(67,165),(69,885),(73,132)]	11.420962
990	[(68,1072),(81,1289)]	11.735690
991	[(4,485),(48,480)]	11.437997
992	[(17,592),(37,1410),(50,619)]	11.362470
993	[(25,216),(34,531),(81,997)]	12.416172
994	[(12,94)]	11.529663
995	[(3,954),(91,822)]	11.713257
996	[(17,478),(38,847),(60,1038),(83,822)]	11.471948
997	[(48,752),(73,213)]	11.392334
998	[(24,737),(42,129),(67,1080)]	11.563986
999	[(75,68),(87,1457)]	11.596450
