ruleset_index	matches	time_ms
0	[(31,3097),(39,57),(69,2125),(77,859)]	29.605477
1	[(3,1041),(10,2590),(16,836),(24,2268),(31,1020),(38,3091),(56,1776),(61,332),(67,3128)]	28.877546
2	[(23,2298),(27,2585),(43,750),(51,2489),(55,2472),(67,548),(85,1328)]	28.461019
3	[(17,1834),(34,2245),(40,1931),(65,2855)]	28.832978
4	[(71,67),(73,2097),(85,1456)]	29.479125
5	[(1,2346),(43,708)]	28.651300
6	[(23,1245),(34,2875),(37,2297),(67,97),(84,1501),(89,3202)]	29.418619
7	[(6,2904),(30,334),(33,2418),(68,53)]	31.060199
8	[(20,217)]	30.099141
9	[(2,918),(5,1656),(26,1599),(30,82),(33,143),(39,95),(72,682),(82,718)]	34.576016
10	[(3,503),(16,1870),(38,2368),(89,895)]	45.515326
11	[(55,784),(59,2215),(69,2333)]	39.799821
12	[(10,965),(46,2792)]	28.513909
13	[(57,311),(66,982),(92,2412)]	30.941743
14	[(23,487),(38,1406),(47,1636),(64,416),(87,2827)]	32.239606
15	[(51,1858),(58,3203),(67,3123)]	30.250369
16	[(12,2547),(34,2602)]	29.672510
17	[(9,1324),(14,1800),(15,2219),(50,1574),(69,2953),(79,150)]	30.087830
18	[(19,91),(23,730),(60,1892),(92,737)]	27.442578
19	[(59,1286),(86,2360)]	29.028339
20	[(11,1181),(18,76),(23,274),(85,2575)]	32.161799
21	[(26,881),(84,1047)]	29.754586
22	[(3,200),(6,48),(14,2843)]	32.436129
23	[(7,1584),(14,951),(15,1917),(75,2506),(78,510),(88,1756)]	32.819068
24	[(0,838),(56,1324),(82,1196)]	30.321500
25	[(1,2407),(34,1169),(38,1112),(49,2782),(60,2513),(67,2298),(72,1104),(81,2294)]	30.288192
26	[(0,973),(21,1998),(69,1447),(76,1761)]	29.987644
27	[(39,2683),(47,1678),(48,2115)]	29.991543
28	[(9,1404),(26,2217),(63,2201)]	30.424753
29	[(0,2837),(14,1799),(24,2720),(44,1990),(67,1027),(69,2727),(78,2532),(88,809)]	34.333681
30	[(40,454),(63,645),(78,3195),(87,3138)]	30.204603
31	[(10,3158),(28,1655),(30,1156),(31,972),(50,1386)]	30.129001
32	[(1,295),(53,216),(55,2383),(90,2482)]	30.178584
33	[(9,2406),(40,2018),(53,355),(83,1285),(85,2169),(90,1346)]	30.018060
34	[(27,1727),(30,1643),(37,6),(51,1034),(63,1308),(77,564),(83,1961)]	30.314810
35	[(25,851),(31,2385),(44,122),(77,1545)]	30.069483
36	[(13,560),(14,1293),(15,289),(39,1318),(41,2891)]	30.291872
37	[(12,1183),(35,2096),(50,205),(79,2670)]	31.085192
38	[(15,16),(17,1231),(32,3038),(40,1019),(67,3198),(68,1215)]	30.534061
39	[(0,416),(48,870),(56,3062)]	36.462483
40	[(7,3101),(24,2424),(30,1866),(36,2217),(42,2996),(50,2179),(56,2226),(73,2835),(75,114)]	32.105298
41	[(18,2783),(22,2327),(27,1230),(38,1626),(72,2359),(77,2307),(86,2836)]	30.038465
42	[(26,656),(46,550),(76,1939)]	17.032555
43	[(1,709),(23,560),(24,1293),(25,287),(26,544),(53,1884),(64,1905),(76,2068)]	20.292313
44	[(15,668),(24,2846)]	17.507869
45	[(2,2297)]	14.943992
46	[(3,2111),(7,1225),(25,1869),(62,974)]	24.122649
47	[(7,2288),(23,463),(36,909),(51,913),(83,909)]	25.472838
48	[(11,1384),(65,3065),(92,1197)]	14.657975
49	[(63,257),(87,2907)]	14.928475
50	[(19,1811),(26,82),(53,2300),(62,3116),(66,2475),(67,930),(73,2081)]	16.653861
51	[(1,2014),(15,105),(36,2786),(51,115),(68,2720),(89,2528),(92,193)]	16.697229
52	[(60,1337),(78,542),(84,2363)]	15.345613
53	[(16,1021),(19,1833),(30,2342),(50,2987),(58,1647),(62,705),(86,1958)]	15.700495
54	[(5,2777),(15,1332),(42,1527),(55,1047),(60,1609),(78,242),(81,2806)]	14.960452
55	[(16,2194),(30,2709),(51,2695),(53,1468),(79,907),(88,1363)]	15.470962
56	[(10,855),(31,1295),(85,354)]	15.379311
57	[(18,846),(19,999),(38,2267)]	14.940886
58	[(45,23)]	14.858018
59	[]	15.764202
60	[(1,381),(6,851),(46,3004),(56,2759),(89,442)]	15.593165
61	[(11,240)]	15.833117
62	[(10,1302),(27,2218),(43,923),(61,1701),(64,1847),(75,1671)]	17.367577
63	[(8,1810),(19,2155),(23,2730),(73,352)]	15.417364
64	[(6,2639),(16,72),(35,1950),(50,2417),(58,2278),(66,1924)]	15.215191
65	[(68,3052),(79,1275),(82,506)]	15.399089
66	[(39,221)]	15.177957
67	[(23,1570),(53,1907),(77,744),(82,1306)]	14.932987
68	[(15,1099),(70,653)]	16.144476
69	[(4,2562),(19,1353),(23,1159),(24,1172),(36,1846),(58,1214)]	15.811417
70	[(10,728),(11,115),(48,1259),(53,1052),(58,936),(69,375),(73,3120),(74,3193)]	14.698736
71	[(11,2994),(32,1450),(64,2829),(66,133)]	14.869267
72	[(6,2567),(8,2379),(29,1486),(48,1966)]	14.648075
73	[(4,1987),(82,1500),(92,2184)]	15.099281
74	[(13,375),(52,1450),(61,321),(65,1092)]	14.822033
75	[(3,255),(15,1791),(57,46),(67,3154),(78,965)]	15.364628
76	[(62,1723),(91,2309)]	14.634803
77	[(0,952),(26,957),(31,828),(47,2568)]	14.809207
78	[(43,535),(60,1063)]	14.756208
79	[(45,2387),(87,2220)]	14.928773
80	[(8,252),(42,1077),(62,1178),(64,2608),(72,2769)]	14.708578
81	[(15,2237),(26,2959),(56,484),(59,284),(70,2256),(73,1301),(79,2529),(84,952)]	15.751072
82	[(12,2174),(32,720),(71,1185)]	15.780115
83	[(27,3151),(29,625),(36,3001),(49,2116),(60,1326),(65,1602),(79,1112)]	14.810163
84	[(27,1813),(60,1550),(67,2906),(91,2409)]	15.339618
85	[(28,1083),(39,337),(42,757),(52,345),(59,2143)]	14.936133
86	[(4,2678),(14,1339),(30,2100),(36,616),(50,1701),(61,1606)]	14.970902
87	[(0,2447),(29,2726),(45,399),(50,3163)]	14.613985
88	[(43,147)]	14.888769
89	[(51,100),(59,823),(83,2992)]	15.027757
90	[(3,3059),(25,274),(35,36),(39,1374),(74,2489)]	15.012264
91	[(24,733),(27,2385),(34,2228),(43,905),(47,1006),(82,2056),(91,1460)]	15.150980
92	[(8,3009),(10,3099),(20,2278),(22,1404),(46,1030)]	14.980673
93	[(24,1731),(25,1344),(36,2847),(40,579),(43,2188),(51,1290),(66,2829),(84,323)]	14.865054
94	[(17,1693),(20,2595),(28,597),(33,317),(42,856),(48,645),(56,472)]	14.881854
95	[(47,1380),(85,1503)]	15.026569
96	[(16,1183),(39,2839),(53,1348),(55,2358),(58,2656),(68,788),(73,2198),(89,603)]	15.675615
97	[(5,2717),(7,2429),(41,2223)]	15.006457
98	[(24,176),(35,195)]	14.999439
99	[(36,2434),(47,603),(84,2199)]	15.647342
100	[(25,1217),(44,3124)]	17.511340
101	[(11,1323),(14,1971),(25,3099),(27,2262),(74,3025),(91,918)]	15.005446
102	[(32,1910),(59,2185),(73,2045),(83,2986)]	14.700171
103	[(4,2652),(20,484),(63,1002)]	14.874578
104	[(17,1990),(23,581),(66,839),(80,920),(90,712)]	14.783337
105	[(65,1082),(81,370)]	14.808917
106	[(33,2509),(41,2728),(55,1199),(60,1783),(68,1197)]	16.231599
107	[(2,1467),(11,2293),(39,1502),(47,61)]	20.503689
108	[(46,991),(51,1082),(67,692),(70,982)]	15.433718
109	[(10,596),(23,1377),(74,744)]	14.748807
110	[(16,882),(31,1756),(57,1221),(90,2628)]	14.883433
111	[(11,1736)]	14.923744
112	[(2,347),(32,1606)]	19.010067
113	[(5,747),(21,1987),(23,2330),(26,2144),(27,2247),(71,1133),(79,2849)]	32.440136
114	[(16,1240),(35,1176),(48,2427),(52,188),(53,1353)]	16.046743
115	[(45,1553),(49,164),(58,2297),(80,2574)]	15.106440
116	[(5,251),(7,14),(9,1822),(19,2904),(49,1034),(57,688),(91,2188)]	15.045879
117	[(51,3149),(60,1465)]	15.534548
118	[(32,786),(55,1956),(91,1278)]	15.195774
119	[(1,2736),(13,2117),(19,2423),(43,2131),(46,3158),(48,2836),(59,901),(86,1780),(89,345),(92,216)]	14.992598
120	[(6,1818),(9,331),(12,52),(43,2411),(54,396),(86,2905)]	15.505397
121	[(30,1866),(55,2208),(73,186),(74,2894),(77,2068),(87,2325)]	15.296800
122	[(11,1830),(17,1601),(30,2065),(40,2150),(89,2254)]	14.813027
123	[(12,700),(42,2893),(52,1424),(79,941)]	15.023205
124	[(8,2454),(24,2512),(26,2419),(77,1467)]	15.120886
125	[(11,1467),(21,437),(37,2650),(40,2013),(45,1731),(92,540)]	15.899677
126	[(13,2653),(21,2678),(45,523),(46,587),(64,2336),(80,2206)]	16.643778
127	[(2,3122),(6,739),(21,665),(69,572),(74,1242)]	15.204547
128	[(14,1518),(62,2985),(67,953),(77,229),(78,3192)]	14.798777
129	[(5,3026),(22,2402),(37,2304),(42,801),(47,770),(60,3063),(71,809),(76,2188)]	15.242288
130	[(71,1981),(85,348),(91,188)]	15.094865
131	[(53,919),(84,838)]	15.563531
132	[(9,2928),(11,736),(35,1660),(75,1624)]	15.566034
133	[(7,1389),(49,1708)]	18.118113
134	[(44,1435),(58,2689),(61,2420),(91,1188)]	18.280138
135	[(3,2508),(14,535),(40,2144)]	16.403544
136	[(22,3189),(23,2911),(33,167),(47,2860),(55,1300),(67,1686),(71,2280)]	16.624544
137	[(28,2295),(51,2494),(63,2706)]	17.277226
138	[(27,2728),(32,1897),(36,1925),(50,3059),(72,2539),(80,2264)]	16.741089
139	[(5,3002),(6,2337),(57,1129),(70,819)]	17.174105
140	[(27,1702),(51,1371),(71,2173)]	17.366988
141	[(23,740)]	17.095530
142	[(35,733),(48,1835),(74,2015),(90,23)]	16.951421
143	[(18,1936),(21,1173),(56,908),(63,3165),(70,1252)]	16.468191
144	[(35,593),(50,1041),(57,1085)]	15.194734
145	[(6,2408),(42,1376),(56,3068),(62,1585),(82,1730)]	14.907209
146	[(47,2095),(58,2787),(61,2499)]	14.879625
147	[(1,410),(48,2058),(50,75),(51,1233),(57,2708),(73,1353),(87,562)]	15.005848
148	[(19,2065),(43,1055),(56,3134),(81,676)]	15.384340
149	[(8,303),(18,228),(26,905),(49,866),(57,2658),(79,2476)]	15.011385
150	[(42,2481),(49,2922),(76,2843)]	15.154833
151	[(22,2327),(44,2395),(64,2512),(69,2186)]	15.669033
152	[(13,1093),(23,1605),(31,2257),(37,84),(54,3154),(66,91),(67,2787)]	15.440131
153	[(41,1885),(67,2698),(84,1992)]	14.923904
154	[(2,2424),(6,1069),(70,1972),(76,2667),(79,1975),(89,1989)]	14.875507
155	[(11,856),(21,956),(78,2820),(81,3132)]	14.955801
156	[(6,2906),(11,3063),(27,77),(30,1363),(40,1325),(69,1201),(75,551),(88,3180)]	14.988895
157	[(8,1250),(16,2656),(28,232)]	15.020570
158	[(5,674),(54,1122),(82,1383),(88,1340)]	14.763668
159	[(37,257),(54,42),(63,1771),(83,3189)]	15.490881
160	[(11,357),(88,2189),(92,2478)]	14.939155
161	[(3,2419),(32,2096),(42,2932),(51,1243),(55,2350),(64,872),(66,898),(72,2792)]	14.716943
162	[(16,2262),(20,3182),(45,2752),(62,96),(79,2898),(87,2151)]	17.343405
163	[(1,3080),(2,2918),(8,450),(17,2436),(35,308)]	16.265375
164	[(6,39),(29,2130),(42,6),(52,35)]	15.481953
165	[(20,1630)]	15.492349
166	[(34,1882),(54,41),(66,1240),(90,1146)]	15.582254
167	[(3,1422),(64,1352),(71,2085),(90,2314)]	15.731070
168	[(13,3165),(32,3141),(37,1830),(49,2924)]	15.546219
169	[(6,855),(43,1040),(45,2388)]	20.240308
170	[(9,2871),(12,2298),(28,633),(31,1173),(38,1898),(39,2391),(49,2431),(51,2268),(52,273),(62,2420),(83,1886)]	17.094438
171	[(35,59),(73,2112)]	14.981141
172	[(1,1000),(4,1202),(5,2251),(15,1477),(53,1354),(59,1772)]	14.831696
173	[(7,2974),(11,671),(15,1737),(44,2838),(80,471)]	14.906035
174	[(20,402),(30,1992),(32,219),(33,700),(68,3106),(75,1988)]	15.795555
175	[(6,1726),(47,41),(61,1289)]	15.928307
176	[(75,116),(78,2205)]	14.965956
177	[(27,454),(78,3030)]	24.611732
178	[(3,3041),(31,833),(43,2289),(58,1973),(66,864),(77,1047)]	24.922777
179	[(4,2424),(45,386),(88,2016),(89,3177),(91,555),(92,2887)]	15.895395
180	[(3,1505),(8,1751),(9,2475),(10,930),(18,380),(52,1024),(92,2470)]	14.858193
181	[(26,2656),(30,188),(36,2371),(40,2560),(51,1510),(83,2975),(87,125)]	14.978339
182	[(12,1420),(82,3131),(85,609)]	15.044959
183	[(0,3190),(78,2471),(92,142)]	15.525433
184	[(3,638),(17,793),(24,152),(65,1497),(80,2287),(89,2047)]	14.626963
185	[(18,1330),(26,2831),(60,3024),(71,2023)]	15.033507
186	[(11,1948),(12,458),(17,1403),(31,2970),(39,2010),(67,1416),(89,396)]	14.549599
187	[(9,1051),(17,1803),(53,3014),(71,2694),(75,541),(84,699)]	15.974900
188	[(33,93),(49,447),(61,544),(75,1360),(84,2026)]	14.803803
189	[(34,2500),(37,1431),(41,846),(42,999),(45,1266),(80,352)]	17.764567
190	[(48,2121),(64,679),(65,2163),(71,197)]	14.785027
191	[(4,4),(5,841),(7,2437),(18,2487),(22,807),(25,2160),(51,2402),(89,2931)]	15.266179
192	[(6,2023),(61,2550)]	14.718581
193	[(42,588),(89,2172)]	15.101971
194	[(15,362),(34,2695),(62,2132),(75,1670),(86,2492)]	15.538447
195	[(23,642),(79,1455)]	15.117941
196	[(19,2435),(28,2497),(40,3127),(73,2714),(92,1470)]	15.019624
197	[(26,2907),(31,1808),(44,1740),(62,8),(77,313)]	15.100671
198	[(15,2878),(42,918),(48,3056),(60,183),(76,47)]	15.646487
199	[(14,182),(38,1668),(43,369)]	15.286930
200	[(6,334),(31,2766),(81,2490)]	15.548509
201	[(12,2860),(45,256),(61,1513)]	14.716841
202	[(3,2903),(6,827),(28,2575),(72,903),(76,2102),(86,2776)]	14.841925
203	[(4,1881),(5,3207),(33,563),(73,2056),(75,2395)]	14.712610
204	[(21,50),(30,1702)]	14.774725
205	[(11,331),(89,935),(90,814)]	15.346791
206	[(86,899)]	15.178369
207	[(1,238),(21,2594),(59,1849),(62,2891),(63,2465),(64,3124)]	14.755602
208	[(11,2780),(32,1054),(39,2881),(50,2067),(64,2446),(73,1606),(88,2854)]	15.473004
209	[(11,2688),(28,2471),(57,1296),(67,876)]	14.726949
210	[(0,1048),(54,486),(57,837),(65,2941)]	15.202121
211	[(54,1001),(83,3180)]	14.737530
212	[(8,2400),(43,1872)]	15.342622
213	[(6,1745),(18,926),(21,998),(55,2725),(92,1016)]	15.219113
214	[(27,2551),(43,566),(70,413),(86,1661)]	15.950522
215	[(9,1335),(20,1305)]	15.628739
216	[(89,327)]	18.150244
217	[(0,1944),(30,2463),(56,2754),(69,1019)]	14.913704
218	[(0,2904),(20,1133),(29,2945),(85,2382)]	14.765293
219	[(16,3192),(17,262),(37,1930),(50,581),(80,1105)]	15.060056
220	[(13,1330),(22,1553),(33,2822),(43,3131),(44,2703),(45,620),(76,1227),(77,2318)]	15.096764
221	[(1,2423),(23,744),(74,2346),(86,2750)]	14.865994
222	[(34,1114)]	14.677772
223	[(1,2693),(12,2179),(29,1386),(33,133),(81,1937)]	15.040251
224	[(14,1045),(33,2323),(47,1936),(72,374)]	15.254493
225	[(15,1857),(19,2947),(61,344),(78,1501),(83,1965)]	14.850543
226	[(6,1443),(24,271),(25,523),(41,1647),(44,1426),(57,972),(58,2368)]	17.597805
227	[(1,304),(15,256),(34,3020),(79,654),(81,2445)]	22.115342
228	[(0,2689),(40,2825),(64,660),(75,2237)]	14.994445
229	[(3,1644),(25,2637),(66,3026),(76,2542),(84,2168)]	15.724535
230	[(22,1295),(48,558),(69,2704)]	15.170285
231	[(17,2194),(38,3013)]	15.191802
232	[(24,69),(56,3069)]	19.499258
233	[(7,1068),(12,2437),(24,764),(30,1483),(52,2480),(61,1152),(85,979)]	19.209258
234	[(3,1542),(10,1589),(27,2041),(32,2782),(77,439),(82,487)]	14.922100
235	[(53,1797),(73,3162),(83,39)]	15.007198
236	[(39,2685),(48,2448),(56,2424)]	15.657052
237	[(5,623),(13,2554),(86,925)]	14.951542
238	[(13,3031),(24,2495),(28,316),(41,1706),(46,1968)]	14.827549
239	[(15,839)]	17.491515
240	[(0,718),(7,2595),(15,762),(20,1145),(67,1579),(71,2185),(76,124)]	15.498969
241	[(32,1549),(36,158)]	15.409935
242	[(2,1253),(3,3036),(31,1896),(74,423),(84,2197)]	15.954042
243	[(33,678),(39,2471),(48,2923),(53,2278),(59,1556),(64,675),(74,1596),(86,1858)]	30.279719
244	[(23,941),(90,311)]	18.360419
245	[(37,3130),(49,1182),(53,943)]	16.275525
246	[(17,1955),(25,1794),(41,1045),(47,748),(64,2258)]	15.237267
247	[(3,1996),(13,2054),(43,3203),(49,1254),(54,103),(71,226),(75,539)]	14.851032
248	[(5,170),(56,2881),(76,2351)]	15.483495
249	[(13,2723),(20,833),(23,912),(26,2383),(47,1271),(51,1839),(91,1944)]	18.082878
250	[(24,428),(34,3047),(50,1903),(65,51),(72,223),(77,2483)]	15.733766
251	[(24,2792),(32,2868),(89,288)]	15.044347
252	[(6,2050),(17,1376),(65,718),(80,1230),(89,706)]	16.942330
253	[(20,555),(23,2545),(43,1321),(45,2414),(58,3002),(59,2337),(67,1499),(90,124)]	14.784779
254	[(1,1152),(12,916),(19,2056),(30,2184),(49,3136)]	14.991969
255	[(0,747),(10,1429),(11,1837),(27,2702),(48,2507),(77,443),(86,1553)]	15.841463
256	[(39,2073),(70,2632)]	16.731186
257	[(18,394),(28,1396),(76,1433)]	14.737584
258	[(0,1926),(6,163),(11,1901),(16,1037),(39,786),(51,946),(79,1300)]	15.617026
259	[(11,1342),(33,1021),(36,766),(49,2370),(66,856),(75,1309),(86,2029)]	15.252406
260	[(2,366),(27,2783)]	15.549960
261	[(19,3094),(68,1816),(72,2420),(80,1458),(82,680),(90,2383)]	15.184360
262	[(4,26),(7,222),(87,2255)]	15.080570
263	[(1,12),(23,1225),(30,2878),(36,2509),(74,328)]	16.538529
264	[(1,561),(10,1064),(16,1089),(43,1698)]	15.009266
265	[(20,2282),(26,1590),(31,749),(53,1804),(64,2306),(73,2919)]	15.493541
266	[(11,61),(17,2048),(54,717),(79,62),(82,1705),(92,768)]	15.239921
267	[(21,452),(43,351),(56,1108),(67,599),(85,2921)]	14.990185
268	[(15,2976),(22,201)]	15.626491
269	[(0,560),(10,3180),(33,1229),(38,2373),(59,2488)]	14.774277
270	[(30,1425)]	15.299296
271	[(1,2594),(7,1842),(17,658),(49,142),(53,2744),(63,1757)]	15.039101
272	[(19,1360),(61,1797),(75,2770),(77,1802)]	14.895060
273	[(16,1043),(38,2065),(40,825)]	15.294655
274	[(0,2402),(52,1918),(56,533),(86,3085),(89,674)]	15.088809
275	[(16,2117),(36,2199),(55,2079)]	14.996372
276	[(3,149),(32,2273),(81,1517)]	15.272973
277	[(32,2539),(40,2744),(57,2909),(60,972)]	14.727117
278	[(24,792),(60,1939)]	14.674571
279	[(3,953),(75,2144),(76,2247),(82,43)]	15.089011
280	[(8,103),(44,673),(62,104)]	14.752317
281	[(7,1827),(21,1588),(43,2450)]	14.827110
282	[(11,2376),(30,1443),(42,138),(59,1990),(75,2773),(77,2123),(83,749)]	15.027800
283	[(49,3074),(65,2282),(73,2520)]	15.392742
284	[(8,2915),(29,653),(31,2621),(35,910),(65,768)]	15.482562
285	[(4,1753),(21,2413),(23,2243),(28,2094),(72,2041),(82,1069)]	14.852171
286	[(4,2922),(17,1946),(18,2445),(22,1669),(27,1968),(50,1231),(74,3161),(82,2233)]	14.949607
287	[(0,1915),(14,277),(41,2554),(44,1285)]	14.943854
288	[(3,191),(27,161),(28,1424),(41,364),(77,520)]	14.948580
289	[(18,1707),(33,2092),(42,962),(89,1506)]	18.521202
290	[(20,3029),(82,2490),(90,2753)]	15.616035
291	[(0,2972),(7,40),(29,1382),(32,1012),(38,2029),(57,1220),(65,1694),(74,2466),(85,981),(89,1128)]	15.990681
292	[(1,813),(5,149),(10,1130),(17,756),(21,1963)]	15.301721
293	[(24,1006),(39,694),(53,2477),(82,1160),(91,1138)]	15.198706
294	[(7,3026),(17,2561),(28,2869),(41,1147),(56,1350),(81,2214),(85,1584)]	14.947464
295	[(22,723),(29,1710),(36,1730),(46,1268),(47,2903),(51,301),(66,64),(79,2503),(81,2822)]	17.869617
296	[(74,1154),(80,2894)]	20.246586
297	[(5,1958),(21,1332)]	15.140660
298	[(11,1913),(16,1180),(25,1190),(38,1520),(51,1581),(61,2065),(71,2077)]	14.742922
299	[(6,2099),(18,2297),(28,3173),(51,565),(84,1606),(85,1748)]	14.767523
300	[(14,2435),(32,713),(51,2971),(59,1550),(72,101),(87,257),(92,2042)]	15.522539
301	[(52,1499),(60,2056),(77,1943),(81,524)]	15.831750
302	[(1,156),(3,1261),(6,734),(7,2148),(22,1307),(26,2936),(48,1577)]	15.482758
303	[(13,274),(26,291),(46,2821),(69,622),(75,1271),(92,437)]	15.034197
304	[(3,1086),(84,1434)]	15.941011
305	[(31,189),(67,2213),(69,137),(80,2696),(82,898)]	15.666159
306	[(23,61),(32,2071)]	15.089444
307	[(14,2465),(15,3124),(44,641),(77,1014)]	21.375651
308	[(2,3068),(14,2994),(33,1693),(34,1622),(44,1309)]	27.927258
309	[(24,565),(30,2636),(62,2945)]	22.700052
310	[(28,1355),(45,1624),(51,2521),(55,2076),(92,2268)]	14.707392
311	[(19,82),(39,294),(48,1609),(57,1201),(59,1052),(60,1082)]	18.695784
312	[(32,255),(76,1636),(77,2464),(92,1275)]	16.544681
313	[(10,1544),(17,1374),(19,883),(60,1774),(61,2462),(75,551),(88,1170)]	16.096633
314	[(28,981),(31,2891),(55,2049),(64,1251)]	21.845813
315	[(0,2064),(30,1587),(46,2548),(75,1348),(77,2358)]	15.223819
316	[(12,2584),(22,1512),(29,542)]	14.728683
317	[(3,1319),(14,849),(22,1238)]	14.954677
318	[(13,2049),(35,2370),(40,2929),(49,3063),(58,340)]	14.757977
319	[(17,3063),(55,421),(69,436),(75,812),(76,2699),(83,2269),(90,2370)]	16.758511
320	[(1,561),(6,1399),(24,2538),(83,2380)]	14.696577
321	[(23,1905),(89,2918),(91,1097)]	15.181974
322	[(19,2889),(33,1563),(38,353),(51,2490),(57,1704),(66,1919),(70,2597),(74,2071),(86,45)]	15.303570
323	[(61,2036),(68,86),(76,2860)]	14.855216
324	[(6,99),(25,955),(43,2537),(47,439),(90,533)]	14.654661
325	[(28,1760),(73,1750)]	14.940219
326	[(10,1353),(23,2411),(35,1001),(45,2542),(46,2051),(66,43)]	14.765335
327	[(8,1605),(46,172),(85,648)]	18.596363
328	[(11,3054),(12,2037),(16,3042),(50,488),(55,2179),(73,2636),(77,612),(91,13)]	14.730933
329	[(18,2171),(27,2511),(47,2956),(55,1675),(56,549),(88,1849),(91,2490)]	14.912830
330	[(16,374),(20,700),(26,249),(29,1017)]	14.776822
331	[(10,2542),(41,1952),(54,1889),(55,2692),(62,2715),(68,689),(79,905),(86,245)]	14.834186
332	[(1,175),(68,205)]	14.764881
333	[(18,1991)]	17.464185
334	[(22,1751),(28,374),(30,1164)]	15.073255
335	[(10,3082),(12,1222),(16,865),(47,2144),(55,549),(70,2304),(77,2909)]	14.897721
336	[(8,1148),(26,3012),(34,789),(64,255),(88,2883)]	14.748333
337	[(13,2343),(18,1324),(58,1214),(70,1423)]	14.919045
338	[(49,2612),(64,104)]	14.970064
339	[(3,3157),(16,2329),(87,1021)]	14.810247
340	[(51,1291)]	14.758573
341	[(0,1148),(11,1356),(60,1512),(69,1440)]	14.993234
342	[(21,2819),(44,2572),(65,1655),(92,1321)]	14.747235
343	[(0,1256),(66,785),(73,202),(80,2771),(88,121),(92,2501)]	14.899687
344	[(54,1996),(69,877),(77,1863),(84,537),(89,1399)]	14.820463
345	[(26,2096),(51,1149)]	14.790475
346	[(16,1490),(20,1942),(35,1869),(87,2582)]	14.951761
347	[(29,1801),(42,1557),(43,2677),(44,3179),(47,1008),(56,742),(83,965)]	14.891793
348	[(2,228),(35,1883),(37,726),(38,1591),(49,1391),(65,1886),(83,2429)]	14.548136
349	[(5,734),(47,1261),(64,703),(77,848),(91,356)]	15.847365
350	[(20,869),(35,2563),(56,2333),(58,2821),(63,3187),(75,2675),(76,1891),(86,2620)]	14.875205
351	[(3,1792),(7,2101),(17,1969),(33,748),(80,2676),(83,140)]	15.185947
352	[(13,495),(41,281),(44,2140),(59,960),(85,264)]	17.289581
353	[(3,1030),(33,1296),(35,1433),(58,2505),(74,502),(89,1362)]	15.740962
354	[(32,1457),(35,1263),(50,711),(53,2467)]	17.511178
355	[(29,3068),(31,3011),(36,1752),(46,2343)]	15.244678
356	[(21,2138),(35,2968),(59,612),(77,729),(89,1312),(90,2258)]	15.172197
357	[(10,2028),(13,324),(31,1584),(48,901),(60,2876),(84,2258)]	15.948895
358	[(8,2378),(17,3145),(38,2497),(57,384),(59,427),(70,294),(79,2302),(86,1691),(91,2485)]	20.548198
359	[(0,2366),(13,372),(46,815),(63,1339),(91,2094)]	16.665741
360	[(11,2633),(21,557),(54,449),(64,2422),(71,1286),(92,1952)]	15.291261
361	[(5,556),(11,188),(18,1670),(78,271),(79,523),(86,877),(91,3049)]	18.776212
362	[(39,614),(61,2304)]	14.800654
363	[(22,2435),(59,1699)]	15.665573
364	[(5,370),(26,2934),(71,1253),(74,2751)]	15.005534
365	[(1,1610),(51,2770),(60,703),(92,2602)]	15.307015
366	[(11,937),(13,2511),(17,3151),(31,554),(36,2885),(49,2128),(79,2235)]	15.528596
367	[(0,1727),(72,370)]	14.747151
368	[(2,1367),(52,3200),(70,2278),(73,2273),(91,1508)]	15.048939
369	[(11,2499),(26,1654),(33,1789),(72,1933),(74,2336),(88,967),(92,38)]	14.997788
370	[(3,718),(8,2402),(23,1491),(66,3004),(90,2836)]	15.454046
371	[(14,1528),(25,3003),(28,2157),(34,1562),(66,2250),(73,1701),(82,1308)]	14.783506
372	[(29,1319),(55,2774),(69,318),(71,550),(91,1965)]	15.200718
373	[(6,2409),(73,2703),(74,620),(82,1555)]	21.752545
374	[(20,1078),(38,1968),(65,2612),(70,336),(84,746),(90,857)]	28.022920
375	[(49,2825)]	15.568661
376	[(11,1548),(12,425),(16,3109),(34,1974),(37,230),(64,1764)]	15.424885
377	[(0,2231),(3,80),(5,56),(46,237),(88,780)]	15.115516
378	[(29,1313),(33,1055),(60,452),(81,2396)]	16.919981
379	[(11,2079),(13,2426),(31,2845),(38,1722),(59,404),(77,1616),(91,372)]	15.021331
380	[(1,2736),(35,1405),(48,634),(49,252),(67,3000),(68,378),(71,2898),(80,1890),(90,307)]	15.091639
381	[(7,1908),(19,754),(30,939),(51,300)]	14.941616
382	[(1,1391),(46,2628)]	15.151970
383	[(75,2136),(83,84)]	14.736468
384	[(27,186),(36,1040),(40,2643),(56,2407),(67,820)]	15.424010
385	[(26,1411)]	14.747858
386	[(20,2904),(63,3025)]	14.707446
387	[(9,518),(27,2678),(35,581),(43,863),(44,2681),(47,1685),(82,769),(89,1557),(90,1534)]	14.929684
388	[(5,501),(29,1016),(36,2872),(41,580),(44,1550),(66,2638),(85,2932)]	15.006455
389	[(22,1120),(31,2537),(40,2247),(50,76)]	14.934147
390	[(26,2529),(86,1819)]	14.729516
391	[(12,1983),(13,2514),(33,1448),(48,328),(57,1011),(86,1038)]	14.922769
392	[(7,115),(20,2596),(55,1751),(56,2475),(69,1729),(71,1557),(72,2677)]	14.792883
393	[(10,3038),(18,2029),(63,3081),(64,784),(73,2357)]	14.963062
394	[(16,273),(25,1231),(58,1291),(61,2971),(88,370),(92,2850)]	14.933986
395	[(9,3072),(59,2673)]	14.847228
396	[(15,2203),(20,649),(45,2117),(65,387)]	14.716615
397	[(24,1910),(59,2085),(78,3136),(81,1024)]	14.962617
398	[(47,1260),(60,603),(91,456)]	15.076531
399	[(1,179),(24,1715),(51,2521),(57,2288),(64,3017)]	14.927494
400	[(45,245),(55,1702),(86,1236)]	16.048747
401	[(32,243),(55,2984),(57,2739),(62,78),(70,3093),(71,293),(80,2910)]	15.052744
402	[(11,1071),(39,895)]	15.183657
403	[(32,2148),(33,2092),(69,2192),(77,830)]	14.755663
404	[(4,2089),(21,1642),(39,2043),(53,573),(79,799),(82,2716)]	14.817686
405	[(16,1696),(36,1398),(38,1196),(49,1290),(58,786),(61,1143)]	15.510691
406	[(15,1948),(35,938),(45,1729),(68,1787),(72,2612),(85,2056)]	15.757119
407	[(24,1426),(26,2979),(80,1211),(82,1515),(89,2274)]	14.797372
408	[(30,343),(54,1433),(78,2682),(88,2424)]	15.006229
409	[(9,2127),(22,1883),(26,1772),(65,2040),(66,1036),(72,355),(75,2834)]	14.956696
410	[(30,497),(69,2118),(81,1567),(91,459)]	15.195710
411	[(8,822),(12,1450),(45,527),(53,1779)]	15.397303
412	[(4,2554),(62,3088),(80,1720)]	14.775360
413	[(19,795),(46,854),(55,576),(67,1320),(74,2359)]	17.066294
414	[(4,313),(63,2651)]	15.528551
415	[(5,1807),(23,437),(35,2544),(51,1307),(56,2958),(67,107),(84,1572),(86,579)]	15.480121
416	[(0,2717),(2,347),(23,977),(25,166),(36,30),(37,1370),(38,177),(47,2084),(52,2900),(57,1977),(69,805)]	19.880877
417	[(42,47),(83,3130)]	14.959409
418	[(2,1946),(56,2433),(70,1407)]	14.963201
419	[(15,2802),(37,2091),(41,1222),(53,91)]	14.785513
420	[(1,2588),(7,1904),(34,876),(36,1290),(47,2558),(50,2253),(54,2603),(73,2181),(77,1095)]	15.052316
421	[(21,741),(37,299),(45,845),(63,3026),(91,1899)]	17.110353
422	[(14,587),(15,1927),(36,144)]	20.005139
423	[(16,184),(17,600),(77,2085)]	15.082469
424	[(15,3140),(35,867),(36,2114),(45,1924),(58,1097)]	14.719891
425	[(21,975)]	14.846251
426	[(7,996),(9,793),(57,2997),(88,767)]	15.782063
427	[(2,567),(15,1820),(77,656)]	15.086256
428	[(10,1749)]	15.018892
429	[(11,2531),(13,883),(87,2737)]	15.042509
430	[(20,2653),(29,2309),(47,613),(74,1368),(79,87)]	15.946912
431	[(8,3084),(12,3056),(20,851),(24,1486),(29,2308),(73,419),(80,1063)]	15.502165
432	[(71,525),(77,1429),(78,1837)]	15.419173
433	[(31,367),(33,3122),(59,1252),(75,3154),(90,725)]	15.784412
434	[(13,1626),(16,2369),(59,2570),(64,1183),(84,2671),(89,2411)]	16.119235
435	[(3,968),(25,1911),(32,1602),(59,2939)]	14.868472
436	[(31,3185),(36,3014),(42,1788),(83,1354)]	15.205083
437	[(17,59),(54,1648),(55,1777),(84,3133)]	14.963532
438	[(0,179),(31,440),(80,486),(83,837)]	15.122580
439	[(9,961),(43,3073),(79,2390)]	17.287746
440	[(12,2217),(20,3064),(23,821),(51,2935)]	31.539053
441	[(30,1244),(55,1607),(66,2114),(68,1655),(86,1461)]	16.338743
442	[(17,2091),(31,3008),(86,381)]	16.779077
443	[(22,660),(67,478),(72,2345)]	14.914049
444	[(3,1520),(9,2102),(13,341),(42,368),(65,2174),(67,366),(85,2429)]	15.329404
445	[(13,390),(19,2188),(42,1848),(58,1213),(72,2890),(75,113),(77,2099),(81,2856)]	14.984924
446	[(5,2338),(9,2371),(24,1293),(27,513),(41,2769),(49,1649),(81,2236)]	15.614555
447	[(8,1123),(17,2435),(32,245),(76,1635),(86,2458)]	14.944767
448	[(15,1824),(65,1912)]	14.642216
449	[(18,304),(51,1622),(64,1255)]	15.498209
450	[(15,214),(19,3187),(37,876),(59,2116)]	15.357338
451	[(5,3177),(37,2942),(62,678),(85,2775)]	14.930076
452	[(31,3084),(50,1202),(71,1308),(78,1164)]	14.915533
453	[(20,2309),(45,1321),(67,1982),(68,1895),(71,928)]	14.823782
454	[(75,2503)]	14.681943
455	[]	14.605093
456	[(1,1679),(18,2241),(63,676)]	14.858512
457	[(3,1626),(30,2284),(44,979),(57,301),(86,646)]	14.696260
458	[(17,2723),(23,2201),(87,2516)]	14.753348
459	[(29,2227),(36,2910),(89,1297)]	15.214759
460	[(25,2495),(30,1070),(32,769),(60,990),(64,2683)]	15.765142
461	[(10,1658),(19,81),(49,2293),(89,2211)]	14.879008
462	[(36,2395),(42,3092),(51,2891),(70,964),(75,924),(81,2333),(84,1035)]	14.800466
463	[(41,87),(43,1041),(47,882),(63,681),(91,3135)]	15.670261
464	[(16,3062),(30,320),(40,1149),(70,2087),(73,3112),(90,1039)]	15.055741
465	[]	14.767749
466	[(47,3046),(65,120)]	14.791722
467	[(36,1988)]	14.737339
468	[(27,1059),(30,1112),(82,376)]	14.622173
469	[(59,697),(65,695),(79,943),(86,542)]	14.829065
470	[(92,570)]	14.611682
471	[(13,1269),(19,1582),(64,413)]	14.917760
472	[(23,83),(27,2993),(52,2709),(88,466)]	15.148802
473	[(9,1000),(33,1934),(48,1770),(51,1251),(65,2974)]	15.103942
474	[(10,910),(13,2811),(28,1565),(32,2574),(33,3195),(63,822),(88,1678)]	15.501299
475	[(15,2492),(44,641),(60,1027),(79,1238)]	14.903900
476	[(13,1741),(15,1555)]	14.959182
477	[(19,954),(45,1616),(53,1989),(67,1582),(73,1857),(80,859),(84,3076)]	15.071766
478	[(11,799),(39,2194),(41,2385),(81,1744)]	15.004134
479	[(3,2798),(29,1053),(41,2721),(49,2774),(76,656),(78,2895)]	16.964920
480	[(4,44),(13,2143),(23,1173),(28,304),(36,1740),(52,1118),(67,3072),(78,3202),(89,683)]	25.223374
481	[(8,1207),(22,1624),(27,1833),(31,3191),(63,1356),(72,903),(75,3196)]	14.790955
482	[(6,2613),(29,327),(40,1249),(41,1258),(42,2183),(43,1976),(60,1583),(71,2306),(92,61)]	15.040677
483	[(14,1879),(19,64),(57,2399),(59,1036),(68,2585)]	14.830107
484	[(29,1154),(86,3020)]	15.042058
485	[(33,639),(49,3186),(89,3064)]	19.684886
486	[(47,2249),(55,2047),(57,1048),(64,88),(83,3189),(87,1672),(92,762)]	18.034440
487	[(0,1854),(24,1550),(59,1891),(80,609),(90,2707)]	14.733981
488	[(70,343),(92,2386)]	14.627635
489	[(79,2383)]	24.003114
490	[(35,1645),(63,3065),(64,2383),(80,1004),(91,1455),(92,2986)]	15.525957
491	[(10,2113),(32,888),(36,1225),(39,369),(45,2286),(47,2959),(60,682),(84,1314),(85,3178)]	14.999876
492	[(16,2190),(25,158),(72,2861)]	14.912044
493	[(0,2431),(15,711),(27,1026),(47,223),(50,438),(58,353),(65,2886),(67,2823),(72,1333),(75,1532)]	14.729175
494	[(39,424),(44,1935),(72,1763),(79,2051),(81,2959)]	15.217067
495	[(0,1655),(3,194),(20,3008),(60,2760),(71,480),(79,844)]	14.842109
496	[(0,985),(1,213),(2,1523),(30,1595),(34,1457),(37,2342),(38,1009),(55,1467),(69,918)]	15.532514
497	[(27,2821),(47,283),(72,383),(79,2167)]	16.753023
498	[(18,673),(40,1647),(64,2560),(78,156),(79,441),(83,2006),(88,2836)]	14.614096
499	[(3,2321),(8,1197),(23,2231),(26,452),(52,219),(56,3089),(64,1690),(73,527)]	29.161752
500	[(5,2676),(6,667),(13,603),(30,1719),(62,2618),(72,2441),(74,2311),(83,2298)]	29.838512
501	[(25,914),(54,1539)]	15.214212
502	[(16,1506),(57,611),(77,2726),(83,2511)]	15.347195
503	[(22,741),(29,1459),(37,1565),(76,2217),(91,2669)]	23.211610
504	[(57,1298),(64,1024)]	26.763595
505	[(19,875),(30,3063),(61,1188)]	15.205211
506	[(20,40),(26,1148),(29,410),(33,2233),(37,3040),(50,1821),(85,2515),(92,1413)]	14.933307
507	[(2,2840),(57,2212),(72,1900)]	15.450006
508	[(52,210),(68,2884),(72,198),(74,2991),(89,2414),(92,930)]	14.656698
509	[(25,244),(47,521),(54,864)]	14.884855
510	[(30,268),(40,2500),(48,313),(75,2593),(80,631)]	23.193506
511	[(3,1784),(15,1418),(52,609)]	17.764373
512	[(21,309),(34,1635),(69,1864)]	19.316746
513	[(88,1240)]	14.927708
514	[(11,780),(16,987),(24,1325),(28,1226),(36,2497),(86,1905),(89,1306)]	14.743583
515	[(0,2636),(31,337),(40,3182),(92,1309)]	14.897403
516	[(21,2501),(31,364),(46,405),(76,2035),(84,3165)]	14.730697
517	[(0,2735),(54,1652),(86,1649),(87,2784),(89,685)]	14.856474
518	[(20,102),(39,460),(70,2384),(87,3123),(88,403)]	14.746209
519	[(7,762),(10,1985),(29,2889),(61,2131),(64,1823),(69,2094),(79,946)]	15.035565
520	[(0,3032),(25,3165),(38,1877),(39,756),(44,769),(52,933),(72,715),(77,474)]	27.190672
521	[(34,5),(40,2634),(44,381),(59,330),(90,366)]	32.839504
522	[(13,1460),(16,16),(73,76),(80,1519)]	32.351624
523	[(6,3020),(75,2836)]	32.485079
524	[(4,2278),(7,463),(29,530),(67,833),(71,963),(86,2904)]	21.736474
525	[(0,2615)]	15.584289
526	[(5,2658),(46,1955),(63,3113),(68,96),(76,998)]	15.251530
527	[(33,2536),(75,2094),(76,2309),(86,2820)]	14.880990
528	[(21,1354),(28,2774),(55,2759)]	15.114282
529	[(76,921),(78,2111),(90,321)]	14.842944
530	[(22,2847),(68,537)]	15.769322
531	[(4,1985),(52,1707),(60,756),(83,1987),(87,2335)]	15.169751
532	[(62,543),(64,1122),(82,2128)]	15.565946
533	[(25,1837),(40,1841),(42,2739),(62,429),(70,81),(89,559)]	15.189482
534	[(17,1711),(36,3142),(44,2919),(76,1324),(84,60)]	15.268071
535	[(43,746),(54,78),(70,3149)]	14.652395
536	[(27,1),(73,1261),(77,1363)]	17.922337
537	[(52,764)]	15.316786
538	[(6,2369),(51,2943)]	16.370466
539	[(7,2927),(54,538),(58,793),(67,1743),(71,720)]	15.063996
540	[(9,2267),(17,1128),(22,830),(74,3021),(86,1351)]	15.815903
541	[(17,1271),(28,882),(70,1936),(71,895)]	20.861745
542	[(10,1897),(12,398),(39,977),(50,173),(73,232)]	16.614375
543	[(48,1958),(50,3111),(53,2304),(55,2624),(56,2680),(61,3124),(66,167)]	14.703428
544	[(25,2260),(33,1855),(46,2870),(49,51),(52,3095),(53,190),(60,2986),(62,1098),(73,281),(79,1087)]	15.225192
545	[(1,2586),(15,2922),(51,901)]	14.861376
546	[(28,966),(29,1167),(32,1140),(33,2704),(63,65),(65,110),(69,2534),(76,348)]	15.086700
547	[(37,2634),(52,1778)]	14.971952
548	[(10,842),(11,1156),(17,3023),(26,1413),(27,2660),(35,1774),(38,571),(39,1123),(63,2489),(68,2053),(80,1644),(89,745),(92,958)]	15.567697
549	[(17,212),(18,3126),(32,2986),(40,283),(64,1023),(86,199),(87,438)]	15.284618
550	[(22,1173),(30,1118),(36,807),(44,2284),(86,1465)]	15.781643
551	[(22,3043),(30,363),(32,2065),(84,2042),(85,2921),(88,2484)]	15.628495
552	[(8,423),(21,3173),(36,450)]	15.275934
553	[(11,2863),(52,1771),(70,339)]	16.220950
554	[(1,2105),(27,3150),(36,2867),(53,763),(54,3018),(60,3200),(86,194)]	15.369559
555	[(16,2271),(53,2245),(75,762),(86,2287)]	15.116964
556	[(13,1069),(27,3202),(38,1381),(45,1098),(61,2604),(64,1016),(81,1415)]	15.167084
557	[(16,1718),(27,2428),(30,2663),(32,1540),(52,103),(61,2667),(80,33)]	14.918611
558	[(6,3060),(49,339),(57,2328),(70,2334),(77,379)]	15.672836
559	[(39,2574),(65,1543)]	14.879771
560	[(15,2257),(22,1906),(27,623),(33,982),(52,3154),(55,2525),(65,3065),(66,2383),(68,167)]	17.623138
561	[(10,1175),(54,1275),(76,986)]	15.840697
562	[(32,1757),(60,3087),(71,479),(74,1647),(82,101)]	16.354326
563	[(39,108),(57,564),(84,603)]	20.417176
564	[(52,659),(88,2435)]	30.527211
565	[(21,2039),(46,1),(48,842),(81,1569),(82,163)]	15.651899
566	[(19,1897),(50,1903),(74,2785),(91,1816)]	14.757695
567	[(1,917),(8,462),(21,1026),(59,164),(65,702),(71,1047)]	15.503079
568	[(17,589),(27,3077),(36,2661),(54,809),(60,2298),(75,1025)]	14.869902
569	[(6,644),(28,1106),(37,1191),(47,416),(57,1805),(59,2734)]	14.956885
570	[(9,952),(13,2773),(31,2146),(47,3114),(69,2770)]	14.874434
571	[(56,2887),(86,2864)]	17.837521
572	[(35,1449),(56,416),(64,381),(84,1897),(86,2026)]	14.790458
573	[(40,385),(66,1580),(67,2741)]	14.955080
574	[(18,2973),(49,2901),(61,1660),(74,67),(87,2015)]	16.348668
575	[(1,979),(6,2551),(27,464),(38,2276),(42,1069),(69,685),(81,217)]	15.381093
576	[(16,907),(33,511),(44,2757)]	14.888221
577	[(8,261),(17,620),(22,3170)]	14.816959
578	[(25,597),(34,1309),(39,1546),(67,511)]	15.255103
579	[(29,3153),(37,3020),(54,1428),(69,1623),(75,3135),(77,483),(79,2933),(82,371)]	16.188788
580	[(41,301),(48,1761),(54,1190),(64,1987),(73,2826)]	15.098696
581	[(51,198),(88,1775)]	14.801609
582	[(21,1741),(51,2619),(56,2631),(58,2702),(90,1152)]	14.982073
583	[(2,1108),(44,2870),(66,2396),(82,1307)]	14.807952
584	[(42,2027)]	14.776960
585	[(22,3148),(46,1033),(66,2458),(73,810)]	14.756999
586	[(26,877),(46,3159),(71,91)]	14.789831
587	[(38,2854),(73,1486),(86,1623)]	14.692085
588	[(26,448),(44,1933),(88,646)]	14.806497
589	[(12,296),(86,1604)]	14.832692
590	[(5,3029),(38,1600),(39,1056),(45,239),(55,1427),(91,2664)]	14.935565
591	[(20,1996),(66,281),(82,1325)]	14.877891
592	[(13,2264),(34,1115),(70,1840),(90,11)]	14.983103
593	[(3,220),(9,1121),(55,125),(67,370),(82,890)]	14.824273
594	[(10,1948),(28,1241),(29,1018),(31,2737),(36,2008),(44,3123),(54,2898),(73,2704)]	14.773984
595	[(6,1521),(21,293),(68,693),(85,3070)]	14.823358
596	[(87,1158)]	15.375298
597	[(46,1006),(71,2703),(77,1704)]	14.931680
598	[(11,2483),(38,113),(59,261),(65,2293),(80,2349),(90,2209)]	14.909265
599	[(18,2678),(32,153),(65,1132),(79,2440),(90,2906)]	15.270712
600	[(28,847),(53,790),(66,412),(87,836)]	17.993095
601	[(40,1714),(42,3012),(52,842),(53,1156),(54,972),(75,796)]	15.715223
602	[(49,2499),(56,170),(86,575),(88,2463)]	15.432702
603	[(11,294),(13,1017),(43,499),(44,2973),(56,1181),(73,571),(78,2001)]	15.711732
604	[(5,1944),(7,1037),(29,338),(47,1205),(80,10)]	19.758031
605	[(0,1560),(30,120),(53,673),(58,1483),(61,2201),(68,1191),(79,1964),(87,2011),(90,1579),(92,2294)]	19.783002
606	[(4,1220),(14,224),(26,2686),(38,890),(40,2799),(82,1218)]	15.252823
607	[(18,1919),(46,172),(68,2127)]	14.636263
608	[(26,775),(33,2330),(73,1312),(74,2258),(78,2497)]	14.840749
609	[(8,2957),(46,3056),(51,285),(65,3153),(81,417),(90,1229)]	14.804000
610	[(6,2564),(28,195),(70,2330),(90,2775)]	15.062601
611	[(30,494),(83,1406),(87,2035)]	15.362481
612	[]	14.951086
613	[(35,111),(62,538),(72,382),(79,2320),(80,2838),(83,2555)]	15.878084
614	[(19,1802),(37,1466),(89,142)]	15.270505
615	[(5,2745),(10,830),(15,3023),(44,1239),(49,326)]	17.656166
616	[(5,798),(8,2274),(40,1765),(44,131),(83,632),(85,652),(92,1728)]	14.912941
617	[(41,2886),(44,991),(56,2575),(77,1653),(78,1878)]	15.610306
618	[(13,2620),(49,871),(86,328)]	15.030882
619	[(39,325),(68,1630),(85,1417)]	16.212395
620	[(6,268),(23,3173),(27,393),(49,311),(63,1740),(66,2068),(79,1181),(87,1175)]	15.097760
621	[(18,3149),(42,1390)]	15.082136
622	[(8,1095),(11,638),(52,2496),(59,937),(80,1347)]	23.765631
623	[(12,1023),(26,494),(52,484),(67,2488),(76,2392),(79,932)]	16.714417
624	[(67,1948),(88,2362),(91,1548)]	15.755651
625	[(31,226)]	15.723936
626	[(10,1202),(15,2042),(34,2452),(46,1582),(61,1588)]	17.182881
627	[(5,1380),(57,1762),(60,2307),(80,872)]	15.072837
628	[(42,1077),(64,2839),(67,1774),(72,3101),(75,1045)]	15.340954
629	[(11,1539),(49,603),(60,1204)]	31.973165
630	[(20,1836),(57,2835),(63,71)]	18.173815
631	[(3,2069),(56,2391),(58,2896),(82,2075)]	15.897212
632	[(16,803),(30,466)]	14.900796
633	[(25,3196),(26,2939),(34,907),(91,1819),(92,803)]	14.651937
634	[(1,1294),(3,1171),(32,128),(40,1490),(55,1569),(71,1278)]	14.865545
635	[(27,1544),(87,1209),(89,2069)]	14.793767
636	[(2,1885),(4,1076),(18,1168),(25,2868),(56,3034),(85,1091)]	15.359331
637	[(0,2117),(7,262),(15,636),(16,2645),(55,2984),(61,2993),(75,1853),(90,1650),(91,2025)]	15.563045
638	[(7,2877),(20,1681),(39,1406),(72,3149)]	14.859181
639	[(35,928),(55,563),(71,1147),(89,934)]	14.604006
640	[(9,860),(10,1549),(36,768),(38,2088),(41,1462)]	14.885920
641	[(3,969),(42,2689),(54,2781),(70,2337),(80,2773),(85,3093)]	15.039896
642	[(5,1238),(18,817),(20,2038)]	15.263503
643	[(8,274),(20,2563),(73,2655),(82,224),(92,171)]	14.767343
644	[(10,1600),(37,1481),(45,3074),(51,1382),(63,2835)]	14.829432
645	[(21,83),(73,1363)]	15.250427
646	[(17,360),(19,806),(52,1083),(56,1356),(75,1990),(84,1547),(89,2788)]	15.104251
647	[(15,2299),(51,2248),(83,2644)]	14.829995
648	[(70,154),(81,2622),(89,1046)]	15.415126
649	[(30,2623),(41,1005),(45,703),(76,2749),(91,3145)]	15.497574
650	[(11,2179),(14,1480),(54,2804),(73,1908),(79,881),(84,332)]	14.870869
651	[(29,605),(62,1334),(63,213),(66,1272),(84,1158)]	14.925074
652	[(2,3067),(48,404),(70,2872),(83,400)]	14.699583
653	[(0,2146),(29,2551),(42,1531),(54,2177),(78,3053)]	14.800931
654	[(2,1280),(23,1722)]	14.695249
655	[(25,1574),(42,674),(55,696),(56,2972)]	15.478884
656	[(26,903),(32,1369),(45,2333),(91,2765)]	14.718487
657	[(10,1306),(26,1009),(27,1560),(46,30),(48,3078),(49,2894)]	15.096506
658	[(56,425),(75,1747),(79,1787)]	15.569719
659	[(1,2306),(8,2567),(24,654),(30,1596),(35,1707),(42,1219),(50,827),(76,1065),(89,2905)]	15.731715
660	[(23,803),(25,1625),(32,2095)]	15.879879
661	[(4,1127),(36,319)]	15.287939
662	[(51,1730),(59,2816)]	15.229383
663	[(37,886),(69,228),(74,2285),(87,2418)]	18.081680
664	[(0,2518),(36,3015),(78,1569),(79,163)]	15.421734
665	[(22,1478),(38,1448)]	14.722617
666	[(4,1537),(6,2180),(38,1105),(45,2880),(54,2544),(75,276),(77,635),(78,945)]	30.294113
667	[(6,2938),(46,506),(50,111),(58,1314),(59,3178),(84,3024)]	31.940311
668	[(5,253),(40,3084),(50,3186),(55,2057),(67,2342),(68,1009)]	30.022559
669	[(15,3054),(24,291),(41,184),(42,600),(45,139),(57,2070),(88,2205)]	32.075895
670	[(4,1228),(52,1346),(60,2800),(62,1462)]	31.517606
671	[(18,845),(33,2261),(52,1412),(73,300),(78,2846),(79,910)]	30.408031
672	[(0,2634),(18,1454),(39,691),(80,2493),(84,2982)]	31.554383
673	[(10,2873),(17,2775),(30,2862),(37,1873),(64,2597)]	27.308150
674	[(3,2256),(4,2700),(53,2939),(81,518)]	29.486439
675	[(1,547),(7,2550),(32,1369),(34,243),(41,757),(88,1315),(89,1900)]	29.803434
676	[(25,2141),(29,2640),(31,2190),(50,2743),(60,602),(89,413),(91,2991)]	27.330783
677	[(13,2265),(29,2987),(85,1287)]	29.424253
678	[(9,250),(28,2138),(50,339),(52,1640),(55,1897),(57,2026),(83,510),(87,1116)]	31.393850
679	[(0,3199),(30,1389),(42,2507),(76,1341)]	30.115596
680	[(23,1389),(71,3022)]	30.078549
681	[(5,1480),(21,261),(31,1901)]	29.588453
682	[(22,2526),(27,3023),(42,602)]	33.358773
683	[(53,1296),(64,1353),(74,593),(77,1955)]	30.595094
684	[(31,2521),(82,1612),(88,868)]	31.593560
685	[(34,2392),(35,1699),(39,1707),(41,1661),(47,2903),(89,806)]	30.141214
686	[(4,1700),(12,2485),(23,1738),(48,141),(82,446)]	29.842607
687	[(12,2622),(42,2139),(50,830),(70,1358),(89,459)]	29.944961
688	[(13,1595),(17,2144),(39,1396),(58,126)]	29.707908
689	[(40,2335),(47,1812),(54,2837),(70,2847)]	29.529623
690	[(15,1686),(34,1315),(35,1057),(43,2619),(60,1663),(74,1988),(82,540)]	29.523067
691	[(3,2266),(8,752),(23,2387),(34,1698),(39,2770),(44,785),(53,2704),(62,1554),(74,2390),(81,1291)]	29.635655
692	[(41,1371),(50,2704),(53,45)]	30.090809
693	[(0,2987),(12,1604),(29,152),(48,823)]	30.088120
694	[(25,2742),(50,2640),(79,2502),(90,1811),(91,589)]	30.077996
695	[(26,2460),(42,1600)]	31.650064
696	[(18,128),(30,1473),(41,2477),(50,801),(61,2870),(64,51),(72,2523),(86,2187)]	27.547594
697	[(9,1584),(84,1756),(88,594),(90,2834)]	30.561819
698	[(4,1514),(11,1786),(51,2)]	29.230018
699	[(17,1525),(32,703),(34,2415),(56,1970),(91,2705)]	29.359293
700	[(34,341),(42,1262),(48,2827),(81,1227),(84,276),(86,635),(87,945)]	32.216419
701	[(31,739),(48,897)]	29.896656
702	[(9,1885),(17,2410),(28,2251),(32,2550),(36,1933),(46,813),(51,2640),(64,802),(90,1449)]	30.338475
703	[(5,740),(47,2635),(81,1140),(86,1391),(89,308)]	28.926599
704	[(1,1889),(11,1668),(61,2142),(83,377)]	29.244344
705	[(2,2868),(38,1284),(46,2243),(65,2295),(67,2049),(84,1159),(85,1172)]	31.752139
706	[(46,2602),(67,340),(86,868)]	29.810901
707	[(0,2925),(13,2568),(35,2737),(55,903),(57,1346),(83,1860),(91,2216)]	34.296272
708	[(3,2634),(30,2851),(33,132),(42,640),(73,1072)]	28.974702
709	[(8,1879),(16,1170),(26,2744),(37,1972),(39,81),(45,82),(76,3133),(86,1124)]	33.089723
710	[(40,2108),(65,3036)]	38.606078
711	[(18,2648),(38,2351),(73,2662)]	33.159859
712	[(22,2789)]	32.372901
713	[(39,306),(40,775),(45,923),(58,486),(72,2588)]	30.160734
714	[(5,983),(15,331),(28,1682),(45,389),(86,2818),(87,1825)]	31.907154
715	[(10,102),(11,1126),(23,1960),(88,1492)]	30.313821
716	[(12,997),(21,3145),(28,2488),(32,1479),(81,3015)]	28.551842
717	[(42,1742),(79,3084),(85,216)]	33.381225
718	[(13,175),(61,2087),(62,2853),(63,2174),(68,1918),(78,2302),(81,426),(83,1227)]	31.693707
719	[(23,101),(45,1000),(57,493)]	34.343743
720	[(24,417),(42,851),(46,1152),(52,890),(55,840),(61,2693),(74,816)]	30.114309
721	[(19,911),(29,1034),(41,268),(67,374),(87,1670),(89,170)]	33.741478
722	[(30,1025),(70,493),(89,1784)]	29.823974
723	[(12,3120),(61,1036),(82,501),(92,1502)]	29.831420
724	[(18,559),(42,1211),(47,1535),(49,1388),(57,2394),(73,2932)]	31.020570
725	[(21,1841),(31,1179),(58,2695),(66,3014)]	27.466206
726	[(13,2624),(71,2605)]	28.807138
727	[(52,1205)]	29.193029
728	[(11,868),(13,1119),(21,2109),(22,1387),(23,2697),(54,35),(88,276)]	29.138629
729	[(37,1419),(80,2148)]	30.227248
730	[(9,3151),(43,2876),(52,1401),(58,1566),(62,2121),(69,2570),(78,1708),(82,1816)]	34.042966
731	[(27,960),(52,1758),(54,168),(56,2142),(81,815),(84,778),(87,141)]	31.408297
732	[(2,330),(5,2281),(9,1818),(18,2613),(32,2255),(65,1913)]	31.791477
733	[(9,783),(71,222),(77,2733)]	30.425643
734	[(5,354),(14,2105),(33,2244),(87,1278)]	30.224427
735	[(3,2749),(31,2723),(49,2043),(52,401),(87,2004),(90,2860)]	29.841532
736	[(13,2581),(41,216),(64,1243)]	29.818465
737	[(15,2592),(58,957),(76,2346),(77,2622),(78,511)]	29.761342
738	[(6,918),(59,1914),(61,2606),(64,650),(69,1659),(75,287),(81,1269),(92,1808)]	30.014485
739	[(47,1574),(72,1487),(79,2448)]	30.795705
740	[(1,643),(15,2968),(18,2920),(81,2261),(89,3005)]	30.676235
741	[(24,2565),(28,502),(76,2064)]	30.182765
742	[(10,564),(13,1450),(24,2694),(27,2627),(29,1299)]	30.140381
743	[(6,3045),(32,1923),(35,1664),(59,139),(60,1511),(69,1115),(85,1261)]	29.619570
744	[(48,1273),(50,1601),(57,3110),(67,1474),(75,1061)]	31.757578
745	[(5,2308),(48,554),(70,3175)]	29.767016
746	[(29,2926),(36,1753),(47,1323),(48,1439),(54,2535),(89,1695)]	29.690813
747	[(2,3112),(17,2656),(32,1172),(60,2360),(73,2174),(85,1651)]	30.801923
748	[(3,2984),(7,862),(12,2954),(70,2256)]	27.689860
749	[(8,307),(44,2578),(80,2532),(90,2470)]	29.432852
750	[(32,1318),(39,2455),(44,1203)]	30.625551
751	[(34,2433),(85,2957)]	28.877792
752	[(21,2799),(24,3151),(47,243),(50,2642),(66,3017)]	32.537305
753	[(2,2824),(36,1179),(63,2388)]	31.245480
754	[(3,501),(10,1321),(18,871),(49,1094),(51,34),(57,3058),(81,2125),(85,2854)]	31.306104
755	[(14,1458),(81,1181),(87,2686)]	29.387851
756	[(17,2517),(25,2464),(49,815),(52,2999),(55,2768),(60,716)]	29.465398
757	[(6,3046),(24,1756),(48,2043),(76,307),(78,755)]	30.018665
758	[(1,1084),(72,3167),(92,1073)]	30.089215
759	[(8,1720),(73,1932)]	29.008075
760	[(50,2640),(87,1202),(88,2251)]	29.024246
761	[(30,195),(47,2379)]	29.255402
762	[(7,705),(9,1723),(19,1121),(35,1832),(46,842),(47,1156),(65,840),(70,1409)]	29.857903
763	[(10,1510),(12,661),(13,2428),(35,3063),(46,1851),(61,834)]	30.840529
764	[(36,2509),(50,723),(78,972)]	30.670379
765	[(24,203),(26,479),(30,62),(34,1998),(81,1886)]	33.599893
766	[(49,3036)]	32.119241
767	[(11,368),(39,2827),(66,2818),(67,1825),(72,528)]	31.195536
768	[]	31.000992
769	[(19,2089),(61,59),(68,776),(72,1341)]	30.282279
770	[(32,2720),(40,231),(45,1876),(49,2710),(52,1096),(60,459),(70,482)]	29.994484
771	[(6,261),(16,2999),(18,1783)]	32.581666
772	[(29,2790),(74,1062),(86,2683)]	32.886534
773	[(12,2925),(23,1627),(51,2403),(82,1271),(87,2638)]	30.339165
774	[(28,426),(34,297),(39,106),(53,1396),(66,2444)]	29.676051
775	[(12,2796),(31,20),(51,1717)]	31.232345
776	[]	27.430153
777	[(7,575),(39,352),(40,2718),(57,743),(90,1153)]	28.974173
778	[(30,1907),(38,2086),(53,949),(71,2856)]	28.666888
779	[(32,1695),(38,1853),(44,1483),(64,1890)]	32.323310
780	[(16,1076),(31,1780),(36,177),(77,848)]	30.976751
781	[(36,613),(55,354),(60,1542),(63,383)]	33.451502
782	[(21,1758),(55,2106),(58,1492)]	30.601394
783	[(6,1907),(21,1980),(25,1420),(29,1257),(36,2365),(45,2859),(55,1483),(71,2599),(78,2170),(87,1776)]	30.967033
784	[(30,1707),(64,2497)]	27.959098
785	[(12,1873),(81,3079),(85,439)]	30.466837
786	[(1,1541),(24,3143),(33,1452),(70,770),(74,1894),(75,28),(91,1101)]	31.547747
787	[(16,1539),(26,1746),(33,3182),(82,2679)]	35.682243
788	[(13,991),(44,1311),(61,2834)]	30.066808
789	[(2,2058),(12,2820),(70,1573),(79,810),(91,2017)]	30.515903
790	[]	31.765537
791	[(28,2284),(39,1435),(40,2025),(67,2671),(73,2349),(78,3202)]	30.330211
792	[(6,2953),(11,3198),(19,1370),(45,907),(55,2260),(58,142)]	30.438898
793	[(11,879),(48,2697),(58,1989),(59,1534)]	30.668301
794	[(40,2072),(43,2597),(50,3062),(80,2412),(91,2453)]	30.654180
795	[(7,2796),(66,831),(74,1775)]	31.073390
796	[(28,1271),(36,2210),(73,89)]	30.695760
797	[(11,1457),(24,1355),(40,95)]	35.948661
798	[(14,1043),(33,835),(36,66),(64,2125)]	32.830678
799	[(68,1363),(75,2962)]	30.614518
800	[(8,1280),(10,1646),(23,1176),(53,3057),(58,1191),(74,1999)]	25.993386
801	[(9,1399),(14,2468),(65,995),(66,1067),(73,475)]	15.886739
802	[(10,2334),(44,1012),(54,2535),(56,2036),(70,2602)]	16.937147
803	[(21,1319),(41,2997),(51,506),(61,239),(85,2370)]	15.952723
804	[(7,2607),(62,1049),(70,1415)]	14.945486
805	[(22,2522),(60,168)]	14.906651
806	[(24,804),(41,2555)]	15.139793
807	[(9,3198),(23,596),(30,3149),(36,2230),(41,187),(49,2499),(51,3022),(73,2906),(88,2417)]	14.982744
808	[(8,1656),(12,1189),(17,77),(20,1708),(23,535),(41,503),(42,2082),(61,1109),(80,2402)]	15.887062
809	[(13,2833),(64,395),(69,2945)]	14.840147
810	[(5,773),(39,2616),(45,985),(91,2334)]	14.916843
811	[(67,1526)]	16.207607
812	[(17,2159),(86,98),(91,923)]	15.649243
813	[(42,3020),(44,1716),(68,1698),(71,1985),(77,59)]	16.090018
814	[(0,343),(77,1008)]	15.982172
815	[(2,508),(6,2819),(69,3),(88,2739)]	17.854505
816	[(6,168),(31,784),(40,1701),(45,1204),(48,890),(90,2587)]	17.148877
817	[(6,887),(51,374),(72,2742),(75,387)]	16.899493
818	[(30,311),(36,950),(67,2397),(88,48)]	16.213700
819	[(1,1748),(55,3091),(82,206)]	15.248517
820	[(1,805),(32,1489),(55,2928)]	15.024861
821	[(43,2614),(60,808),(66,2820),(76,2583),(77,2610)]	14.733300
822	[(4,2946),(53,2770)]	15.470160
823	[(17,1029),(64,966),(65,1167),(81,1290)]	15.538611
824	[(12,1996),(35,1993)]	15.964557
825	[(16,2291),(25,2886),(30,527),(77,1405),(90,1694)]	15.128116
826	[(34,1047),(46,2853),(47,2174),(59,83),(70,965),(84,2068)]	14.931067
827	[(7,2386),(38,2794),(58,1802),(89,692)]	16.089284
828	[(6,2560),(15,1342),(35,1744),(53,1244),(66,1230)]	15.374510
829	[(14,1270),(31,1031),(35,909),(46,918),(60,708)]	16.839281
830	[(2,1875),(8,2906),(19,792),(36,94),(51,426),(62,1490)]	15.133267
831	[(31,1969),(43,2242),(46,1248),(67,1250),(86,367)]	14.726518
832	[(5,918),(27,1521),(34,2191),(36,2784)]	14.819067
833	[(3,1400),(11,1541),(24,417),(29,1280),(48,1288),(67,4),(89,3165)]	14.975718
834	[(9,1988),(25,1896),(26,1961),(66,1998),(71,988),(85,840)]	14.805941
835	[(39,2500),(71,3125),(73,3051)]	14.982471
836	[(64,730),(78,1542),(84,2505)]	14.970910
837	[(52,2556)]	18.517723
838	[(17,2504),(23,234),(26,2996)]	16.462738
839	[(39,2100),(44,1642),(63,2338),(89,3065),(90,2383)]	15.012931
840	[(9,2557),(13,331),(25,801),(37,2029),(39,2470),(55,2420)]	14.845411
841	[(23,1868),(25,2418),(40,2304),(41,331),(51,2315),(56,2138)]	14.862879
842	[(7,2976),(9,517),(41,1122),(63,1745),(66,2639),(88,2742)]	15.149187
843	[(5,2738),(62,879),(68,2354),(91,2088)]	14.992072
844	[(6,6),(14,2097),(19,991),(70,558)]	17.175205
845	[(7,1470),(15,1918),(19,533),(28,2162),(56,1880),(65,2771)]	30.317993
846	[(24,2861),(28,2287),(42,1994),(48,1002),(72,1543)]	16.311807
847	[(5,555),(6,2887),(36,2006),(56,1487),(57,837),(84,1624)]	14.836568
848	[(5,2377),(34,803),(55,2845),(59,2215),(86,588)]	16.376104
849	[(1,1220),(3,1285),(22,2863),(80,1506)]	15.198734
850	[(1,3008),(37,682)]	15.272051
851	[(42,2683),(86,1108),(91,2899)]	15.724672
852	[(17,1088),(18,2862),(50,1913)]	15.123584
853	[(32,2913),(72,334),(82,1162)]	15.147458
854	[(10,1653),(61,2692),(62,2527),(70,2776),(84,1921)]	14.995828
855	[(4,2004),(44,1041)]	15.083886
856	[(30,2689),(39,2150),(48,1206),(58,195)]	16.183965
857	[(11,2702),(26,491),(28,1096),(29,1370),(31,2806),(42,2172),(47,797),(56,1395),(84,2039)]	22.790467
858	[(50,1625),(54,1209),(66,2941),(69,2263)]	16.641049
859	[(4,1521),(19,1403),(28,0)]	14.898386
860	[(0,2027),(12,3043),(26,2611),(27,1750),(32,2663),(41,184),(43,1963)]	15.290886
861	[(7,2839),(12,703),(23,1814),(31,1125),(36,2713)]	15.134745
862	[(7,773),(31,1248),(67,1962),(74,2530),(80,1538),(84,271)]	15.348430
863	[(3,963),(54,3201)]	15.285078
864	[(0,2686),(25,1866),(34,1493)]	15.238269
865	[(6,977),(8,166),(13,1097),(20,306),(50,302),(66,657)]	14.844376
866	[(12,971),(57,2388)]	16.387131
867	[(0,1077),(39,1702),(69,2014),(81,2113)]	14.780269
868	[(24,1253),(64,1131),(77,1529)]	14.732697
869	[(42,1166),(50,2767)]	15.473154
870	[(5,2078),(29,195),(46,1156),(47,972),(48,2368),(57,1851),(68,152)]	15.260058
871	[(16,2562),(65,219)]	15.640248
872	[(9,1766),(31,82)]	15.125618
873	[(10,555),(11,2887),(24,2721),(37,1030),(48,1732),(54,2794),(89,2510)]	15.243961
874	[(4,1769),(37,1791),(63,290)]	14.755291
875	[(0,2911),(15,3158),(80,1876)]	14.953202
876	[(25,2495),(30,2826),(31,2459),(42,2062),(73,2611),(83,2289),(87,2126)]	15.191534
877	[(43,2044)]	14.900295
878	[(13,938),(51,300),(62,2860)]	15.338462
879	[(21,2949),(25,2067),(40,137),(63,2926),(69,1661),(82,2734)]	15.610308
880	[(10,175),(19,778),(24,1418),(33,2362),(38,638),(52,2425),(53,3087),(64,253)]	14.970618
881	[(16,2826),(17,2459),(18,515),(52,531),(67,1610),(84,832)]	17.279716
882	[(7,1244),(14,1980),(16,2437),(29,3028),(32,2965),(81,655),(83,3085),(88,1454)]	15.041517
883	[(5,156),(19,1867),(41,2357),(80,2668),(83,953)]	15.316675
884	[(34,2426),(35,273),(55,1801)]	15.225925
885	[(73,1109),(75,1099),(82,243)]	15.435365
886	[(19,354),(22,701),(41,2760),(54,1823),(90,1125)]	14.897595
887	[(7,1506),(17,358),(18,1462),(40,1255),(45,924),(69,981),(91,1976)]	15.148918
888	[(1,3152),(38,104),(54,1404),(66,1690),(72,2622),(73,511),(83,1652)]	15.046549
889	[(25,2543),(29,1539),(34,837),(49,1491),(59,1662),(74,60)]	15.470232
890	[(20,536),(82,373)]	14.963506
891	[(1,2624)]	14.749792
892	[(1,123),(20,344),(36,2292),(47,385),(82,740)]	14.895473
893	[(26,3106),(47,873),(55,1683),(67,479),(75,2156)]	14.775904
894	[(23,1723),(27,1461),(36,930),(40,2542),(50,1059),(60,82),(64,1338),(68,1523),(69,514),(85,1448)]	14.878715
895	[(12,965),(36,1180),(44,419),(57,557),(66,323),(84,1675)]	14.969063
896	[(65,2983),(85,1177)]	14.924282
897	[(12,2939),(78,2719),(79,2856)]	15.427006
898	[(4,79),(9,2165),(11,1162),(14,2751),(29,306),(47,2967)]	14.724132
899	[(7,2280),(78,98),(86,951)]	15.296450
900	[(34,688),(49,1265)]	15.773603
901	[(1,2750),(5,714),(28,104),(49,2881),(65,303),(75,2461),(79,369)]	15.071149
902	[(0,1128),(11,1333),(43,2713),(58,2469),(91,1438)]	15.140544
903	[(12,431),(31,1135),(36,2724),(49,2555),(67,3160),(90,1163)]	14.979807
904	[(27,1239),(57,1170),(76,1841)]	14.854449
905	[(3,2249),(36,1078),(45,1746),(57,1971),(79,137)]	15.296454
906	[(8,588),(20,1462),(84,983)]	15.264821
907	[(4,1417),(11,2531),(13,883),(67,1024),(72,939)]	14.849053
908	[(30,2958)]	15.070171
909	[(41,2406),(42,370),(49,1005),(58,3180)]	15.162766
910	[(3,106),(5,2174),(22,154),(63,2370),(71,2510),(83,163),(85,3187),(87,153)]	14.937942
911	[(2,2046),(8,1765),(18,797),(30,1151),(79,1060)]	27.221990
912	[(19,751),(29,1517),(37,1525),(40,2823),(53,2367)]	23.557184
913	[(8,514),(18,2879),(29,577),(34,3153),(35,191),(58,621),(77,1593),(85,2465),(86,3124)]	31.857704
914	[(5,1568),(46,1484),(48,2586),(51,3192),(78,142),(86,199)]	26.164744
915	[(35,1291),(47,1182),(68,2287),(73,3181)]	16.315425
916	[(8,758),(19,2313),(21,1692),(73,1625),(75,1864),(83,772)]	15.118257
917	[(46,917),(58,1484),(71,2714),(88,1575)]	15.483858
918	[(57,1379),(75,789),(77,1989),(78,1534),(80,2007),(91,1029)]	18.090089
919	[(11,847),(15,1754),(27,1123),(40,1397),(57,1595),(64,1628),(83,3004),(90,1369)]	22.000652
920	[(20,3131),(21,2703),(38,470),(88,56)]	15.771979
921	[(1,3170),(12,445),(13,2638),(28,2971),(33,3191),(36,102),(45,608),(64,2642)]	14.770129
922	[(21,2467),(72,230),(74,2093),(92,3192)]	15.206206
923	[(1,1972),(21,2197),(32,978),(49,982),(66,1685),(70,1028)]	15.004235
924	[(28,1694),(45,2845)]	15.424029
925	[(12,178),(20,2004),(29,2665),(44,202),(83,1321),(85,2414),(87,2711),(89,1252)]	14.722085
926	[(4,1356),(30,2811),(37,2159),(56,2458),(59,891),(72,785),(85,2548)]	17.167118
927	[(10,136),(18,2919),(34,1275)]	16.774064
928	[(7,2705),(11,1691),(27,1586),(28,3037),(44,2307),(70,859),(73,213)]	15.062573
929	[(2,2151),(33,18),(49,105),(88,1741)]	14.793776
930	[(65,1684),(83,889)]	16.288016
931	[]	14.948520
932	[(56,2301),(60,2275)]	14.993718
933	[(1,3051),(9,3187),(32,2188),(36,768),(59,2384),(60,2933),(63,424),(81,2094)]	15.294187
934	[(13,1113),(20,207),(29,2353),(47,1997),(78,415)]	14.992262
935	[(1,612),(16,2998),(18,555),(25,1101),(27,3159),(62,2664),(64,242),(66,3078)]	15.006349
936	[(2,558),(58,1489),(75,1498),(85,1735),(90,621)]	15.294024
937	[(12,695),(20,1940),(31,550),(59,2985),(68,1213)]	14.806373
938	[(49,1910),(59,220),(67,2868)]	15.456471
939	[(0,849),(13,2179),(24,1675),(34,2169),(36,279),(55,393)]	14.745435
940	[(1,1579),(33,1133),(43,435),(48,2094),(69,2749),(77,1854),(79,636)]	17.055596
941	[(7,2558),(9,3060),(13,2663),(15,1540),(36,2042),(37,2921),(46,432),(92,824)]	17.151717
942	[(14,984),(41,820),(52,882),(74,714),(84,2015)]	19.114801
943	[(25,2762),(41,568),(52,3054)]	17.723908
944	[(34,1377)]	17.251749
945	[(5,42)]	16.934417
946	[(10,2824),(15,2586),(43,1318),(47,1487),(56,1660),(75,1275)]	16.623737
947	[(19,1597),(43,1820),(47,1561)]	16.756509
948	[(3,1239),(22,682),(40,2239),(41,56),(75,143),(86,1748),(91,1154)]	15.916692
949	[(9,1084),(15,3080),(58,2054)]	15.495933
950	[(3,1845),(17,748),(33,2416),(76,1389)]	14.936792
951	[(3,220),(8,369),(13,2506),(20,1439),(34,1020),(45,1723),(63,3025),(91,2787),(92,3070)]	14.859371
952	[(4,1027),(30,1644)]	14.716249
953	[(14,2089),(22,2099),(34,734),(44,917),(60,975),(61,1599)]	15.265402
954	[(27,352),(33,2040),(76,192),(87,3108)]	14.666415
955	[(1,1860),(7,2072),(20,1539),(63,150),(66,1667),(71,1017),(87,1479)]	15.771092
956	[(12,2467),(23,1191),(27,708),(56,66),(76,1438),(79,1107)]	14.670911
957	[(59,1926),(63,1563),(71,2103),(76,2202),(87,49),(89,3145)]	15.104772
958	[(43,1164),(69,528),(92,1106)]	14.958730
959	[(67,30),(84,220)]	14.904936
960	[(16,2331),(20,2222),(31,2338),(34,2707),(42,3080),(43,2918),(56,2504),(65,2570),(87,2555),(91,679),(92,2163)]	14.901522
961	[(7,2982),(9,2369),(14,91),(27,1308),(56,1415)]	15.611647
962	[(15,1445)]	14.925329
963	[(2,1148),(27,1450),(70,2934),(89,269)]	14.910908
964	[(16,113),(24,1752),(82,1853),(85,38)]	14.839754
965	[(19,1822),(30,3189),(31,2911),(41,823),(89,2338)]	15.224095
966	[(21,2169),(32,2542),(33,2051),(62,1120),(67,1047),(77,1924),(92,1552)]	14.837454
967	[(6,2546),(39,3116),(90,572)]	14.707360
968	[(6,3203),(23,1431),(83,3126)]	15.136602
969	[(4,3090),(84,2481),(90,2103)]	15.077239
970	[(17,112),(19,1791),(35,2403),(48,1759)]	15.227974
971	[(4,2298),(21,1906),(48,893),(51,643),(64,1307),(79,1171)]	15.197288
972	[(35,1409),(59,2870),(74,2839),(87,730),(90,2526)]	15.415361
973	[(37,2406),(41,2995),(70,2907)]	15.550065
974	[(2,2612),(17,2334),(27,1702),(65,1339),(77,1178),(81,1919),(87,2658)]	25.685568
975	[(33,2291),(46,1166),(80,712),(85,2977)]	24.574010
976	[(24,959),(60,2388)]	15.197834
977	[(4,2352),(13,2651),(43,2551),(62,448),(71,748),(87,603)]	14.946723
978	[(13,2616),(27,1343),(29,938),(41,96),(58,3073),(64,658),(70,1037),(83,5),(90,1681)]	14.855230
979	[(14,525),(24,921),(67,1891)]	14.875829
980	[(18,2208),(62,3040)]	15.208489
981	[(22,222),(54,2815),(63,1151)]	17.798768
982	[(2,2540),(49,3177)]	21.020548
983	[(33,1876),(47,2676),(48,667),(50,1932),(76,1882),(81,674)]	17.148512
984	[(4,279),(47,304),(52,1480),(72,17),(73,1113)]	14.941280
985	[(1,500),(76,2848),(86,575)]	15.183384
986	[(45,1378),(50,1363),(91,2233)]	21.957488
987	[(35,2950),(63,224),(91,2674)]	21.182705
988	[(19,98),(46,2941),(65,1656)]	14.658033
989	[(19,938)]	15.039715
990	[(9,832),(64,912)]	14.662104
991	[(14,1333),(18,1715),(22,1631),(38,2059),(64,1802)]	14.992520
992	[(58,656),(67,88)]	14.639185
993	[(1,1881),(2,3207),(11,1904),(32,1549),(66,503),(67,2082),(78,1089),(80,1282)]	15.311850
994	[(16,597),(26,2511),(50,2169)]	15.451816
995	[(5,384),(67,412),(78,2343),(83,1942)]	15.151609
996	[(10,479),(20,570),(21,2628),(35,1657),(44,1975),(63,2948),(78,1401)]	22.935536
997	[(1,798),(11,2667),(90,2822)]	15.194014
998	[(2,660),(22,1880),(28,1296),(79,2634)]	14.640494
999	[(37,2930),(38,2865),(44,2790),(54,466),(91,2695)]	14.743465
