ruleset_index	matches	time_ms
0	[(16,1742),(18,865),(40,3705),(62,810),(75,2923),(82,3286),(85,1748)]	17.063718
1	[(19,2198),(23,1812),(26,997),(45,2763),(47,2949),(65,2205),(85,3075),(87,2197)]	17.049202
2	[(0,2583),(14,2511),(55,3580),(61,3227),(88,1128)]	17.305051
3	[(1,3240),(24,2798),(81,945),(83,2498),(91,1185),(92,2937)]	17.771544
4	[(5,2004),(13,3495),(17,1936),(37,2558),(79,1221),(84,3490)]	17.719261
5	[(34,1252),(43,1426),(52,375),(57,2735),(63,3820),(91,43)]	16.983505
6	[(10,3783),(23,2898),(41,651),(79,964),(88,1258)]	17.931085
7	[(21,633),(25,1831),(29,4086),(37,1155),(64,201),(77,2942)]	18.756421
8	[(59,3386),(66,4060),(68,4047),(85,1859)]	23.748886
9	[(9,2975),(23,3936),(29,2360),(32,3439),(44,4012),(56,2135),(58,1445),(59,1815),(79,212),(85,353),(92,1226)]	18.859044
10	[(10,3866),(15,3883),(25,2785),(32,3607),(41,2895),(45,1523),(47,397),(78,1933)]	16.958881
11	[(9,2084),(66,308),(80,1491),(87,2231)]	17.606852
12	[(8,2187),(36,2676)]	16.822296
13	[(27,4243),(32,3916),(42,3399)]	17.314174
14	[(2,2701),(72,434),(76,1182),(77,126)]	17.759875
15	[(17,1824),(25,1509),(39,3217),(43,1609),(44,224),(85,2672),(92,757)]	17.813363
16	[(18,3848),(21,1504),(41,616),(46,1198),(47,337),(57,2865),(72,4022),(89,96)]	18.083183
17	[(10,1738),(23,2278),(39,3908),(43,1914),(50,1861),(56,2856),(57,2311),(59,257),(83,1490),(87,3094)]	17.360470
18	[(6,162),(14,2046),(33,2937),(54,1951),(56,170),(64,4152),(85,3531)]	18.592572
19	[(1,288),(18,1850),(28,4140),(49,4214),(55,2618),(64,4225),(89,1498)]	17.414707
20	[(5,966),(17,2509),(44,47)]	17.885154
21	[(26,3778),(31,1658),(47,442),(65,2531),(69,1444),(87,1662)]	18.070986
22	[(0,1103),(69,2100),(90,1218)]	18.059346
23	[(0,1706),(2,3772),(5,1373),(7,1086),(29,2406),(33,2732),(41,3946),(44,1766),(55,1219),(61,3542),(69,2469),(81,724)]	19.116717
24	[(24,1138),(42,1734),(53,2152),(80,105),(86,1285),(92,1428)]	17.110183
25	[(7,3765),(13,2278),(37,3595),(53,576),(78,3607),(90,3871)]	17.564002
26	[(24,3407),(30,2428),(55,1926),(78,4003)]	19.040969
27	[(13,3557),(20,1129),(28,1937),(46,451),(49,3416),(60,1163),(68,3153),(71,4056),(72,1127),(77,3948),(81,1529)]	17.058862
28	[(28,2640)]	17.437163
29	[(76,521)]	17.939732
30	[(15,1390),(24,1099),(48,2002),(62,1835)]	18.291910
31	[(6,1090),(49,3765),(62,2773)]	17.200260
32	[(14,2737),(23,1077),(40,3158),(41,445),(63,1231)]	18.966903
33	[(18,1773),(19,2607),(20,737),(39,3295),(47,945),(59,4095),(62,947),(77,2179),(88,1593),(91,2652)]	17.810523
34	[(4,4079),(14,3510),(28,2688),(35,3473),(40,361),(46,1397),(47,657),(48,2788),(70,1651),(82,583)]	18.347251
35	[(9,2165),(15,1081),(45,2665),(46,2970),(47,672)]	17.307207
36	[(17,2216),(52,3890),(57,2523)]	18.059291
37	[(12,2489),(27,694),(39,2821),(42,3382),(43,107),(47,238),(51,1691),(62,2418),(64,1606),(71,3571),(73,4163),(76,2487),(89,1733),(90,1408)]	18.323775
38	[(5,3798),(48,1551),(77,1603)]	17.571367
39	[(2,1919),(6,2290),(20,1119),(37,3093),(46,3959),(52,2673),(61,310),(85,1380)]	17.609056
40	[(4,3322),(5,1981),(29,2250),(30,2920),(32,1222),(38,2640),(54,3248)]	17.027251
41	[(10,3706),(22,3620),(33,1064),(34,3441),(54,464),(59,2661),(91,2220)]	17.179519
42	[(0,3199),(30,27),(43,1933),(44,206),(58,2892),(64,3049)]	17.758679
43	[(17,2291),(22,812),(26,144),(40,980),(52,756),(54,3094),(56,748),(63,2232),(69,3011),(85,3061),(88,3999),(89,2377)]	18.759475
44	[(28,3087),(58,523),(65,3511),(66,3164),(74,3122),(88,2118)]	17.683417
45	[(13,352),(14,1141),(47,3722),(49,2690),(51,553),(56,1310),(83,1894)]	19.713716
46	[(2,1354),(48,3916),(60,2),(70,3540),(86,3703)]	33.946417
47	[(30,2539),(31,1412),(41,1436),(70,2390)]	17.599402
48	[(51,2118),(54,18)]	17.576676
49	[(8,2366),(21,2227),(30,1524),(44,3356),(92,2147)]	19.631715
50	[(25,2360),(56,3155),(62,669)]	17.546917
51	[(26,1883),(37,88),(54,2885),(71,3032)]	18.063094
52	[(5,1144),(13,3433),(31,136),(60,370),(91,3805)]	17.487036
53	[(44,3755),(51,2787),(62,2420)]	16.808258
54	[(7,71),(40,226),(45,2983),(86,1643),(87,2066)]	17.055869
55	[(21,2770),(48,3049),(52,830),(55,1702),(65,2895),(81,107)]	16.730645
56	[(61,3588),(81,2136)]	17.035130
57	[(3,3229),(15,566),(21,2353),(30,3843),(32,2857),(59,339),(74,3526),(80,300),(92,511)]	17.824340
58	[(2,3042),(46,2904),(55,2492),(92,2706)]	17.412521
59	[(27,1902),(35,4063),(39,2676),(56,444),(87,3934)]	17.017594
60	[(9,3571),(30,950),(44,3062),(47,932),(54,3871),(77,4182),(78,2081)]	17.311327
61	[(42,3000),(48,803),(60,3898),(77,2403)]	17.154380
62	[(9,1989),(24,2052),(81,2029)]	19.580288
63	[(59,2443)]	23.335174
64	[(13,2444),(28,792),(29,3003),(51,2688),(70,1058),(73,3288),(85,648),(86,1603)]	18.874831
65	[(27,736),(38,2821),(60,2354),(61,1871),(67,813),(82,729),(83,2837),(84,1335)]	17.644555
66	[(2,4147),(5,1738),(32,1101),(33,3750),(40,1905),(75,1243),(87,474)]	17.331274
67	[(5,2555),(26,1772),(43,479),(68,2698)]	17.975609
68	[(33,1258),(58,2125)]	17.410239
69	[(1,3443),(10,1823),(17,3824),(19,730),(23,1561),(32,3441),(35,979),(42,1298),(80,1521)]	17.229063
70	[(3,3767),(9,533),(42,1737)]	18.503555
71	[(1,2761),(10,4109),(12,2225),(18,2722),(32,2679),(70,3942),(75,3145)]	17.643717
72	[(25,924),(40,1965)]	17.601465
73	[(21,2889),(26,3519),(51,463),(57,247),(86,2303)]	17.707884
74	[(0,2666),(1,720),(4,1971),(23,2457),(52,2679),(83,559),(90,2142)]	18.324638
75	[(2,495),(19,3415),(36,1500),(59,178),(66,1136),(85,574)]	17.567498
76	[(27,3215),(36,1027),(44,4233),(49,129),(58,685),(76,1026),(77,989),(81,1776)]	17.154411
77	[(1,553),(52,3504),(59,637),(69,3633)]	17.576735
78	[(6,3606),(21,3339),(29,3105),(69,1150),(82,1615),(90,114)]	16.994858
79	[(16,2544),(22,3231),(56,3409),(71,1443),(74,2549)]	18.073310
80	[(66,668),(68,1272),(71,2165),(72,3673),(82,1253),(91,3924)]	17.708353
81	[(5,2461),(11,3142),(19,3964),(21,589),(25,933),(74,2914),(83,450),(85,553),(88,322)]	19.231227
82	[(36,2818),(53,3749),(62,3967),(69,1303),(89,3216)]	17.513208
83	[(16,2365),(28,3068),(30,3783)]	17.054015
84	[(0,1295),(23,1836),(27,2248),(28,2633),(37,492),(39,4036),(55,970),(83,2637),(87,2416),(91,3624)]	17.099059
85	[(13,746),(19,436),(49,785),(58,3334),(66,4219),(67,1874),(82,2640)]	17.574619
86	[(7,4070),(86,3214),(87,2886)]	17.133293
87	[(8,2398),(9,1553),(12,1997)]	17.277474
88	[(33,891),(39,2327),(58,160)]	17.949410
89	[(87,660)]	17.511205
90	[(19,482),(20,2022),(41,887),(59,119),(62,3499),(77,4166)]	17.846337
91	[(6,874),(11,648),(12,1603),(17,3254),(28,1862),(34,4052),(36,3832),(48,2213),(58,1093),(59,93),(63,4199),(76,2020)]	17.319584
92	[(14,914),(49,3021),(55,747),(56,83),(59,3144),(80,1822)]	17.494518
93	[(40,2836),(48,1775),(62,728),(63,2039),(81,2899),(89,2832)]	18.227289
94	[(2,3876),(31,903),(58,2005),(71,411)]	17.093119
95	[(28,708),(47,2864),(52,966),(65,1449),(83,3469),(85,1672)]	16.949453
96	[(6,2545),(8,2688),(16,2489),(34,4006),(51,2876),(53,501),(92,1821)]	16.998831
97	[(10,946),(15,2076),(20,1169),(22,1103),(32,965),(44,3449),(46,741),(60,3349),(68,1934),(85,2441)]	17.084128
98	[(27,2435),(62,3333),(64,3246),(66,3704),(67,3266)]	17.561266
99	[(9,2860),(12,4204),(21,3897),(24,1766),(53,3590),(84,3937),(85,2704)]	16.907310
100	[(9,551),(34,4201),(42,3205)]	17.785983
101	[(11,691),(24,1790),(26,929),(40,911),(61,1823),(71,3461)]	17.054990
102	[(10,396),(29,2646),(42,3392),(61,4034)]	17.037185
103	[(8,580),(31,1315),(35,703),(36,2133),(41,1769),(56,2195),(81,3446)]	29.298889
104	[(9,3895),(52,1678),(56,1519),(74,214),(91,1497)]	41.056618
105	[(7,2704),(9,2993),(31,2738),(38,2989),(65,2281),(73,3040),(87,748),(88,2740),(90,416)]	40.890736
106	[(5,2300),(6,3572),(24,2289),(32,2522),(38,3951),(47,1051),(72,314)]	35.459759
107	[(11,3719),(21,2806),(48,1560),(50,93),(70,1381),(88,177)]	39.876601
108	[(6,2383),(37,2468),(42,778),(51,2281),(56,2940),(58,1409),(77,1652)]	34.505529
109	[(26,995),(34,1887),(48,2737),(54,675),(64,377)]	34.817691
110	[(48,3508),(60,3288),(79,3468)]	34.562161
111	[(36,3367),(50,1185),(51,2937),(60,3533),(85,3452),(91,4101)]	35.513326
112	[(3,1650),(23,115),(48,3347),(70,811),(91,88)]	35.469714
113	[(3,195),(10,2557),(69,2302),(71,869),(72,3338)]	34.245582
114	[(10,286),(21,2050),(28,3036),(42,460),(53,730),(56,933),(61,1569),(86,359)]	34.744718
115	[(22,2630),(39,1432),(92,4157)]	34.494808
116	[(23,3918),(56,101),(59,3601),(67,3210),(70,2938),(81,3599)]	34.843677
117	[(13,106),(21,742),(36,435),(40,3469),(57,3176),(66,876),(72,2876)]	34.121129
118	[(7,755),(28,3503),(33,3311),(47,4028),(70,2858),(76,981)]	34.322629
119	[(13,848),(32,1246),(85,3615)]	33.947990
120	[(39,3805),(43,679),(44,2110),(49,267),(55,2766),(59,4219),(60,1874),(63,673),(77,755)]	35.349242
121	[(30,2920),(35,2280),(41,1909),(46,1829),(52,2938),(82,618)]	34.004307
122	[(14,4077),(19,3882),(26,4082),(62,3006),(73,653),(77,3209)]	33.978160
123	[(2,2852),(30,3334),(31,994),(35,1258),(40,973),(41,1586),(44,2327),(52,1094),(57,1509),(83,3055)]	33.937312
124	[(8,2521),(11,2174),(42,2352),(44,2871),(50,3576),(72,1584),(92,1204)]	34.079875
125	[(38,350),(70,3033),(74,498)]	33.992435
126	[(4,3351),(5,968),(10,422),(23,2513),(30,4096),(38,1728),(51,3951),(68,1279)]	34.581025
127	[(61,4084),(71,1739),(72,2492)]	33.776923
128	[(10,343),(11,2769),(24,3810),(61,2347),(72,1236),(78,776),(83,1551)]	34.071594
129	[(11,1034),(32,67),(45,1382),(52,2351),(92,3048)]	33.090844
130	[(8,1028),(13,1102),(69,2472),(73,1797),(77,3537),(79,2318),(80,818)]	33.186214
131	[(2,80),(8,64),(10,1870),(11,2740),(16,3702),(39,437),(80,2475)]	33.025668
132	[(4,1920),(6,973),(11,2375),(16,24),(39,2193),(46,1906),(51,1825),(58,1223),(80,998),(85,747)]	33.153937
133	[(4,264),(32,3857),(34,3463),(40,999),(55,530),(56,3618),(69,3869)]	34.140691
134	[(46,2501),(51,3571),(90,2683),(92,3941)]	40.601627
135	[(13,3927),(23,1828),(27,4149),(58,1934),(72,349)]	35.126212
136	[(29,1746),(33,2981),(38,3730)]	35.654001
137	[(16,378),(18,961),(28,3558),(53,4013),(55,2928),(92,528)]	32.854792
138	[(6,1823),(14,367),(25,2043),(83,1590),(85,2826)]	34.320142
139	[(22,2334),(37,85),(46,1289),(51,2523),(59,1144),(68,60),(71,3304),(90,2369)]	33.670813
140	[(9,409),(37,3346),(46,2901),(53,361),(56,3851),(58,3799),(70,1544),(76,230)]	38.942403
141	[(34,1330),(41,3699),(68,3571),(70,4163),(76,1102),(78,1782),(86,958),(87,852)]	34.486101
142	[(32,1609),(33,224),(48,1708),(55,2801),(89,1931),(91,2904)]	32.907568
143	[(5,4105),(29,2561),(51,2594),(66,2381),(67,2200),(71,2557)]	32.670194
144	[(6,2729),(14,506),(34,1455),(35,3864),(45,2292),(78,2748)]	35.207200
145	[(9,2811),(16,711),(18,1571),(40,371),(46,467),(50,3625),(51,2083),(57,2252),(63,978),(65,3042),(80,1533),(82,1179),(87,1532)]	37.952633
146	[(6,1018),(10,2560),(21,3028),(28,451)]	38.522693
147	[(0,2540),(3,973),(5,721),(30,2363),(54,2215),(59,2946),(73,730)]	35.928468
148	[(7,1333),(17,447),(26,4206),(39,341),(81,3277),(83,3912),(90,138)]	38.800243
149	[(4,2181),(25,3291),(29,2349),(32,1972),(33,13),(68,3602),(76,3275)]	33.185476
150	[(7,3013),(42,2488),(67,2560),(72,1656)]	34.353925
151	[(3,2723),(22,3620),(68,2033)]	36.673104
152	[(14,705),(17,2151),(63,3043),(69,1468)]	34.706542
153	[(10,3127),(29,1399),(56,2641)]	34.128299
154	[(10,2300),(43,2777),(55,2632),(56,3708),(68,725),(84,3432)]	36.070721
155	[(4,3201),(29,468),(38,2486),(55,601),(61,44),(82,3892),(85,441)]	31.307496
156	[(37,1165),(53,675),(67,598),(78,3100),(85,2395),(88,1958)]	33.283459
157	[(43,7),(64,2941),(66,354)]	33.117143
158	[(0,1297),(2,1920),(5,3194),(9,2453),(27,2875),(58,1022),(66,1963),(71,2746),(72,3701),(80,1425),(82,1357),(86,538)]	34.870825
159	[(24,3324),(51,1530),(58,1793),(71,143)]	33.713294
160	[(4,1692),(11,186),(28,315),(33,1277),(42,3847),(65,3789),(75,2741),(90,1145),(92,3935)]	33.660337
161	[(24,471),(28,4210),(40,3242),(59,1258),(68,1924)]	35.350547
162	[(50,2002),(75,2966),(76,1098),(82,748)]	34.896312
163	[(17,1780),(33,3213),(36,1811),(40,3976),(48,3604)]	34.059441
164	[(6,1193),(16,3887),(19,1039),(31,1903),(34,3504),(44,2357),(47,3982),(48,2272),(51,112),(53,2614),(72,3950),(86,1525)]	34.102842
165	[(9,906),(31,259),(41,2469),(52,423),(68,995),(82,1574),(84,2540),(90,862)]	44.965521
166	[(20,3117),(26,1957),(28,2060),(33,1814),(69,3712),(78,2997),(92,1621)]	37.945554
167	[(9,4189),(33,1413),(34,2072),(51,54),(56,1107),(74,3851),(86,2204)]	37.350776
168	[(5,676),(24,2115),(36,2527),(48,375),(66,3707)]	38.552754
169	[(18,2061),(25,4020),(33,780),(37,2520),(46,3487),(66,2329),(68,2237),(79,542),(81,1451)]	34.453883
170	[(18,1942),(58,998),(68,2550),(71,673),(78,1514)]	34.860190
171	[(29,1920),(33,2309),(56,1489)]	33.856945
172	[(8,2388),(24,3822),(33,1356),(59,2117),(75,2643),(89,2674)]	34.464549
173	[(69,2846)]	34.497231
174	[(6,893),(29,633),(35,1039),(72,3960),(79,3328),(84,3568),(86,2203)]	33.981941
175	[(32,1427),(35,2008),(65,1120),(78,2315)]	33.898665
176	[(5,3097),(43,3363),(46,3285),(47,2314),(79,573),(91,747),(92,83)]	34.233866
177	[(23,1909),(24,455),(34,3547),(55,1796),(59,419),(72,2156),(88,2096)]	34.180387
178	[(17,1597),(19,2958),(28,3902),(52,2461),(55,1705),(60,281),(92,79)]	35.567558
179	[(24,1235),(26,2068),(45,2025),(57,1056)]	32.836333
180	[(7,2997),(54,3898),(58,2451),(64,2076),(65,559)]	33.342709
181	[(3,4219),(6,1721),(28,2502),(40,1852),(45,3807),(60,1600),(61,2169),(62,2829),(79,448),(80,1645)]	32.819577
182	[(52,2605),(62,2001),(67,2222),(79,1794),(87,4243),(92,2934)]	33.827078
183	[(7,3623),(17,3601),(34,429),(48,3644),(55,2005),(80,927)]	35.308771
184	[(1,1380),(8,3441),(12,441),(33,1265),(35,3867),(47,2992),(63,2846),(66,2973)]	33.546512
185	[(18,1527),(21,3173),(28,2542),(41,1536),(46,3095),(55,2132),(58,4060)]	32.545440
186	[(7,3013),(36,1035),(41,1272)]	33.258103
187	[(16,1899),(18,3239),(26,1066),(48,2538),(57,3751),(58,3279),(62,2941),(77,942)]	32.997235
188	[(4,1105),(9,598),(12,1035),(23,1303),(33,3483),(47,2461),(61,144),(63,803),(67,1928),(69,627),(83,814),(89,3529),(92,1707)]	33.020051
189	[(1,2162),(22,2001),(49,1671),(88,4047),(90,4204)]	32.841517
190	[(12,3322),(18,3663),(20,2769),(30,3028),(34,2845),(35,4137),(45,3151),(55,3542),(57,1670)]	33.350082
191	[(9,1565),(11,2678),(12,2040),(52,118),(60,3946),(63,3642),(78,4067),(86,1314)]	35.010555
192	[(14,4227),(19,1594),(42,1144),(57,124),(68,4202)]	37.290856
193	[(15,3382),(16,107),(28,3776),(68,3213)]	34.760505
194	[(17,982),(27,2941),(35,830),(67,3108),(84,937),(90,3344)]	33.768706
195	[(14,3426),(17,1577),(23,3464),(25,600),(42,2068),(46,97),(55,797),(82,3610),(86,432)]	38.532084
196	[(2,1533),(6,2965),(36,3880),(45,3771),(59,2616),(72,261),(74,3841)]	36.716509
197	[(10,1883),(41,2462),(51,1205),(57,1968),(63,3733),(67,2183),(71,2244),(72,1994),(91,3184)]	47.106136
198	[(14,539),(15,3954),(38,2661),(47,3901),(54,1904),(65,3016),(86,1430)]	49.432265
199	[(4,1832),(7,3984),(8,1956),(34,3607),(42,3575),(80,221),(82,1773),(83,2607),(84,737)]	34.772947
200	[(3,3918),(11,4133),(20,844),(31,2893),(48,242),(51,2231),(77,3028)]	33.605368
201	[(4,3166),(17,3269),(35,76),(40,4001),(57,3313),(61,166),(68,98),(72,1974),(86,2403),(89,1928)]	35.165825
202	[(8,1582),(20,3000),(22,2545),(33,1282),(34,1072),(48,3449),(50,1238),(57,3471),(64,3046),(72,1467),(77,3042)]	36.674961
203	[(18,2114),(35,3677),(55,2372),(82,1286)]	37.089430
204	[(34,3470),(42,2983),(50,1520),(56,731),(60,842),(79,2669),(84,2307),(85,103)]	34.851658
205	[(17,981),(48,1446),(61,3756),(63,2190),(70,1828),(80,2277),(82,1809)]	36.991460
206	[(2,1016),(3,2006),(16,3135),(22,2222),(50,2966),(51,1098),(72,2674)]	37.280818
207	[(5,676),(29,2466),(52,209),(73,3746)]	35.847026
208	[(9,1063),(20,2125),(26,3242),(46,4215),(60,772),(61,2758),(75,1257)]	37.595012
209	[(24,3337),(36,2581),(53,2594),(55,2359),(63,1036),(65,1985),(67,1393),(69,2531),(73,3541),(80,321),(86,1199),(92,3364)]	35.399712
210	[(56,850),(64,3257),(73,3411)]	35.239697
211	[(11,3991),(13,2431),(15,2445),(22,1668),(25,2733),(32,2258),(72,3700),(83,1958),(87,2924)]	42.050746
212	[(11,3492),(15,3458),(17,287),(33,1215),(37,2658),(55,2938),(59,2278),(73,1435),(77,3308),(80,2980)]	38.914760
213	[(4,2435),(23,3818),(31,1817),(42,4051),(69,160),(73,1278),(84,2694)]	36.242883
214	[(6,1671),(49,411),(62,706),(65,2251),(87,961)]	35.812932
215	[(1,1783),(2,1447),(16,286),(29,1462),(58,3894),(62,2639),(80,2951),(91,577)]	37.851540
216	[(45,1345),(61,1514),(68,2399),(79,3824),(85,2799)]	35.880846
217	[(6,2851),(12,2392),(14,3489),(22,622),(28,1508),(30,3968),(40,207),(60,1881),(76,1984)]	36.061559
218	[(3,1514),(5,3137),(7,638),(10,2095),(20,869),(39,3393),(53,1556),(54,3133),(89,3160)]	31.021658
219	[(16,776),(19,4001),(37,3020),(72,4034),(88,3536),(90,2753)]	20.035828
220	[(13,1527),(24,4228),(28,2716),(34,3402),(36,4031),(40,773),(68,1508),(72,661)]	17.350725
221	[(35,1334)]	18.862131
222	[(19,2163),(29,2176),(90,2665)]	17.554427
223	[(17,3280),(31,2758),(36,951),(80,3502),(83,2356)]	17.314364
224	[(8,2691),(13,3473),(29,2767),(33,570),(85,3229)]	17.169237
225	[(25,546),(59,1763),(76,2994)]	17.376746
226	[(1,1246),(46,923),(50,3427),(60,3841),(65,873),(71,3896)]	17.280520
227	[(6,1844),(35,1928),(46,3654),(58,3286),(81,488),(85,2487)]	18.754261
228	[(23,1851),(27,369),(60,3847),(71,2958),(78,3146)]	17.907971
229	[(1,384),(11,337),(44,15),(49,1563),(56,116),(62,1841),(89,3876)]	22.772579
230	[(2,399),(26,4196),(37,1055),(67,508),(77,2545)]	19.854328
231	[(9,2779),(18,4072),(27,456),(38,670),(57,3252),(75,882)]	17.129714
232	[(30,989),(31,3258),(43,966),(67,3234),(88,3465)]	18.294830
233	[(4,575),(7,3154),(23,3836),(44,732),(45,27),(57,605),(58,341),(82,98)]	18.663105
234	[(1,262),(9,2957),(44,3313),(47,2808),(69,2735),(72,1436),(89,645)]	30.305241
235	[(15,1351),(21,809),(24,1669),(28,1942),(33,2909),(37,2178),(47,2823),(59,1722),(71,2944),(83,1193),(86,2404),(90,3115)]	26.747978
236	[(2,4112),(17,1039),(18,1907),(22,2751),(26,926),(37,837)]	17.802277
237	[(12,1890),(17,3332),(22,1220),(27,3262),(39,3347),(59,1328)]	17.421318
238	[(6,1772),(9,748),(10,2740),(42,3212),(69,2947)]	17.010652
239	[(1,4140),(23,3495),(43,1059),(57,3647),(82,1920)]	18.925836
240	[(32,2652),(36,1242),(46,3255),(47,4124),(68,2390),(70,2464),(73,106),(77,258),(80,1065)]	17.422524
241	[(3,3706),(10,1978),(24,4064),(27,3879),(31,2639),(34,2472),(40,4007),(41,3072),(55,1872),(60,361)]	17.204691
242	[(3,3986),(53,1285),(67,2694),(80,2602)]	17.054545
243	[(0,633),(4,1298),(16,3713),(32,1390),(49,2835),(55,3202),(64,3136),(71,2080)]	17.093028
244	[(5,3170),(11,1165),(22,2147),(28,3514),(43,3545),(54,359),(60,546),(74,1300)]	17.089542
245	[(4,1108),(25,1610),(54,3378),(68,753),(77,1595),(87,1274)]	17.022884
246	[(43,712),(52,4022),(58,1720),(68,2760),(83,3800)]	17.115227
247	[(0,510),(38,2296),(45,2845),(46,4137),(64,3567),(89,766)]	17.016812
248	[(4,907),(11,3641),(19,434),(28,1591),(44,880),(60,1971),(88,747)]	19.037056
249	[(13,1224),(33,3312),(36,2023),(56,2002),(77,65),(78,167)]	17.697990
250	[(1,664),(11,1030),(13,1963),(33,2269),(43,2442),(48,3936),(91,403)]	17.092132
251	[(12,2316),(13,2357),(21,407),(27,3779),(73,3660),(83,3462)]	17.519911
252	[(10,1621),(11,3537),(20,3246),(30,3291),(42,3790),(86,327)]	17.039811
253	[(7,1055),(17,2043),(24,783),(32,2793),(33,3048),(35,3987),(49,2978),(70,3496),(83,3325)]	17.361734
254	[(13,2555),(43,2129),(47,2360),(57,14),(64,1855),(73,2599),(86,2389)]	17.164582
255	[(14,439),(29,2213),(64,2564)]	17.923167
256	[(13,71),(35,958),(36,852),(50,3381),(55,2169),(75,1143),(84,592)]	17.212692
257	[(9,684),(21,3206),(33,2646),(37,1339),(44,716),(67,2021),(71,862),(87,3179)]	17.520029
258	[(11,3661),(30,3770),(40,3311),(87,364)]	17.545581
259	[(17,2413),(19,3918),(39,1536),(55,3942),(91,1005)]	17.238946
260	[(22,1577),(31,3876),(32,1519),(71,3567)]	17.166235
261	[(14,785),(43,971),(79,1300),(86,3230)]	17.133657
262	[(0,3298),(11,1809),(16,2396),(17,784),(55,1084)]	17.027047
263	[(11,2741),(25,3368),(30,3954),(40,4060),(44,3771),(80,1243),(85,3738)]	16.977118
264	[(0,906),(18,1463),(23,872),(37,1198),(38,337),(77,1493),(85,1451)]	17.119275
265	[(10,3271),(13,3216),(26,4135),(41,3108),(43,1765),(63,3839),(69,1146),(83,71)]	17.148005
266	[(22,2953),(49,2069),(65,3371),(70,71),(74,1139),(77,264)]	17.358134
267	[(3,1590),(17,293),(18,2173),(31,2553),(51,229),(77,1551),(83,3012)]	17.860420
268	[(61,585),(79,3219),(82,528)]	17.121402
269	[(10,1958),(15,3515),(47,2675),(62,1167),(66,2825)]	16.989767
270	[(4,3002),(7,3459),(23,1452),(35,1294),(38,1438),(58,889),(61,924),(64,509),(67,1626),(79,785),(87,137)]	17.196094
271	[(26,457),(41,1340),(45,2033),(61,555),(63,251),(64,4143),(70,3180),(86,711)]	17.068476
272	[(20,217),(30,3404),(47,1448),(54,3306),(65,646),(72,3874),(90,2040),(92,461)]	17.037755
273	[(6,3078),(9,1117),(46,2637),(73,900),(78,3012),(80,3022),(82,995),(89,2280)]	17.356513
274	[(7,2383),(33,2316),(34,2357),(50,453),(87,3282),(89,3194)]	18.688669
275	[(8,1254),(9,2684),(16,848),(23,1011),(36,3937),(40,3754),(48,4037),(60,2029),(69,1598)]	20.482236
276	[(10,326),(14,2205),(15,1679),(38,2266),(43,3664)]	17.151877
277	[(0,3370),(15,4181),(18,1610),(44,3999)]	17.569718
278	[(7,4050),(33,3763),(38,623),(54,1101),(69,432),(74,4125),(90,1143)]	17.839085
279	[(1,290)]	18.301252
280	[(20,2202),(32,386),(34,1575),(43,2820),(68,2637),(79,981),(84,728),(86,987),(89,2294),(91,2223)]	17.141577
281	[(3,3890),(5,4208),(8,3023),(20,723),(27,1452),(31,3056),(67,2498),(88,3728)]	17.389660
282	[(16,4151),(19,84),(33,3158),(34,445),(66,3518),(77,3698),(85,1782)]	17.272187
283	[(13,811),(26,1571),(55,2263),(81,3571)]	19.357405
284	[(0,2601),(32,2686),(46,871),(52,1988),(66,1543),(91,3773)]	22.033360
285	[(14,1174),(25,962),(52,2224),(77,3767),(84,428)]	21.209413
286	[(1,4084),(16,1531),(18,488),(20,2057),(21,2175),(29,2874),(33,2830),(45,1758),(84,3375)]	17.414268
287	[(17,2540),(33,2253),(36,837),(53,3630),(69,1499)]	17.406090
288	[(4,1281),(24,1924),(26,2628),(28,1094),(30,2771),(40,2821),(51,1073),(82,3774)]	17.153097
289	[(23,2286),(46,3348),(90,76),(92,2164)]	17.980326
290	[(0,755),(14,1473),(15,1603),(23,1533),(24,1867),(46,758),(51,1647),(54,1384),(60,23),(61,2048),(62,3099),(64,1724),(75,335),(80,271)]	17.064795
291	[(1,3621),(10,3385),(23,1195),(26,1674),(48,3069),(49,1333),(51,3721)]	22.134031
292	[(8,2957),(24,2789),(33,1170),(35,2711),(40,2722),(53,4197),(76,1054)]	32.173970
293	[(7,2255),(13,2946),(33,2610),(48,2807),(56,3306),(61,3959),(66,434)]	17.721805
294	[(10,1761),(20,2935),(21,1419),(41,2333),(55,189),(85,1086),(92,3252)]	17.484244
295	[(18,1027),(19,1541),(36,1179),(41,159),(44,3976),(64,1675),(79,2386),(85,3327)]	17.205574
296	[(0,1945),(1,3419),(20,3990),(27,4174),(28,1976),(29,4156),(91,2176)]	17.714634
297	[(1,2334),(33,3001),(81,3085)]	17.310542
298	[(6,2348),(31,3768),(37,3941),(59,447),(78,3862),(81,777),(82,3062)]	17.018642
299	[(13,1991),(36,2313),(59,846),(89,1765)]	17.340175
300	[(19,2260),(22,4013),(41,2590),(48,2458),(56,2330),(76,2100)]	17.686863
301	[(18,3232),(20,4069),(25,2414),(29,1548),(32,770),(64,449),(65,2921)]	17.857834
302	[(0,3759),(1,1450),(23,3297),(29,4021),(42,1269),(44,2463),(47,3284),(48,179),(89,1116)]	27.510626
303	[(2,1379),(3,2465),(5,2928),(22,2848),(35,1821),(36,1628),(39,2258),(40,1134),(41,3080),(72,2844),(87,3365),(91,1164)]	19.903245
304	[(5,1336),(6,594),(49,1729),(73,3012),(76,177),(91,2748)]	18.629410
305	[(10,4102),(25,3359),(37,1982),(42,3314),(57,2994),(61,2601),(67,408)]	17.138704
306	[(7,180),(11,2168),(25,1594),(40,892),(90,1660)]	17.228282
307	[(24,2545),(46,4235),(60,3002),(68,1633),(74,551)]	17.776614
308	[(3,2252),(15,2225),(37,4114),(38,805),(47,4150),(56,2744),(57,2924),(76,2026),(84,170),(90,592)]	17.226829
309	[(3,1681),(5,2153),(58,2880)]	17.309345
310	[(11,968),(23,2548),(34,781),(51,625),(62,2771),(82,2733),(84,3376),(88,1243)]	17.221551
311	[(30,960),(54,2355),(60,2281),(63,1383),(64,572)]	18.809587
312	[(18,2633),(24,763),(31,495),(34,1558),(37,1557),(46,1294),(49,1868),(53,781),(57,3159),(81,567),(85,454),(91,2)]	18.418033
313	[(7,1062),(10,1208),(52,4165),(83,3288),(87,2476)]	20.494867
314	[(6,956),(26,2435),(66,3553),(78,2696),(86,2099)]	17.177152
315	[(7,2545),(31,2838),(52,744),(53,2994),(59,4201),(72,4061),(75,501),(85,248)]	17.014365
316	[(20,2458),(38,1942),(51,1340),(79,199),(91,3070)]	17.326803
317	[(14,1917),(16,1565),(33,4007),(45,2433),(55,605),(65,2802)]	17.178740
318	[(19,4058),(27,1741),(62,2667),(66,2993),(87,321)]	17.372877
319	[(4,3647),(21,1666),(28,4166),(34,2862),(35,1762),(80,3908)]	17.201233
320	[(0,906),(4,1476),(54,3308),(58,3549),(68,3490),(75,900)]	17.275369
321	[(4,3248),(8,1760),(18,1890),(35,1479),(46,3901),(92,2950)]	18.082893
322	[(13,343),(14,2769),(32,2573),(87,3298),(92,707)]	17.320392
323	[(0,461),(13,1598),(20,2446),(30,1995),(33,883),(69,3352),(79,180),(91,1832)]	17.036754
324	[(15,540),(21,1342),(23,1546),(31,888),(46,732),(51,2933),(53,1515),(76,3492),(87,2230)]	17.003029
325	[(2,354),(18,1340),(40,429)]	17.316119
326	[(3,2198),(4,2567),(8,3824),(10,730),(16,3202),(23,679),(43,2010),(44,1944),(50,3804),(58,2284),(87,1914)]	17.136525
327	[(3,2253),(13,3155),(19,3214),(22,1624),(26,3421),(50,2355),(54,51),(62,505),(68,81),(69,2455)]	17.175551
328	[(10,1751),(49,1938),(64,718)]	17.771168
329	[(39,2068),(57,237)]	19.626761
330	[(8,1135),(18,3057),(24,4188),(59,2373),(73,3566),(85,78)]	17.681023
331	[(2,2619),(9,1944),(18,3384),(22,1282),(39,1061),(43,2392),(70,3570),(83,3425)]	18.023253
332	[(35,704),(44,2345),(51,1579),(52,1830),(57,1667),(59,3962),(62,2480),(88,3210)]	18.450099
333	[(3,2194),(5,835),(23,4131),(38,2760),(52,1126),(65,48),(79,3036),(92,3582)]	17.925790
334	[(3,3337),(41,3306),(56,876),(63,1031),(73,212),(78,2183)]	18.556861
335	[(0,2013),(13,2266),(29,427)]	21.142920
336	[(50,266),(68,2593),(70,1180),(76,3057),(81,2225)]	19.184856
337	[(5,581),(32,3513),(36,880),(45,2120),(49,1403),(50,933)]	17.251671
338	[(32,4009),(33,2343),(43,2924),(74,2199),(82,2383),(90,3204)]	20.234621
339	[(39,3148),(50,2770),(57,1530),(60,4192),(90,1786)]	22.116526
340	[(5,3113),(12,3982),(28,3536),(82,1118),(87,587)]	17.342014
341	[(21,3273),(23,2885),(64,1143),(68,2431),(82,1412)]	17.839097
342	[(16,2149),(19,993),(44,2611),(84,558)]	18.442487
343	[(24,2418),(36,2820),(43,2727),(51,108),(76,2325),(80,4176)]	17.800675
344	[(7,2172),(41,1025)]	16.918323
345	[(9,3636),(22,1596),(27,3500),(43,3878),(57,3434),(67,1502),(88,1714)]	17.063413
346	[(9,3016),(30,794),(33,1873),(45,722),(47,2112),(50,4086),(51,2530),(55,811),(69,1947),(75,3076)]	18.026896
347	[(0,3653),(19,2392),(22,2781),(24,77),(25,3159),(49,154),(92,600)]	17.886955
348	[(42,3755),(52,3950),(59,2884),(76,1559)]	44.174784
349	[(6,2793),(16,862),(49,3674)]	21.132048
350	[(6,2899),(19,2346),(20,446),(37,3382),(41,2805),(92,1020)]	17.266420
351	[(84,1547)]	17.101460
352	[(25,104),(32,1945),(44,6),(45,3966),(66,3265),(80,2078),(92,2354)]	16.957923
353	[(11,3070),(24,3126),(31,338),(91,3625)]	17.305490
354	[(15,3872),(32,3563)]	17.496065
355	[(8,4037),(70,781),(85,1152)]	16.986453
356	[(27,3198),(33,656),(47,1676),(57,2417),(63,1515),(64,941),(65,3749),(66,1430),(67,2964),(71,2914),(73,1748),(80,3750)]	18.864351
357	[(13,2840),(18,1525),(24,1199),(27,2931),(31,1086),(37,3902),(39,1411),(44,2978),(62,1889),(75,448),(80,3526)]	24.916624
358	[(2,4147),(23,3363),(29,2986),(30,232),(81,2640),(89,1272)]	17.249609
359	[(5,3459),(6,978),(8,3042),(28,2096),(70,2394),(75,538),(77,3452)]	16.997581
360	[(18,3598),(29,1937),(81,1341)]	17.412430
361	[(8,3956),(19,907),(24,597),(29,2741),(38,3604),(54,4229),(57,1803),(69,2859)]	20.009890
362	[(19,902),(48,3593),(58,1521),(88,2759)]	17.054717
363	[(2,244),(3,199),(50,1361),(62,721)]	17.588843
364	[(2,4142),(22,3062),(29,2211),(53,146),(56,4129),(78,269),(90,568)]	17.121895
365	[(18,2829),(54,2627),(71,2004),(75,3524),(78,2167)]	35.206783
366	[(31,678),(32,3241),(47,433),(70,772),(74,2459)]	29.951049
367	[(1,2688),(3,2861),(6,3527),(20,892),(33,646),(64,2381),(65,3587)]	17.316973
368	[(6,867),(33,201),(34,782),(47,3602),(60,3077),(69,1556),(75,1817)]	18.101556
369	[(8,2955),(20,460),(27,837),(29,1731),(35,2548),(41,3141),(70,3812),(82,3075),(85,704)]	17.020380
370	[(5,579),(9,118),(14,2938),(50,839),(63,3859),(67,932),(74,1361)]	17.306011
371	[(21,1854),(69,1377),(87,926)]	17.091219
372	[(0,3444),(36,1095),(39,3353),(42,3601),(50,2000),(61,3280),(78,452),(80,2070),(87,1034)]	17.690002
373	[(6,3624),(66,3782),(77,2354),(78,1871),(80,2606)]	16.826938
374	[(40,2874),(55,1590),(75,1946)]	17.326917
375	[(11,2360),(51,649),(67,4229),(82,3900)]	17.096335
376	[(15,3417),(18,2697)]	25.611037
377	[(8,289),(15,3984)]	17.585430
378	[(7,21),(44,1617),(61,991),(76,837)]	17.207816
379	[(51,2009),(55,2247),(69,3461),(80,3397)]	16.833443
380	[(8,3542),(30,2185),(36,688),(37,55),(77,2903),(82,318)]	17.109545
381	[(6,136),(12,208),(17,1831),(46,3089)]	18.560386
382	[(5,2243),(24,2306),(29,102),(32,766),(39,838),(40,4009),(42,1692),(59,2998),(69,91),(72,1909)]	18.652217
383	[(14,637),(27,2866),(39,1475),(45,3931),(49,2143),(92,1552)]	17.217682
384	[(17,155),(18,3445),(52,2517),(57,1414),(63,3285),(71,3755),(78,1126)]	24.050419
385	[(9,2651),(10,1551),(12,255),(35,3727),(51,3599),(53,2872),(71,3572),(72,1205),(90,798)]	37.614824
386	[(26,2694),(34,3756),(50,2621),(78,4218),(85,1464)]	37.800109
387	[(9,3408),(17,1872),(39,4090),(78,4056)]	38.728952
388	[(5,3906),(10,1647),(38,1913),(47,3230),(61,2567),(89,2546)]	37.836242
389	[(16,4220),(34,732),(49,2509),(58,1332),(68,2357),(76,2301),(78,143)]	28.694286
390	[(10,411),(47,18),(57,2303)]	18.056642
391	[(21,811),(28,2824),(44,4124),(89,175)]	17.864897
392	[(24,70),(26,3189),(29,178),(40,1088),(45,675),(64,1955)]	18.214890
393	[(8,3944),(13,4107),(28,2427),(32,3059),(40,4240),(62,1280),(68,1103),(76,986),(82,631),(88,1333),(90,3721)]	16.934059
394	[(6,1227),(18,987),(41,979),(65,2249),(82,13)]	17.341566
395	[(18,3659),(46,914),(57,984),(62,1897),(72,2700),(78,2265),(81,3285)]	17.123090
396	[(24,833),(28,510),(29,650),(33,1807),(45,848),(51,1375),(64,1408),(67,3469),(74,2227)]	19.554776
397	[(18,1031),(23,2812),(28,2750),(32,4236),(37,3465),(64,2956)]	21.708769
398	[(11,4098),(12,1616),(40,1071),(48,1858),(55,3612),(57,2784),(81,2009),(86,1383),(87,1472),(90,2310),(92,1032)]	32.847410
399	[(11,2354),(12,1871),(29,2641),(31,1832),(43,964),(45,4148),(51,625),(67,1889),(69,2357),(82,4210)]	17.200944
400	[(39,3197),(67,2676),(79,1196),(84,2297)]	17.735761
401	[(3,3439),(23,576),(25,3158),(26,445),(37,229),(44,282),(52,1512),(53,9),(80,4046),(89,3449)]	18.042952
402	[(5,4129),(18,458),(41,141),(72,707)]	17.015437
403	[(38,2010),(73,1121),(81,4057)]	17.197633
404	[(49,1954),(71,4202)]	17.724286
405	[(15,3294),(26,863),(34,3460),(71,4197),(73,507),(75,2410)]	20.009449
406	[(1,1985),(4,33),(7,2395),(24,1133),(75,3098)]	17.822093
407	[(10,2841),(11,4193),(32,3706),(47,143),(53,2871),(60,929)]	17.244509
408	[(2,21),(24,2120),(32,4038),(42,3683),(55,1930),(90,2570)]	19.476014
409	[(26,2117),(35,2141),(56,1816),(61,838),(66,536)]	17.305515
410	[(2,939),(34,3496),(75,502),(91,3825),(92,3255)]	16.990209
411	[(8,2566),(12,2679),(18,2099),(27,3375),(47,884),(50,17),(58,3735),(77,2879),(90,204)]	17.931884
412	[(3,1890),(20,1680),(27,3169),(49,2423),(56,3048),(84,1836),(86,72),(89,1902)]	18.903181
413	[(2,2227),(16,2564),(18,1343),(22,3238),(43,4060),(78,3475)]	22.462673
414	[(6,604),(12,389),(19,2425),(20,2768),(31,2695),(40,3425),(59,3772),(72,1795),(73,3764)]	19.271836
415	[(14,1080),(19,211),(43,4027),(54,913),(61,340),(77,456),(86,2836)]	17.346939
416	[(4,32),(10,3186),(62,1394),(65,1493),(76,1135),(89,1549)]	17.660631
417	[(4,3456),(25,1095),(39,2475),(74,2434),(82,3704)]	17.339831
418	[(14,1044),(25,2938),(52,1476),(58,242),(69,1416),(80,3819)]	17.646032
419	[(10,2285),(27,952),(28,500),(68,522),(80,2131),(89,849)]	17.151787
420	[(17,3501),(20,1605),(34,1393),(50,697),(86,3389)]	17.838487
421	[(26,1813),(41,3970),(47,977)]	17.060914
422	[(2,2615),(5,102),(19,3404),(21,2750),(28,1033),(32,2958),(35,552),(37,2881),(38,1793),(43,239),(91,4058)]	16.958640
423	[(3,2222),(51,4120),(60,1985),(62,3148),(63,3333),(76,2379),(92,3114)]	16.946971
424	[(38,921),(43,1318),(59,1726),(83,531),(87,1276)]	17.105596
425	[(9,4103),(22,2936),(27,1513),(33,2363),(43,2668),(80,1511),(92,3499)]	17.083014
426	[(13,982),(26,479),(83,3917),(92,2991)]	17.822827
427	[(5,2470),(23,1000),(31,2909),(36,851),(37,3126),(39,342),(47,2873),(52,689),(54,2416),(62,2022),(67,1786),(79,2357),(90,4150)]	17.755213
428	[(6,3452),(10,801),(16,2703),(51,270),(54,2882),(67,2811),(83,687)]	17.296673
429	[(7,2859),(15,2285),(21,3454),(48,1865),(51,381),(88,766)]	17.523431
430	[(38,170),(52,2704)]	16.979649
431	[(4,1394),(8,2034),(16,2737),(44,3857),(49,2950),(55,2405)]	19.515663
432	[(24,1945),(32,4123),(35,623),(45,1550),(46,1956),(47,4128),(50,317),(59,1207),(64,2029),(72,1528),(84,1819),(88,4233)]	17.906380
433	[(0,101),(34,1336),(43,3768),(45,1491),(60,2557),(74,2714)]	17.561874
434	[(0,3324),(48,911),(64,2489),(74,1629),(75,3811),(80,1800),(84,3027),(86,2165),(89,679)]	17.865916
435	[(0,2580),(26,2790),(40,1139),(43,264),(55,1107),(61,3282),(64,1183),(71,31),(75,571),(83,1072),(88,4203)]	17.517766
436	[(7,605),(8,341),(23,116),(58,3021),(76,2046),(89,719)]	16.835725
437	[(0,1844),(5,2453),(7,28),(18,417),(20,3037),(26,3918),(42,406),(43,3227),(44,924),(69,4217),(80,3522),(89,2558)]	20.048026
438	[(45,401),(52,2885),(55,3226),(70,2315),(73,918),(82,850),(91,1629),(92,3811)]	17.178299
439	[(7,2940),(10,3590),(23,3397),(59,2464),(61,298),(81,1290),(87,2943)]	17.205075
440	[(27,1490),(34,1511),(48,526),(58,176)]	24.184625
441	[(30,1587),(42,2455),(58,3317),(62,3652),(84,3536),(89,1049)]	20.039393
442	[(22,2363),(50,276),(57,2161),(60,16),(64,3369),(71,1155),(78,2892),(82,3538)]	18.371626
443	[(39,4028),(64,3221)]	18.512660
444	[(11,1663),(25,758),(29,2817),(46,271)]	17.095420
445	[(12,796),(29,2797),(48,3488),(58,3842),(65,2982)]	17.343154
446	[(26,4047),(40,2165),(41,3673),(43,808),(83,2803),(90,2047)]	17.075245
447	[(4,1666),(13,1726),(44,4110),(48,3305),(80,3564)]	17.849669
448	[(13,3574),(34,639),(62,2973),(65,3743),(69,4203),(77,2668)]	17.337318
449	[(1,946),(16,2306),(30,2393),(38,1887),(42,3500),(45,291),(49,1588),(58,2299)]	17.152777
450	[(36,3918),(37,1393),(48,343),(74,2186),(76,274),(87,3781)]	17.126755
451	[(23,1273),(31,1490),(51,250),(71,2212)]	17.068041
452	[(7,516),(31,2034),(42,765),(73,3297),(91,2325)]	17.573155
453	[(8,3440),(33,1297),(51,2120),(82,2265),(88,1185)]	20.012049
454	[(11,3452),(20,1054),(37,425),(40,4073),(65,440),(66,1060),(71,3635),(75,2386),(83,2667),(87,771)]	26.087596
455	[(30,432),(39,322),(49,2961),(52,119),(68,2299),(92,1966)]	28.544383
456	[(0,213),(14,1769),(30,713),(42,3315),(63,3277),(85,2061)]	22.233733
457	[(0,2434),(9,1514),(79,1805)]	23.601819
458	[(17,1224),(29,3094),(58,1279),(69,853)]	16.972034
459	[(20,2261),(36,4046),(46,249),(55,773),(79,962)]	20.105002
460	[(33,2786),(69,3880),(86,725),(91,312)]	17.328514
461	[(24,3806),(29,2505),(49,3719),(79,2276),(84,1018)]	17.165107
462	[(9,2588),(11,1223),(24,609),(46,862),(52,2122),(74,1607),(82,1087),(87,880)]	17.006168
463	[(5,1174),(37,502),(66,2335),(67,2229),(73,564),(90,3777)]	16.956652
464	[(4,537),(13,1318),(20,3333),(22,3246),(61,4134),(63,1029),(72,83)]	17.094781
465	[(63,3060),(71,2441),(89,391)]	17.524982
466	[(0,2909),(39,1018),(48,4167),(55,1464),(59,2933),(71,3904)]	20.040417
467	[(51,2682),(71,1961),(80,1919),(82,3143),(83,208)]	17.167290
468	[(27,3053),(32,2197),(42,2027)]	16.882791
469	[(12,199),(17,3417),(38,2038),(80,3378)]	16.939971
470	[(86,1044)]	17.054759
471	[(46,4174),(60,1011)]	17.077461
472	[(17,321),(20,3403),(49,2832),(56,106),(84,485)]	16.921571
473	[(39,1337),(46,2536),(47,3384),(67,2060),(80,2906)]	17.231624
474	[(7,2686),(46,2322),(52,1676),(63,2566),(65,1615),(69,418),(87,1994),(89,2868),(92,608)]	17.135572
475	[(45,961),(53,2507),(63,2153),(78,3854),(92,2735)]	17.190030
476	[(10,3660),(24,119),(27,3499),(36,3659),(74,2018)]	16.994852
477	[(24,2013),(35,4151),(40,2342),(72,2848)]	17.837287
478	[(1,2089),(22,3201),(31,1400),(35,3017),(50,2106),(57,1968),(84,2631),(92,3337)]	16.977988
479	[(33,2714),(52,3144),(56,2924),(68,3017),(85,4079)]	17.264768
480	[(10,3791),(26,2306),(46,97),(52,693),(84,2008)]	17.185343
481	[(17,2689),(32,2039),(40,3152),(72,1467),(74,3350),(82,175),(91,532)]	17.247370
482	[(20,1799),(21,3307),(50,3110),(65,2233),(79,3201),(82,4072)]	16.799584
483	[(4,2116),(26,2925),(29,153),(46,1947),(59,536),(61,308),(85,3114)]	17.087588
484	[(6,788),(8,1219),(26,1108),(56,2667),(84,3587)]	17.244027
485	[(22,3299),(25,504),(38,593),(51,230),(83,4151)]	17.004148
486	[(34,1767),(61,3727),(64,2712),(68,584)]	19.584693
487	[(19,3477),(25,1554),(41,1590),(43,1830),(48,3810),(72,45),(77,3096)]	17.249875
488	[(18,1898),(82,1375)]	17.801339
489	[(18,2092),(28,3888),(32,1478),(52,854),(70,2040),(72,461),(82,3478),(92,3336)]	17.095854
490	[(4,1121),(60,61)]	17.000200
491	[(4,3908),(6,4079),(24,3726),(48,146),(72,1315),(87,3435)]	17.567767
492	[(24,1033),(37,3830),(57,3910),(61,863),(71,3894),(80,3107)]	17.553984
493	[(2,3332),(53,1996),(76,1172),(80,1729)]	16.975551
494	[(4,2730),(9,794),(18,3859),(44,3014),(90,1481)]	17.953829
495	[(9,2201),(26,2746),(28,1850)]	22.971904
496	[(34,3563),(48,4228),(79,368)]	22.712624
497	[(0,3273),(21,3184),(37,1182),(38,126),(43,1784),(76,1113),(87,4151)]	17.940684
498	[(3,2244),(20,3764),(36,3859),(55,3728),(64,1852),(68,3756),(78,1450)]	20.332812
499	[(6,2395),(13,2173),(44,2330),(80,75),(81,2314)]	18.990533
500	[(3,95),(14,2543),(22,2265),(56,2769),(68,2261),(92,4055)]	18.672208
501	[(16,2878),(21,3799),(22,2643),(24,1652),(46,3967),(55,2865),(59,817)]	18.277601
502	[(29,3699),(68,717),(72,3126)]	17.642075
503	[(11,2325),(48,2791),(52,1015),(61,2974)]	17.569781
504	[(3,2340),(15,2596),(19,2694),(34,4203),(40,3172),(48,2164),(50,3655),(53,834),(58,1685),(78,3026),(87,0)]	17.259016
505	[(42,2536),(47,657),(48,2788),(52,2466),(71,2253),(72,638),(89,2943)]	17.275657
506	[(15,1815),(17,1188),(42,544),(46,1291),(55,1716),(65,3654),(70,3944)]	18.054837
507	[(36,194),(37,14),(49,35),(74,55),(75,2550),(79,2394),(85,3568)]	17.620089
508	[(15,598),(50,2267),(73,1168),(74,1283),(86,2127)]	17.552784
509	[(1,683),(2,2805),(66,4180)]	20.682854
510	[(6,496),(17,383),(18,1897),(33,298),(50,604),(57,1895),(65,305),(68,2209)]	17.574995
511	[(27,3664),(35,2401),(43,2889)]	36.477654
512	[(26,3760),(39,3424),(56,3618)]	21.502970
513	[(13,3475),(18,3335),(29,173),(30,3660),(39,3582),(91,710)]	17.313290
514	[(2,3435),(6,4202),(19,539),(21,193)]	19.536654
515	[(3,4170),(19,3508),(24,772),(25,2758),(62,1446)]	18.373890
516	[(17,3427),(26,3195),(72,2892)]	17.756387
517	[(7,4153),(14,302),(19,4099),(56,3684),(57,116),(60,3288),(87,3005)]	17.169564
518	[(1,498),(39,1230),(48,1093),(91,807)]	17.361773
519	[(27,1188),(42,920),(88,3338),(91,1642)]	17.254735
520	[(6,309),(15,3536),(21,2139),(27,3687),(32,318),(45,2786),(60,1563),(72,1177),(86,3679),(90,2766)]	17.411560
521	[(35,1214),(45,4049),(46,3569),(64,2306),(92,3203)]	16.962031
522	[(9,2880),(31,969),(40,2655),(90,4089)]	17.280059
523	[(18,3380),(61,600),(71,1011),(89,2291)]	16.828368
524	[(28,3325),(42,1660),(51,454),(55,1339),(78,1556),(91,207)]	17.052744
525	[(25,3626),(32,567),(38,844),(66,3686),(75,1732)]	17.356401
526	[(14,2559),(15,130),(27,1463),(74,626)]	17.272890
527	[(3,4196),(59,2857),(66,3570),(81,2239)]	17.587891
528	[(7,3670),(34,1238),(39,3571),(63,3212),(68,3776),(79,3057)]	17.327866
529	[(11,165),(17,1442),(34,1327),(77,1354)]	17.062736
530	[(3,742),(5,1720),(14,437),(25,514),(91,273)]	17.286188
531	[(0,1891),(23,3366),(50,644),(68,2721),(71,3186)]	16.933554
532	[(26,2629),(29,1727),(60,1455),(63,2842),(69,2421)]	22.556062
533	[(2,1337),(6,107),(10,3469),(16,3196),(32,816),(52,1559),(89,2922)]	17.502011
534	[(21,1157),(28,1325),(38,1674),(73,2086),(80,931)]	17.549957
535	[(31,3037),(78,1132),(84,3826)]	18.027598
536	[(6,2967),(18,210),(40,353),(71,1839)]	17.273881
537	[(24,2958),(39,2571)]	16.911176
538	[(3,586),(8,3287),(19,737),(34,45),(39,875),(44,3770),(49,2364),(51,2996)]	17.354556
539	[(46,1036),(51,3311),(53,1890),(80,2142),(87,3405),(89,3694)]	17.453747
540	[(31,161),(69,1512)]	17.294956
541	[(2,623),(31,1225)]	20.739532
542	[(12,3668),(15,191)]	22.223973
543	[(9,1464),(39,902),(66,2981),(91,1305)]	17.522356
544	[(31,2285),(37,2272),(55,2723),(76,1321),(91,2429)]	17.001556
545	[(3,2763),(37,124),(50,3336),(64,4027),(74,1670),(86,3188)]	17.077259
546	[(1,4114),(13,3484),(19,1982),(26,3204),(28,663),(51,3286),(58,2142),(89,2391)]	16.982274
547	[(2,1219),(15,1173),(47,1573),(48,4075),(74,4011),(84,2667)]	17.241338
548	[(0,1918),(3,533),(7,2777),(13,1938),(14,1432),(45,2438),(70,3685)]	17.281997
549	[(25,314),(26,1129),(38,3820),(91,433)]	22.603993
550	[(30,693),(53,4027),(73,3169)]	20.140375
551	[(7,1211),(12,1267),(15,197),(19,2511),(23,1945),(24,3419),(41,890),(44,3750),(60,342),(63,3015),(71,1962),(81,3659)]	17.315391
552	[(5,3629),(13,1078),(32,1118),(84,673)]	17.294259
553	[(30,1597),(53,1040),(77,354),(82,2777)]	18.730867
554	[(13,1347),(17,1237),(29,2160),(42,1619),(48,3381)]	17.387991
555	[(16,1542),(26,946),(46,2143),(49,2752),(64,575),(74,1818),(85,527),(87,3744)]	16.998113
556	[(30,37),(58,1229)]	16.913057
557	[(7,2035),(28,3257),(38,2278),(46,3774),(59,1053),(63,2833),(71,1833),(92,2926)]	16.867506
558	[(3,734),(24,2863),(84,3436)]	17.093619
559	[(22,3967),(26,2272),(38,3643),(58,724),(75,2309),(88,373)]	16.760563
560	[(24,3560),(68,2981)]	17.148254
561	[(35,1005),(73,2180),(80,1246)]	21.695796
562	[(23,598),(32,251),(39,1388),(49,484),(79,1265)]	18.964315
563	[(0,1060),(6,468),(64,3286),(85,2543)]	17.039487
564	[(12,4023),(17,3689),(39,2319),(58,2878),(64,666),(69,4116),(80,3995)]	19.952046
565	[(7,310),(18,267),(36,2495),(39,2952),(56,4137),(71,311),(75,3424),(79,3916),(88,984),(89,285)]	18.556929
566	[(27,345),(71,3891),(88,2724)]	16.850599
567	[(35,418),(38,2682)]	22.173827
568	[(38,339),(43,1975),(55,1600),(56,2169),(57,1160),(71,3936),(76,4244),(87,2466)]	30.897378
569	[(7,4246),(10,282),(35,1575),(55,2275)]	19.447379
570	[(1,4199),(10,553),(14,491),(54,2322),(81,3534),(86,2247)]	17.115595
571	[(20,1622),(21,2312),(23,2526),(52,1550),(55,1631),(65,2187),(88,2131)]	18.461759
572	[(35,3272),(65,4049),(66,3569),(75,1533),(76,4115),(92,2789)]	17.727967
573	[(51,398),(52,968),(74,3824)]	16.845067
574	[(4,1646),(26,1675),(41,4047),(54,706),(56,1342),(58,1546),(71,2722)]	18.613621
575	[(4,1088),(50,1301),(53,291),(72,89),(92,3116)]	17.437860
576	[(10,667),(41,3111),(63,641),(65,369),(80,1723)]	17.098287
577	[(1,3238),(7,1716),(46,1758),(48,1385),(63,2654),(67,2371),(72,1039),(89,1715),(91,3263)]	17.582781
578	[(37,1807),(42,1606),(56,4018)]	17.291021
579	[(3,2953),(23,1443),(38,1928),(58,452),(74,3777),(79,881)]	17.138249
580	[(0,2974),(1,2547),(6,2930),(21,2626),(46,2007)]	17.234893
581	[(33,876),(38,1096),(45,496),(70,1804),(75,817)]	17.602365
582	[(12,2255),(28,2978),(35,2397),(63,4120),(68,2523),(81,2914)]	16.729753
583	[(23,3126),(34,1855),(58,4049),(62,472)]	17.714804
584	[(27,3997),(41,1684),(57,422),(63,1030)]	17.456070
585	[(4,4231),(6,1275),(11,1509),(29,1493),(33,2855),(58,1972),(90,1741)]	17.081457
586	[(4,1573),(6,1535),(12,686),(35,1546),(51,3421)]	16.892646
587	[(1,2158),(23,3080),(30,4145),(53,1288),(57,11),(60,2565),(64,304),(77,28)]	16.952933
588	[(31,3583),(63,838),(73,2723)]	17.121319
589	[(4,3040),(55,2515),(59,1226),(84,1819)]	17.246464
590	[(19,456),(33,25),(59,626),(68,4171),(80,2255)]	17.318628
591	[(4,4009),(41,982),(50,1803),(54,1499),(65,383),(68,1017)]	17.011430
592	[(25,815),(27,1502),(36,654),(54,1769),(64,3113),(92,3058)]	17.621086
593	[(0,2108),(20,1384),(21,2215),(51,586),(87,1631)]	18.232739
594	[(1,680),(5,845),(8,236),(39,1990),(80,1469),(83,38),(88,1160)]	17.095714
595	[(2,633),(68,2915)]	17.365442
596	[(38,409),(45,264),(63,3945),(85,2301),(92,768)]	20.638270
597	[(21,300),(27,465),(35,2841),(36,4193),(66,2700)]	17.166311
598	[(20,2513),(27,3516),(58,1716),(62,1160),(65,3719),(69,3641),(71,4199),(76,595)]	17.021973
599	[(19,4180),(34,406),(35,3227),(36,924),(50,689),(69,2378),(71,3828)]	16.937356
600	[(4,1956),(22,2755),(65,2408),(89,1454),(92,1944)]	18.103380
601	[(19,1982),(31,2887),(44,990),(48,3829),(59,1458),(78,2055),(89,826)]	17.698960
602	[(0,3451),(7,3932),(11,3370),(52,4216),(55,907),(88,3968),(89,1272)]	17.478058
603	[(27,3327),(40,2618),(50,3622),(75,1144),(83,2846)]	16.974185
604	[(22,2189),(39,3874),(43,1951),(56,2937),(65,2814),(66,3669)]	21.063600
605	[(13,3821),(20,3151),(22,4209),(39,2021),(64,4113)]	20.740321
606	[(15,1520),(22,2230),(35,3691),(46,2728),(87,3830),(90,2138)]	18.859948
607	[(21,2713),(28,1153),(42,1759),(44,3491),(47,1688),(50,2385),(55,3392),(70,763),(75,2708),(76,44),(78,1745),(84,4200)]	17.745620
608	[(14,1144),(47,4243),(58,3577),(75,685),(87,3520)]	17.705045
609	[(6,3073),(40,2292),(42,3130),(45,3901),(68,1537)]	17.586327
610	[(4,1494),(35,624)]	17.603810
611	[(39,1164),(43,2593),(45,440),(46,1060),(49,2925),(66,1733),(81,2729),(91,3713)]	18.852687
612	[(23,2789),(43,2555),(58,1578),(59,3809),(63,1466),(75,3850),(86,4126),(91,4241)]	20.111428
613	[(0,1562),(3,2593),(7,1535),(13,317),(24,563),(31,3914),(44,1505),(45,3750),(56,2394),(61,1890),(90,2285)]	17.282752
614	[(41,3206),(43,1658),(86,913)]	16.780816
615	[(27,2354),(41,3218),(68,1254),(69,3449),(83,34)]	17.076343
616	[(7,1229),(30,2443),(33,2130),(34,3434),(48,917),(72,2193),(85,3064),(91,2601)]	16.858566
617	[(1,3915),(24,677),(26,2995),(27,1192),(51,1873),(52,4059),(66,3063),(74,200)]	16.895629
618	[(10,2279),(28,1213),(50,4062),(55,728),(56,2039),(77,1986)]	17.065584
619	[(7,849),(18,1622),(19,3752),(39,426),(59,2195),(81,3989)]	16.916135
620	[(26,817),(38,2226),(39,3763),(81,2820),(84,2668)]	16.830002
621	[(2,2758),(30,1716),(44,530),(72,465)]	17.342439
622	[(10,3631),(24,2358),(37,3229),(43,4113),(45,967),(54,2941),(65,3678)]	17.213599
623	[(8,3520),(17,1700),(21,3345),(33,3959)]	17.834277
624	[(15,278),(28,2472),(64,3249),(76,3604),(79,1741)]	17.596236
625	[(14,196),(40,3401),(82,1329),(87,1651)]	31.245178
626	[(3,674),(34,2262),(36,830),(38,1895),(60,723),(65,2644),(66,1954),(69,1992),(88,4159)]	25.044355
627	[(5,2864),(12,2007),(42,2878),(70,3917),(75,4118),(76,1481),(77,2361),(89,2545)]	17.146731
628	[(1,1655),(41,3116),(49,497),(55,2700),(59,176),(71,1169),(84,302),(89,1722)]	22.744462
629	[(5,4080),(23,854),(31,169),(40,3829),(50,2543),(69,2901)]	17.025968
630	[(19,1847),(20,3071),(50,2212),(60,1950),(83,1530)]	17.302449
631	[(0,3886),(5,3738),(38,3686),(46,1894),(64,1535),(71,2139)]	17.262520
632	[(22,2317),(26,2947),(36,3747),(39,2507),(57,242),(77,1618),(82,1147)]	17.464986
633	[(1,3488),(32,3533),(41,1511)]	16.900906
634	[(18,1478),(67,3178),(74,4227)]	17.080268
635	[(3,2362),(4,1602),(13,2531),(18,421),(22,1878),(27,1208),(39,2746),(40,3701),(57,2079)]	17.365783
636	[(4,2734),(50,1489),(54,1182),(58,2467),(88,1715)]	17.094035
637	[(0,848),(1,2290),(4,2409),(15,3156),(16,430),(25,2233),(31,1424),(57,661),(82,3709)]	17.142706
638	[(5,1625),(43,431),(45,4203),(51,3356),(63,2964),(70,3497),(82,294),(91,2018)]	17.567981
639	[(10,1028),(28,1182),(71,2333),(91,1013)]	17.921235
640	[(6,2559),(46,164),(52,1855)]	19.484599
641	[(46,1138),(47,3227),(48,924),(78,3905),(83,2088)]	17.085697
642	[(4,3854),(29,447),(36,297),(50,3303),(51,14),(54,1055),(57,3017),(68,1510),(73,3462),(81,3965)]	17.207058
643	[(29,1245),(30,2804),(39,129),(54,3219),(61,861),(72,1929)]	17.080517
644	[(74,3347)]	17.412684
645	[(1,41),(9,1658),(16,1580),(23,1361),(43,1651),(52,1737)]	17.404037
646	[(14,1242),(37,3911),(68,3134),(87,2698)]	17.057431
647	[(2,2258),(14,3574),(47,3575)]	17.011289
648	[(11,1101),(22,1382),(32,506),(39,3513),(50,2238),(53,1038),(54,2454),(70,1623),(72,2530),(80,1946)]	17.179176
649	[(4,728),(18,3638),(31,2303),(77,420),(82,2459),(86,2324)]	17.702276
650	[(0,1950),(16,1381),(26,3318),(52,1676),(72,136),(79,3778)]	17.273468
651	[(0,335),(3,1728),(26,2738),(49,1284),(60,1558)]	19.408884
652	[(23,2033),(54,3732),(66,3708)]	18.016568
653	[(19,4000),(40,3792),(52,1005),(62,4006)]	17.295791
654	[(51,1285),(64,398),(66,4083)]	17.556061
655	[(2,3298),(11,29),(21,4233),(25,1861),(42,3194),(86,293),(87,2173)]	17.685864
656	[(15,970),(26,1467),(27,2693),(54,1550),(55,1956),(63,209),(76,1080),(87,1380)]	17.610087
657	[(54,2211),(60,747),(91,3510)]	18.340095
658	[(4,4229),(9,4216),(13,2314),(23,2132),(33,1807),(43,1586),(46,4186),(62,2947),(78,3992),(85,655)]	19.430378
659	[(9,1610),(12,4138),(20,2818),(33,644),(44,1217),(79,1512),(80,9),(88,2129)]	25.189977
660	[(10,385),(20,2507),(26,4025),(28,4068),(35,3101),(59,261),(78,3454),(82,1377)]	20.680137
661	[(19,4200),(22,145),(24,1244),(26,2720),(47,2166),(53,1061),(72,2628),(73,3042)]	17.196006
662	[(13,1957),(20,580),(27,2143),(39,1487),(48,3063),(51,1179),(59,1309),(64,3178),(66,278),(76,2187),(91,2524)]	17.522413
663	[(49,2467),(73,3075)]	17.961227
664	[(11,1402),(12,1434),(14,3530),(29,2301),(31,1189),(39,1138),(55,3896)]	17.854889
665	[(8,2313),(29,1691),(48,1666),(74,171),(75,1757)]	16.971636
666	[(7,1167),(19,2867),(32,1273),(36,395),(60,3511),(88,168),(89,3108)]	17.478018
667	[(15,3691),(26,4215),(46,729),(60,4204),(65,3820),(82,2706)]	17.560323
668	[(9,3265),(20,3135),(35,3850),(40,2034),(52,230)]	17.407020
669	[(2,3142),(5,3320),(9,1942),(14,2046),(16,3287),(46,134),(57,3550),(58,2484),(73,416)]	16.919838
670	[(3,2024),(29,586),(35,4174),(53,2652),(59,2483),(88,54)]	17.713120
671	[(20,3857),(63,2881),(64,1793),(76,724),(81,2114),(83,2619)]	17.311160
672	[(34,1886),(37,602),(38,2742),(41,2635),(46,602),(62,876),(66,3433),(71,2401)]	16.993974
673	[(7,1074),(8,2610),(30,4177),(53,1640),(83,2293)]	17.348031
674	[(1,171),(34,1922),(42,1637),(44,409),(48,521),(61,3571),(76,951),(81,3408),(85,3932),(92,2498)]	16.862538
675	[(5,2332),(21,1410),(46,3900),(62,4039),(81,436)]	16.937094
676	[(32,310),(39,4100),(41,2944),(45,2908),(53,11),(61,221),(63,1773),(64,2607),(91,1283)]	17.815193
677	[(15,3732),(24,48),(26,3395),(55,2479),(58,2050),(69,3139),(90,108)]	18.281120
678	[(29,3150),(35,1151),(71,916),(79,753)]	17.762797
679	[(8,3875),(13,3997),(75,3308),(76,690),(85,3510)]	18.182099
680	[(10,936),(12,338),(27,2977),(32,2175),(37,1863),(55,1985),(79,3794),(81,4078),(92,1483)]	17.909749
681	[(3,647),(23,3438),(31,3661),(39,1622),(42,721),(49,466),(58,3725)]	19.572573
682	[(1,722),(9,136),(16,1011),(23,1605),(25,3979),(28,2119),(50,843),(55,680),(68,3011),(71,838),(75,2418),(88,142)]	28.349178
683	[(4,1933),(25,327),(30,1414),(64,730),(73,1455),(74,3864),(89,70)]	28.353968
684	[(6,2308),(8,2317),(12,2947),(22,2581),(31,625),(61,1926),(90,947),(91,3873)]	17.552065
685	[(6,4194),(24,3726),(42,961),(49,4023),(67,2050)]	18.017641
686	[(1,4083),(22,3780),(24,3855),(45,2354),(59,2962),(71,3019),(90,3807)]	17.869952
687	[(2,2106),(25,3112),(33,2452),(40,2841),(44,1266),(55,2771),(79,2924),(89,3825),(90,3255),(91,4124)]	17.822209
688	[(33,2458),(37,1604),(44,3592),(48,3612),(61,1050),(81,843)]	17.091573
689	[(7,3087),(35,1616),(39,4063),(72,2689)]	17.943224
690	[(6,3452),(19,2618),(20,2602),(27,3463),(28,509),(30,534),(35,3597),(83,1255)]	17.512096
691	[(17,2020),(36,3802),(48,2606),(58,1550),(90,3493)]	17.180280
692	[(4,4010),(17,886),(28,1080),(31,1837),(38,47),(54,3298),(74,921),(78,567)]	17.372221
693	[(14,914),(16,4060),(58,2972),(72,3230),(86,1681),(91,3560)]	17.054195
694	[(20,1518),(32,1858),(38,2925),(59,2265),(64,3850),(80,3275)]	17.282976
695	[(3,3971),(6,3010),(16,472),(30,2009),(46,1918),(47,2178),(68,2096),(80,1713),(82,3229),(90,930)]	17.001942
696	[(1,554),(71,2273)]	17.179816
697	[(9,1086),(10,719),(21,1118),(25,1718)]	17.066017
698	[(8,1822),(16,1195),(22,1868),(23,1029),(28,379),(44,4189),(58,579)]	17.219614
699	[(14,3457),(23,21),(41,3989),(59,1506),(64,3504)]	17.009829
700	[(1,3810),(21,270),(39,4110)]	18.442687
701	[(4,1937),(10,3682),(19,3360),(28,4023),(48,858),(90,4113)]	17.800514
702	[(16,1658),(41,2126),(49,1596),(52,3082),(61,1111),(86,3546),(90,3272),(91,3567)]	17.900188
703	[(14,517),(23,2398),(27,1280),(47,344)]	17.889288
704	[(15,2992),(16,3630),(37,2777),(43,1375),(64,1071),(79,65)]	17.126807
705	[(14,243),(65,3558),(69,1782),(71,4103),(84,1561)]	16.905273
706	[(4,1797),(13,2389),(20,35),(32,1241),(77,197),(89,1080)]	17.430650
707	[(47,2584),(49,836),(55,1467),(78,1084)]	19.575392
708	[(8,1883),(63,939),(76,2135),(84,1311),(85,3271),(88,3216)]	16.758959
709	[(27,1659),(52,3344),(63,1071),(71,621),(82,2135)]	17.883341
710	[(6,1025),(8,1535),(18,640),(41,3107),(48,2660),(65,3986),(80,888)]	17.838348
711	[(9,1236),(25,1446),(40,2558),(45,2337),(66,1907),(76,148),(84,3674)]	17.798640
712	[(10,1123),(36,1226),(45,2947),(77,3198),(89,3726),(92,3946)]	18.417068
713	[(9,2649),(14,2116),(25,2285),(29,3844),(63,2538),(79,3492),(84,471)]	19.816162
714	[(3,1912),(5,2344),(25,1584),(47,1870),(52,3490),(54,2572),(64,1405),(77,1003),(82,554)]	26.122024
715	[(0,4105),(7,4230),(72,3401),(77,2071)]	19.820977
716	[(22,196),(26,3737),(34,3460),(49,3735),(78,1389),(80,1329),(83,464)]	18.238399
717	[(2,1446),(11,3011),(50,3089),(79,2034)]	17.627040
718	[(1,2941),(40,2422),(54,3969),(65,774)]	16.898444
719	[(17,800),(25,614),(31,2557),(70,3127),(71,4205),(86,806),(88,3487)]	17.816336
720	[(9,127),(53,4112),(71,4225),(72,3964)]	17.086547
721	[(34,1509),(52,1812),(88,907)]	17.156574
722	[(29,244),(59,574)]	16.924553
723	[(26,2790),(38,4055),(42,3143),(61,536),(80,1910),(82,3906)]	17.089506
724	[(18,2922),(31,4072),(66,3442),(71,1217),(77,3762),(78,2855),(80,3175),(92,3952)]	17.096481
725	[(60,2871),(90,2942)]	17.017923
726	[(3,827),(6,2535),(9,615),(70,4218)]	17.040376
727	[(60,2571)]	16.947797
728	[(4,944),(7,2378),(9,3828),(13,2207),(26,140),(33,2856),(52,3166),(85,2202)]	17.164979
729	[(1,1828),(9,3947),(18,386),(31,3028)]	16.837232
730	[(32,3205),(56,2962),(86,2096),(90,612)]	17.332382
731	[(18,3811),(40,806),(41,2510),(47,998),(59,4089),(68,947),(88,115)]	17.044438
732	[(7,3767),(24,3256),(42,578),(47,3197)]	16.879625
733	[(1,2634),(9,2121),(14,1394),(36,2198),(37,2567),(42,126),(92,2190)]	16.950881
734	[(18,1388),(23,4027),(54,877),(59,4131),(63,260),(64,1860),(66,2848),(73,2932),(77,1422),(92,1510)]	17.174712
735	[(4,420),(10,3327),(31,1224),(45,2536),(51,326),(58,890),(61,3716),(62,3388),(81,2980),(86,3622)]	17.470484
736	[(4,1742),(21,4183),(27,3374),(28,841),(37,129),(60,1860),(82,457)]	19.824398
737	[(12,3312),(15,2234),(18,1719),(42,2555),(48,3859),(60,2362),(67,3812),(82,773)]	17.621690
738	[(61,4161),(91,2342)]	17.161992
739	[(1,569),(3,867),(6,1045),(31,1664),(47,1861),(67,1849)]	27.538029
740	[(37,2491),(38,1991),(40,1717),(45,1710),(48,2416),(53,2950),(68,3630)]	30.454166
741	[(6,3803),(25,3665),(60,2672),(78,17),(81,1504),(84,2041)]	17.321659
742	[(3,2814),(13,2679),(17,700),(20,810),(33,3134),(40,576),(60,3769),(75,1018),(77,3228)]	17.228514
743	[(3,773),(8,1884),(12,420),(27,3881),(65,3035),(77,1412),(84,4224)]	17.284984
744	[(30,3099),(43,1161),(47,2595),(54,3658),(61,3043),(70,786)]	17.000449
745	[(20,1732),(27,2110),(33,4023),(47,1644),(48,678),(62,1543),(69,140),(75,1108)]	17.261949
746	[(7,4207),(11,2651),(12,1551),(47,691),(82,3335),(91,859)]	16.831724
747	[(29,2854),(35,269),(37,2060),(39,909),(42,465),(43,3313),(46,1165),(82,3663),(92,2461)]	18.036295
748	[(22,3494),(26,1571),(29,815),(30,1112),(31,3380),(77,2884),(81,2768),(85,2278)]	17.468811
749	[(29,2874),(76,2356)]	17.257590
750	[(0,3752),(17,1034),(24,3847),(65,1400)]	17.482425
751	[(21,3515),(37,586),(48,2288),(63,567)]	17.242503
752	[(7,1865),(25,3068),(30,1171),(57,2690)]	17.150012
753	[(14,252),(22,1524),(54,98),(60,1523),(64,3487),(65,3000),(72,1519)]	17.238933
754	[(3,3906),(5,500)]	17.186018
755	[(12,2933),(17,1911),(76,3398),(78,3602)]	17.575695
756	[(44,540),(61,2482),(64,433)]	17.896635
757	[(9,1317),(29,3381),(33,2726),(41,589),(89,1158)]	17.635925
758	[(19,3806),(24,1776),(32,162),(57,3304),(85,447),(88,4228)]	17.296014
759	[(14,842),(42,2114),(47,78),(50,340),(52,478),(71,2154)]	35.442352
760	[(5,3335),(16,1201),(30,3323),(49,2185),(84,1745)]	36.008005
761	[(2,37),(4,2219),(11,3948),(13,3856),(17,2847),(27,2061),(56,3049),(59,92),(69,3800),(73,2523),(79,3528)]	35.423430
762	[(5,1461),(7,2420),(27,3415),(30,3015),(49,1938),(55,3320),(63,4112),(73,2766),(89,3311)]	36.039188
763	[(46,2305),(51,1579),(53,1791),(69,1767),(78,2658)]	36.860454
764	[(27,3479),(30,3026),(34,1107),(35,2522),(53,1666),(56,1994),(74,346),(81,3001)]	40.313931
765	[(10,581),(55,1486),(73,1168)]	35.744490
766	[(16,3800),(35,2211),(36,1278),(49,3986),(57,1493),(68,1619)]	34.596489
767	[(7,2277),(41,1354),(46,253),(53,1015),(90,1886)]	36.565969
768	[(36,1885),(41,3788),(50,1739),(70,1067),(79,1699)]	33.160412
769	[(35,165),(36,2161),(72,690),(92,578)]	34.670198
770	[(0,2094),(17,255),(24,2363),(48,2320),(60,3825),(65,2278),(76,3908),(90,3942)]	34.475622
771	[(0,1477),(22,3480),(40,2498)]	34.716915
772	[(8,3592),(11,486),(18,1052),(52,3501),(54,2090),(58,3316),(87,3911)]	34.691055
773	[(18,1734),(32,3409),(45,546),(46,2193),(52,460),(70,1203)]	33.846498
774	[(62,1196),(70,4234),(81,3165)]	33.755345
775	[(4,3244),(46,2295),(49,1751),(82,2628),(83,3042)]	35.306914
776	[(3,1847),(21,486),(40,78),(63,3822),(72,588),(82,1904)]	33.874621
777	[(1,1937),(35,2044),(44,1502),(54,2140),(67,2991),(71,1785),(74,1556),(75,3133),(85,1676)]	33.935949
778	[(17,169),(20,3034),(24,805),(27,620),(42,4119),(48,946),(60,345),(67,526),(68,3726),(75,3633),(87,1021)]	40.057607
779	[(25,3249),(67,557),(82,2421),(88,948),(89,2079),(91,1846)]	36.254346
780	[(16,2734),(56,2553),(65,3401),(72,2186),(84,3515),(91,3271)]	34.458918
781	[(7,1528),(15,1702),(49,2064),(66,3227),(70,2030),(91,115)]	33.920916
782	[(1,2606),(8,3467),(13,1497),(55,3903),(57,649),(63,29),(68,4034)]	33.889538
783	[(8,1285),(9,1178),(12,207),(26,2670),(29,1378),(32,3526),(35,1830),(40,2906),(65,1188),(71,2436)]	33.642482
784	[(6,3623),(19,1939),(28,1586),(37,791),(51,1352),(70,3730),(74,1814),(76,1064)]	34.104112
785	[(18,3788),(22,4090),(24,2241),(27,2617),(28,1670),(47,2921),(63,1248),(67,455),(78,188),(84,732)]	33.914301
786	[(54,4073),(73,1317),(75,4168)]	33.005990
787	[(28,3026),(41,358),(46,3770),(50,98),(51,791),(53,220)]	34.143631
788	[(0,2032),(5,4246),(6,3759),(19,966),(24,3441),(29,3419)]	33.267451
789	[(0,534),(9,2032),(17,773),(29,3247),(57,500)]	35.436117
790	[(0,1634),(10,3663),(12,2769),(20,3169),(33,4001),(34,1715),(50,3010),(61,1047),(62,3372),(75,3159),(86,2235)]	34.429117
791	[(6,1418),(55,4162),(67,3027),(85,2808)]	32.740558
792	[(3,1272),(18,3996),(35,2263),(50,1883),(60,3360),(68,3315)]	33.403603
793	[(12,2570),(31,4144),(32,2835),(53,1628),(62,1849),(68,3839),(77,396)]	35.236641
794	[(20,3274),(28,3251),(29,2886),(31,2782),(49,3149),(61,3863),(75,2510),(91,1649)]	32.986745
795	[(12,631),(33,811),(41,562),(42,1593),(43,2693)]	33.750898
796	[(12,3210),(16,1508),(39,3443)]	32.874213
797	[(11,3563),(22,3347),(36,1223),(39,2011),(42,2767),(71,4131),(74,1751)]	32.631955
798	[(3,2042),(30,1978),(40,1140),(58,1037),(63,3523),(76,310),(82,2247),(83,1661)]	32.145887
799	[(18,1754),(20,40),(29,3895),(74,1339),(87,3936)]	33.312743
800	[(17,133),(31,3932),(38,1516),(41,2331),(67,2829),(88,1149),(90,2156)]	37.887257
801	[(53,3561),(73,1632),(81,3900),(87,3591)]	35.576709
802	[(8,3096),(30,692),(33,3152),(39,3555),(71,553)]	35.543969
803	[(3,1847),(51,729),(52,2837),(53,1335),(75,1074),(76,2610),(80,184),(90,2536)]	35.777472
804	[(21,1583),(47,2274),(53,1052),(69,3964)]	32.212238
805	[(0,315),(14,1805),(65,3695),(70,2871),(73,29),(78,1856),(84,3067)]	38.056787
806	[(4,16),(54,2768),(58,1322),(65,1769),(82,2728),(90,3590)]	34.664545
807	[(60,2480),(61,2226)]	35.962030
808	[(7,3340),(15,3111),(39,904),(49,204)]	34.101325
809	[(2,45),(7,3956),(20,3501),(21,3883),(24,2203),(71,2902),(72,2598),(84,2015),(92,3145)]	35.366200
810	[(1,3910),(25,287),(86,4091)]	43.776034
811	[(9,704),(19,2956),(32,1532),(39,4030),(44,3469),(69,1296),(77,1717),(81,2086)]	35.553653
812	[(10,3704),(11,3266),(45,3399),(77,1301)]	33.759370
813	[(59,398),(60,968),(78,417),(90,2697)]	33.004714
814	[(4,3814),(34,1186),(70,2806),(75,3025),(78,1611)]	35.142379
815	[(4,1251),(20,3684),(43,389),(44,3815),(64,2717),(67,3582),(71,3213)]	33.906707
816	[(13,148),(16,440),(17,4076),(32,134),(36,919),(49,2727),(62,158),(73,3936)]	34.083288
817	[(3,1669),(16,3155),(34,1311),(35,3271),(49,3169),(57,355),(59,2693),(89,1757),(92,2998)]	33.931534
818	[(3,1843),(13,257),(73,979),(82,2035)]	35.314764
819	[(0,1870),(5,2481),(14,1789),(37,24),(52,381),(59,3319),(61,3777)]	34.888910
820	[(13,3146),(53,1016),(56,4066),(63,2450),(84,2415),(88,2017)]	36.295188
821	[(10,1942),(13,3710),(16,325),(21,2486),(22,2997),(51,877),(60,1695),(68,3614),(73,1346),(82,514)]	34.478895
822	[(17,169),(20,3034),(25,3161),(48,354),(60,2065),(70,289),(91,1383)]	35.768814
823	[(37,3326),(41,4220),(44,1987),(46,3344),(47,158),(48,2639),(64,663),(75,818),(76,2498)]	34.279079
824	[(26,1414),(67,3049),(68,2614),(69,2196),(77,817),(79,2105)]	34.246882
825	[(4,2587),(9,3486),(12,1937),(23,1676),(28,903),(62,2152),(67,1580)]	34.307598
826	[(25,3591),(43,3670),(52,515),(88,2133)]	33.785178
827	[(0,1281),(6,3998),(9,2509),(17,2953),(26,1853),(28,354),(30,4006),(31,4222),(33,2327),(34,2264)]	34.344457
828	[(6,1852),(53,1587),(61,1512),(88,724)]	33.723413
829	[(7,2693),(9,4035),(19,3274),(20,3619),(33,1030),(60,1426),(64,3896),(88,1421),(90,615)]	33.794440
830	[(57,2153),(71,164)]	33.903530
831	[(7,4012),(21,3848),(49,2299),(69,947),(79,1119)]	33.153223
832	[(22,1460),(31,2357),(36,3005),(42,1609),(60,633),(66,2065),(73,1697),(76,2396),(77,784),(82,3029),(89,1396)]	35.601977
833	[(37,1699),(55,2129),(58,2892),(65,3471),(70,3123),(81,3555)]	39.699918
834	[(13,712),(19,3030),(31,1142),(55,13),(89,760)]	33.329996
835	[(11,957),(13,2546),(27,188),(59,2020),(71,3293),(72,2581)]	32.949115
836	[]	33.165441
837	[(0,1462),(3,1802),(32,1120),(46,3692),(67,2635),(71,2452)]	33.557954
838	[(14,4244),(50,4080),(79,2568)]	43.046814
839	[(19,3320),(59,2162),(70,998)]	33.850050
840	[(4,440),(5,4076),(7,3048),(15,45),(18,4215),(28,1382),(33,1318),(43,4181),(85,4182)]	33.779990
841	[(12,3971),(15,1888),(57,3150),(79,828),(85,982)]	34.996276
842	[(13,2696),(18,3894),(33,1538),(35,1462),(37,3411),(38,1865),(80,548),(90,60)]	41.549611
843	[(3,3771),(27,2854),(33,648)]	45.018769
844	[(90,3886)]	53.302842
845	[(13,453),(37,139),(58,146),(65,4176),(66,2111),(86,3140),(89,3367)]	58.125271
846	[(2,4167),(27,527),(45,2424)]	35.758431
847	[(14,149),(59,3021),(78,3160)]	34.854838
848	[(8,350),(11,465),(24,4068),(40,3230),(73,149)]	37.333552
849	[(32,3861),(62,1),(75,2539),(81,76),(85,4244),(90,699)]	33.796164
850	[(3,3404),(5,2750),(30,805),(35,2312),(38,462),(71,3505),(90,1303)]	47.820184
851	[(13,433),(22,3221),(43,3911),(57,2687)]	37.025125
852	[(18,4177),(51,2371),(60,3072),(78,1661)]	34.456822
853	[(15,1762),(55,1096),(60,3811),(64,1758),(66,1385),(83,638),(87,2594),(91,820)]	33.782368
854	[(12,2851),(16,3987),(17,1009),(51,118),(80,63),(85,2490),(91,602),(92,2742)]	35.291665
855	[(19,2784),(24,1024),(89,2775)]	36.760656
856	[(24,2173),(38,2657),(57,2401),(65,3874),(67,3846),(89,1556),(90,3133)]	34.363099
857	[(5,3045),(23,4134),(37,254),(59,297),(83,2851)]	47.932816
858	[(5,1816),(30,2591),(58,3611)]	49.777103
859	[(13,2757),(25,1344),(26,399),(53,3977),(69,1976),(90,2026),(91,2187)]	56.027463
860	[(63,845),(65,2766),(86,285)]	65.299991
861	[(3,297),(27,3993),(35,1643),(58,1025),(61,3273),(91,4002)]	48.557758
862	[(14,3174),(26,3759),(51,2672),(56,3602),(70,3587),(86,2177)]	33.445270
863	[(2,2867),(12,3793),(66,3691),(77,36),(87,3301),(92,1657)]	33.818566
864	[(9,53),(25,2920),(55,247),(69,230),(71,365)]	35.571316
865	[(14,1726),(71,3379),(89,3351)]	38.216630
866	[(6,832),(14,1816),(43,1162),(49,1799),(50,3307),(63,3907),(82,2538),(91,1379)]	35.467162
867	[(3,2545),(16,3410),(25,1483),(26,3044),(67,3730),(84,1020),(88,3543)]	35.021622
868	[(7,1163),(9,1141),(29,284),(75,2240)]	39.400546
869	[(2,3856),(8,3518),(12,3471),(15,3595),(34,1203),(43,2504),(70,3606),(80,999),(83,2811)]	40.761599
870	[(0,1869),(4,1081),(25,3702),(50,3841),(54,1901),(57,2305),(63,123),(86,4110)]	35.741337
871	[(9,3200),(10,3009),(13,3443),(71,2547),(73,2939)]	36.725054
872	[(43,719),(63,3748),(74,1427),(88,3343)]	37.462413
873	[(20,2555),(46,4129),(48,3594),(86,2498)]	38.512986
874	[(31,1296)]	40.787771
875	[(29,1162),(34,4008),(57,3200),(58,3009),(74,2525),(85,3314),(90,4244)]	35.136792
876	[(22,1376),(51,359),(54,1223),(57,1484)]	18.495264
877	[(16,369),(28,2911),(30,3381),(50,3142),(53,1185),(75,3908),(80,2779),(86,2495)]	17.088178
878	[(10,1774),(15,3845),(43,1661),(49,3488),(64,4029),(72,3107),(80,1942),(89,1391)]	17.108822
879	[(7,1490),(16,998),(20,513),(27,3316),(70,961)]	18.163602
880	[(4,1548),(28,1411),(30,33),(37,3631),(41,3647)]	17.355310
881	[(12,3592),(22,120),(26,4239),(29,1697),(50,2903),(62,783)]	17.599041
882	[(7,1587),(39,602),(50,2299),(60,1797)]	17.454564
883	[(5,1450),(7,1359),(9,2925),(12,3833),(25,522),(43,1137),(81,3759),(90,2278)]	18.093540
884	[(15,389),(28,94),(31,2412),(87,971),(91,1919)]	17.573074
885	[(17,1285),(47,3566),(58,1535),(61,3627)]	17.805793
886	[(11,1404),(45,3291),(47,586),(57,1414),(62,1615),(82,2906),(84,2430),(86,4092),(92,1215)]	17.062671
887	[(44,1607),(52,767),(88,714)]	18.364905
888	[(13,2643),(69,473),(71,1946),(81,1392),(89,617)]	17.086462
889	[(26,1173),(30,2865),(33,850),(71,2486),(75,2500),(78,1577)]	17.260111
890	[(28,3878),(30,2735),(32,2122),(36,1833),(48,2211),(73,1173),(81,1321)]	17.100592
891	[(6,3957),(27,975),(43,325),(57,2755),(60,2223),(79,742),(81,1720),(92,3806)]	17.522306
892	[(16,240),(22,3969),(37,4018),(41,2841),(59,2577),(69,3026),(78,3899)]	18.580911
893	[(4,2534),(11,1325),(31,2009),(53,1786),(58,75)]	17.525475
894	[(10,891),(15,2757),(39,1944),(47,3514),(50,3053),(52,3979),(59,2360),(69,512),(91,925)]	19.035363
895	[(6,2651),(7,1551),(37,1149),(52,1903),(72,1732)]	17.642965
896	[(1,1704),(28,1802),(47,2342),(72,1997),(88,1410)]	17.054284
897	[(3,470),(10,2517),(23,2597),(38,123),(44,3928),(51,3213),(65,49)]	17.864581
898	[(2,3929),(4,3208),(6,4133),(16,1478),(21,4159),(53,2738),(62,578),(66,3257),(90,3158)]	18.333994
899	[(34,1668),(54,800),(58,2277),(59,3552)]	17.334478
900	[(3,384),(21,2990),(54,304),(69,1601)]	17.744424
901	[(25,3926),(32,3467),(64,2646),(67,1485),(85,282),(90,2069)]	17.002693
902	[(4,1005),(18,654),(45,641),(47,369),(69,1139),(72,1211),(86,483)]	17.041251
903	[(32,2895),(33,4100),(40,1589),(73,1570),(82,1135),(90,182),(92,1042)]	16.923005
904	[(21,2666),(28,878),(51,3848)]	17.594562
905	[(15,4004),(19,1306),(27,3859),(34,2146),(39,1097),(64,3994)]	17.003484
906	[(50,147),(57,2701),(65,2887),(68,2683),(84,2344)]	17.132537
907	[(1,2461),(33,3562),(54,1860),(69,3898),(90,1365)]	16.887438
908	[(10,242),(81,3923),(83,2797),(84,9)]	17.463489
909	[(43,3653),(47,1398),(52,3629),(58,1958),(62,449),(63,2921),(84,3827)]	17.696750
910	[(22,1623),(23,33),(25,3510),(50,1973),(67,3355)]	17.844511
911	[(22,3301),(29,1508),(44,3758),(56,1088),(58,889),(61,924),(66,3274),(70,1422),(78,2561)]	17.366529
912	[(27,3118),(35,1694)]	18.372263
913	[(8,512),(21,1253),(36,280),(78,2885)]	18.100362
914	[(24,2353),(44,1480),(51,776),(64,3720),(67,3459)]	20.339575
915	[(17,303),(30,3652),(45,2127),(48,1718),(81,3777)]	17.117483
916	[(7,2385),(10,1337),(12,2427),(47,138),(69,1242),(83,2328)]	17.206293
917	[(8,2807),(11,1181),(27,3024),(36,913),(40,1348),(44,2152),(45,2379),(75,146)]	17.306106
918	[(5,872),(7,3035),(37,4085)]	16.955953
919	[(7,2658),(21,3303),(29,2946),(33,2142),(42,3413),(50,1066),(51,1310),(58,1615),(60,2482),(62,2357),(68,181),(84,111)]	17.218091
920	[(12,3998),(15,1202),(28,689),(36,3861),(78,2068),(84,3557),(85,4053),(91,289)]	32.070618
921	[(9,2867),(24,2340),(45,1935),(54,334),(70,2894)]	22.154463
922	[(4,1452),(12,813),(32,1534),(37,3085),(45,1903),(46,3057),(48,1375),(55,1465),(63,126),(66,1921),(92,776)]	17.055423
923	[(3,1933),(16,3240),(26,4235),(67,1213),(79,3201)]	20.212352
924	[(2,2392),(9,357),(13,1717),(18,938),(29,2539),(30,1412),(37,481),(72,3066),(88,1920)]	17.532190
925	[(3,1606),(14,3167),(19,3622),(27,3022),(34,2962),(61,1082)]	17.147951
926	[(22,3888),(41,1905),(47,4001),(54,39),(63,3487),(64,3262),(69,3125),(70,2309),(86,3390),(92,4035)]	19.922473
927	[(42,738),(57,2979),(59,1095),(77,3713)]	23.834337
928	[(18,552),(22,932),(33,2227),(46,605),(47,341),(59,3931),(79,768),(83,4140),(87,1775)]	17.511030
929	[(35,146),(47,3125),(53,1303),(62,4045),(73,63)]	17.841431
930	[(14,1591),(16,2204),(25,3263),(30,2406),(54,1399),(67,4039),(83,525)]	17.494661
931	[(6,1703),(8,3346),(32,3530),(50,3353),(53,301),(62,2329),(64,2237),(71,1084),(82,2529)]	17.456306
932	[(11,459),(20,3521),(31,4111),(77,3499),(88,2268)]	18.433270
933	[(8,3102),(60,881),(78,683)]	17.201253
934	[(9,2059),(11,2125),(25,3376),(37,3436),(75,125)]	17.149242
935	[(11,2410),(21,1479),(35,1749),(53,1994),(92,689)]	17.109765
936	[(35,387),(52,1355),(67,1807),(70,2690),(71,750),(74,1619),(76,682),(84,3535)]	17.466096
937	[(2,914),(6,2497),(11,1940),(52,2741),(54,271),(68,3842),(91,3697)]	18.189776
938	[(31,2731),(32,2023),(81,1700)]	17.314752
939	[(0,1917),(1,3616),(7,954),(29,51),(36,2270),(64,4208)]	18.063468
940	[(2,2390),(7,2458),(12,2284),(30,1448),(33,869),(34,3338),(68,276),(70,420),(79,3156),(81,386),(91,4022)]	17.573326
941	[(19,1914),(44,4009),(61,4114),(66,2374),(79,1035),(80,4002),(86,2469),(92,3420)]	17.267170
942	[(33,832),(57,1559),(61,1461),(68,2808),(80,1688),(86,1863)]	17.135031
943	[(12,3667),(19,4185),(24,3454),(30,2820),(37,3916),(48,4131),(51,1751),(54,4139),(71,1735)]	17.306178
944	[(7,1705),(11,3955),(53,402),(54,1599),(73,3301),(78,3694),(90,764),(91,2870),(92,2520)]	17.734948
945	[(18,3527),(58,756),(87,815)]	17.158829
946	[(4,2811),(7,2313),(16,3295),(30,1835),(31,2367),(58,674),(80,3720)]	17.795635
947	[(10,1880),(32,229),(60,2031)]	17.410623
948	[(10,4148),(29,3400),(48,3670),(56,588),(74,3439),(85,748),(90,3052)]	17.457620
949	[(3,562),(18,306),(30,2066),(41,1105),(49,1197)]	17.721575
950	[(2,2552),(8,3869),(24,13),(41,3862),(69,2163),(78,929)]	19.423798
951	[(7,3575),(11,1685),(18,2708),(19,3951),(40,354),(60,3035),(69,2470)]	18.184152
952	[(6,2820),(16,3865),(19,1470),(24,1540),(61,1447),(68,2533),(69,2753),(71,493),(83,2959)]	17.197871
953	[(19,3109),(35,2793),(38,2021),(40,2506),(52,959)]	17.487675
954	[(16,955),(25,2841),(77,1904)]	17.770306
955	[(13,814),(26,3238),(36,2508),(50,3867),(80,1310),(82,1130),(92,3389)]	17.339957
956	[(20,3988),(27,1426),(59,806),(68,3573),(81,1251),(83,3219)]	17.019372
957	[(7,626),(24,3271),(44,2238),(45,3030),(54,3731),(62,2573),(80,2304),(81,4163)]	16.951663
958	[(26,3961),(49,1388),(72,1720)]	17.068405
959	[(12,4009),(13,2343),(14,3326),(17,3033),(18,3177),(53,3836)]	17.110781
960	[(5,2748),(12,622),(81,3711)]	17.599500
961	[(2,3197),(4,4044),(6,1349),(21,109),(60,3757),(79,3015),(82,2844)]	17.145556
962	[(7,564),(40,1896),(47,2871),(57,2769),(62,519),(88,36)]	18.730625
963	[(9,1074),(27,2679),(39,4003),(61,3870),(73,2626),(85,2861)]	17.649652
964	[(57,2189),(71,4097),(78,1330)]	17.516387
965	[(4,3105),(28,1570),(48,2819),(58,628),(71,1361),(78,2440)]	18.656161
966	[(49,3379),(53,683),(73,703),(81,746),(82,390)]	17.378198
967	[(6,3634),(17,971),(39,669),(46,2168),(82,122)]	17.436907
968	[(1,2296),(25,4217),(33,1267),(42,204),(67,1577),(72,368),(89,2827),(91,1640)]	17.387193
969	[(6,2340),(9,3588),(33,3097),(61,2082),(77,3138),(80,2092),(84,2488)]	17.696046
970	[(11,802),(34,3603),(54,1316),(67,1244),(69,291),(74,521),(81,3499)]	18.557212
971	[(16,2620),(19,324)]	17.855414
972	[(16,644),(52,1749),(89,433)]	18.100191
973	[(7,3949),(16,4080),(29,3915),(44,1240),(52,402),(53,2833),(54,46),(72,927),(76,3956),(89,551)]	17.766075
974	[(44,1750),(58,2754),(61,3440),(82,2503)]	17.021066
975	[(3,3037),(13,1253),(34,2954),(71,1113),(79,2401)]	17.181019
976	[(11,904),(19,1014),(21,2906),(23,2430),(47,712),(56,3456),(64,3271),(85,3551)]	17.046790
977	[(1,10),(4,2228),(17,2704),(23,381),(70,1269),(83,3639),(88,2668)]	27.283212
978	[(1,888),(24,2401),(27,1360),(67,1474),(78,1669)]	29.410829
979	[(11,1831),(16,1257),(20,1559),(25,1354),(45,3636),(57,3160),(74,2258),(81,3447)]	17.177898
980	[(24,2720),(30,3648),(61,2748),(92,79)]	17.090878
981	[(7,138),(16,226),(27,1235),(33,3069),(34,1333),(51,2605),(54,1539),(55,1052),(62,1508),(88,1556),(89,3133)]	19.744379
982	[(2,3391),(7,892),(19,812),(28,2515),(45,2762)]	22.685231
983	[(1,3642),(12,2347),(13,425),(22,2808),(25,4057),(64,719),(81,3194),(88,1460),(89,3586)]	17.340050
984	[(0,2621),(1,1399),(4,2270),(6,3240),(19,1328),(37,373),(66,1330)]	17.262178
985	[(2,3582),(25,1175),(27,1189),(55,2609)]	18.669606
986	[(0,3122),(5,1181),(37,2956),(43,992),(57,3610),(61,4231),(70,3929),(77,791),(83,605)]	17.378856
987	[(5,2332),(20,4182),(21,2081),(64,1520)]	17.107300
988	[(0,3769),(14,1352),(45,3257),(48,2877),(76,2042)]	16.955775
989	[(6,762),(8,3862),(17,529),(26,3433),(64,2622),(67,2923),(77,2319)]	18.283741
990	[(5,1249),(19,2971),(26,2487),(30,857),(32,2921),(39,1438),(41,3037),(43,185),(51,914),(56,1),(78,1298)]	17.294014
991	[(54,946),(92,2804)]	17.415950
992	[(6,1137),(67,2712),(76,3270)]	17.921734
993	[(23,371),(39,2635),(58,608),(64,904),(85,2093)]	17.808630
994	[(35,2695),(86,3298)]	18.811312
995	[(8,2191),(12,486),(39,1305),(47,259),(57,2650),(61,1959),(81,2657)]	17.360884
996	[(7,1644),(31,2260),(33,1381),(41,885),(49,2542),(52,3948),(67,3997),(70,149)]	17.587483
997	[(21,4000),(68,650),(70,575),(82,2140)]	17.740135
998	[(32,1792),(37,1796),(39,11)]	17.076475
999	[(6,3230),(29,3549),(43,1683),(69,4103),(88,2939)]	16.885723
