ruleset_index	matches	time_ms
0	[(1,291),(2,2093),(6,2564)]	15.446349
1	[(14,1782),(24,382),(36,2578),(61,2069),(66,2387),(77,2216),(82,32)]	15.337457
2	[(16,1373),(32,2003),(43,12),(69,253),(91,950)]	16.919273
3	[(18,2072),(66,751)]	14.666421
4	[(11,1490),(33,349),(62,1818),(90,1282),(92,1318)]	22.763318
5	[(28,2109),(29,1018),(44,191),(47,2266),(59,1636),(86,244)]	26.332541
6	[(31,229),(68,2097)]	14.596485
7	[(2,1815),(29,201),(47,159),(61,657)]	13.734405
8	[(52,501)]	13.868537
9	[(17,2159),(53,1408),(55,190)]	13.785172
10	[(5,2222),(38,1545),(41,2668),(84,1910)]	13.942237
11	[(32,69),(33,588),(91,1696),(92,1222)]	13.899971
12	[(61,1323),(66,2658),(68,1065)]	13.939838
13	[(0,2323),(89,1594)]	13.892366
14	[(17,1135),(39,1944),(60,2579),(92,1303)]	13.752469
15	[(19,2321),(39,2484),(62,405)]	14.323173
16	[(15,2675),(27,2097),(49,2324),(61,2592),(79,355)]	13.773232
17	[(67,819),(81,2037)]	15.252573
18	[]	14.295657
19	[]	14.401675
20	[(29,2361),(59,2084),(60,1269),(81,465)]	14.367332
21	[(34,1894)]	14.389946
22	[(2,667),(19,2304),(39,669),(40,2377),(52,569),(64,808),(78,446),(89,641)]	16.524541
23	[(15,2604),(29,249),(83,1130),(85,1701)]	14.488611
24	[(6,619),(29,1753),(38,1868),(50,2388),(67,1918),(77,334)]	14.242724
25	[(21,696),(45,1100),(62,1021),(75,1450),(85,178)]	14.069739
26	[(32,2210),(34,1446),(53,2479)]	14.683396
27	[(23,1302),(89,608)]	15.875609
28	[(0,348),(43,2341)]	14.768172
29	[(9,2691),(19,1182),(36,2345),(48,474),(63,1175)]	14.268661
30	[(32,1348),(38,921),(56,1108),(59,1836),(70,256),(90,1417)]	14.118628
31	[(3,321),(45,1859),(65,560),(68,1343)]	19.374377
32	[(60,2064),(72,2619)]	16.906103
33	[(32,1491),(40,1547),(70,974)]	13.969473
34	[(45,564),(80,2227)]	13.967180
35	[(21,2086),(24,908),(30,2363),(37,987),(57,148)]	13.971879
36	[(6,320),(16,599),(19,2436),(36,167),(51,453)]	14.592338
37	[(13,142),(33,1306),(41,420),(73,1772),(81,2097)]	14.088630
38	[(19,2470),(25,2517),(37,2236),(71,1124),(81,1988),(85,553)]	16.409820
39	[(9,1872),(56,2434),(74,2468)]	14.346299
40	[(16,1457),(24,2544),(58,615),(76,1480),(87,2367),(91,758)]	14.019960
41	[(1,1123),(42,794),(45,376)]	13.910322
42	[(19,2304),(28,2463),(85,2236)]	14.375004
43	[(12,2160),(39,752)]	13.942652
44	[(2,1308),(22,137),(40,941),(53,78),(54,1837),(69,815)]	14.221208
45	[(6,519),(44,1719),(50,473),(54,2327),(85,1708)]	14.328350
46	[(34,791),(35,2549),(87,537)]	14.607002
47	[(11,1869),(26,180)]	15.091572
48	[(20,637),(92,325)]	14.268582
49	[]	14.936482
50	[(6,890),(48,887)]	21.964380
51	[(2,2235),(13,833),(16,141),(19,360),(43,2625),(91,1993)]	14.141773
52	[(2,1935),(18,92),(43,1677)]	14.415632
53	[(15,891),(24,1139),(27,1073),(51,2405),(79,1100)]	15.259314
54	[(15,652),(30,1349),(33,497),(59,626),(86,362)]	14.897116
55	[(16,1956),(27,1074),(45,1734),(59,2588),(65,2668)]	14.051378
56	[(46,1378),(50,996),(55,2058),(65,1029),(67,818),(78,1869),(88,2004),(92,2266)]	13.921191
57	[(1,2381),(20,1497),(31,138),(44,601),(75,2023)]	13.858232
58	[(4,2529),(10,1372),(39,546),(56,236),(57,662),(87,2140),(88,2244)]	14.018960
59	[(23,1343),(61,2397),(73,2571),(82,2663)]	13.839646
60	[(1,1886),(14,437),(21,2221),(40,461),(77,600),(90,122)]	13.856134
61	[(70,1819)]	13.999655
62	[(1,1135)]	13.894787
63	[(2,668),(8,164),(29,13),(61,18),(69,802),(75,2299),(86,2681)]	13.804485
64	[(8,1648)]	13.757178
65	[(8,1331)]	14.313485
66	[(0,2432),(18,2334),(57,69),(60,2718),(73,2564)]	13.901669
67	[(14,1377)]	13.996700
68	[(12,1806),(13,2523),(46,521)]	13.839555
69	[(30,2278),(70,548),(76,1115),(80,1341)]	13.852470
70	[(7,605),(8,1463),(47,1240)]	13.740152
71	[(18,1786),(20,1100),(23,1990),(40,1520),(53,897)]	14.352130
72	[(25,2450),(33,1550),(48,1314)]	13.775801
73	[(7,2423),(29,1307),(45,1638),(46,2489),(79,62),(84,1510)]	14.031288
74	[(0,2186),(47,319),(57,105),(82,2310),(87,1454)]	19.107393
75	[]	28.164355
76	[(7,2695),(13,527),(66,356),(78,1557),(89,2095)]	14.858629
77	[(11,1857),(17,1911),(41,2561),(86,2426)]	13.731674
78	[(45,1822),(88,1938),(89,2357)]	13.896869
79	[(47,1604),(63,702)]	14.203490
80	[(26,1134),(77,1111)]	14.003635
81	[(4,2263),(34,2511)]	14.235469
82	[(2,300),(62,430)]	13.808260
83	[(10,1672),(22,493),(86,1061),(89,1242)]	13.735036
84	[(0,653),(55,835),(59,1552),(84,1406)]	13.640075
85	[(1,1401),(43,2575),(50,1926),(66,828),(79,1795)]	14.759309
86	[(1,2274),(8,364),(22,1217),(57,1614)]	13.968265
87	[(1,2130),(12,118),(33,1068),(38,647),(56,1340),(70,90),(71,2012),(82,1974)]	13.915498
88	[(5,552),(23,2389),(58,11),(63,1134),(68,18),(80,1363)]	13.817703
89	[(2,196),(19,1579),(79,975)]	13.858129
90	[(20,1334),(37,2000),(58,414),(63,94),(66,1996)]	15.567497
91	[(26,2363),(31,353),(75,1346),(87,2095)]	14.183713
92	[(1,1734),(62,2452),(63,2247)]	13.748882
93	[(5,669),(6,2377),(12,633),(14,682),(43,2311),(54,1488),(86,570)]	13.947514
94	[]	13.940269
95	[(9,1609),(15,656),(21,422),(25,734),(35,1167),(71,2331),(86,866)]	13.837857
96	[(68,965),(71,2329),(84,1439)]	13.671800
97	[(50,780)]	14.194264
98	[(11,1708),(13,1509),(25,1510),(65,2190),(81,361),(86,2404),(92,798)]	13.926591
99	[(26,191),(56,1252)]	17.164023
100	[(27,1940),(30,1980),(34,830),(38,1100),(41,2580),(61,2141),(78,1019),(89,649)]	18.325106
101	[(43,1198),(80,707),(92,159)]	14.697289
102	[(15,963),(65,2126)]	15.670976
103	[(16,2336),(34,2448),(73,262),(82,768)]	14.099932
104	[(9,1),(60,1582)]	15.002862
105	[(15,577),(20,1036),(71,2490)]	14.107076
106	[(51,2027),(55,218),(68,325),(75,1276),(89,1212)]	14.217586
107	[(8,2086),(19,1903),(37,1519),(51,2085),(52,1831),(53,322),(83,2092)]	16.388547
108	[(11,1613),(14,2367),(32,9),(38,1913),(46,372),(58,2070),(64,160)]	14.648950
109	[(0,376)]	14.517788
110	[(69,28)]	13.921216
111	[(29,2085),(30,920),(47,2463)]	13.660233
112	[(45,1887),(58,676),(63,510),(66,2173),(87,1793)]	14.110017
113	[(3,2577),(13,1180),(15,2517),(27,166),(30,699),(41,1076),(65,1937)]	13.837703
114	[(30,1115),(39,132),(71,1816),(78,898),(82,2382)]	15.098599
115	[(42,1778),(50,566),(54,2036),(72,1225)]	14.596785
116	[(8,754),(37,1627),(54,1703),(84,939),(91,2311)]	16.564618
117	[(8,1680),(10,1276),(14,2085),(31,2676),(34,614),(53,1885),(57,487),(76,2707),(81,1494)]	14.156585
118	[(11,2491),(28,10),(32,1866),(37,625),(54,1645),(79,1642)]	13.959803
119	[(2,1645),(8,1320),(57,615),(59,1728)]	13.860558
120	[(16,73),(21,433),(51,897),(59,828)]	13.865578
121	[(67,2231)]	13.990049
122	[(3,1128),(36,1199),(41,846),(55,1901),(66,703),(91,2724)]	13.979422
123	[(11,2017),(43,709),(64,2585)]	13.898803
124	[(2,2623),(37,642),(46,1527),(68,2432)]	13.915209
125	[(14,1390),(49,70),(64,1374),(73,551),(82,2356)]	13.656630
126	[(7,465),(13,865),(77,378)]	13.943576
127	[(4,2711),(8,105),(18,2565),(44,1914),(49,232),(69,2091),(73,236),(81,1114)]	14.296377
128	[(47,796),(59,946),(73,690)]	13.905553
129	[(21,2605),(40,93),(56,2106),(76,2311),(91,2056)]	13.719431
130	[(4,2054),(8,81),(26,2176),(34,1634),(55,1808),(64,1071),(69,1736),(70,2547),(74,1419),(78,2055)]	13.950536
131	[(16,2501),(67,49),(68,555),(80,2138)]	13.761321
132	[(52,1983),(74,872),(91,1989)]	14.170906
133	[(9,1316),(21,1593),(67,729)]	16.996232
134	[(0,1374),(57,2265)]	13.933662
135	[(20,1835),(34,2169),(77,1817)]	13.842043
136	[(28,813),(43,562),(65,2307),(85,1168)]	13.808146
137	[(30,674),(91,917)]	13.721693
138	[(29,187),(30,2041),(38,1114),(75,649)]	13.677419
139	[(24,2640),(32,349)]	14.032812
140	[(21,2467),(27,1575),(28,904),(72,2478),(91,531)]	13.698548
141	[(39,860),(70,1772)]	13.769128
142	[(20,2500),(47,614)]	14.003176
143	[(13,1393),(22,254),(24,104),(34,750),(54,138),(61,1005)]	13.938499
144	[(5,961),(18,1223),(55,1517),(57,1902),(75,729),(85,2188)]	13.845217
145	[(14,2691),(50,1483)]	17.171164
146	[(29,1825),(37,1160),(68,2184),(74,105)]	27.862458
147	[(1,1281),(5,576)]	17.820555
148	[(12,1657),(32,1131),(52,992),(65,675)]	14.180834
149	[(48,868),(75,251),(80,2079)]	14.197097
150	[(26,1126),(66,1910),(81,1443),(91,1037)]	13.766708
151	[(6,2348),(40,784),(58,2319),(67,2383)]	13.809224
152	[(2,973),(10,935),(18,693),(21,1787),(44,801)]	13.785354
153	[(14,1798),(26,1115),(46,1900),(52,496),(58,2645),(62,862),(74,367),(77,1138)]	14.043220
154	[(2,2544),(15,2078)]	14.104815
155	[(0,2647),(18,2350),(38,2042),(50,864),(55,1928)]	13.915859
156	[]	14.448058
157	[(33,2432),(64,2145),(66,1741),(80,1930)]	13.897468
158	[(5,1127),(25,2368),(28,2676),(33,1555),(87,767)]	14.099811
159	[(6,1824),(71,854),(78,1838),(79,1724)]	16.234291
160	[(1,973),(7,1990),(26,455),(28,1204),(39,1142)]	14.211004
161	[(7,1169),(25,1241),(56,2371)]	14.071746
162	[(34,1764),(38,2558),(62,1606),(79,286)]	13.908159
163	[(13,1861),(30,1322),(38,2292),(65,1573),(91,540)]	14.644213
164	[(12,2690),(64,1352)]	14.025890
165	[(29,483),(42,202),(63,366),(64,1434)]	14.067138
166	[(2,2317),(14,477),(49,319),(89,2258),(92,1172)]	14.391640
167	[(5,838),(47,2287),(48,633)]	16.063494
168	[(6,747),(20,1535),(43,1601),(49,1011),(63,334)]	18.889227
169	[(8,1120),(38,1964),(46,2615),(59,1837),(63,1815),(92,207)]	14.517341
170	[(5,1230),(6,1274),(32,254),(46,897),(51,382)]	13.866605
171	[(27,2606),(35,1953),(38,1561),(39,2243),(50,1929),(70,1814)]	14.561778
172	[(47,401),(72,2254),(83,2513)]	14.697020
173	[(30,2655),(42,2475)]	14.128189
174	[]	14.068623
175	[(61,1351)]	16.733997
176	[(38,2040),(40,2696),(43,7),(70,1173),(78,1659)]	14.869742
177	[(6,1634),(25,921),(38,551),(43,178),(50,566),(54,1804),(68,681),(82,2320)]	13.782713
178	[(51,2263),(80,2509)]	14.005344
179	[(4,2544),(7,1039),(37,2722),(49,258)]	13.798924
180	[(14,138),(23,785),(29,872),(33,476),(57,296),(83,1081),(91,178)]	13.799463
181	[(3,828),(11,2727),(36,928),(43,1048),(45,1344),(64,1232),(75,1875)]	13.878662
182	[(32,244),(78,1828)]	14.088563
183	[(75,1832),(88,1228)]	13.841606
184	[(26,1179),(82,104)]	13.782089
185	[(16,727),(26,1943),(33,926),(49,1700),(61,2428)]	13.963947
186	[(4,2691),(59,449),(63,519),(71,852)]	13.820763
187	[(1,1649),(17,596),(49,809),(62,2145),(83,1082)]	13.686432
188	[(2,1586),(41,914),(46,2263),(70,657)]	13.867423
189	[(54,528)]	13.834306
190	[(6,513),(33,2065)]	14.228427
191	[(88,1616)]	13.830507
192	[(5,2034),(16,270)]	13.793773
193	[(19,1798),(32,852),(79,2555)]	14.255851
194	[(27,2145),(74,807)]	13.624993
195	[(13,1664),(20,461),(71,99)]	13.850845
196	[(20,513),(31,880),(33,2569),(61,2305),(80,1933)]	13.729508
197	[(5,682),(35,314),(46,2208)]	13.838482
198	[(23,2708),(25,601),(27,1862),(56,2505),(66,1878)]	13.775712
199	[(74,2099)]	13.615570
200	[(14,1414),(30,1921),(75,820),(84,1589)]	14.573496
201	[(16,1083),(29,1295)]	13.912320
202	[(7,1616),(13,1845),(52,1080),(53,1117),(55,206),(62,1751),(90,2077)]	13.857809
203	[(36,1219),(89,1377)]	13.703322
204	[(4,378),(17,1185),(27,2401),(30,1575),(31,904),(39,987),(46,1586),(49,497),(52,2725),(58,2387),(79,1285)]	13.788388
205	[(20,1642),(37,1040),(53,1181),(60,1048),(67,167)]	13.818239
206	[(13,2584),(74,185),(77,1441)]	13.840257
207	[(6,747),(74,161)]	13.943795
208	[(0,2099),(8,1622),(65,1590),(92,822)]	13.957326
209	[(12,2199)]	13.805202
210	[(25,1605),(29,2555),(37,1608),(71,413),(80,2314),(90,831)]	13.652711
211	[(29,2621),(49,1236)]	13.955192
212	[(9,2303)]	13.925708
213	[(41,2325),(42,1916),(61,359),(69,11)]	14.118806
214	[(1,1377),(54,2453),(65,2198),(72,129),(78,1870)]	13.983291
215	[(25,2054),(27,1877),(43,1477),(49,1229),(62,666)]	16.604439
216	[(86,770)]	14.568543
217	[(35,2717),(52,237),(64,1551)]	20.810035
218	[(21,139),(50,2127),(70,1386),(82,1018)]	28.036266
219	[]	14.764342
220	[(7,338),(11,125),(72,2212)]	14.021908
221	[(5,474),(12,287),(31,2049),(63,2291)]	13.917588
222	[(15,591),(25,1834)]	14.704862
223	[(1,268),(3,165),(23,1982),(30,1362),(43,963),(66,1271),(84,1579)]	14.325548
224	[(24,2385),(27,2554),(51,1437),(62,2581),(76,460)]	13.808419
225	[(41,2154),(47,2020),(54,2263),(62,338),(89,590)]	13.803047
226	[(16,236),(33,1765),(35,2400),(55,1875),(58,1545)]	14.257834
227	[(69,470),(92,2308)]	13.827806
228	[(23,2709),(83,172)]	15.745298
229	[(5,1761),(19,696),(24,1513),(88,2550)]	14.206665
230	[(34,925),(45,1781),(56,1019),(72,1211),(73,1523),(86,2355)]	14.478025
231	[(2,822),(17,1956),(42,2648),(54,2380),(58,1118)]	13.893846
232	[(4,75),(6,1366),(13,112),(17,1115),(34,1767),(49,182),(51,193)]	13.788803
233	[(4,447),(7,2289),(32,1801),(86,735)]	15.007002
234	[(19,156),(37,2293),(42,456),(53,1195),(80,2230)]	14.344467
235	[(17,1026),(86,1079),(90,543)]	14.095217
236	[(21,2574),(27,2017),(53,1813),(56,2544)]	17.152291
237	[(17,101),(43,2047),(81,1152)]	17.827106
238	[(5,2141),(56,2323),(81,2675),(89,1842)]	14.221081
239	[(19,1013),(45,2393),(84,1023),(90,1829)]	13.627781
240	[]	14.190357
241	[(5,675),(17,148),(31,666),(34,1736),(43,59),(67,396),(74,909),(92,976)]	13.992401
242	[(44,252)]	14.568270
243	[(3,230),(7,1859),(13,2316),(17,369),(41,2211),(70,191)]	14.383418
244	[(65,1265)]	15.511692
245	[(37,1678),(59,297)]	15.650830
246	[]	14.007588
247	[(23,1750),(30,966),(77,990),(89,1218)]	13.790805
248	[(1,1965),(33,2021),(79,2068),(82,1208)]	13.935586
249	[(84,1794)]	14.389223
250	[(3,1287),(9,482),(75,2288)]	14.197800
251	[(18,2280),(32,330),(43,1066),(86,786)]	13.945060
252	[(8,263),(10,1172),(21,2190)]	13.913666
253	[(14,160),(25,386),(61,1883),(83,1166),(85,444)]	13.817549
254	[(71,1109),(86,888)]	13.872426
255	[(2,2722),(28,145),(32,374)]	14.033594
256	[(16,2286),(37,1830),(66,1355)]	13.898639
257	[(0,2557),(11,2206),(73,751),(89,1224)]	14.011678
258	[(1,2304),(11,2632),(36,980),(37,2357),(39,1866),(57,1778)]	13.926875
259	[(31,2599),(36,977),(42,1680),(59,1273),(72,429),(75,1297),(88,1134),(91,2123)]	14.078006
260	[(47,2717),(61,1548)]	13.697954
261	[(13,1591),(15,1926),(16,2531),(40,21),(58,289)]	14.149879
262	[(5,1400),(26,423),(27,1043),(43,1128),(70,723)]	13.806968
263	[(35,770),(50,1591),(61,2681),(83,1055)]	14.246441
264	[(7,988),(50,367),(66,227)]	13.821238
265	[(1,2373),(5,926),(8,724),(9,999),(19,482),(54,423),(64,1840)]	13.819830
266	[(47,467),(62,568),(78,795),(90,2045)]	14.184233
267	[(17,1652),(18,1239),(85,1298),(87,2395)]	13.763022
268	[(8,2373),(41,748),(48,2230),(55,1857),(61,1190),(92,555)]	14.250786
269	[(32,554),(42,1679),(46,773)]	13.865332
270	[(45,2465),(61,2450)]	13.953264
271	[(66,2563),(69,1576),(74,861),(84,2691),(88,22)]	13.909876
272	[(26,1358),(40,570),(45,1628),(68,705)]	13.854299
273	[(33,1037),(47,1406)]	15.072992
274	[(43,1059),(74,1004),(77,2513),(81,1739),(83,1082),(89,1127)]	14.603243
275	[(3,582),(43,441),(64,466)]	14.352076
276	[(79,759)]	14.370819
277	[(5,1911),(47,1622),(62,2461),(66,773),(68,1836),(86,996)]	14.290781
278	[(2,2549),(10,535),(20,1008),(78,1101)]	13.702751
279	[(23,2382),(30,1781),(47,412),(53,2064),(76,166)]	14.040963
280	[(36,881),(55,468)]	13.862633
281	[(4,1486),(25,489),(32,1202),(34,2160),(38,970),(42,290)]	14.056128
282	[(35,494),(39,2304),(79,2352)]	14.082126
283	[(19,909),(33,146),(41,1062)]	13.896428
284	[(39,297),(85,2468)]	13.779257
285	[(32,1793),(37,2387),(57,1675),(66,1650),(73,2647),(84,774)]	15.172014
286	[(65,272)]	13.962318
287	[(9,631),(14,383),(63,1856),(70,1787),(80,213),(87,824)]	14.256707
288	[(27,1209),(45,994),(46,2375),(51,238),(58,2420),(64,879),(82,2165),(85,1234),(86,1487)]	13.854651
289	[(17,1445)]	26.131355
290	[(57,2313),(70,1470),(86,457)]	20.723744
291	[(29,1978),(33,2713),(74,318),(80,199),(91,2279)]	14.452845
292	[(9,1680),(12,2011),(35,63),(36,1515),(40,1786),(44,1907),(45,1769),(69,148)]	14.068611
293	[(10,1009)]	13.798342
294	[(8,1495),(25,2685),(61,1428)]	13.863016
295	[(51,524)]	14.498403
296	[(18,1557),(19,1069),(57,2582),(78,2494),(85,1832),(89,2270)]	14.061368
297	[(21,652),(24,581),(41,163),(46,621),(48,1217),(53,851),(61,1757),(65,1587),(72,1532),(75,608)]	16.014490
298	[(30,2726),(33,1488),(63,573),(67,832),(69,1392)]	13.830247
299	[(1,1329),(4,1096),(56,1484),(63,841),(78,1401),(80,1252)]	14.043582
300	[(9,2036),(11,1798),(19,150),(35,529),(37,1740),(54,680),(63,2627),(78,2150)]	15.157652
301	[(1,73),(28,877),(40,1312),(51,345),(58,353),(77,2704),(78,2111)]	14.454059
302	[]	14.528051
303	[(21,1450),(22,2180),(53,1053),(59,1454),(60,235),(70,1565),(81,2201),(91,1879)]	14.286113
304	[(25,1193),(81,1708)]	15.274685
305	[(44,571),(54,2526),(69,2281),(77,1870)]	18.800315
306	[(0,1519),(64,1900),(70,1994)]	16.529964
307	[(11,415),(54,380),(81,940),(83,2365)]	13.905833
308	[(31,1464),(44,1297),(56,2189)]	14.557633
309	[(1,1165),(28,1778)]	13.890129
310	[(4,2568),(7,821),(36,2272),(38,1519),(51,1020),(91,1153),(92,382)]	13.882951
311	[(22,840),(29,1186),(32,1692),(70,162),(92,1185)]	14.940783
312	[(13,444)]	14.318960
313	[(0,1092),(6,2001),(24,2202),(46,1584),(70,1763)]	16.359221
314	[(6,2133),(17,2195),(35,2239),(68,214),(89,403),(92,429)]	16.875239
315	[(49,2191),(59,830),(87,2702),(90,1627)]	14.580024
316	[(54,1378)]	17.307270
317	[(20,1637),(47,1574)]	14.235506
318	[(12,2031),(85,155)]	14.248723
319	[(45,545),(67,1668),(68,174)]	13.858669
320	[(45,2266)]	13.967481
321	[(12,1504),(35,2589),(43,1695),(83,608)]	14.039683
322	[(21,344),(28,619)]	14.915382
323	[(15,176),(68,903)]	14.111029
324	[(45,1626),(92,1367)]	17.423699
325	[(2,1741),(28,38),(78,1420),(84,1100),(87,1990)]	14.132169
326	[(1,2714),(33,2037),(52,370)]	14.073117
327	[(55,1776),(71,1999)]	16.941173
328	[(20,1755),(27,319),(82,927)]	13.970854
329	[(15,942),(44,2396),(57,2098),(62,1250)]	13.969222
330	[(30,1789),(35,1498),(43,92),(50,1643),(86,2295)]	13.783914
331	[(0,2348),(16,1598),(44,2418),(60,1135)]	13.795249
332	[(10,1638),(16,1378),(20,2396),(22,1677),(71,1267)]	13.588610
333	[(9,425),(22,1162),(33,1481),(34,2380),(46,2571)]	13.821305
334	[(6,458),(58,1999),(68,798),(87,247)]	15.239016
335	[(52,2401),(58,689)]	14.614852
336	[]	13.726312
337	[(10,2206),(21,1829),(40,262),(53,1370),(63,1759),(83,2224)]	14.343525
338	[(37,714),(38,943),(48,2584)]	14.307421
339	[(9,706),(58,1739),(85,1304)]	14.288332
340	[(14,2256),(61,1496),(69,172),(81,1163),(85,2294)]	13.818261
341	[(25,706),(76,1226),(80,2467),(92,272)]	15.832727
342	[(6,973),(17,2669),(51,1804),(54,1176)]	15.125050
343	[(31,1018)]	15.040991
344	[(10,2330),(15,1810),(48,1250),(62,859),(69,265),(79,2232)]	14.249510
345	[(23,1941),(38,2414),(50,1804),(64,1278)]	13.997804
346	[(50,201),(56,347)]	14.101004
347	[(20,2418),(39,1253),(45,1284)]	13.978021
348	[(7,2500),(37,2652),(38,384),(71,739),(75,34),(77,4)]	13.936101
349	[(40,2412),(64,2170),(71,2436),(85,1505)]	14.068943
350	[(4,838),(30,1195),(45,2319),(48,642),(57,1259),(65,940),(72,99)]	14.517347
351	[(13,1320),(43,1130),(44,66),(45,1767),(46,515),(67,162),(71,147),(91,1726)]	15.015594
352	[(30,1224),(36,2530),(58,301),(71,893),(83,2156)]	14.120830
353	[(6,2457),(27,969),(52,766),(78,1226),(85,2435),(91,1483)]	14.818312
354	[(2,590),(25,75),(38,1972),(47,2276),(54,896),(64,2284),(86,704)]	15.645162
355	[(61,2303),(79,1310),(87,1717)]	15.191008
356	[(78,2369),(88,2146)]	14.268937
357	[(48,1728),(67,1983)]	14.137749
358	[(23,7),(31,592),(37,2339),(41,880),(83,669),(85,574)]	18.730329
359	[(27,425)]	29.047639
360	[]	14.916847
361	[(17,807),(59,1192),(86,265)]	14.112314
362	[(18,2348),(26,1423),(44,2241),(49,1612),(58,1341)]	14.206210
363	[(29,762),(62,576),(75,2478)]	14.873559
364	[(15,1064),(16,21),(77,1488),(92,1963)]	17.401645
365	[(8,2049),(27,1051),(53,1600),(60,2170),(88,1621)]	14.332035
366	[(2,763),(7,734),(38,1242),(51,2593),(84,1038),(87,2401)]	14.944214
367	[(23,353),(54,1983)]	15.498117
368	[(62,2162),(87,196),(92,799)]	14.338207
369	[(54,1474)]	14.212552
370	[(7,2605),(77,1684)]	14.610113
371	[(15,454),(47,1427),(53,2558),(68,2525),(88,2017)]	16.450981
372	[(56,2392)]	19.687954
373	[(27,581),(34,100),(43,303),(49,786),(55,1989)]	16.697885
374	[(2,1083),(13,2350),(14,2713),(41,1262)]	13.809161
375	[(33,2624),(81,2256)]	14.393985
376	[(22,2173),(37,442),(48,433)]	14.407244
377	[(2,1775),(23,2210),(34,36),(44,2546),(69,2210),(90,433)]	14.555706
378	[(92,2033)]	14.099514
379	[(16,2119),(23,22),(27,322),(29,1649),(76,175),(86,1775),(87,1383)]	13.860371
380	[(2,1645),(26,2394),(45,1922),(66,2182),(69,510),(71,286)]	17.144427
381	[(57,139),(89,1777)]	14.560113
382	[(9,2611),(32,1218),(61,738)]	14.299194
383	[(8,1761)]	19.356710
384	[(24,2000),(87,1181)]	14.733668
385	[(17,2224),(40,208),(47,2134),(53,2101)]	13.980983
386	[(56,2628),(73,688),(81,2723)]	14.090025
387	[(20,530),(56,2467),(58,2526)]	14.781360
388	[(14,2453),(27,1084),(88,922)]	14.276179
389	[(33,1626),(40,166),(61,291),(63,349),(71,483),(73,1724),(78,854),(81,2722)]	16.400729
390	[(2,1574),(55,1222),(81,178)]	14.573687
391	[(26,829),(34,217),(39,1991),(62,1379)]	14.906340
392	[(90,424)]	14.271691
393	[(3,1026),(52,2004)]	15.203648
394	[(4,953),(12,1456),(40,869),(66,1180),(72,415)]	13.761627
395	[(17,475),(40,1216),(67,2608)]	14.677635
396	[(7,137),(9,1130),(35,2689),(46,532),(47,401)]	13.788868
397	[(36,2120),(40,434),(88,247),(92,2386)]	13.899929
398	[]	13.965981
399	[(30,2648),(51,1020),(72,1432),(88,2376)]	14.259204
400	[(44,142),(51,788),(55,1575),(62,2397)]	14.756537
401	[(17,853),(27,2039),(54,2474)]	13.954963
402	[(47,1322),(53,2210)]	14.240862
403	[(5,773),(7,1836),(36,68),(87,1327)]	13.893156
404	[(7,1752),(10,979),(14,848),(41,721),(66,281),(86,2396),(88,1677)]	13.822299
405	[(24,613),(45,790),(57,1633),(58,1866)]	13.937837
406	[(8,589),(31,1305),(39,440),(54,2568),(65,1197)]	13.758348
407	[(3,1029),(37,845),(47,854),(55,1527)]	13.801676
408	[(12,2049),(16,1760),(17,1215),(49,1661),(60,22),(85,2012),(88,2544)]	13.868874
409	[(0,1994),(28,1075),(56,313),(66,1682),(83,1211),(91,1688)]	13.760129
410	[(3,747),(28,376),(38,726),(45,1435),(59,2209),(68,1684),(81,741),(91,72)]	13.955494
411	[(5,1705),(22,93),(35,568)]	14.397235
412	[(0,2242),(21,1801),(31,2274),(38,2010),(55,2056),(66,1498)]	13.845140
413	[(41,1913),(48,916),(55,2667),(85,2676),(92,448)]	13.992332
414	[(19,2002)]	13.952131
415	[(9,453),(28,872),(42,1582),(82,1967)]	15.894910
416	[(73,495),(75,198)]	29.111128
417	[(37,935),(39,2138),(57,2215),(73,2181),(75,1309),(80,1005),(83,1678),(87,1927)]	23.816326
418	[(0,679),(67,541),(92,2025)]	13.865345
419	[(11,97),(67,1464)]	14.545949
420	[(11,2691),(14,506),(21,250),(51,2031),(87,813)]	14.802681
421	[(33,271),(64,1495),(70,1993),(88,43)]	14.489619
422	[(3,403),(55,1047)]	14.111336
423	[(24,2586),(49,904),(51,407),(75,2372),(84,986)]	13.979221
424	[(14,2663),(52,2142),(64,1763),(81,529),(85,1119)]	15.057127
425	[(8,1769),(27,2076),(68,1110),(83,2678)]	14.626491
426	[(6,2330),(20,263),(43,1960),(46,936),(55,1688),(62,1997),(69,778),(90,1238)]	22.672734
427	[(16,40),(62,1334),(63,581),(74,628),(84,692)]	30.922783
428	[(12,2520),(49,1382),(54,842)]	21.709299
429	[(1,699),(32,1991),(64,990),(88,1218)]	15.779645
430	[(19,207),(20,865),(23,503),(46,158),(48,422),(54,2029),(58,613),(61,2678),(82,1402)]	14.291754
431	[(34,287),(64,560),(90,260)]	14.058764
432	[(6,694),(16,1501),(19,1118),(29,426),(49,187),(55,790),(84,1347),(87,1891)]	17.998122
433	[(4,227),(36,2193),(42,813)]	14.416248
434	[(6,1152),(47,789),(58,301),(61,1353),(65,142),(81,2437)]	14.280244
435	[(44,795),(71,1531)]	16.270505
436	[(12,1286),(41,463),(50,656),(64,708),(72,1815),(88,2071)]	27.161355
437	[(17,1953),(33,1843),(44,2450),(52,434),(55,2349),(65,2525),(67,2497),(69,2415)]	30.134494
438	[(74,620)]	19.640327
439	[(8,725),(18,743),(31,441),(39,405),(91,2127)]	14.302521
440	[(9,390),(14,611),(22,2417),(41,1713),(65,1660),(91,2230)]	14.752914
441	[(18,2666),(23,2672),(33,569),(38,1837),(43,719),(60,1224),(79,905)]	14.629878
442	[(80,1643),(86,1886)]	14.063771
443	[(37,2713),(75,555),(87,18)]	17.075255
444	[(32,615)]	15.106547
445	[(13,1722),(19,2311),(62,2422),(86,1338),(89,628)]	14.285654
446	[(8,1369),(9,928),(23,918)]	14.603059
447	[(0,2717),(5,810),(39,1802),(60,310),(84,667)]	14.299167
448	[(10,2239),(53,551),(73,2697)]	14.531580
449	[(14,2329),(48,1656),(59,2120)]	23.458344
450	[(17,205),(63,694),(65,2676),(74,269)]	14.489411
451	[(2,878),(29,2037)]	14.349518
452	[(12,2658),(14,1065),(18,1353),(23,756),(32,2368),(35,2089)]	14.245316
453	[(22,2128),(34,2364),(62,1968),(65,1629),(84,1903),(91,2530)]	14.425690
454	[(35,2298),(47,426)]	13.919932
455	[(2,1993),(9,709),(51,414)]	14.725222
456	[(71,2372)]	13.934519
457	[(5,1244),(45,1516),(48,214),(57,524),(87,2055)]	14.502423
458	[(0,564),(26,336),(65,1117)]	17.278028
459	[(8,806),(18,806),(34,771)]	14.868121
460	[(72,692)]	18.244477
461	[(19,154),(20,2354)]	30.636224
462	[(64,1976),(84,701)]	30.642651
463	[(1,1194),(44,2217),(54,749),(73,1416),(76,1552),(88,1745)]	30.078595
464	[(16,2434),(53,2209),(71,206)]	22.942787
465	[(21,2073)]	15.291384
466	[(28,2021)]	13.972812
467	[(30,578),(43,861),(45,946),(84,2584)]	18.426298
468	[(17,665),(26,1763),(74,326),(78,1269)]	27.780439
469	[(35,1194),(90,1865),(92,1422)]	22.043159
470	[(0,2365),(39,1979),(67,1598),(81,151),(90,1289)]	14.637588
471	[(16,2665),(33,2520),(50,1898),(53,1511)]	15.145125
472	[(21,2626),(40,1353),(50,1774)]	14.393340
473	[(10,586),(21,845),(23,2078),(44,1125),(54,827),(81,80)]	14.707049
474	[(29,33),(37,609),(70,2582),(76,1668)]	16.677978
475	[(3,1074),(4,2256),(12,1200),(43,2374),(50,1668),(56,509),(57,1569),(80,2197)]	14.229362
476	[(23,414),(29,2314),(32,1752),(50,597),(62,70),(83,55)]	14.088541
477	[(17,1656),(25,2060),(69,1327),(72,2180),(74,1634),(78,1967),(85,821),(87,2411),(92,2203)]	13.935268
478	[(2,1440),(3,2637),(39,1956),(40,2363),(72,2202),(76,2111)]	14.875481
479	[(50,2392)]	15.297720
480	[(24,254)]	14.691654
481	[(21,872),(44,2383)]	14.040319
482	[(11,858),(38,224),(45,1764),(47,2290),(53,396),(71,1840)]	14.265568
483	[(6,2406),(38,1205),(53,716),(59,1682),(69,2541)]	13.984858
484	[(7,2657),(17,2093),(21,68),(37,563)]	13.968044
485	[(20,469)]	13.806109
486	[(17,1633)]	14.264122
487	[(11,2084),(12,1269),(49,1092)]	20.197296
488	[(35,1755),(38,392),(78,1951),(89,1522)]	28.034363
489	[(36,444),(51,1619),(76,962)]	15.290190
490	[(23,1250),(36,2445),(58,39),(59,544),(74,1516),(77,2692)]	13.898543
491	[(0,1585),(8,1727),(28,740),(65,2543)]	14.305442
492	[(15,649),(32,2452),(34,1654)]	14.330393
493	[(2,101),(16,221),(27,1151),(40,1904),(41,1333),(52,917),(63,876)]	14.453949
494	[(23,2718)]	18.778502
495	[(25,1875),(47,1277)]	19.015590
496	[(5,757),(51,1291),(70,159)]	14.506172
497	[(26,1259),(49,818),(52,2692),(67,1726),(73,2550),(92,516)]	14.711702
498	[(28,1737),(46,2633),(67,1048)]	14.471754
499	[(8,325),(10,501),(13,1239),(79,2332)]	13.916125
500	[(9,163),(26,1513),(40,1833),(42,1594),(50,478),(67,964),(82,958),(88,1848)]	15.160941
501	[(9,655),(11,1812),(46,430),(61,125),(77,1299),(91,1537)]	13.915110
502	[(1,714),(2,943),(13,400),(23,2275),(24,2649),(43,714),(61,1348)]	14.654774
503	[(38,33),(58,1950),(73,2270),(87,1918)]	17.674396
504	[(40,1387),(44,910),(56,2462),(84,32),(91,1417)]	14.243808
505	[(25,661),(39,2168),(74,1355)]	13.988440
506	[(24,2207),(29,1281),(44,219),(48,836)]	13.863084
507	[(16,852),(45,2584),(62,2700)]	13.915217
508	[]	14.226108
509	[(89,2222)]	13.633371
510	[(0,890),(17,595),(31,409)]	14.243858
511	[(11,323),(50,948),(62,1793),(84,1917),(89,1414)]	13.747588
512	[(37,413),(38,2298),(65,2003),(68,4),(70,1049),(73,1628)]	14.166117
513	[(9,1559),(55,550)]	14.389271
514	[(13,433),(35,1046),(60,1183)]	15.207394
515	[(13,2205),(48,1464),(71,17),(74,404),(92,1297)]	15.691840
516	[(32,180),(45,1634),(50,450),(88,2722)]	15.939986
517	[(4,1434),(39,1004),(42,2513),(58,895)]	16.834515
518	[(3,1264),(6,2547),(24,119),(28,1533),(63,873),(79,44)]	14.536993
519	[(0,1717),(12,915),(43,729)]	15.113701
520	[(5,1242)]	15.446968
521	[(8,65),(15,163),(44,1886),(62,9),(72,1081),(76,2259),(80,1315)]	13.986182
522	[(63,1181)]	14.656555
523	[(68,1130),(69,66),(85,971)]	14.225533
524	[(24,1615),(28,1166),(46,2334)]	13.966003
525	[(16,1452),(35,1599),(87,165)]	14.141312
526	[(19,890),(31,2692),(52,883),(68,1606)]	14.100043
527	[(46,645),(81,2390),(82,1829)]	14.315554
528	[(40,348)]	14.084284
529	[(14,2506),(15,2560),(37,223),(63,2356)]	13.914691
530	[(27,677),(31,1044),(36,121),(49,1855),(56,2449),(75,1001)]	21.871860
531	[(6,2681),(68,2596),(77,1368),(80,629)]	30.746702
532	[(0,1496),(39,904),(72,1723)]	27.396501
533	[(36,2222),(38,1452),(58,2670),(59,939),(70,154),(80,376)]	27.834255
534	[(30,1832),(34,2618),(40,557),(82,168)]	29.073369
535	[(1,2302),(9,1179),(20,733),(45,2068),(80,1695)]	30.522428
536	[(2,1798),(64,2610)]	29.848278
537	[(58,1621),(75,826),(87,2663)]	28.323014
538	[(54,2369),(58,434)]	27.385834
539	[(5,1765),(15,1595),(43,719),(62,2580),(79,422),(90,454)]	31.087869
540	[(36,1541)]	30.702264
541	[(14,216),(30,540),(38,2079),(73,812)]	30.037634
542	[(54,1732),(62,2400),(92,60)]	26.563525
543	[(59,1851),(89,476)]	31.302563
544	[(26,110),(32,97),(62,2252),(69,1357),(86,881)]	38.581248
545	[(7,646),(12,836),(28,1810),(34,726),(38,1360),(39,1717),(51,1728)]	29.028577
546	[(41,2396)]	30.012491
547	[(1,2657),(13,98),(55,1675),(70,1346),(76,1845)]	28.689379
548	[(2,1463),(5,1336),(38,1762)]	29.506130
549	[(44,307),(50,1403),(62,1993),(66,1650)]	28.241687
550	[(23,254),(42,1717),(52,1582),(92,542)]	28.316888
551	[(3,2073),(49,723),(68,466),(80,475),(85,1298),(88,1449)]	29.566723
552	[(2,343),(7,114),(11,1110),(17,2504),(38,375),(46,291),(54,478)]	27.645961
553	[(40,1870),(45,1875),(61,942),(77,1741),(80,1336),(89,1595)]	28.375323
554	[(25,2540),(28,2009),(43,2431)]	27.964962
555	[(37,1381),(64,447),(66,2682),(91,950)]	27.652674
556	[(12,2104),(19,1090),(26,2708),(29,501),(45,2252),(62,1084),(83,747)]	28.063458
557	[(1,1494),(34,2131),(35,776),(36,1727),(46,2165),(66,785),(91,1431)]	29.059056
558	[(60,1647),(63,1246),(88,1715)]	28.617061
559	[(4,1385),(18,2236),(22,430),(32,1662),(91,2617)]	29.180455
560	[(7,882),(10,287),(30,1846),(39,1885)]	28.467502
561	[(28,2398),(31,2535),(35,2123),(45,598),(82,578)]	27.689234
562	[(11,1675),(34,1176),(49,2174),(65,1434),(80,2454)]	29.390399
563	[(15,497),(60,2227),(74,119),(81,411)]	24.872604
564	[(6,823),(48,324),(51,887),(65,997),(78,9),(84,2576),(89,513)]	28.807038
565	[(4,857),(25,707),(78,644)]	28.896656
566	[]	28.937791
567	[(0,883),(5,811),(21,1151),(36,2582),(41,1363),(76,1195)]	30.359861
568	[(20,2172),(31,1827),(59,958),(82,2010)]	30.449105
569	[(0,1964),(16,911),(50,2072)]	28.575872
570	[(15,1178),(22,73),(27,2400),(39,558),(49,18),(65,1530),(88,812)]	27.603308
571	[(16,353),(40,1048),(63,1739),(73,1168)]	26.940615
572	[(11,100),(64,1886)]	26.864685
573	[(42,1631),(48,2232),(62,2025)]	26.775219
574	[(33,2462),(38,2456),(71,1786),(81,2519)]	27.565789
575	[(62,221)]	27.540540
576	[(15,1184),(17,505),(25,1405),(38,106),(77,1818)]	27.010679
577	[(35,594),(61,170),(82,618)]	27.075169
578	[(0,1963),(9,1041),(21,1370),(34,1297),(39,659),(76,1339),(81,693)]	27.984590
579	[(8,1103),(44,2290),(56,1860)]	27.715646
580	[(24,1884),(38,520),(41,524),(53,2529)]	30.322476
581	[(12,1803),(21,1277),(27,1077),(35,1999)]	27.438799
582	[(32,1756),(42,61),(45,2643),(59,145),(63,407)]	35.706115
583	[(5,2334),(56,1090)]	33.574062
584	[(21,2645),(28,460),(43,1976),(52,2593),(62,2538)]	31.101105
585	[(33,2046),(71,1937)]	32.839043
586	[(14,1459),(23,1637),(26,265),(41,1820)]	27.139592
587	[(7,2630),(43,622),(59,985),(64,2379),(67,321),(84,1388)]	27.298941
588	[(13,1553),(17,2545)]	26.893459
589	[(14,2202),(22,610),(28,437),(42,2476),(46,1527),(49,1601),(52,1437),(60,2404),(75,214),(77,319),(84,1347)]	28.613120
590	[(41,1553),(66,892),(71,2143),(79,1173)]	28.878153
591	[(27,1455),(46,570),(51,889),(65,595)]	28.808698
592	[(25,2200),(29,967),(55,707)]	29.963271
593	[(42,1654)]	28.447887
594	[(52,734),(54,286)]	26.613875
595	[(7,2240),(38,172),(49,347),(67,1947),(85,2660)]	27.106537
596	[(46,795),(60,824),(69,669),(70,2377)]	26.874259
597	[(3,1844),(14,2583),(23,1201),(82,568)]	26.968382
598	[(27,222),(43,233),(55,1603)]	27.506904
599	[(36,2450),(52,2117),(53,2218),(55,2211),(67,2229)]	27.545115
600	[(45,2536),(81,1360),(82,1717)]	28.075652
601	[(2,1499),(25,2597),(38,1800),(72,802)]	28.175582
602	[(32,2474),(62,2494),(75,2035)]	27.746213
603	[(14,1789),(23,508),(24,628),(34,1024),(73,1762)]	27.473983
604	[(19,2527),(66,2706)]	27.963371
605	[(1,1277),(89,1032)]	27.587024
606	[(9,902),(17,2725),(79,1949)]	27.351851
607	[(14,427),(24,2296),(86,552)]	32.208627
608	[(55,1072),(84,2097)]	27.373858
609	[(1,2125),(50,292),(51,755),(74,2334),(78,2726),(82,679),(91,2582)]	27.829252
610	[(6,48),(8,1975),(18,1493),(41,1585),(43,1522),(48,1605),(57,2508),(69,357)]	27.694166
611	[(39,1879),(47,448),(65,2477),(80,961)]	27.729561
612	[(2,79),(4,1484),(13,572),(41,1213),(74,1947),(82,2),(83,2482)]	27.815438
613	[(12,187),(39,925),(52,2453),(91,2420)]	28.495648
614	[(6,1643),(8,2564),(25,1882),(54,1122),(61,2110),(67,2248)]	31.095356
615	[(37,1272),(86,1375)]	28.166129
616	[(28,387),(39,1757)]	32.564705
617	[(7,826),(13,446),(29,436),(44,372),(52,2360),(54,2333)]	29.762194
618	[(50,2480),(79,146),(81,395),(83,27)]	34.646088
619	[(11,358),(34,1359),(38,712),(42,1283),(53,847),(57,2287),(62,71)]	35.202610
620	[(25,1997),(27,968),(43,392),(52,2512)]	28.318475
621	[(29,47),(40,1348)]	28.898159
622	[(6,2108),(35,2381),(54,2145)]	31.226013
623	[(18,1287),(32,2134),(79,130)]	27.788291
624	[(28,1736),(29,2547),(48,279),(57,82),(60,837),(74,646)]	26.963026
625	[(6,344),(7,2286),(14,1426),(27,2055),(35,8)]	27.077873
626	[(6,1309),(35,1696),(41,2456),(53,691),(57,309),(81,810)]	27.065543
627	[(35,2611),(40,2333),(49,811),(58,2240)]	26.877023
628	[(56,1757),(74,319)]	28.362649
629	[(5,2646),(14,1508),(17,1029),(22,1619),(25,1434),(44,2511)]	28.849762
630	[(19,2238)]	27.140655
631	[(8,1911),(16,775),(26,667),(79,2264)]	26.695278
632	[(1,1788),(4,904),(20,515),(24,1597),(86,1461)]	27.072464
633	[(35,2641),(52,1356)]	26.951772
634	[(26,765),(87,2488)]	26.972549
635	[(38,1875),(42,1918),(61,947),(79,1277)]	26.927101
636	[(25,330),(55,526),(61,777),(73,124)]	27.458740
637	[(48,1231),(57,2212),(59,1551),(65,34)]	26.669043
638	[(62,285),(73,337)]	27.424756
639	[(4,849),(10,81),(12,1811),(32,864),(36,2074),(58,1448)]	27.996751
640	[(3,908),(34,756),(48,2460),(74,508),(86,550)]	27.925024
641	[(0,1707),(9,852),(39,271),(48,2450),(57,2400),(60,2285),(64,1966)]	28.930963
642	[(44,1794),(84,2381)]	25.117935
643	[(13,307),(18,598),(29,2100),(32,2431),(38,434),(70,1834)]	30.148852
644	[(23,580),(51,1978),(56,460)]	28.013017
645	[(7,2271),(27,2398),(70,1890),(92,2700)]	29.146511
646	[(5,1097),(26,572),(45,901),(83,1979),(88,77)]	28.004230
647	[(5,340),(17,2726),(20,170),(64,1687),(86,257)]	28.104421
648	[(9,504),(18,2171),(61,997),(69,126),(79,793),(85,287)]	29.236195
649	[(34,1960),(35,1814),(45,2170),(74,1362)]	26.247360
650	[(19,1061),(84,2069)]	27.458412
651	[(45,894),(73,2317)]	28.908915
652	[(7,838),(32,1373),(84,2542)]	33.867599
653	[(3,310),(26,1058),(27,2653),(31,1160),(51,760),(52,2123),(54,2671),(74,16),(82,544)]	29.314928
654	[(3,1016),(38,1108),(40,115),(48,1993),(80,2021),(86,230)]	31.697982
655	[(42,1127),(58,413),(86,1652),(87,1239)]	28.733665
656	[(15,835),(19,947)]	35.937813
657	[(17,2139),(37,2316)]	39.496060
658	[(29,2472),(37,841),(45,356),(50,298),(60,1597),(76,582),(81,306)]	29.296479
659	[(1,1840),(51,1616)]	29.258323
660	[(0,46),(6,837)]	31.078470
661	[(1,760),(29,1668),(36,1003),(92,181)]	28.607375
662	[(16,1747),(77,438),(80,795),(87,878)]	27.996108
663	[(14,519),(30,210),(36,2239),(40,599),(42,615),(76,208),(79,2624),(85,1661)]	28.086735
664	[(57,43),(62,1532)]	27.643164
665	[(25,117)]	28.622391
666	[(16,2618),(27,946),(82,2397),(87,2323)]	29.503031
667	[(47,2345),(73,2385),(85,2428)]	28.037417
668	[(27,793),(33,2307),(88,1724)]	27.752577
669	[(11,867),(88,1659),(90,2192)]	28.716556
670	[(10,165),(17,204),(78,1836)]	28.278283
671	[(4,2282),(6,1944),(54,948),(86,1783),(89,2226)]	27.891556
672	[(12,1551),(28,2485),(51,2260),(81,1794)]	28.199142
673	[(13,699),(23,1174),(31,950),(53,1873),(63,141)]	28.006975
674	[(12,214),(37,686),(51,396),(57,2012),(73,1276)]	26.084025
675	[(23,1541),(85,610)]	14.256070
676	[(3,516),(14,157),(17,1315),(74,450),(85,2225)]	13.894461
677	[]	14.073385
678	[(5,2519),(8,1326)]	14.006192
679	[(22,1134),(26,1788),(46,1918),(55,1726)]	13.795473
680	[(74,2022),(85,156)]	14.009793
681	[(0,1935),(31,2632),(42,576),(64,1836),(86,2719)]	13.922625
682	[(5,147),(14,1794),(26,465),(43,1909),(66,1996)]	14.961331
683	[(6,570),(24,1692),(34,2064),(37,2323)]	14.101224
684	[(10,1597),(27,2299),(31,1020),(53,642),(60,2171)]	13.972070
685	[(86,1829)]	13.887892
686	[(9,650),(25,2710),(90,1344)]	13.765151
687	[(23,520),(36,677),(38,2021),(51,169),(77,1927),(89,72)]	14.339883
688	[]	14.006470
689	[(29,1260)]	14.021144
690	[(45,1049),(54,2338),(56,972),(64,2110),(77,155)]	15.600477
691	[(0,820),(6,1758),(12,624),(25,848),(71,281)]	14.752100
692	[(36,264),(58,544),(61,2320),(63,1554),(66,2332)]	13.881293
693	[(27,1727),(59,1171)]	14.236534
694	[(2,2371),(56,2371),(70,1159)]	14.061824
695	[(19,169),(50,2590),(59,1481),(67,425),(84,2073)]	14.857548
696	[(12,1640),(13,1515),(27,452),(53,745),(69,1097),(90,1940)]	18.645371
697	[(67,1618)]	16.927783
698	[(20,247),(35,2703),(38,568),(39,1077),(72,255),(83,1150)]	14.609179
699	[(2,2079),(5,1841),(26,1817),(32,2170),(70,216)]	14.867891
700	[(9,403),(19,1382),(47,2669),(76,336),(88,578)]	14.720185
701	[(11,2523),(21,1662),(32,1969),(51,1667),(52,1255),(57,643),(63,1036),(70,802)]	14.829005
702	[(5,2537),(8,710),(24,2428)]	14.232021
703	[(14,603),(21,877),(33,190),(48,1890),(66,775)]	14.190319
704	[(6,859),(13,1919),(28,1070),(34,1231),(81,2435)]	13.863576
705	[(2,330),(27,525),(29,2126),(66,2031)]	14.571512
706	[(6,1577),(13,888),(14,1720),(36,1083),(40,1425),(64,2043),(70,1811),(91,1517)]	13.818487
707	[(5,891),(12,417),(20,2693),(40,635),(62,2106),(89,860)]	13.913639
708	[(43,1998),(48,1205),(49,990),(57,2526),(62,1713),(64,747),(69,61),(75,190)]	14.687203
709	[(6,1256),(33,1971),(39,154),(48,2496),(65,2293)]	16.555611
710	[(30,1040),(58,2603),(70,2139),(77,688)]	22.569701
711	[(5,952),(7,2446),(10,690),(52,1457),(54,2125)]	25.497070
712	[(25,2013),(30,2148),(82,2378)]	14.454020
713	[(20,508),(82,1729)]	15.379579
714	[(6,547),(50,187)]	15.013707
715	[(11,188),(13,1368),(61,1740)]	16.654527
716	[(10,2466),(13,1733),(22,1426),(37,2537),(43,2169),(55,414),(61,836),(65,1462)]	14.017115
717	[(18,1714),(21,757),(29,2225),(76,219),(80,2368),(87,1514)]	14.447635
718	[(1,2145),(4,611)]	14.172203
719	[(8,235),(13,2296),(46,586),(50,1692),(74,2431),(88,2615)]	14.308670
720	[(14,212),(25,679),(36,1398),(41,908),(49,112),(61,268),(63,165)]	13.893778
721	[(8,1586),(25,1375),(38,1146),(59,1551),(65,1603),(83,894)]	13.761506
722	[(7,511),(16,336),(39,1424),(53,2048),(58,2176),(65,138),(82,2128),(85,446)]	14.101529
723	[(61,1682),(68,2201),(74,2134)]	13.846276
724	[(5,1034),(40,2195),(44,1863),(78,2046)]	13.690899
725	[(68,1608),(83,1601)]	13.797146
726	[(8,92),(40,180),(47,1154),(82,1949)]	13.688604
727	[(17,1318),(48,2426),(58,215),(81,2701),(83,1688)]	13.651259
728	[(4,2301),(5,2229),(31,1438),(57,1621)]	13.984974
729	[(23,1708),(48,2426),(51,848)]	13.851389
730	[(20,2371),(33,920),(89,531)]	14.074743
731	[(26,301)]	14.166627
732	[(22,2458),(50,2013),(58,95),(85,1675),(91,1464)]	14.157482
733	[(2,272),(21,1446),(24,1758),(73,2201),(74,1604)]	16.436556
734	[(66,2180),(77,932)]	13.956123
735	[(1,1283),(42,1286),(44,296)]	14.711341
736	[]	13.763746
737	[(0,1830),(88,1405)]	14.897560
738	[(7,159),(37,177),(48,778)]	14.636802
739	[(10,1791),(39,2583),(43,786)]	14.840939
740	[(10,954),(29,1807)]	14.051355
741	[(25,31),(42,1467),(55,2621),(58,2469)]	14.524583
742	[(16,1712),(38,2502),(46,2221),(58,546)]	16.582373
743	[(39,420),(43,2315),(53,274),(67,208),(88,1802)]	14.183500
744	[(39,2406),(62,112),(73,1476),(92,134)]	14.016988
745	[(17,887),(61,435),(73,601),(90,862)]	13.776287
746	[(67,334)]	14.132348
747	[(21,1867),(33,1091),(78,1929),(91,2263)]	13.976689
748	[(2,2474),(29,2200),(35,2564),(44,686),(46,1725),(60,2416)]	14.262050
749	[(30,1262)]	14.086578
750	[(14,1694),(42,792),(48,2410),(88,633)]	15.062779
751	[(82,1047)]	14.034807
752	[(16,1766),(69,1007)]	13.696830
753	[(39,39),(64,2615),(66,1624),(82,1398),(88,2071)]	13.771822
754	[(47,1526),(50,210),(59,2502),(70,126)]	13.883227
755	[(2,587),(7,2014),(15,2110),(18,2078),(76,2008),(77,136)]	14.028890
756	[(13,390),(14,1066),(22,1821),(48,1660)]	14.284707
757	[]	13.953631
758	[(10,377),(17,1970),(31,2489),(58,2248),(64,2181),(81,2554),(82,2384)]	15.644952
759	[(37,2057),(39,1910),(74,2492)]	14.132231
760	[(56,171),(76,27)]	13.796578
761	[(45,234),(48,1522),(55,1975),(60,1415),(76,1064),(77,21)]	14.835876
762	[(32,1867)]	14.355898
763	[(58,356),(64,2595)]	16.273348
764	[(11,1582),(12,2514),(21,1091),(40,683),(54,810),(57,1825),(69,1914)]	19.646191
765	[(12,350),(39,178),(72,16)]	15.248182
766	[(33,617),(51,2590),(61,1436),(62,2090),(85,2270)]	14.220588
767	[(1,134),(19,2402),(21,1122),(65,711),(82,202)]	14.131056
768	[(13,1782),(15,1784),(42,445),(67,2250),(75,2543),(80,1697)]	15.169868
769	[(42,2242),(49,2298),(50,1060),(61,1953),(64,1561),(69,538),(79,1313)]	14.124147
770	[(13,267),(60,72)]	14.140249
771	[(9,1595),(45,19),(67,566),(82,856)]	13.918582
772	[(16,1035),(33,2340)]	14.733624
773	[(0,799),(8,1961),(11,2332),(25,2587),(84,1793),(86,1345)]	13.953579
774	[(20,947),(39,825),(64,1987)]	14.088329
775	[(4,1025),(28,1812),(39,1775),(51,1674),(58,1512),(63,2445),(71,2106),(76,2110)]	13.814126
776	[(3,2238),(39,1142),(49,1502)]	14.112668
777	[(47,1911),(82,894)]	14.287366
778	[(13,2410),(52,2163),(59,1584),(64,1833),(66,1594)]	16.406288
779	[(2,791),(3,2549),(10,2334),(18,2271)]	14.312605
780	[(27,651),(72,269),(90,999)]	16.263407
781	[(0,530),(30,2330),(35,158),(37,422),(53,68),(67,1841)]	28.075819
782	[(28,1250),(34,681),(48,1754)]	16.719638
783	[(41,80),(48,1164)]	13.897428
784	[(4,1868),(7,2277),(22,1355),(24,1518),(39,1105),(41,1629),(63,2339)]	13.920385
785	[(11,2700),(34,2106)]	14.254586
786	[(41,658),(43,2323),(84,460),(86,2122)]	15.800355
787	[(2,2317),(15,1630),(52,346),(55,1526),(69,1171)]	13.973655
788	[(10,1181),(13,372),(22,2278),(27,1761),(33,1357),(66,852)]	13.905591
789	[(8,1771)]	13.908081
790	[(1,2265),(25,953),(81,1788)]	13.790502
791	[(29,1421),(69,1502)]	13.820770
792	[]	13.937940
793	[(11,37),(27,1749),(38,926),(85,2601),(90,2025)]	13.945574
794	[(13,867),(18,963),(24,279),(48,2645),(50,2434),(66,1275),(68,2429),(73,2102)]	13.707681
795	[(3,390),(37,1688),(53,562),(78,490)]	13.889249
796	[(5,2650)]	14.159630
797	[(19,1799),(78,59)]	13.771707
798	[(10,2282),(85,1688)]	14.322381
799	[(2,1089),(29,1),(33,242)]	14.575113
800	[(55,1986),(88,998),(92,2573)]	15.814431
801	[(14,2483),(15,1001),(22,859),(31,555),(45,1918),(79,1074),(80,2256)]	14.149929
802	[(29,1302),(45,2713),(55,2302),(67,1321)]	13.919619
803	[(3,2238),(89,296)]	14.195757
804	[(1,2184),(78,316),(84,1182),(88,1892)]	14.324423
805	[(0,1204),(13,1607),(23,1409)]	14.496145
806	[(6,1919),(20,589),(66,707),(83,1782)]	13.926632
807	[(59,8),(78,2537)]	14.442939
808	[(3,2723),(4,1475),(79,2605),(89,1005)]	13.726050
809	[(6,229),(18,1627)]	13.894969
810	[(83,1751)]	14.553560
811	[(15,1918)]	14.084596
812	[(47,1554),(65,2114),(67,2344)]	14.033613
813	[(17,255),(77,1953),(85,2394),(88,1071)]	13.789891
814	[(38,1181),(54,2152),(68,1903)]	14.900837
815	[(40,538),(92,1256)]	14.999022
816	[(3,1005),(5,1671),(24,2570),(91,2335)]	14.690561
817	[(20,1896),(40,126),(45,2633),(74,491),(77,2114)]	17.049442
818	[(5,2452),(6,2247),(45,247),(58,194),(92,422)]	14.615762
819	[(58,1833),(67,2191),(83,2593)]	14.011971
820	[(18,2705),(42,1614),(61,2077)]	13.673458
821	[(21,2042),(33,1530),(72,2397),(74,819)]	14.311798
822	[(2,1822),(34,505),(48,1741),(61,1961)]	14.019338
823	[(1,2375),(48,666)]	14.677510
824	[(2,1726),(28,2159),(36,1773),(44,1425),(52,927),(76,1997)]	14.142562
825	[(11,525),(42,2016),(78,2044)]	14.442926
826	[(10,2690),(63,2378),(65,1810),(79,1556),(86,2490)]	15.906297
827	[(28,1741),(32,709),(41,2298),(51,953),(73,219),(77,277),(86,160)]	14.365931
828	[(9,1048),(12,179),(17,1863),(22,175),(60,656)]	14.029858
829	[(29,373),(30,1391),(47,159)]	14.113225
830	[(21,2058),(73,2374),(75,775),(76,472)]	14.303712
831	[(11,2693),(66,2485),(68,283)]	16.433871
832	[(6,159),(17,1795),(23,1733),(45,909),(67,1961)]	20.199743
833	[(4,316),(20,1817),(30,1226),(38,1697)]	14.641686
834	[(2,2003),(11,1934),(19,2253),(42,862),(87,279)]	14.599981
835	[(58,1346)]	13.982665
836	[(39,326),(55,632),(71,1437)]	13.936588
837	[(27,2586),(29,2236)]	13.990025
838	[(22,1745),(50,2646),(70,2358)]	14.510071
839	[(26,16),(42,553)]	13.980029
840	[(85,600)]	14.122122
841	[(68,584)]	13.986868
842	[(81,2222)]	14.137245
843	[(62,37),(63,1245),(66,371),(76,1397),(85,1080),(86,1117)]	13.854571
844	[(16,749),(19,372),(20,1185),(73,902),(88,2030)]	14.761312
845	[(47,956),(64,1777),(71,2053),(82,1241)]	14.190478
846	[(14,1084),(49,848)]	17.267517
847	[(39,1466)]	14.018193
848	[(27,2593),(35,1002),(84,1646)]	13.972621
849	[(7,1459),(16,1009),(27,610),(31,1824),(83,1815)]	14.310487
850	[(11,159),(73,2243)]	14.358387
851	[(59,1357),(81,1576),(90,245)]	26.128288
852	[(29,1272),(47,1987)]	21.866518
853	[(18,1923),(46,1231),(58,2655),(91,1952)]	14.151284
854	[(2,463),(53,2035),(81,2670)]	14.557750
855	[(29,1459),(54,1666)]	13.980530
856	[(18,2334),(24,1239),(78,1806),(79,2523)]	13.787430
857	[(26,140)]	14.012028
858	[(5,313),(60,50),(64,2575),(70,822),(77,194),(88,1291)]	13.935643
859	[(55,558),(77,2249)]	14.544181
860	[(79,1005),(81,2226),(83,1649)]	17.779156
861	[(12,2170),(29,2498),(35,362),(80,513)]	13.997771
862	[(3,2190),(14,278),(33,1684),(35,2378),(40,2712),(55,136)]	13.946830
863	[(4,1468),(13,2083),(36,719),(39,1391),(56,886)]	14.089648
864	[(3,2287),(8,1908),(31,510),(33,2539),(39,2206),(53,1750),(60,1576),(83,2155)]	14.490663
865	[(52,1302)]	14.277820
866	[(14,313),(29,462),(60,432),(83,809),(85,2452),(87,1302)]	14.039437
867	[(28,2077),(39,1575),(40,904),(57,981),(71,1026),(79,1727)]	14.783047
868	[(35,343)]	14.581040
869	[(3,791),(4,2549),(69,1241),(89,36)]	15.164478
870	[(10,726),(25,2501),(48,1545)]	16.332291
871	[(5,1581),(47,2705),(50,1261),(74,2394)]	15.553267
872	[(5,1806),(8,522),(42,2071),(75,1697),(90,1530)]	15.799217
873	[(33,1764),(42,1110)]	15.156342
874	[(5,623),(43,353)]	14.145855
875	[(36,1660),(69,1080),(70,1117),(73,2196)]	13.957226
876	[(3,1811),(7,565),(10,1747),(89,1829)]	13.957123
877	[(15,2470),(22,2216),(40,114),(48,861),(63,1572),(67,1903),(81,2613)]	14.142527
878	[(3,1593),(4,1310),(27,2265),(42,54),(58,562),(77,2234),(90,0)]	14.260103
879	[(14,2221),(18,2208),(38,69),(40,2281),(62,477),(77,207)]	14.075255
880	[(8,2011),(69,638)]	15.283105
881	[(1,681),(43,1891),(48,364),(84,783)]	15.004556
882	[(24,469),(61,1419),(70,2438),(78,1782),(85,967)]	14.012093
883	[(47,2641),(59,545)]	14.875697
884	[(4,1965),(18,636),(32,1835),(33,1922),(49,2621),(76,1458)]	15.055183
885	[(4,50),(15,2670),(16,939),(25,2562),(51,1410),(71,1453),(85,1997)]	14.964136
886	[(74,275)]	14.506071
887	[(32,8)]	14.594375
888	[(0,1949),(20,1041),(52,1486)]	15.140013
889	[(4,665),(13,1708),(18,2071),(31,1579),(64,1541),(71,2042),(87,1568),(88,1665)]	14.116763
890	[(7,1355),(10,831),(40,137),(56,537),(67,2585),(70,2192),(71,98)]	15.032202
891	[(7,798),(13,738),(30,502)]	14.160718
892	[(13,1168),(64,1399),(77,1893),(87,1676)]	14.056368
893	[(76,710)]	17.471860
894	[(49,1763),(53,465),(64,1104)]	18.781077
895	[(15,1841),(37,998),(43,2022)]	14.838185
896	[(14,772),(56,1950),(58,1069),(72,118)]	14.582729
897	[(0,1996),(8,2089),(17,171),(40,902)]	14.970590
898	[(1,1748),(33,2025),(57,381)]	18.530105
899	[(63,1700),(66,1773)]	16.454696
900	[(15,2629),(27,1932),(38,2605),(54,2379)]	14.596968
901	[(9,893),(21,1559),(72,2489)]	14.576460
902	[(4,2123),(52,728),(68,282),(84,1528),(91,2007)]	14.852271
903	[(8,1432),(32,2668),(88,1326)]	14.070084
904	[(1,645),(13,1019),(21,2186),(83,1203)]	14.489914
905	[(8,1261),(18,628),(79,2281),(81,1265)]	13.980461
906	[(23,2368),(67,1149),(90,184)]	14.794147
907	[(24,614)]	14.083505
908	[(18,2466),(34,354),(47,1044)]	14.382632
909	[(15,1066),(23,2431),(27,1627),(50,1270),(74,1676)]	14.466516
910	[(3,825),(7,290),(33,1546),(40,1389),(44,2316)]	15.190436
911	[(0,1131),(11,1756),(61,2450),(70,932)]	15.213931
912	[(4,1810),(10,1047),(28,1671),(61,1957),(64,2594),(75,867)]	17.057711
913	[(51,343),(63,1006),(75,1520)]	14.587627
914	[(9,2195),(30,2149),(33,2365),(53,682),(90,454)]	15.314263
915	[(6,778),(11,1328),(12,2599),(26,2267),(34,1878),(44,2353),(63,317)]	14.870466
916	[(5,2419),(21,742),(57,197),(74,4)]	17.769324
917	[(1,1207),(25,2341),(86,518)]	14.140510
918	[(0,2707),(27,2159),(31,2121),(43,1083),(65,1581),(69,2315),(85,547)]	14.206066
919	[(40,2251),(74,557)]	17.975681
920	[(8,449)]	28.675975
921	[(44,1491),(61,1903),(73,2297),(88,1918)]	14.895505
922	[(8,575),(55,781),(72,442)]	13.956984
923	[(18,934),(43,1775),(44,1383),(55,35),(69,1625)]	13.964999
924	[(3,2418),(55,511)]	14.296736
925	[(0,858),(26,169),(51,1424),(66,972)]	14.049720
926	[(62,147),(63,2615)]	13.898906
927	[(78,369)]	14.161134
928	[(1,986),(5,2373),(45,2127),(53,699),(75,1803)]	13.730350
929	[(8,71),(27,335),(55,501)]	14.443320
930	[(30,249),(43,1460),(58,690),(63,566)]	14.130456
931	[(5,512),(59,2571)]	13.827028
932	[(33,2400),(62,1888),(83,2115),(90,1517)]	13.967787
933	[(32,2311),(47,377)]	14.484187
934	[(29,25),(43,1213),(50,795),(87,237)]	14.409006
935	[(21,2589)]	13.979765
936	[(43,786),(51,1839),(77,2320)]	14.112153
937	[(20,305),(27,2062),(64,463)]	13.863364
938	[(7,73),(28,1271),(67,330),(68,1389)]	13.817087
939	[(51,2374),(55,968),(66,1248),(81,2621)]	14.034813
940	[(72,2234)]	13.822256
941	[(8,2172),(29,450),(37,1298),(42,2088),(57,1686)]	14.198023
942	[(18,1882),(20,2163),(24,2410),(30,433),(43,500),(45,1444),(50,680),(56,34),(58,4),(64,2143)]	13.707550
943	[]	13.673963
944	[(40,1396),(43,2546),(91,1489)]	16.192873
945	[(0,1254),(31,207),(67,127),(68,2548),(87,2200),(90,956)]	14.093257
946	[(29,43),(32,2279),(63,1163),(71,1259)]	14.005887
947	[(21,1141),(44,40),(47,1693),(53,2517),(56,1684),(72,397),(81,550),(89,922)]	14.047085
948	[]	13.901874
949	[(17,569),(22,646),(37,1472),(39,715),(67,622),(69,2688),(89,1389)]	13.718925
950	[(11,2157),(84,1469),(88,1173),(92,925)]	13.712273
951	[(40,1741),(48,1445),(67,2276),(71,2600),(84,1465),(88,1475),(92,2660)]	13.807969
952	[(52,2472),(66,2605),(83,2177),(87,2218)]	15.231970
953	[(28,536),(43,883),(69,1765)]	14.164939
954	[(13,139),(31,1925),(87,56)]	14.014232
955	[(75,1212),(78,1164)]	24.703058
956	[(42,1320),(55,86),(76,2007),(86,1208),(87,803)]	14.898446
957	[(45,2253),(49,786),(61,2587),(81,1772)]	14.257568
958	[(3,2677),(89,1798)]	13.879175
959	[(62,276)]	14.283924
960	[(39,1687),(67,1478)]	15.683173
961	[(3,1179),(40,1787),(71,1574)]	16.242986
962	[(7,1416),(24,208),(77,404)]	16.250566
963	[(43,1707),(74,2664)]	16.245956
964	[(3,549),(7,735),(26,1627),(34,1944),(41,616),(47,399),(50,74),(55,2639)]	20.475768
965	[(8,2524),(25,1701),(38,705),(39,2129),(40,292),(44,1182),(50,1225),(63,650),(85,1516)]	32.027924
966	[(29,712),(35,710)]	15.913947
967	[(8,1536),(28,700),(76,1442),(90,2091)]	13.998208
968	[(10,2107),(25,2415),(51,2522),(65,18),(90,664),(91,1873)]	15.227636
969	[(15,1161),(17,838),(24,340),(37,55),(44,1653),(49,2495),(67,2722)]	14.097549
970	[(10,1600),(22,497),(30,608),(51,733)]	14.046274
971	[(66,316),(81,2428),(85,1574),(87,464)]	13.881198
972	[(13,1814),(38,2619),(72,1442)]	13.874661
973	[(9,1802),(16,2646),(42,211),(92,1375)]	14.434049
974	[(27,1575),(40,2582),(67,1288),(75,2172),(85,1094)]	13.731792
975	[(42,92),(55,804),(82,1828)]	14.124532
976	[(1,1331),(31,2279),(63,999),(84,33),(86,2086)]	28.551325
977	[(3,1332),(6,1675),(22,1981),(67,753),(84,1641),(85,1503),(92,988)]	31.580446
978	[(5,1590),(11,1265),(15,2525),(33,2188),(41,1606),(60,2140),(61,2244)]	15.164900
979	[(6,421),(8,881),(52,2461),(61,212),(79,763),(83,1968)]	14.611787
980	[(0,489),(26,351),(48,1807),(73,2185)]	14.477631
981	[(3,970),(48,1614),(60,2635)]	13.710800
982	[(55,1037),(70,1386),(75,117),(83,2642)]	14.257841
983	[(20,2712),(51,2492),(63,2071),(71,1749),(78,1399),(81,1127)]	13.750671
984	[(44,1017),(56,1847)]	14.173985
985	[(36,908),(43,873),(50,100),(60,2613),(79,1914)]	13.933042
986	[]	25.187596
987	[(20,600),(33,1286)]	22.673537
988	[(7,1703),(21,295),(48,45),(56,787),(58,1441),(85,579)]	21.420700
989	[(9,2542),(13,560),(16,2099),(30,121)]	15.588890
990	[(1,1441),(9,783),(35,712),(57,1788),(62,1783),(67,1900)]	14.790434
991	[(22,1706),(51,2078),(72,1790),(81,1631)]	14.291546
992	[(71,308),(79,2325),(84,1280)]	13.840511
993	[(36,1739),(42,1114),(50,1467),(53,483),(91,375)]	14.263046
994	[(11,104),(20,2296),(39,2500),(79,1726)]	13.819112
995	[(10,385),(19,2602),(46,926)]	13.714957
996	[(18,1289),(25,2208),(31,150),(37,26),(41,634),(55,2153),(87,618)]	14.034819
997	[(10,2509),(52,695),(58,71),(70,447),(74,789)]	13.880657
998	[(41,139),(43,253),(48,2158),(92,1799)]	20.616492
999	[(14,2285),(17,1165),(68,1769),(89,2394)]	29.596673
