ruleset_index	matches	time_ms
0	[(23,3203),(28,2632),(32,2892),(40,2918),(53,3224),(69,699),(72,1895),(87,2478)]	16.255436
1	[(13,1853),(45,343),(53,346),(58,1311),(68,2429)]	16.857739
2	[(3,1747),(24,2006),(34,2557),(43,3682),(89,3463)]	16.809894
3	[(26,283),(33,2055),(58,2712)]	16.136128
4	[(22,2210),(24,3188),(47,2676),(92,712)]	16.118201
5	[(15,1279),(61,3247),(62,734),(69,3318)]	16.086394
6	[(12,3074),(69,2274),(71,870),(85,1245),(91,1730)]	15.901203
7	[(26,1690),(35,2156),(37,2946),(52,831)]	16.503889
8	[(0,1254),(36,1604),(42,3532),(89,1781)]	18.098208
9	[(16,844),(28,293),(39,1655),(66,2158),(79,2855),(86,2482),(87,370)]	16.795576
10	[(13,1406),(33,3605),(35,1811),(36,398),(42,499),(53,768),(87,522)]	15.966785
11	[(15,1045),(26,1060),(29,1345),(34,648),(68,3245),(69,1716),(79,1311)]	16.458951
12	[(7,742),(10,2895),(13,3672),(18,316),(36,2835),(49,1425),(72,2511),(74,2788),(87,2364)]	16.220973
13	[(20,2397),(27,1940),(37,3259),(72,2364),(83,3410)]	16.292485
14	[(2,3288),(45,1753),(52,1755),(61,2361),(87,488)]	15.938700
15	[(39,2830),(68,2360)]	15.850887
16	[(8,698),(14,1614),(28,3466),(45,1246)]	15.893674
17	[(20,2159),(27,3215),(40,1286),(68,3635),(75,2631)]	16.416847
18	[(4,2804),(5,1818),(12,1568),(23,2459),(25,1970),(28,3241),(49,2325),(67,240),(91,2319)]	15.967745
19	[(0,1618),(47,970),(52,2079),(65,790),(82,87)]	15.893279
20	[(36,1287),(51,2251),(64,223),(74,723)]	15.908500
21	[(28,481),(32,2213),(33,234),(35,814),(55,554),(84,1106)]	15.911804
22	[(54,2593),(61,3674),(62,2752),(88,3137)]	15.778874
23	[(13,2162),(37,653),(44,1534),(50,259),(55,1154),(64,2688),(66,1859),(77,3651),(79,3078)]	16.028820
24	[(71,1600)]	15.949832
25	[(47,137),(64,2601),(68,2006),(73,1306),(79,3605),(80,1211)]	15.903250
26	[(6,3267),(12,3335),(18,1409),(24,1646),(27,658),(31,2539),(57,1865),(64,2414),(76,3274),(79,2934),(86,154)]	16.335712
27	[(9,3291),(23,268),(25,641),(57,3585),(59,3180),(63,2952),(67,1952)]	16.093978
28	[(4,20),(17,1697),(26,1806),(55,862),(77,1839)]	15.818334
29	[(4,3283),(10,651),(16,2070),(27,2475),(38,1736),(42,154),(89,916)]	15.950745
30	[(84,2726)]	16.137794
31	[(2,3585)]	16.229916
32	[(20,1419),(31,2031),(47,2025),(73,479),(75,1463),(83,2545),(87,2175)]	16.378346
33	[(25,1647)]	18.524433
34	[(14,489)]	15.873536
35	[(11,3401),(25,430),(71,148),(83,1812),(92,2241)]	19.041100
36	[(8,3220),(18,2392),(29,548),(35,3649),(52,2673),(57,1792),(84,1517)]	16.794534
37	[(42,3661),(63,865),(74,3671),(82,1532)]	16.520969
38	[(5,3756),(20,3471),(26,1921),(29,2770),(39,2774),(60,168),(74,2178),(89,2145)]	16.257893
39	[(17,2549),(20,1023),(50,912),(57,2925),(65,2743),(68,2018),(74,89),(77,2479),(89,2606)]	16.880270
40	[(36,1806),(76,3299)]	17.121408
41	[(1,3163),(29,3551),(53,207),(57,920),(76,3253),(91,3424)]	16.673325
42	[(3,3209),(46,3314),(56,1049),(59,1287),(60,2933),(66,160)]	20.342169
43	[(10,1951),(12,3171),(35,2371),(58,873),(77,2519),(82,3287),(84,503),(87,561)]	21.788687
44	[(4,3176),(10,3616),(19,625),(34,1956),(64,1878),(75,98),(89,2941)]	18.718627
45	[(7,2772),(11,2542),(32,1843),(42,1553)]	16.253155
46	[(0,2620),(22,619),(67,1668),(68,409),(76,1405),(81,2200)]	17.964335
47	[(29,98),(35,2484),(91,2588)]	16.373439
48	[(5,3449),(20,1343),(23,3268),(28,2463),(40,3472),(52,2941),(57,500),(66,3282),(82,1726),(87,1895)]	16.267412
49	[(47,450),(58,1709),(74,63)]	16.366418
50	[(90,3072)]	15.885574
51	[(35,294),(54,193),(66,2530),(89,1856)]	16.294942
52	[(10,3663),(54,1167),(72,3002),(85,3566)]	15.913506
53	[(6,1195),(10,150),(52,3758),(53,2668),(85,2272),(88,2355)]	16.108658
54	[(14,1278),(18,1168),(22,3141),(40,3529),(54,3695),(55,1106),(57,2764),(60,2885)]	31.074178
55	[(17,2741),(22,1702),(32,485),(54,938),(56,2651),(77,2445),(89,114)]	22.242557
56	[(5,2282),(52,142),(58,1540),(69,3063),(91,1434)]	16.028908
57	[(34,1248),(41,3667),(71,2718)]	16.261387
58	[(12,3646),(27,3330),(37,2585),(51,3062)]	15.776222
59	[(10,1985),(11,1592),(39,2835),(56,2129),(57,153),(86,2401)]	16.093982
60	[(6,430),(15,354),(32,261),(43,1932),(51,2104),(69,3242),(80,1441)]	16.344135
61	[(19,959),(30,2799),(43,1921),(62,2126)]	17.538227
62	[(7,1874),(19,2342),(58,641),(59,3157)]	15.828113
63	[(70,2556)]	16.017614
64	[(17,280),(28,2722),(39,698),(48,1835),(54,3125),(62,1282),(63,2638),(70,1015),(80,2191),(81,1760),(83,1006),(87,805)]	16.485623
65	[(0,3397),(2,101),(17,1568),(33,1893)]	16.460832
66	[(28,2778),(47,2212),(48,1753),(51,3079),(87,1612),(91,1605)]	16.073993
67	[(0,3426),(5,2259),(19,1752),(35,716),(40,717),(81,1796),(82,2714),(85,1290)]	17.022339
68	[(29,742),(56,31),(66,114),(81,376),(89,3049)]	16.082066
69	[(7,1194),(11,2568),(33,1553),(46,2382),(84,1550)]	16.543894
70	[(13,3362),(20,2636),(29,2891),(35,3149),(57,2958),(78,695)]	16.449062
71	[(53,3675),(56,1737),(76,3605),(77,1211),(80,2614),(90,150),(92,2585)]	16.405465
72	[(18,166),(24,230),(27,925),(37,2792),(41,6),(57,2823),(59,3522)]	16.352333
73	[(17,2264),(62,1568),(74,2979)]	17.007583
74	[(31,3528),(36,1244),(38,1773),(72,191),(79,2289)]	16.303220
75	[(1,2221),(36,1189),(45,2582),(46,2793),(49,3410),(78,2895)]	18.657558
76	[(6,1391),(9,2897),(10,3103),(24,2429),(59,1595),(62,2985),(76,2352)]	16.320048
77	[(10,19),(13,3321),(17,3665),(26,2),(28,2977),(49,311)]	16.284611
78	[(25,2280),(42,2383),(53,598),(90,2467),(92,3303)]	16.290825
79	[(6,150),(29,2228),(42,611),(46,1284),(82,184)]	15.998150
80	[(73,1381)]	16.020665
81	[(5,1713),(8,465),(14,1297),(28,2932),(30,3150),(82,955)]	16.082206
82	[(0,2571),(8,1625),(12,1599),(52,1766),(76,2525)]	16.473012
83	[(46,603),(58,66),(61,1039)]	16.206180
84	[(23,733),(33,3543),(53,2142),(55,585),(61,1692),(75,3464),(83,1499)]	16.127893
85	[(14,2894),(25,1947),(37,2822),(40,1889),(48,1744),(49,1176),(62,1790)]	16.054011
86	[(1,3289),(35,1854),(45,797),(65,1286),(71,3042),(91,1554)]	31.452364
87	[(17,137),(26,3533),(36,3551),(38,282),(45,2705),(46,1916),(56,1354),(60,2803),(74,2554)]	33.553529
88	[(0,1996),(23,1494)]	34.889082
89	[(0,351),(9,3451),(33,1107),(44,3317),(48,3408),(73,1204),(78,2837),(85,3461)]	32.680184
90	[(18,3081)]	36.758385
91	[(9,1006),(39,1395),(40,3205),(49,2656),(59,199)]	33.139789
92	[(83,3372)]	33.236639
93	[(3,1747),(32,1586),(46,1747),(73,2755),(89,457)]	29.569004
94	[(19,3492),(33,440),(42,3095),(44,2121)]	33.591802
95	[(3,3043),(7,2251),(16,2030),(21,2258),(40,438),(57,1985),(63,429),(84,1217)]	33.786935
96	[(0,2765),(64,1314),(66,2159),(69,2315),(72,2742),(87,3408)]	32.391384
97	[(10,2634),(57,1839),(62,3184),(64,554),(76,3536),(88,252)]	33.140752
98	[(13,3174),(14,3219),(22,2437),(23,715),(40,2412),(43,235),(72,180),(81,3256),(85,90)]	32.685124
99	[(0,1925),(5,2299),(24,1534),(31,3019),(69,1420),(80,2341)]	32.812214
100	[(7,274),(20,1899),(91,1316)]	33.373505
101	[(4,1234),(10,2329),(55,2897),(72,3249),(76,1564),(79,2146),(88,1428)]	42.302564
102	[(1,3382),(8,1876),(11,3728),(19,522),(59,2795),(74,2116),(88,1564),(91,184)]	37.574603
103	[(3,1132),(16,2093),(78,3033),(83,629)]	33.616064
104	[(44,1092),(69,944),(70,3250),(73,221)]	32.185905
105	[(5,1723),(6,2657),(14,2204),(22,2889),(25,2366),(72,162),(73,941)]	32.303068
106	[(3,2923),(7,1605),(28,454),(92,1527)]	39.066982
107	[(23,3211),(24,2465),(34,2859),(50,199),(57,3442),(87,2913)]	32.840496
108	[(10,3249),(19,2630),(25,55),(40,3765),(77,73)]	32.265412
109	[(11,3222),(12,1352),(50,2066),(63,1987)]	32.105157
110	[(10,490),(23,1817),(40,2176),(42,3255),(55,182),(56,3024),(83,866)]	32.559469
111	[(1,3364),(7,3098),(12,2409),(49,846),(63,165)]	33.804125
112	[(52,1290),(62,2020),(71,2535),(80,1130),(92,265)]	31.745533
113	[(7,2487),(13,2594),(53,988),(59,2518),(84,2651)]	32.109714
114	[(3,3533),(16,2945),(21,3064),(35,3642),(52,3633),(62,52),(77,3040)]	31.985695
115	[(33,2142),(52,388),(70,1438),(71,974),(79,1356)]	31.103500
116	[(14,749),(15,411),(20,363),(30,1052),(38,350),(54,3393),(76,3354)]	31.344373
117	[(3,1003),(16,2431),(47,334),(51,1881),(54,11),(76,2744),(89,1145)]	32.254935
118	[(29,170),(59,2667),(92,824)]	32.243101
119	[(1,146),(17,3312),(31,1780),(34,44),(90,1781)]	31.842730
120	[(23,3291),(51,3675),(88,1697)]	35.322902
121	[(2,395),(9,3656),(32,3351),(51,2814),(64,1244)]	31.669703
122	[(4,164),(13,3540),(18,1298),(20,2856),(50,1984)]	31.289538
123	[(4,1836),(22,701),(79,921)]	32.260192
124	[(3,3378),(12,3144),(24,1937),(29,3452),(57,3502),(88,98),(90,1100)]	33.964159
125	[(21,54),(29,820),(35,3029),(57,750),(73,3066),(79,3210),(86,2191),(88,3349)]	32.177378
126	[(2,1876),(14,3007),(26,3409),(74,3347)]	32.290087
127	[(39,2430),(51,460),(76,1184),(85,668)]	31.602525
128	[(5,1041),(10,3645),(21,1735),(73,3440),(89,1560),(90,138)]	31.630032
129	[(22,2106),(40,1300),(72,916),(82,3367),(85,3755),(87,1682)]	36.430016
130	[(14,566),(35,2719),(47,3662),(54,3379),(56,3317),(80,2899),(89,2204),(91,3633)]	34.957644
131	[(6,756),(41,680),(45,1209),(83,2004)]	34.764284
132	[(21,3698),(25,1880),(47,2391),(88,2660)]	34.220176
133	[(21,2182)]	29.619655
134	[(50,1365),(54,763),(69,3600)]	36.045821
135	[(4,2141),(11,3483),(21,2434),(24,1505),(30,1930),(75,942)]	39.249444
136	[(74,486),(91,1637)]	29.873554
137	[(26,1547),(36,56),(42,1890),(46,223),(48,3213),(70,2384)]	35.318568
138	[(5,509),(10,1565),(14,36),(26,1551),(59,2334),(61,3097),(92,2496)]	35.760475
139	[(35,326),(48,834),(51,1792),(58,2014),(84,411),(86,232)]	32.174301
140	[(14,2154),(17,2343),(43,2221),(59,2042),(68,1851)]	32.421025
141	[(10,2381),(32,2713),(36,2494),(38,1431),(47,2440),(58,1331),(59,743),(61,1321)]	31.626305
142	[(2,2629),(14,1565),(41,3524),(66,2629),(83,3599),(84,1573)]	31.205961
143	[(31,446),(41,2016),(61,3610),(89,1658),(90,2871)]	31.591477
144	[(47,3024),(55,3622),(77,3278),(87,2575)]	32.067692
145	[(10,1193),(21,2667),(24,412),(26,1359),(30,3615),(86,244),(89,2318)]	34.340420
146	[(8,3169),(64,835),(77,1622),(78,879)]	32.150304
147	[(14,1797),(60,3417),(64,3309)]	31.852246
148	[(5,1255),(6,2672),(24,3695),(25,3088),(42,2800),(81,3360),(85,2785)]	32.051209
149	[(14,438),(57,3431),(62,1033),(71,2531),(82,230)]	34.969800
150	[(28,3086),(34,1104),(51,1706),(77,2441),(78,2382),(83,1530),(85,1721)]	46.421626
151	[(7,2999),(15,3181),(30,1946),(34,707),(45,1089),(48,3120),(64,1937),(66,3097),(75,242),(81,1094),(92,3074)]	44.998852
152	[(8,630),(17,2220),(26,389),(45,597),(57,3595),(69,224),(70,2146),(80,1526),(89,598)]	43.296007
153	[(18,474),(19,2655),(28,2327),(38,2402),(48,2667),(80,3611)]	52.278211
154	[(21,1143),(23,3011),(31,1550),(62,3457)]	32.717417
155	[(11,3095),(47,1672),(62,1529),(64,3598)]	32.674723
156	[(1,1035),(3,1238),(22,3501),(28,2142),(73,3074),(76,2825),(87,3421)]	32.549220
157	[(3,419),(7,223),(14,280),(23,2794),(26,1908),(28,384),(58,48),(63,894),(68,2234)]	32.290480
158	[(39,2160),(51,2432),(54,3217)]	32.024347
159	[(25,1804),(39,3438),(54,2555),(73,1659),(76,911),(80,2986),(85,3031)]	46.846690
160	[(5,3488),(21,1869),(35,87),(53,45),(66,2984),(79,2156)]	32.087701
161	[(2,2747),(38,1195),(50,3102),(57,1737)]	31.954676
162	[(12,1611),(33,722),(58,3741),(88,1329)]	30.967659
163	[(22,2522),(30,853),(35,926),(48,3565),(56,2051),(92,896)]	32.471227
164	[(28,3389),(38,2524),(46,1480),(50,2682),(63,3120),(80,46),(86,2994)]	35.292574
165	[(43,789)]	45.213520
166	[(41,87),(66,2945),(88,1163)]	48.941367
167	[(13,2360),(15,2364),(33,2729),(47,673),(87,13)]	37.673424
168	[(52,887),(57,156),(70,3029),(72,274),(79,1012),(81,3750),(88,2166)]	36.919831
169	[(20,291),(22,801),(42,1261),(46,2874),(48,1376),(60,1213),(75,2683),(90,3503)]	41.253022
170	[(4,1104),(25,2770),(34,3537),(41,3093),(43,1801),(46,3675),(66,323),(78,1404)]	41.854816
171	[(11,297),(20,2029),(53,178),(58,1372)]	52.142843
172	[(13,2697),(48,1838)]	56.797167
173	[(67,3345),(76,2285),(79,3571)]	54.449677
174	[(5,1391),(7,86),(70,1525)]	31.725925
175	[(15,2850),(18,1473),(50,184),(55,3285)]	32.391008
176	[(3,2959),(15,247),(40,3315),(49,1654),(55,3585),(59,1766),(82,2140),(88,1625)]	34.454039
177	[(36,2756),(38,3066),(47,2450),(68,1795),(76,2801)]	31.843532
178	[(4,3505),(8,800),(15,909),(40,2273),(52,1713),(61,1525),(63,1160),(64,3469),(69,3599),(77,1106),(81,2947),(91,2704)]	42.321325
179	[(12,1239),(44,2815),(85,3330),(87,1317)]	37.802443
180	[(2,225),(48,1290)]	30.022170
181	[(23,2436),(30,3633),(46,3039),(64,3302),(85,1084)]	35.581048
182	[(3,382),(10,1824),(13,3685),(17,360),(34,2325),(48,328),(58,931),(64,2896),(72,1878),(75,2091),(87,1940)]	36.522825
183	[(3,2349),(19,1235),(46,675),(69,3700)]	33.448310
184	[(26,886),(79,3558),(92,1232)]	32.032842
185	[(10,1718),(31,666),(35,2655),(45,459),(71,2015)]	34.117567
186	[(19,2678),(22,277),(25,1207),(36,1442),(54,2215),(60,2828),(64,2090),(66,3104)]	30.779346
187	[(23,3409),(47,2509)]	31.756856
188	[(7,2163),(12,1442),(16,1244),(20,1425),(47,1713),(52,609),(87,2004)]	34.477680
189	[(54,1993),(69,1794)]	35.135278
190	[(7,1490),(10,695),(42,2478),(70,1767),(82,3480)]	34.399757
191	[(19,2450),(23,662),(25,2717),(51,2106),(63,1507),(73,751)]	34.425584
192	[(2,711),(6,2015),(44,104),(66,1766)]	32.269243
193	[(15,3661),(52,714),(57,748),(58,3525)]	30.802867
194	[(7,444),(37,3658),(47,1899),(65,41)]	35.351998
195	[(18,1401),(44,1446),(51,10),(58,1584),(86,2721)]	38.262289
196	[(8,1009),(15,3422),(48,521),(50,3689),(58,2704),(84,1694)]	36.660888
197	[(0,1616),(27,2496),(34,2521),(39,2646)]	35.253003
198	[(8,2863),(9,1855),(40,2185),(65,1758),(83,2969)]	33.566867
199	[(86,2935),(91,1657)]	32.726734
200	[(17,144),(39,2803),(64,1411),(71,1616),(73,1341)]	34.390195
201	[(15,2038),(61,3236)]	33.108330
202	[(21,1921),(55,1729)]	41.388710
203	[(15,1016),(30,29),(46,2608),(51,940),(65,621),(76,1089)]	33.126909
204	[(23,15),(32,1165),(34,2373),(70,1479)]	32.960872
205	[(9,1363),(55,1064),(56,1229),(66,3649),(71,1505),(83,1187),(87,672)]	36.422937
206	[(14,1850),(16,82),(30,745),(33,829),(52,1830),(68,2208)]	41.804041
207	[(2,1441),(7,1523),(31,3373),(39,1305),(43,713),(47,1168),(69,816),(76,797)]	33.058082
208	[(35,835),(39,2161),(44,2260),(88,2876)]	20.051972
209	[(4,994),(8,2552),(9,3472),(16,3595),(19,1898),(20,1456),(56,778),(63,42),(75,187),(84,2470)]	16.307079
210	[(2,2565),(15,2639),(36,135),(50,3385),(70,879),(79,1907)]	20.390086
211	[(5,3386),(35,1548),(59,2037),(79,3537),(90,3545)]	16.192678
212	[(3,3152),(5,1364),(11,791),(16,3699),(26,1968),(35,3411),(54,2814),(85,1121)]	16.570654
213	[(15,1522),(19,2398),(42,394),(53,2800),(59,518),(70,1460)]	16.336094
214	[(44,1173),(52,1656),(85,12),(90,3374)]	17.398462
215	[(59,2901),(70,572),(89,3336)]	16.709267
216	[(11,1304),(40,2690),(61,1404),(73,1844),(91,729)]	16.801004
217	[(8,3133)]	16.975759
218	[(3,1404),(16,1623),(61,2445),(78,1062)]	17.073688
219	[(27,605),(39,3134)]	16.039027
220	[(31,1158),(32,2096),(51,115),(63,3364),(66,710)]	16.755363
221	[(22,1249),(38,2466),(67,99),(83,1611),(87,1273)]	16.191394
222	[(29,2008),(91,2502)]	16.084279
223	[(13,963),(25,1190),(40,1554),(42,2755),(46,233),(64,3142),(74,2977)]	16.091873
224	[(4,1261),(11,3615),(35,2261),(73,601),(77,189)]	16.243278
225	[(6,260),(8,1358),(13,26),(24,179),(26,1616),(49,1166),(71,3709),(77,1771),(82,1360)]	16.036721
226	[(2,2723),(19,2653),(21,1732),(32,120)]	15.971159
227	[(18,2843),(55,1064),(62,2889),(68,3455)]	16.260973
228	[(8,2653),(20,3104),(34,225),(55,1870),(78,1171)]	16.133722
229	[(53,2631),(71,803)]	17.563021
230	[(18,2552),(28,1079),(40,3149),(75,652),(86,937)]	16.608602
231	[(26,2066),(32,1180),(60,387),(62,478),(68,3444)]	17.093129
232	[(5,1286),(15,1911),(72,3094),(80,2346),(87,3474)]	17.705603
233	[(1,2285),(28,2491),(49,769),(76,3738)]	16.196577
234	[(2,3375),(24,1419),(27,1439),(79,731),(80,2851),(92,1605)]	16.503835
235	[(39,2520),(42,1204),(52,1079)]	16.920731
236	[(13,3042),(47,1250),(60,1038),(61,483),(63,797),(80,263)]	16.394444
237	[(21,3690),(50,2381),(51,903),(68,1098),(76,2338)]	15.976092
238	[(28,2190),(80,1614)]	16.381767
239	[(29,2706),(45,3235),(54,1883),(76,2534)]	16.610166
240	[(6,3492),(41,1543),(59,1205),(71,2795),(82,1006),(84,2891)]	16.550918
241	[(13,2004),(28,2901),(43,2558),(56,2832),(62,1161),(77,1809)]	16.021386
242	[(25,653),(30,2681),(66,3186),(72,697),(80,818)]	24.676131
243	[(18,925),(22,3239),(46,360),(60,2277)]	28.116113
244	[(23,921),(26,1841),(41,528),(46,3318),(51,3638),(59,179),(61,1616)]	20.540135
245	[(2,1329),(14,3659),(31,2402),(45,2582),(46,2536),(50,2379),(77,1902),(81,1048),(85,1777)]	17.522921
246	[(5,3072),(11,2861),(17,3114),(62,3032),(64,1096)]	16.306104
247	[(21,324),(26,2092),(34,3438),(40,1156),(72,1378),(79,3359)]	16.914603
248	[(36,2121),(41,2568),(54,416),(56,2161),(67,1546),(76,1124),(86,2061)]	16.613220
249	[(33,1594),(39,2682),(50,2271),(79,3284)]	16.485348
250	[(12,3450),(27,2884),(30,783),(66,1573),(86,838)]	15.902849
251	[(42,2649),(51,2692),(57,2509),(71,3342)]	16.088998
252	[(3,1642),(9,1821),(14,1512),(82,3551),(88,2847)]	15.900343
253	[(28,892),(68,1223),(71,1066),(72,2609),(84,14),(88,2205),(89,2482)]	16.352438
254	[(3,1911),(5,2275),(13,2259),(50,3511),(60,2563)]	16.670381
255	[(25,3196),(61,1481)]	16.204423
256	[(19,3091),(28,788),(31,3607),(76,3013)]	16.007280
257	[(49,1010),(68,3587)]	18.736784
258	[(9,1162),(21,1393),(50,768),(92,1213)]	17.029883
259	[(8,3432),(11,1765),(22,2782),(52,2867),(57,1535),(61,3173),(66,3095)]	17.948816
260	[(3,2215),(14,396),(17,771),(19,3502),(23,1401),(26,3306),(39,354),(52,3618),(87,88)]	16.276290
261	[(12,2057),(14,1176),(61,1403)]	17.229057
262	[(33,843),(36,2681),(37,1773),(62,2014)]	19.887239
263	[(3,11),(63,2342),(82,1001)]	17.126310
264	[(2,2478),(24,2535),(40,1240),(46,1914),(47,1455),(52,1256),(59,2984),(68,3581)]	19.125228
265	[(14,1697),(27,1761),(39,41),(63,899),(87,1135)]	21.934586
266	[(15,2534),(18,3735),(41,3059),(62,1389),(82,982)]	16.762054
267	[(31,3493),(32,1707),(37,1904),(43,761),(46,1399)]	15.921263
268	[(0,3503),(24,2248),(48,2851),(50,1522),(54,19),(79,2263)]	16.957882
269	[(2,572),(6,3425),(7,3556),(15,1361),(33,2065)]	16.416626
270	[(60,230),(78,1744),(79,1176),(92,1103)]	19.064990
271	[(19,2732),(35,3038),(55,2118),(82,1252)]	17.125625
272	[(4,25),(37,2150),(53,3426),(65,3009),(67,819),(79,2837)]	16.294495
273	[(9,2936),(46,1499),(51,1671),(53,3120),(77,777),(83,3669),(86,748),(87,3525)]	18.389490
274	[(0,2106),(21,1832),(28,2600),(40,536)]	16.226394
275	[(1,2394),(3,1374),(13,3392),(20,877),(40,2709),(87,1695),(92,1552)]	16.054742
276	[(8,216),(15,2351),(20,2720),(25,287),(42,525),(53,490)]	16.413210
277	[(0,568),(5,3665),(23,2791),(35,3050),(37,2203),(76,2222)]	16.785738
278	[(17,420),(28,1915),(42,1197),(59,1540),(64,2410),(69,2721),(92,1641)]	16.086899
279	[(4,45),(5,3691),(19,814),(27,2035),(35,1407),(38,2950)]	16.366583
280	[(1,3472),(12,1453),(22,1586),(68,1499),(74,2256)]	16.330243
281	[(2,3189),(3,2673),(25,330),(34,3171),(63,2519)]	16.204271
282	[(57,154),(71,2139)]	18.027015
283	[(7,3566),(9,3574),(35,3524),(38,1216),(44,652),(75,239)]	15.888127
284	[(27,795),(56,2002),(76,1035),(85,89)]	16.245011
285	[(0,1802),(9,1964),(16,2416),(19,2007),(34,3736),(45,3432),(48,756),(72,1439)]	16.433726
286	[(35,1429),(47,669),(54,2809)]	16.907533
287	[(8,2896),(11,1473),(21,2654),(32,3740),(65,802)]	17.133535
288	[(17,327),(39,1305),(46,2541),(76,107),(78,1805),(79,860),(91,2655)]	16.026675
289	[(17,1188),(27,638),(47,812),(53,2383)]	16.780509
290	[(1,2481),(45,186),(85,2589),(90,758),(91,672)]	16.473275
291	[(8,1113),(34,617),(64,3227),(72,2861),(78,3081)]	16.710862
292	[(62,1955),(67,1169)]	16.541124
293	[(9,1495),(31,2561),(55,3426),(59,833),(63,3003)]	17.303945
294	[(36,934),(46,2633)]	16.712477
295	[(12,2747),(29,2444),(68,2059),(73,257),(80,2096),(82,1563)]	16.413272
296	[(16,3620),(21,3047),(25,2080),(30,69),(31,1596),(42,2154),(54,1269),(91,2008)]	16.334911
297	[(3,234),(4,900),(9,1750),(20,1476),(50,1058),(90,2805)]	16.850021
298	[(2,17),(9,3560),(39,3762),(67,3175),(87,3152)]	17.059775
299	[(22,2506),(62,2058),(67,2270)]	16.276733
300	[(20,2032),(24,3378),(27,1880),(34,896),(44,2995),(47,3139),(58,1982),(60,427),(89,3438)]	16.766301
301	[(40,933),(50,1545),(53,1223),(89,2815)]	16.091372
302	[(3,122),(27,3147),(31,3357),(45,2420),(46,3500),(63,3388),(75,242),(78,2925)]	23.487591
303	[(0,641),(17,1146),(23,2748),(44,356),(64,3049),(69,2005),(80,572),(86,821),(92,54)]	28.406678
304	[(25,3745),(47,834),(63,3312)]	17.183361
305	[(14,3221),(34,3076),(52,98),(58,1771),(88,2214),(92,8)]	16.573641
306	[(16,2659),(38,111),(43,397),(61,3018),(65,3732)]	16.171503
307	[(4,156),(66,1926)]	16.191844
308	[(22,1208),(29,2629),(34,3521),(35,1304),(49,3496),(60,2659)]	16.240048
309	[(4,3454),(53,1157),(60,3093)]	16.124121
310	[(7,2529),(20,3720),(26,638),(29,877),(59,3686),(69,623),(90,1650),(91,421)]	15.823952
311	[(48,2885),(63,2196),(67,2652),(69,2121),(73,1820)]	17.508540
312	[(16,3216),(49,998),(61,2587),(77,2187)]	16.622443
313	[(15,2914),(23,1255),(27,29),(76,127)]	18.628886
314	[(15,3290),(32,1822),(58,1231),(64,1617),(70,2427),(83,1586),(86,241)]	16.792506
315	[(5,140),(31,1432)]	18.350419
316	[(3,183),(23,3467),(35,2349),(39,143),(46,3141),(53,2154),(87,1262)]	16.635574
317	[(8,56),(19,2246),(29,749),(64,288)]	16.262721
318	[]	17.011870
319	[(0,3413),(8,3060),(11,1541),(19,2112),(24,882),(65,1858)]	16.571729
320	[(29,346),(71,2948),(83,461)]	19.831333
321	[(29,1746),(32,148),(38,2403),(45,477),(53,2480)]	16.152683
322	[(13,3645),(26,2466),(44,1916),(49,3028),(65,1969),(76,1061),(79,232)]	19.484025
323	[(23,254),(37,3157),(49,1753),(53,2693)]	22.394817
324	[(10,372),(16,2136),(20,2692),(29,2524),(39,2631),(52,2951),(55,210),(64,382),(67,2440),(76,791),(84,1370),(91,2404)]	16.669728
325	[(17,2374),(29,40),(33,486),(35,1005),(47,1992),(72,3636)]	17.054781
326	[(42,2295),(68,392)]	16.647409
327	[(27,246),(49,2354),(52,2574),(63,3087),(70,773)]	17.863472
328	[(3,231),(31,1403)]	17.422475
329	[(36,773),(50,2322),(51,426),(52,1069),(54,3261),(57,1557),(66,3449),(83,1127)]	16.666053
330	[(17,601),(19,2745),(30,95),(40,356),(47,953),(63,3507)]	16.478985
331	[(1,2999),(11,1761),(39,2396),(42,3340),(51,3320),(83,1891),(91,455)]	16.156901
332	[(30,1169),(31,436),(74,3572),(84,1030),(87,1162)]	17.067504
333	[(12,527),(81,2275),(83,1901),(86,195)]	17.565685
334	[(7,2712),(48,1693),(73,2855),(77,1779)]	16.839949
335	[(11,2281),(17,2492),(45,2135)]	16.146744
336	[(21,1430),(22,868),(26,1397),(42,2598),(59,512),(63,51),(77,2745),(85,2836)]	16.013363
337	[(5,1489),(48,3643)]	16.374206
338	[(3,531),(5,634),(59,1764),(79,1501),(91,2683)]	16.004117
339	[(1,1506),(6,3132),(22,3359),(35,614),(48,3587),(51,3138),(52,4),(75,178)]	16.515645
340	[(11,1480),(16,3568),(30,1707),(39,1948),(55,2593),(59,665),(70,897),(71,1677),(75,2949),(78,46)]	17.173654
341	[(23,193),(30,655),(47,1699),(48,2901),(56,3303),(69,117)]	16.584305
342	[(4,2241),(20,1454),(25,2243),(57,2316),(67,2399)]	15.984222
343	[(0,1310),(4,2186),(8,3482),(25,865),(28,2490),(42,1280),(63,3262),(86,298),(87,358)]	16.374241
344	[(2,578),(16,1268),(21,1360),(30,273),(34,3082),(39,788),(59,2719),(60,3107),(65,1608),(81,419),(82,3432)]	16.357321
345	[(2,1809),(12,314),(24,3321),(32,2762),(33,427),(45,721),(49,378),(79,3209)]	15.902586
346	[(9,1758),(32,3700),(58,553)]	16.696170
347	[(0,657),(29,1516),(42,2853),(47,2602),(59,3385),(68,1349),(83,2895),(84,1266)]	15.990034
348	[(16,1377),(30,1503),(35,2422),(60,1704),(79,2136)]	17.629893
349	[(7,3371),(10,266),(17,3199),(34,1506),(43,3359),(45,2345),(47,122),(65,3006)]	16.842085
350	[(1,2313),(21,44),(37,3661),(55,3350),(56,1716),(71,248)]	16.723796
351	[(12,2153),(59,3742),(78,3609)]	15.916187
352	[(5,650),(28,2841),(46,3491)]	16.436390
353	[(7,2309),(59,1618),(67,1625),(80,2293)]	16.048312
354	[(33,2067),(37,3198),(84,1539)]	16.199219
355	[(7,1239),(32,3540),(44,695),(53,1917)]	15.990723
356	[(47,730),(51,1684),(58,2980),(67,1418),(70,2524),(77,2362),(90,1096)]	16.418474
357	[(2,3485),(18,2994),(27,2776),(42,2603),(47,1085),(69,3120),(74,3122),(83,322),(84,1096)]	15.970746
358	[(22,1721),(35,884),(49,527),(54,1990),(79,2922)]	16.168225
359	[(12,848),(29,2137),(37,3213),(40,966),(80,1001)]	15.997699
360	[(0,1211),(28,1246),(45,821),(46,1252)]	16.815691
361	[(0,2445),(9,2144),(11,3633),(23,339),(38,3565),(55,3208),(63,588),(71,1933),(76,157)]	16.522285
362	[(2,2754),(28,1242),(35,111),(64,1060),(79,1402)]	16.458971
363	[(15,676),(20,1602),(40,3766),(47,1749),(58,3354),(77,936),(82,163)]	30.703745
364	[(10,1977),(47,1506),(55,69),(76,785)]	21.821808
365	[(25,1448),(38,275),(74,1083),(78,1705),(83,1107)]	16.206383
366	[(37,1441),(48,3306),(50,3692),(64,2273),(77,272)]	16.328395
367	[(3,1675),(33,3009),(65,443),(74,1647)]	15.824261
368	[(29,894)]	16.261049
369	[(5,1682),(21,3649),(38,1033),(52,1899),(60,2055),(72,1581)]	16.091021
370	[(8,2106),(36,566),(54,1951),(70,2280),(84,377)]	16.674711
371	[(20,298),(40,3196),(67,3747),(69,559)]	15.907032
372	[(4,705),(24,1767),(63,361),(64,240),(68,1308),(71,3314),(77,1377),(90,1360),(92,1762)]	16.173291
373	[(12,3182),(15,1399),(23,713),(42,613),(54,1312),(68,436),(87,1195)]	15.833830
374	[(6,3030),(15,617),(18,64),(21,3426),(30,2016),(32,3267),(45,2211)]	18.697912
375	[(43,2466),(46,2860),(78,942),(82,1112),(86,1900)]	16.781936
376	[(25,1804),(37,1833),(62,3740),(69,3320)]	16.075138
377	[(0,3430),(7,2663),(27,1648),(40,388),(54,2940),(77,2154)]	16.366512
378	[(14,2601),(19,2320),(53,1961)]	16.419394
379	[(1,2390),(5,3664),(16,1148),(17,1144),(34,2043),(90,848)]	20.115752
380	[(1,146),(9,887),(35,924),(81,43),(83,52)]	16.461535
381	[(40,636),(73,2734),(77,1922)]	19.949304
382	[(43,3488),(52,3134),(57,2265),(76,2677)]	23.204623
383	[(24,777),(39,1681)]	16.089651
384	[(0,749),(11,2405),(67,2108)]	16.169067
385	[(23,3574),(39,1110),(70,393),(74,3019)]	17.215156
386	[(1,1826),(3,2077),(17,517),(40,584),(74,3103),(82,1399),(87,1895),(91,2799)]	16.940572
387	[(1,1779),(13,2136),(14,1182),(26,2889),(36,2479),(53,689),(60,350),(89,2853),(92,2622)]	16.521175
388	[(21,3385),(45,427),(65,2027)]	16.524656
389	[(1,1349),(5,801),(6,1691),(18,2813),(35,846),(59,1166),(72,2888),(84,722),(91,855)]	16.790138
390	[(0,609)]	16.257516
391	[(9,2037),(32,2130)]	17.007728
392	[(2,2020),(22,955),(23,1504),(50,2391),(71,2853)]	18.018373
393	[(6,140),(22,3650),(23,3758),(29,1587),(43,1353),(55,1434),(59,2322),(60,426),(61,1069),(70,2921),(73,2155)]	16.964129
394	[(21,1720),(66,2594),(84,3584)]	16.075308
395	[(5,3283),(41,181),(88,2487)]	16.739441
396	[(3,2027),(23,3270),(34,2255),(48,1838),(54,1164),(57,611),(89,3264)]	16.246435
397	[(16,574),(30,2882),(40,957)]	16.099294
398	[(3,5),(5,3701),(16,158),(31,3195),(62,103),(86,2196),(87,2540)]	15.983021
399	[(21,547),(23,2598),(61,83)]	15.913393
400	[(0,1411),(1,1393),(17,579),(46,2413),(67,2835),(73,3488)]	16.674792
401	[(0,2530),(15,2656),(77,1485),(81,2488)]	16.291215
402	[(9,3250),(37,1907),(47,853),(57,1084),(60,101),(62,3085),(89,3199)]	16.235462
403	[(18,308),(30,2019),(34,2365),(37,2295),(56,3073),(60,1103),(65,3351),(73,971),(77,1973)]	16.133221
404	[(21,775)]	15.953549
405	[(44,2789),(46,1081),(53,2372),(61,3292)]	16.882150
406	[(10,3073),(21,2409),(38,3541),(68,2968),(75,1606)]	16.645178
407	[(68,2923),(73,545),(75,1556),(89,3443)]	16.435323
408	[(0,369),(5,3668),(15,1652),(37,148),(64,2431)]	16.471567
409	[(22,2422),(34,1579),(45,631),(48,2491),(67,13)]	15.927145
410	[(4,1523),(19,99),(35,1066),(49,3201),(55,2573),(90,105),(91,3445)]	16.205274
411	[(7,754),(18,241),(22,1300),(25,1451),(35,1389),(38,3397),(54,300),(55,281)]	16.821357
412	[(12,3640),(18,1429),(19,932),(31,3289),(35,1645),(40,2915),(84,733)]	16.721295
413	[(6,3111),(7,395),(26,260),(35,3581),(49,727),(71,839)]	17.047394
414	[(5,2435),(40,1891),(85,804)]	16.667170
415	[(7,3068),(23,54),(53,3185),(63,606),(73,3),(78,1266),(80,2919)]	18.762313
416	[(26,1078),(82,3502),(91,3305),(92,826)]	16.002272
417	[(1,815),(13,216),(30,3562),(74,2013),(80,3610),(81,1322)]	16.149626
418	[(6,123),(24,2814),(44,65),(80,1366)]	16.121979
419	[(21,2724),(30,882),(40,2281),(42,3577),(59,2419),(70,1873),(71,235),(82,1040)]	16.069368
420	[(15,2391),(17,929),(27,2801),(86,2048)]	16.689312
421	[(15,2080),(18,1811),(21,2883),(34,3101),(47,1918),(50,1428),(52,221),(54,127),(59,2660),(84,3419)]	16.625230
422	[(1,2809),(40,3646),(54,2731),(78,3533),(88,1175)]	16.062661
423	[(29,112),(50,1165),(54,2740),(58,1287),(59,2933)]	16.752310
424	[(26,3698),(36,3688),(69,2340)]	32.793130
425	[(0,3680),(3,2176),(19,1117),(20,385),(22,1265),(23,2624),(37,318),(45,2152),(53,2639),(54,3643),(57,3720)]	18.838543
426	[(21,1821),(47,2551),(66,1447),(90,2685)]	16.229793
427	[(33,2128),(49,2080),(50,638),(51,1996)]	16.244722
428	[(1,3285),(4,607),(59,2825),(76,1527),(84,2846)]	16.317942
429	[(24,3485),(39,2381),(43,3136),(69,936),(90,1314)]	16.290462
430	[(5,2028),(10,2551),(17,3503),(23,1569),(26,3616),(37,2148),(48,2258),(51,2657),(67,3055)]	17.020954
431	[(8,3338),(20,430),(65,1641),(78,2156),(88,1255)]	16.256845
432	[(2,113),(5,2828),(53,3476),(90,1197),(92,1390)]	15.812820
433	[(24,2387),(32,3218)]	18.470802
434	[(26,651),(30,1402),(46,3446),(54,1899),(68,3410),(84,1580),(91,3008)]	16.339919
435	[(31,860),(59,2069)]	19.369071
436	[(3,1808),(17,2249),(24,1121),(42,893),(51,2030),(75,653)]	18.379150
437	[(12,2720),(20,1978),(37,2322),(38,426),(39,1069),(41,1882),(52,957),(61,2595),(67,708),(69,1014)]	19.168182
438	[(8,2904),(12,3442),(19,1017),(31,121),(52,193),(57,907),(66,2749)]	16.834061
439	[(0,552),(8,130)]	19.762566
440	[(12,1806),(28,3216),(31,964),(36,165),(40,2836),(44,397),(82,2834),(89,1194),(90,731),(91,2851)]	21.658332
441	[(66,3688),(90,1210)]	16.397857
442	[(15,606),(34,2680),(67,2888),(71,2946)]	19.835912
443	[(2,3590),(8,254),(36,841)]	16.969571
444	[(22,1745),(29,3143),(38,3752),(65,1599),(81,1117)]	16.427799
445	[(16,3595),(45,1746),(51,1753),(68,521),(70,133)]	17.624723
446	[(10,1202),(27,2929)]	16.531971
447	[(34,3503),(39,2183),(58,1174)]	16.907524
448	[(9,379),(11,634),(22,2338),(36,660),(45,1799),(53,3066),(79,2152),(91,1028)]	16.537798
449	[(1,2634),(2,276),(51,3521),(78,248)]	16.316184
450	[(13,650),(20,1271),(23,1355),(48,3645),(62,2828),(86,915)]	16.266833
451	[(37,3310),(51,1743),(67,2949),(70,46)]	16.154068
452	[(2,1796),(7,428),(20,3428),(31,3338),(52,255),(53,270),(55,3300)]	16.056889
453	[(1,3494),(14,970),(73,1156),(89,2099)]	17.223326
454	[(13,274),(33,3701),(37,1309),(56,3022),(60,366),(73,1269),(76,2096),(80,431),(81,3438)]	16.410485
455	[(3,201),(6,1701),(13,317),(30,2721),(44,2834),(46,454),(57,2026)]	16.130397
456	[(60,1704),(63,3360),(87,291)]	16.165761
457	[(0,2013),(9,1404),(13,319),(19,3578),(28,1362),(38,641),(77,3557),(91,2217)]	16.026493
458	[(13,57),(27,3407)]	16.349433
459	[(1,2590),(8,3307),(18,3307),(40,1698),(53,2189),(84,3420)]	15.980763
460	[(12,2286),(21,1574),(56,943)]	16.423672
461	[(34,2892),(56,3738),(64,896),(65,557)]	16.054703
462	[(2,2104),(6,1477),(80,3245),(81,1716)]	16.336640
463	[(1,3523),(13,3263),(62,3397),(86,859)]	16.748840
464	[(17,2925),(37,1269),(58,2271),(71,1729),(74,3258),(76,2843),(85,408),(91,370)]	16.840086
465	[(4,2451),(21,3034),(42,1025),(67,2323)]	17.027983
466	[(12,3238),(45,2080),(60,2951)]	16.539631
467	[(1,1602),(64,2091),(75,2920),(91,2549)]	16.673609
468	[(19,2025),(40,960),(44,2211),(66,2427),(70,1577),(75,1243),(88,1372)]	16.844959
469	[(3,2613),(18,1301),(19,2127),(33,123),(35,3523),(45,1838),(66,1761)]	16.241998
470	[(19,3164),(41,3427),(49,3560),(73,859),(80,3079)]	17.192019
471	[(22,1360),(59,1408),(75,2839)]	15.920376
472	[(9,1058),(19,3020),(45,415),(49,457),(59,2490),(60,3449)]	16.224779
473	[(0,451),(15,1254),(37,1039),(51,1617),(53,2033),(57,3278),(59,1334),(74,1909),(86,63)]	17.026665
474	[(12,1995),(14,517),(24,2582),(25,2536),(34,557),(52,730),(56,3498),(82,163)]	16.265661
475	[(16,355),(20,1016),(47,2581),(62,3454),(80,3229)]	16.089009
476	[(49,3730),(89,2959)]	16.061262
477	[(0,2320),(14,435),(28,3629),(30,2312),(33,1605),(75,2719),(76,3107),(82,2554),(85,2529)]	16.112643
478	[(9,1479),(14,1689),(27,2438),(31,1138),(47,381)]	16.161039
479	[(0,719),(69,3099)]	16.149564
480	[(37,98),(59,2503),(65,3439),(71,725),(77,1187)]	16.036806
481	[(49,2837),(54,2752)]	16.890250
482	[(3,2873),(8,360),(9,2507),(14,2466),(28,717),(38,3016)]	16.216129
483	[(13,3487),(77,991),(78,2953)]	16.176574
484	[(8,1154),(11,1662),(20,3313),(70,1566),(84,443),(90,1554)]	23.179466
485	[(2,2119),(13,707),(18,3273),(24,2903),(36,353),(39,1075),(42,412),(48,2931),(73,1192),(86,155),(90,1556)]	28.332426
486	[(40,473),(48,1001),(63,2179),(72,1858),(85,898)]	16.536853
487	[(23,1982),(30,83),(45,1735),(85,1821)]	16.574069
488	[(43,137),(49,1622),(50,879),(60,589)]	15.941119
489	[(2,3375),(16,1985),(17,1592),(20,3676),(27,2694),(28,1975),(60,1383),(91,3273)]	16.275038
490	[(4,971),(40,1242),(69,1994)]	15.767188
491	[(13,906),(25,1821),(27,655),(70,314),(75,861),(89,2947)]	17.783480
492	[(9,61),(21,1022),(37,1979),(59,248),(67,2148)]	17.095923
493	[(44,3329),(65,3608)]	16.173722
494	[(11,3528),(26,2268),(50,2797),(55,2350),(64,3419),(82,1791),(91,417)]	15.881983
495	[(1,3391),(6,1871),(90,2399)]	17.059272
496	[(0,2123),(20,1256),(72,1302),(75,1401),(82,3444),(88,3335)]	18.649585
497	[(47,1953),(66,778),(71,1335),(79,1789)]	16.794997
498	[(10,3349),(60,1809)]	20.709757
499	[(18,359),(23,3430),(50,311),(65,3751),(67,1437),(75,2520),(85,1703),(88,710)]	20.212511
500	[(24,1485),(48,1303),(49,3762),(60,2906),(66,2411),(74,3631),(90,3176)]	17.253979
501	[(24,73),(32,2672),(40,1425)]	16.617436
502	[(12,3664),(50,167),(56,1930)]	17.223302
503	[(22,2883),(25,1369),(60,175),(76,1806),(83,1030),(86,1162),(91,928)]	16.412120
504	[(9,3604),(18,3186),(22,159),(24,2481),(44,2523),(58,93),(80,1942)]	16.288245
505	[(19,2781),(26,1947),(31,272),(56,3729),(68,1385),(70,3740),(82,3558),(83,1342)]	16.553858
506	[(21,1113),(43,1698),(68,140)]	16.493387
507	[(9,3184),(14,1559),(47,3208),(59,597)]	16.180094
508	[(39,2738),(53,1202),(57,3572),(87,147)]	15.860394
509	[(1,1888),(23,503),(50,3458),(52,3469),(88,668)]	19.642827
510	[(1,3710),(41,171),(45,1559),(49,2435)]	16.259228
511	[(7,3468),(50,3083),(67,815),(72,3121),(86,326)]	16.167497
512	[(28,1214),(49,1764),(85,2345)]	17.243167
513	[(1,2998),(14,3111),(16,1378),(43,1769),(56,1335),(70,242),(74,722),(76,756),(88,2945),(91,2011)]	19.755344
514	[(0,372),(7,560),(49,1260),(52,518),(65,990),(74,2210),(89,2714)]	16.328192
515	[(2,535),(29,2822),(38,520),(56,2977),(64,132),(87,23)]	16.144945
516	[(23,2382),(35,1720),(42,2527)]	16.268471
517	[(13,2211),(14,1445),(19,2670),(32,51),(71,368),(83,2764)]	16.397061
518	[(12,2779),(18,35),(32,2279),(42,2803),(46,3427),(69,3628),(71,2981),(77,1178),(83,1855),(85,3614),(91,913)]	16.337289
519	[(4,2163),(16,1625),(24,2976),(36,1230),(72,2466),(78,768),(91,1327)]	16.226045
520	[(1,992),(8,2224),(23,3380),(30,680),(31,43),(67,2499),(72,482),(79,675)]	16.654801
521	[(27,209),(46,1296),(52,3404)]	16.960844
522	[(19,1349),(39,3050),(56,1479),(65,1064),(71,2368)]	16.264993
523	[(16,494),(18,3113),(24,2420),(31,169),(42,2227)]	16.270420
524	[(33,1216)]	16.325500
525	[(8,2998),(47,584),(59,2701)]	16.657782
526	[(5,3431),(8,150),(16,1711),(46,3114),(67,2410),(69,3169),(83,2996),(85,2703),(90,2051)]	16.160882
527	[(4,3056),(11,504),(25,2398),(42,3303),(56,2939),(58,2442),(83,352),(91,1670)]	16.175869
528	[(0,2070),(9,1525),(33,1155),(44,1701),(57,1141),(76,1586),(80,2745),(87,3296)]	16.267826
529	[(11,1222),(35,2913),(40,3165),(70,2173),(89,3553)]	17.773675
530	[(40,1947),(44,3489),(62,3464),(67,19)]	16.059892
531	[(14,629),(25,3074),(50,1593),(53,788),(67,1919),(80,3319),(89,147)]	16.111091
532	[(21,2254),(22,2130),(64,3217)]	16.205655
533	[(21,592),(41,3449),(86,2156)]	19.387393
534	[(11,3452),(40,62),(67,1075),(80,3295),(92,2620)]	16.599464
535	[(9,886),(14,965),(31,1978),(42,2272),(63,390),(64,3748),(70,1881)]	18.172829
536	[(1,1398),(42,1459),(63,525),(65,3076),(71,192),(73,122),(79,531)]	16.428322
537	[(0,1393),(27,1600),(60,263),(81,390)]	16.408568
538	[(12,983),(28,1566),(31,242),(33,3196),(58,957),(66,2769),(73,3076),(85,166)]	16.819937
539	[(2,991),(20,3764),(46,42),(78,589),(79,2258),(89,809),(92,310)]	18.689690
540	[(4,3185),(22,1973),(44,1410),(67,287)]	16.383328
541	[(9,980),(23,2996),(34,142),(44,2166),(58,348),(66,3002),(69,3080)]	16.250467
542	[(2,1742),(24,3082),(36,3457),(40,1466),(47,432),(61,1913),(66,3517),(70,994),(73,384),(86,2592)]	16.138760
543	[(0,2128),(24,1595),(33,2931),(42,273),(47,900),(71,2546)]	16.192867
544	[(1,1151),(18,3699),(27,231),(42,3055),(47,3606),(50,1573),(62,3434)]	16.546696
545	[(3,343),(10,176),(42,1858),(49,822),(56,1764),(79,3528)]	33.092350
546	[(16,1457),(38,1200),(47,1270),(78,1219)]	18.522034
547	[(0,2919),(2,1154),(8,3049),(35,3663),(56,3257),(57,1618),(62,3463),(75,3527),(78,2021),(90,707)]	16.850586
548	[(60,2999),(75,1969),(78,3596)]	15.969360
549	[(12,2181),(13,3054),(22,1007),(36,3247),(37,734),(40,1953),(45,524),(61,2586),(92,3306)]	16.968739
550	[(21,44),(49,2799),(56,287),(58,2532),(68,3663),(72,1628)]	18.281762
551	[(3,3034),(8,2177),(31,2592),(45,3142),(57,2035),(70,2222)]	15.971884
552	[(40,2439),(65,993)]	15.794765
553	[(9,3139),(15,3558),(16,1342),(21,2690),(22,449),(28,909)]	16.374592
554	[(3,752),(13,1905),(40,168),(45,717),(81,3755)]	17.122124
555	[(0,119),(26,2634),(27,276),(30,2712),(36,1433),(40,3472),(43,704),(45,3542),(52,2055),(67,1988),(71,2179)]	19.245767
556	[(10,3485),(45,3434),(68,2979),(75,517)]	20.278374
557	[(3,1767),(9,2564),(19,2868),(42,2863),(50,2491),(63,3025)]	21.252627
558	[(4,255),(5,270),(35,3750),(50,2107),(54,2609),(57,684),(59,2566)]	18.849263
559	[(3,2761),(7,1428),(21,3120),(47,2525),(52,432),(83,2926),(91,794)]	16.358539
560	[(3,1961),(25,1560),(26,138),(30,1739),(40,11),(64,1706),(76,3321),(91,1730)]	16.570007
561	[(6,654),(30,1152),(45,670)]	17.047009
562	[(5,2152),(17,2963),(25,3451),(43,6)]	16.231998
563	[(41,1044)]	17.326316
564	[(21,968),(54,292),(86,1602)]	16.460745
565	[(13,721),(22,3657),(55,816)]	16.419879
566	[(9,3018),(16,33),(38,1807),(74,439)]	16.614325
567	[(48,551),(71,1106)]	18.565269
568	[(13,3255),(26,3697),(27,3548),(34,2586),(62,546)]	16.925927
569	[(44,2390),(52,3301),(60,1280),(68,325),(70,138),(76,2698),(88,389)]	16.525058
570	[(20,1203),(28,1503),(31,2138),(34,1524),(47,109),(76,648),(81,1575)]	16.152003
571	[(12,152),(29,1193),(64,742),(78,1864),(87,3673)]	17.520166
572	[(8,339),(66,1296)]	16.142040
573	[(13,2393),(16,1857),(91,565)]	16.457753
574	[(11,72),(19,1826),(21,2077),(44,3519),(46,1946),(55,2692),(78,914)]	15.972010
575	[(25,3717),(39,666),(45,3647),(52,126),(78,3394),(84,593)]	16.184863
576	[(6,624),(9,3748),(10,3715),(23,1283),(49,1067),(78,2623),(86,1676)]	16.100985
577	[(18,2551),(28,1080),(51,413),(54,1808),(89,2105)]	16.395062
578	[(8,2118),(20,2693),(27,2997),(40,300),(62,743)]	17.324449
579	[(77,922),(84,594)]	16.620684
580	[(4,798),(25,504),(45,1632),(48,3274),(71,472),(90,2762)]	16.919507
581	[(17,254),(24,3460),(59,3533),(77,441)]	17.129205
582	[(2,3117),(18,3014),(68,1792),(73,1956),(76,1913),(80,2524)]	17.110409
583	[(30,1215),(37,2149),(40,2390),(45,3606),(68,1942),(76,1840)]	16.548951
584	[(25,739),(38,487),(72,3244),(75,3641),(89,621)]	17.207863
585	[(15,222),(18,604),(20,2194),(62,2452),(64,3444),(69,2580),(92,25)]	17.435112
586	[(2,801),(7,990),(14,1125),(29,2301),(32,3249),(42,930),(66,523),(74,1269)]	17.703778
587	[(1,1185),(8,3744),(17,3024),(38,2876)]	17.508620
588	[(22,1974),(44,1581),(57,1783)]	16.855342
589	[(4,941),(7,672),(42,3316),(82,222)]	16.763936
590	[(3,1654),(7,1052),(25,1428),(44,2907),(54,1109),(60,508)]	16.002804
591	[(42,2623),(79,1271)]	17.402937
592	[(12,1172),(63,3592),(66,3296),(73,2329),(90,3573)]	17.336868
593	[(16,1602),(69,1647)]	16.204717
594	[(14,2226),(34,1532),(38,1134),(66,3213)]	17.321474
595	[(15,2675),(31,2368),(39,897),(40,1677),(51,553),(80,2935)]	16.220066
596	[(5,2636),(33,2363),(40,2798),(59,81),(66,2974)]	16.097125
597	[(3,1099),(5,1424),(6,2909),(7,2430),(13,703),(43,495),(54,2285),(62,3031),(82,1389)]	16.126129
598	[(18,3555),(35,1264),(78,1150)]	16.291143
599	[(7,3483),(26,1649),(57,357),(61,1416),(85,3644),(87,1238)]	16.200222
600	[(43,2094),(49,2303),(53,1011)]	18.987704
601	[(10,777),(15,202),(29,3570),(42,1397),(56,1250),(73,2556),(77,1335),(88,2702)]	16.402172
602	[(11,568),(21,3208),(39,2022),(85,1700),(87,266)]	16.382514
603	[(14,95),(21,3264),(26,696),(34,3552),(48,636),(67,2987),(69,626),(74,2014),(79,698),(86,1535)]	16.286094
604	[(8,1070),(41,1908),(48,2348),(60,2738)]	16.309907
605	[(7,728),(10,1298),(47,1488)]	33.061431
606	[(0,16),(6,2606),(30,1042),(36,2635),(40,2357),(44,571),(58,2312),(87,1979)]	20.572652
607	[(20,533),(39,2381)]	18.415565
608	[(3,3188),(47,1940),(56,2497),(59,3766),(74,1096),(83,271),(85,1532),(91,3698)]	16.892570
609	[(17,2636),(25,2101),(26,1851),(34,2337),(48,2837),(75,3724),(83,1839),(90,2065)]	17.646722
610	[(5,2978),(6,3721),(31,1018),(34,1754),(38,1848),(80,1714),(89,2370)]	16.938510
611	[(4,1754),(15,1455),(22,415),(55,1706),(62,297),(78,3536)]	20.138242
612	[(43,2259),(51,3278),(55,3502),(68,567),(77,531)]	19.443299
613	[(29,3646),(31,3509),(36,1018),(66,1102),(78,1234)]	18.171809
614	[(15,1145),(21,2837),(65,2405),(90,2980)]	21.924560
615	[(2,158),(10,1973),(17,143),(19,1491),(40,3612),(65,1079),(71,2197)]	16.784951
616	[(8,3443),(13,290),(61,472),(65,948),(77,2338)]	16.028026
617	[(24,2171),(27,616),(41,3608),(45,2390),(50,3700),(85,732)]	16.485691
618	[(6,2869),(23,1264),(33,3532),(39,1038),(40,3206),(61,1824),(70,2547),(72,1880)]	16.381958
619	[(1,3085),(8,76),(39,1931),(45,2087),(57,673),(69,1752),(73,3112),(75,3045)]	16.926636
620	[(4,2497),(21,291),(38,134),(53,3481),(59,1954),(64,98),(72,2095),(89,1592)]	17.249884
621	[(18,1881),(80,2532),(91,310)]	16.189176
622	[(6,3621),(21,1237),(46,390)]	17.183844
623	[(16,3482),(24,464),(35,1083),(75,952),(82,1136)]	16.298617
624	[(9,1567),(24,353),(31,2316),(47,1020),(55,445),(76,3565)]	16.681894
625	[(28,2671),(62,2789),(74,2122),(77,2955)]	16.525575
626	[(12,255),(22,535),(29,2823),(40,1666),(71,1510)]	15.953135
627	[(66,1985),(67,1592),(84,3484)]	16.131202
628	[(15,2532),(25,1704),(27,299),(31,1306),(84,1445)]	16.130420
629	[(9,278),(19,1029),(47,3408),(52,1475)]	16.272255
630	[(4,2020),(19,3092),(54,3668)]	16.466871
631	[(6,538),(8,3665),(15,2289),(29,1422),(53,1191),(60,1683),(61,1340),(66,2669),(83,747)]	16.603805
632	[(2,2590),(21,2570),(23,2464),(51,1202),(53,2009),(70,2078),(80,2559)]	16.286013
633	[(11,723),(12,529),(14,2178),(26,2069),(29,1571),(45,481),(48,200),(49,2619),(53,3298),(78,15),(87,3179)]	15.968823
634	[(2,1914),(4,455),(11,2063),(34,1563),(42,3418),(44,650),(51,3250),(72,824),(75,944)]	16.935575
635	[(6,2216),(72,987),(76,925),(86,624),(90,2480)]	16.660716
636	[(30,3176),(47,1437),(49,2819),(62,750),(67,2963),(88,2105)]	16.193625
637	[(6,3689),(15,1226),(48,2991),(83,1451)]	16.375002
638	[(17,136),(23,3532),(28,6),(33,3233),(63,1418),(70,3123),(72,1881),(83,1376)]	16.047477
639	[]	16.283765
640	[(9,1678),(32,947),(47,2621),(55,1755),(66,2385)]	17.084485
641	[(1,3442),(50,3624),(83,573),(88,2627)]	16.148023
642	[(34,1745),(40,1694),(58,3099),(68,3248),(88,2745)]	16.097150
643	[(18,670),(24,975),(26,14),(38,957),(54,2263),(75,742),(77,510),(87,1598),(90,2585)]	16.361556
644	[(86,3614)]	16.159917
645	[(3,958),(78,1556)]	16.062726
646	[(23,1456),(46,2897),(47,3103),(71,2589)]	16.196922
647	[(23,251),(66,3461),(87,1552)]	15.965960
648	[(23,2344),(30,1484),(40,2210),(59,2977),(66,1458)]	16.026462
649	[(46,3006),(78,3192)]	16.088878
650	[(22,1089),(47,760),(52,730),(53,3530)]	16.538763
651	[(13,1726),(32,3214),(35,1784),(37,2675),(53,328),(71,1245)]	16.113012
652	[(14,1636),(58,1403),(79,2021),(84,904)]	16.077413
653	[(0,2138),(19,405),(33,103),(72,1968),(85,2324)]	16.038727
654	[(17,1859),(22,1314),(47,2586),(63,1589),(91,2432)]	15.875937
655	[(40,538),(67,1033),(70,312)]	26.824424
656	[(4,654),(15,585),(23,2462),(44,3350),(45,1716),(57,1292),(69,3074),(91,286)]	16.389403
657	[(0,1384),(9,3101),(10,2714),(25,1141),(56,1437),(91,489)]	15.878156
658	[(15,1654),(47,636),(50,1949),(72,1514),(75,2473),(76,1374),(79,2968)]	16.418800
659	[(6,1316),(33,1593),(36,2911),(91,1697)]	16.512372
660	[(30,1331),(31,743),(45,1717),(61,3000),(82,559)]	16.130341
661	[(4,1927),(36,1509),(49,220),(53,2396),(59,2954)]	16.803604
662	[(26,3542),(56,1349),(75,742)]	16.461208
663	[(3,184),(12,1129),(15,2090),(65,2027),(75,1110)]	16.132223
664	[(10,2660),(76,2180),(81,2496)]	25.883367
665	[(25,1241),(28,3075),(36,2254),(37,2130),(41,2657),(53,2470),(62,240),(74,951),(87,2514),(89,2446)]	33.449206
666	[(55,2780),(58,967),(75,569)]	19.249203
667	[(11,3764),(13,3428),(16,2635),(21,1876),(51,1018)]	16.513465
668	[(0,1908),(10,1922),(20,82),(26,1346),(40,3338),(42,2964),(55,303),(61,3528),(82,1277)]	19.544101
669	[(11,2562),(13,653),(51,812),(91,3150)]	16.520583
670	[(33,458),(34,2633),(56,436),(68,3512),(70,878),(86,3483)]	18.473134
671	[(26,2224),(33,2339),(54,3083),(60,2227),(71,2675)]	19.088575
672	[(39,1114),(41,776),(74,2021),(89,2789)]	38.471338
673	[(56,2419),(68,1215),(76,1447),(81,2580),(83,3035),(87,652)]	29.805755
674	[(1,951),(10,557),(53,2069),(56,1571),(60,1365)]	17.522537
675	[(6,2852),(26,2237),(39,328),(46,1112),(65,918),(74,317)]	16.520801
676	[(23,468),(29,1924),(80,1707)]	16.345937
677	[(0,1420),(3,1214),(19,590),(31,1542),(32,3684),(45,10),(52,2292),(58,3064),(71,3467),(78,1854)]	16.330960
678	[(19,3640),(29,1633),(62,3570),(73,3763),(84,3078)]	15.884414
679	[(14,2534),(28,231),(66,549),(68,1376),(81,3098),(85,489)]	15.903735
680	[(10,502),(22,3246),(29,3458),(50,3657)]	16.567992
681	[(7,535),(35,3100),(50,3418),(57,1409),(74,2192),(91,449)]	17.065120
682	[(19,3701),(21,1149),(29,2103),(37,735),(46,1061),(52,1503),(83,2236)]	15.952309
683	[(13,2601),(16,844),(33,3725),(45,314),(62,2241),(77,3114),(84,281),(88,1504)]	29.566112
684	[(3,3650),(4,3758),(9,2464),(32,1559),(34,3660),(41,1552),(43,635),(44,1486),(62,804),(64,2700)]	21.038477
685	[(1,1030),(31,173),(40,2911),(44,2581),(66,450),(67,3064),(83,3219)]	16.005457
686	[(4,2812),(43,495),(78,177)]	16.520901
687	[(5,2116),(6,3331),(16,2593),(27,1319),(50,1973),(53,785),(82,2659),(89,3445)]	15.986450
688	[(0,64),(5,2736),(19,3237),(55,1663),(61,267),(71,641),(72,3157)]	17.147880
689	[(9,3473),(19,3157),(26,1791),(42,2806),(50,800),(62,10),(83,689)]	16.626875
690	[(0,446),(2,118),(16,447),(20,818),(38,650),(63,2031),(83,2971),(89,3219)]	16.140057
691	[(66,1720),(88,1812),(92,3720)]	16.567810
692	[(8,263),(10,659),(13,1383),(31,475),(32,3268),(73,1330),(79,2380)]	16.532458
693	[(5,506),(11,2710),(21,2548),(25,2838),(39,203),(40,2406),(59,301),(67,2109),(81,3208),(83,2767),(92,1560)]	32.926597
694	[(3,1737),(50,1924),(57,1737),(61,1485),(79,2641)]	35.834126
695	[(20,408),(28,372),(34,1796),(36,3344),(39,3527),(84,3034)]	35.018416
696	[(7,932),(9,2563),(12,2244),(20,1563),(26,996),(34,239),(57,2652),(62,3606),(65,1573),(85,1859)]	35.034134
697	[(6,2297),(16,1267),(75,200),(76,2619)]	26.698530
698	[(22,998),(35,615),(38,1389),(40,2088),(41,3759),(48,337),(54,989)]	16.244817
699	[(4,230),(5,1521),(16,3462),(21,369),(42,2521),(43,3611),(68,1111),(74,1702),(84,2368)]	16.365740
700	[(0,3067),(31,2387),(48,488),(51,530),(74,1257),(84,569)]	17.099730
701	[(13,3213),(42,2326),(54,707),(71,2556),(85,3126)]	16.114831
702	[(31,2852),(36,1581),(51,1924),(66,2711),(85,211),(89,3021)]	16.068985
703	[(22,3412),(26,1069),(63,3364),(64,12),(89,926)]	16.723292
704	[(5,831),(17,799),(34,2991),(55,3666),(59,783)]	16.103774
705	[(9,3696),(12,2598),(54,1146),(77,3558),(78,3240),(86,2718)]	18.572193
706	[(23,969),(26,2886),(69,1484),(78,1565),(91,3622)]	16.260850
707	[(43,3212),(74,2864),(82,1663),(88,1431)]	16.045064
708	[(0,1545),(24,3667),(30,1719),(33,875),(60,2756),(61,2699)]	16.330801
709	[(2,1800),(14,2593),(28,2693),(40,1382),(85,1588)]	16.105151
710	[(9,990),(23,229),(38,3558),(44,39),(56,2139),(68,2368),(73,3125)]	16.011812
711	[(3,2037),(10,3440),(13,2421),(38,1124),(44,1329),(73,792),(89,2034)]	16.030415
712	[(17,3652),(41,160),(52,1246),(62,2516)]	16.765463
713	[(0,1277),(23,178),(30,2637),(38,2755),(59,1541),(79,791)]	17.257447
714	[(24,3677),(26,2287),(30,3658),(42,2169),(91,2437)]	17.901869
715	[(58,1752),(73,2780),(82,412)]	18.490381
716	[(39,101),(47,3216),(67,2758),(71,1026),(89,2589)]	15.994569
717	[(12,3308),(31,2141),(43,1427),(48,353),(65,2682),(68,1673),(71,1493),(74,1173),(79,3338)]	22.404697
718	[(48,2519),(63,1599),(65,738),(78,2922),(85,1586)]	30.894923
719	[(35,222),(49,1582),(51,202),(59,2580),(88,2874),(90,1376)]	16.308650
720	[(22,3456),(33,2192),(42,430),(51,1911),(56,1555),(57,2353),(67,2223),(70,3716),(78,3397),(88,1518)]	16.217730
721	[(12,894),(42,377),(46,1077),(55,2667),(62,464),(91,3244)]	18.323208
722	[(0,3251),(19,3492)]	21.451278
723	[(8,3213),(62,13),(71,3339),(83,1803),(86,392)]	19.971027
724	[]	16.486937
725	[(23,1620),(29,2867),(36,2165),(47,3750),(55,157),(56,2669),(70,3281)]	17.457312
726	[(36,2844),(50,1362),(51,787),(58,1359),(61,1611)]	17.074577
727	[(1,431),(6,2131),(7,1899),(11,259),(17,712),(20,1051),(25,3308)]	16.614108
728	[(40,3402),(47,201),(61,1730),(71,1934),(73,3701),(76,2427),(88,569)]	16.388255
729	[(37,1872),(49,856),(56,304),(69,1108),(78,2758)]	16.103744
730	[(21,630),(31,1063),(35,260),(36,3053),(68,2230),(75,1362),(76,787)]	16.153719
731	[(42,242),(53,693),(62,862)]	16.081154
732	[(63,3560),(70,1970)]	15.970077
733	[(39,2488),(67,2010),(77,2455)]	16.581930
734	[(2,3080),(26,3437),(45,943),(48,320),(50,1375),(53,3491),(88,824),(92,3248)]	16.142534
735	[(5,1239),(19,3032),(77,1897),(78,3054)]	16.009617
736	[(2,2560),(18,17),(42,1206),(54,1946),(58,169)]	15.831094
737	[(12,1594),(34,884),(42,2259),(44,3677),(58,2),(64,2175),(79,124),(86,352)]	16.383241
738	[(9,335),(13,287),(19,910),(20,189),(60,772)]	16.062718
739	[(7,2419),(38,703),(71,344),(87,2070)]	16.195784
740	[(8,1240),(20,256),(26,3654),(30,319),(39,2877),(40,1131),(81,2339),(86,3605)]	15.977524
741	[(2,3079),(20,40),(36,2681),(46,3282),(69,3111),(70,395),(88,2912)]	16.524216
742	[(67,2806),(86,251)]	16.063369
743	[(21,1989),(29,1764),(70,1406),(79,1150),(85,122),(88,2183)]	19.811824
744	[(8,783),(23,3303),(25,3225),(47,2347),(51,1298),(81,450)]	17.092326
745	[(49,2236),(64,2601),(81,2837),(86,2547),(91,2291)]	16.545982
746	[(22,2141),(46,2329),(66,1817)]	16.191567
747	[(69,3049),(73,1599),(92,1713)]	17.031230
748	[(6,1828),(22,927),(24,1919),(31,3113),(39,1281),(40,3538),(76,1657),(78,1704),(79,2939)]	16.403608
749	[(16,3666),(21,3012),(35,504)]	16.454473
750	[(12,558),(49,413),(52,1808),(63,825),(65,1138),(69,1526),(89,872)]	16.370643
751	[(21,1361),(69,1029),(70,2712)]	16.403340
752	[(21,2357),(38,2546),(42,3221),(49,2646),(60,2559),(61,1385),(80,2675),(90,2578)]	16.165077
753	[(6,3456),(25,968),(64,2874),(76,1074),(91,1977)]	16.181719
754	[(46,537),(48,1421),(49,2515),(62,1600),(63,406),(73,715),(81,699),(85,2876),(90,867)]	16.568656
755	[(49,2656),(68,3551)]	16.910306
756	[(5,2070),(9,2234),(18,1762),(25,2187),(29,1710),(61,871),(63,793),(73,1861),(81,3559),(82,874),(92,2046)]	17.424954
757	[(4,2567),(43,3457)]	16.066974
758	[(8,2732)]	16.016049
759	[(20,767),(45,1644),(73,1810)]	16.168795
760	[(1,2886),(26,516),(50,1924),(61,3257),(62,1618),(64,2337)]	16.145203
761	[(14,1828),(52,1095),(59,2605),(62,2456),(73,1792)]	15.988161
762	[(4,2136),(9,2985),(18,1654),(70,3151),(80,2809)]	16.009063
763	[(5,2338),(52,2189),(65,2029)]	15.880512
764	[(38,716),(64,719)]	16.475434
765	[(10,1489),(28,1429),(43,1357),(47,803),(51,914),(61,2606),(77,3678)]	16.174748
766	[(46,3574),(67,2986),(77,3355),(88,692),(90,1052)]	17.231477
767	[(9,88),(39,488),(42,3533),(47,3485),(50,3732),(83,789)]	16.180737
768	[(42,2902),(60,486),(64,2134),(69,3518),(77,1357)]	16.004692
769	[(2,470),(5,2456),(28,832),(35,1222),(39,1564),(47,3762),(79,2811),(85,3117),(88,2247)]	16.065141
770	[(18,2241),(30,2530),(44,3056),(60,3445),(69,2094),(86,3427),(89,3336)]	16.168262
771	[(14,1685),(48,2527),(49,3112),(55,3594),(57,2700),(77,852),(79,102),(91,1058)]	16.553170
772	[(14,1920),(19,2213),(20,234),(23,2801),(29,3441),(41,3574),(46,3165),(52,929),(71,1824),(73,1590)]	16.051308
773	[(8,1332),(42,814),(44,179),(48,2583),(53,2408),(55,3247),(61,2761),(69,861),(90,1022)]	15.819222
774	[(33,2393),(49,2019),(65,3560),(79,2990)]	16.579745
775	[(3,1537),(8,383),(51,2796),(75,2031)]	16.093400
776	[(3,3092),(32,3011),(37,3488),(69,3155),(73,2271),(84,633)]	18.003842
777	[(30,2477),(32,1717),(40,2826),(42,494),(47,3665),(55,50),(64,2970),(85,730),(90,3754)]	17.075839
778	[(1,3055),(4,3676),(6,1831),(20,1941),(42,1289),(46,2933),(48,2634),(57,505),(58,1609),(62,1550)]	16.980415
779	[(11,3724),(42,1082),(66,3202),(70,2522)]	33.905284
780	[(12,2533),(15,903),(56,3493),(60,801),(61,1691),(66,2780),(68,1988),(75,964),(84,1361)]	20.462334
781	[(4,1480),(18,2573),(26,861),(33,3626),(37,2258),(40,2657),(52,3313),(54,2295),(67,1521),(72,2442)]	25.180753
782	[(4,1190),(22,693),(32,1408),(34,1795),(55,1740),(67,1212),(75,1665),(82,3),(87,1169),(88,3212)]	33.750598
783	[(42,256)]	33.114691
784	[(16,3218),(27,1497),(35,233)]	36.187409
785	[(2,1457),(63,977),(74,2917),(77,473)]	33.233005
786	[(3,1275),(8,645),(9,1433),(13,3577),(14,3220),(26,2738),(47,2273),(75,1653),(81,3398),(85,189),(86,364)]	35.571312
787	[(35,604),(42,1475),(47,2799),(56,1421),(69,301),(75,3019),(77,1787),(87,1791)]	32.536075
788	[(46,1938),(57,3351),(83,3647)]	32.263580
789	[(6,3008),(41,3022)]	31.203426
790	[(3,1842),(14,2167),(34,2105),(43,3533),(55,2070),(63,2545),(72,340),(82,754),(91,3516)]	32.181302
791	[(17,2614),(67,1580)]	31.106483
792	[(59,2980)]	32.500915
793	[(30,2763),(34,958),(39,2526),(42,1783),(67,2690),(68,899),(81,2026),(82,2306)]	32.209088
794	[(13,2562),(15,653),(17,2755),(39,2091),(42,2406),(52,2194),(65,2374),(76,242)]	31.759189
795	[(27,2335),(49,2287),(84,1541),(90,3763)]	31.927512
796	[(68,2372),(73,2333),(76,3278),(77,1390),(80,1498),(88,654)]	31.770120
797	[(6,3759),(12,2067),(14,1386),(28,3038),(40,1655),(57,1704),(67,1487),(73,1950),(78,2558),(82,3029)]	32.307261
798	[(1,3186),(2,2716),(7,1164),(17,26),(64,699),(75,0)]	32.006997
799	[(1,551),(51,983),(69,114),(70,1258),(75,1449),(76,2764),(83,874)]	31.986541
800	[(5,437),(23,3642),(38,424),(56,829),(63,1867)]	32.448959
801	[(2,835),(44,1162),(51,2923),(68,3475),(81,1112)]	31.957801
802	[(12,3671),(29,268),(36,1602)]	31.708382
803	[(3,3092),(8,387),(24,1672),(28,1090),(35,388),(47,2695),(58,186),(60,2907),(68,2269),(74,1778)]	31.880111
804	[(25,390),(28,3212),(32,3052),(52,3057),(74,2231),(75,2904),(92,2854)]	32.049959
805	[(23,591),(37,3149),(57,1108),(66,2379)]	31.760437
806	[(1,2498),(10,2491),(31,225),(46,646)]	35.341990
807	[(25,3056),(30,1881),(35,3579),(61,134),(84,3381),(87,1659)]	32.066213
808	[(31,2274),(36,968),(60,2104),(64,261),(80,2106),(82,1997),(89,3610)]	38.212842
809	[(8,2144),(15,1822),(19,350),(20,929),(54,1027),(61,2880),(75,2924),(77,2004),(89,320)]	33.996184
810	[(2,2431),(9,2419),(33,1160),(45,2123),(73,2087),(74,2773),(79,1004),(92,3545)]	34.840131
811	[(14,1162),(21,3741),(45,1217),(60,3329),(77,1131),(79,2746),(87,112)]	47.720177
812	[(40,2298),(84,3550),(88,2026),(89,2306)]	45.481309
813	[(19,3296),(22,2571),(36,2972),(39,238),(63,2572),(70,2279)]	46.686502
814	[(33,3716),(77,2602),(84,2095)]	30.979031
815	[(21,422),(29,178),(31,2061),(38,3749),(81,2782)]	30.592381
816	[(3,3610),(46,2635),(70,276),(83,2970)]	30.697544
817	[(21,1434),(23,2844),(52,3450),(63,190),(67,3297),(76,762)]	30.630599
818	[(29,2944),(34,2997),(38,1503),(92,2258)]	30.620336
819	[(15,1624),(24,2312),(36,236),(72,2639)]	30.686886
820	[(9,3201),(13,1171),(14,2585),(33,3366),(52,1070),(56,889),(57,2957)]	30.793045
821	[(3,40),(50,3491)]	30.512993
822	[(20,1941),(26,1067),(46,2268),(61,1332),(91,2196)]	30.436857
823	[(1,2541),(37,674),(42,79),(75,2899),(89,874)]	31.495395
824	[(45,3737),(57,2437),(58,715),(80,3323)]	31.179578
825	[(23,730),(24,3530),(25,3608),(54,1933),(58,2036),(77,924),(83,2419)]	32.575826
826	[(8,1850),(13,2130),(22,1342),(34,1106),(47,1599),(50,1136),(56,289),(66,1268),(70,2895),(87,162)]	33.847670
827	[(11,3234),(47,3538),(60,2837),(66,3069)]	32.043912
828	[(15,1765),(51,3724),(76,2439)]	30.528141
829	[(21,3609),(34,3450),(44,2185),(52,1986),(59,629),(78,3198),(82,2775),(83,2577)]	31.760289
830	[(32,2201),(36,2311),(38,411),(56,3454),(64,3418),(72,2621),(77,2926),(84,3724)]	30.261279
831	[(1,2147),(53,3478),(79,1023)]	34.169499
832	[(20,3448),(67,1332),(71,656)]	32.681648
833	[(18,942),(26,2266),(32,2293),(51,3591),(78,1428)]	31.885745
834	[(24,2681),(33,1473),(38,1175),(54,945),(57,3755),(63,1409),(68,3485),(78,719)]	31.982866
835	[(7,1033),(21,391),(26,473),(45,547),(71,3265),(82,148)]	30.381318
836	[(11,3006),(29,1021),(30,70),(64,2459),(85,1618)]	31.611937
837	[(1,1235),(6,1436),(12,1934),(31,2774),(48,1839),(49,152),(58,486),(67,776),(82,1447)]	31.277216
838	[(30,204),(44,1811),(45,398),(55,2505),(88,294),(89,1098),(90,2447)]	31.167029
839	[(23,2684),(44,775),(49,959),(80,3362)]	34.526085
840	[(11,1363),(31,1791),(75,2051),(86,2943),(91,1367)]	32.663121
841	[(57,1633),(62,582),(74,2616),(81,1272),(82,315)]	32.747429
842	[(1,1566),(27,3574),(41,3217),(44,419),(83,3132)]	40.008561
843	[(13,2823),(31,1006),(38,2568),(64,3694),(70,2163),(88,521)]	33.238191
844	[(50,1977),(59,3729)]	32.751997
845	[]	34.933522
846	[(3,561),(23,1699),(29,2742),(31,1623),(40,2935),(56,3435)]	32.813763
847	[(19,479),(30,3662),(50,666),(86,165)]	33.142564
848	[(20,287),(37,774),(88,843)]	32.564847
849	[(7,1125),(13,1334),(15,1495),(58,2367)]	32.261734
850	[(10,2060),(17,3475),(38,215),(49,665),(56,3568),(57,3257),(83,2652)]	33.051738
851	[(10,3054),(17,2312),(24,641),(25,1299),(62,251),(69,2891)]	31.730359
852	[(4,517),(32,3072),(48,3560),(54,289),(72,1565),(74,2449)]	32.191598
853	[(38,3259),(46,2991),(47,563),(61,2846),(80,1903),(90,1619)]	32.041856
854	[(14,3133),(18,2737),(21,2770),(36,496),(68,3394),(78,376)]	32.642823
855	[(9,1416),(29,1125),(81,1981),(84,3411)]	32.341544
856	[(19,3724),(74,1364),(77,2331)]	32.233251
857	[(26,600),(35,965),(56,306),(57,1745),(90,2692)]	32.379403
858	[(1,1755),(20,3073),(27,1496),(56,1031),(57,3510),(71,2888),(87,840)]	32.275568
859	[(12,3231),(36,1846),(51,3124),(52,2010),(68,3026),(75,2778)]	31.999382
860	[(34,3160),(49,2561),(59,3294),(64,1491),(79,3610)]	32.280722
861	[(76,1875),(85,1116)]	31.847747
862	[(9,1086),(15,2345),(48,466),(63,2052),(70,443)]	30.986456
863	[(7,1002),(21,1647),(56,639),(74,388),(78,2376)]	32.399656
864	[(3,673),(18,246),(27,3351),(29,2326),(37,858),(44,577),(75,1797),(77,1276),(81,890)]	31.461347
865	[(9,1078),(30,2318),(32,2997),(34,1120),(38,3379),(47,1664),(52,268),(61,3528),(68,2310)]	32.413645
866	[(12,946),(15,865),(59,2645),(67,3010),(87,268),(89,641)]	32.177882
867	[(57,740),(88,3414)]	31.277856
868	[(4,1410),(14,2904),(22,5),(28,3542),(33,1470),(38,90),(57,1395),(66,1303)]	30.888862
869	[(9,2642),(22,2414),(24,719),(33,861),(71,3576),(86,3570)]	30.976167
870	[(21,2567),(27,3497),(30,855),(56,1621),(77,1985)]	33.223227
871	[(55,2438),(79,1542),(80,3684),(85,3515),(90,2841)]	31.201724
872	[(4,2331),(28,607)]	32.585681
873	[(6,261),(17,1480),(20,2259),(32,722),(66,826),(70,2494),(72,1431),(75,1424)]	37.792984
874	[(20,2533),(28,746),(38,2291),(55,993)]	32.468452
875	[(9,3735),(19,2665),(41,2233),(74,497)]	38.283869
876	[(2,1484),(8,1859),(48,521),(56,590),(64,0),(67,3167),(80,2273),(86,2243)]	37.224941
877	[(54,2099)]	29.720724
878	[(3,2182),(7,1302),(11,3554),(52,2045),(76,3192),(81,143),(83,1491),(85,1381)]	37.127433
879	[(0,442),(34,1396),(39,2371),(51,2788),(75,3503),(83,1280),(89,1736)]	40.420100
880	[(77,1491),(91,3002)]	37.894718
881	[(1,1795),(5,3421),(21,531),(90,2147)]	33.148089
882	[(22,822),(84,880)]	32.948575
883	[(13,3464),(29,1293),(41,2155),(69,2925),(84,1302)]	31.569608
884	[(55,1516),(63,2067),(76,3109),(78,2925)]	33.270022
885	[(13,1225),(52,3139),(61,2424)]	31.410942
886	[(5,2700),(18,2295),(22,737),(33,1736),(35,3330),(51,1390),(66,2135),(73,1628),(83,2710)]	32.111031
887	[(10,1539),(82,302)]	34.954648
888	[(19,2118),(22,3689),(26,3063),(34,1215),(74,124),(91,3733)]	34.215890
889	[(1,283),(3,2900),(6,1775),(15,3249),(27,2213)]	33.811118
890	[(21,3512),(50,1437),(61,3562),(74,2213)]	33.508910
891	[(8,806),(29,1630),(76,3460)]	29.791220
892	[(6,1900),(34,396),(75,2520),(86,1050),(90,895)]	32.723424
893	[(38,2469)]	38.690231
894	[(8,3512),(20,1595),(23,2985),(41,1761),(90,3696)]	34.142144
895	[(12,2895),(15,1521),(24,2176),(70,1229),(88,3537)]	33.517325
896	[(14,2047),(19,3287),(36,166),(61,1620),(63,3513)]	33.178630
897	[(12,2069),(28,471),(69,588),(70,472),(74,3211),(91,1718)]	32.955046
898	[(4,3705),(8,171),(26,653),(28,2755),(39,1259),(44,144),(45,968),(54,178),(68,2278),(75,2531)]	33.188637
899	[(13,993),(20,3048),(21,2584),(24,119),(55,1825),(61,3752),(84,787),(91,3750)]	34.045587
900	[(24,3170)]	33.757108
901	[(2,1273),(49,2161),(74,2698),(87,337),(89,2157)]	32.775078
902	[(35,1477),(65,1994),(73,2177)]	38.037293
903	[(6,1609),(25,1048),(67,1991),(69,161),(77,328)]	34.668370
904	[(5,1938),(15,783),(36,1010),(60,83),(65,1752)]	36.273877
905	[(14,3329),(67,1412),(72,1574),(84,1072)]	19.066118
906	[(29,1909),(57,3288),(59,2938)]	16.269368
907	[(0,3297),(1,1713),(17,1793),(20,3601),(27,812),(33,602),(52,664),(53,3619),(57,325),(64,2052),(65,2353)]	17.856562
908	[(0,1205),(8,3494),(37,355),(43,3576),(45,2955),(54,2191),(55,1760),(65,2456),(71,1530),(88,2650)]	16.986069
909	[(6,1886),(8,208),(28,350),(43,657),(53,900)]	20.259691
910	[(5,1599),(25,489),(28,3364),(38,3330),(41,2293),(59,3213),(73,3405),(79,2075)]	16.597826
911	[(36,2075),(60,230)]	16.273455
912	[(20,3752),(36,3462),(38,2318),(51,3349),(75,2562),(84,2056)]	16.918528
913	[(3,393),(26,1275),(30,888),(37,1008),(78,193),(80,1190)]	20.231063
914	[(7,3290),(39,972),(68,3760)]	22.152284
915	[(32,835),(33,2231),(39,2741),(56,2771),(70,3537)]	31.157899
916	[(14,1253),(22,701),(60,1622)]	15.996477
917	[(19,1257),(29,3685),(65,1730),(67,1582)]	16.211761
918	[(0,2744),(34,37),(35,2900),(38,3406),(59,1496)]	15.957070
919	[(30,3417),(34,19),(41,3003),(60,871),(65,2248),(74,62)]	16.499625
920	[(27,1996),(29,903),(60,1161),(63,2926),(80,1446),(90,2663)]	16.386091
921	[(26,1365),(43,1964),(58,3667),(72,2308),(73,128),(76,1220)]	16.731701
922	[(72,1833)]	17.427952
923	[(5,2147),(17,878),(18,644),(28,898),(55,2433)]	20.722856
924	[(13,1131),(32,1150),(33,2020),(75,35),(76,3429)]	16.791310
925	[(2,865),(6,2378),(81,2397)]	17.855940
926	[(1,506),(16,1951),(22,1975),(31,517),(45,339),(63,2874)]	16.182380
927	[(24,1841),(37,2517),(42,1379),(56,3149),(60,710),(63,551),(79,925),(81,3177)]	16.108183
928	[(29,164),(49,2343),(78,1090),(85,2443),(89,2437)]	16.077965
929	[(7,3160),(51,883),(70,3398)]	16.649384
930	[(19,163),(38,0),(48,3115),(58,3440),(74,3674)]	16.086823
931	[(6,679),(12,3357),(14,650),(30,1567),(42,2860),(57,770)]	16.136250
932	[(3,3662),(8,1065),(42,873),(45,3722),(65,1068),(90,3622),(92,3140)]	16.089342
933	[(10,3038),(12,2725),(17,976),(68,214),(78,1888)]	16.150723
934	[(67,2847),(74,206)]	16.184128
935	[(0,2980),(75,2243),(77,3374),(78,3706)]	16.123440
936	[(0,368),(7,1267),(9,2798),(12,2912),(17,1236),(21,335),(53,309),(56,2960),(72,3515),(86,694)]	16.555749
937	[(13,1761),(31,3314),(38,680),(39,43),(65,1875),(81,493),(83,1935)]	15.957284
938	[(11,2485),(51,3121),(85,1781)]	16.192185
939	[(7,1328),(40,3447),(41,397),(63,3531),(67,447),(72,200),(84,1839)]	16.205761
940	[(11,2217),(51,859),(71,3192),(79,1226)]	17.250594
941	[(25,3674),(79,1442),(84,3259)]	16.495488
942	[(41,2108),(60,2136),(72,2639)]	16.873689
943	[(19,2400),(41,3325),(45,2353),(50,1950),(73,147),(76,3410)]	16.203225
944	[(25,1517),(27,3536),(32,835),(52,3136),(78,809)]	16.232618
945	[(5,2555),(27,3032),(40,3582),(42,244),(49,1245)]	16.228321
946	[(0,2995),(3,2285),(5,1193),(17,2000),(20,1589),(27,1277),(51,2738),(65,1768),(83,2588)]	16.367652
947	[(14,2549),(19,1387),(27,472),(54,1921),(72,2808),(82,383),(83,1116)]	16.969564
948	[(12,1837),(14,3275),(17,3321),(23,102),(52,1788),(54,2349),(57,2271),(61,1955),(64,1491)]	16.059323
949	[(32,3129),(47,1483),(50,2838)]	16.095502
950	[(43,610),(49,1524),(52,83),(62,1775),(70,1087),(79,2860)]	15.912368
951	[(11,93),(15,2169),(24,1948),(44,1997),(45,2985),(48,1188),(70,2508)]	16.381628
952	[(24,2510),(28,244),(48,2491)]	18.303367
953	[(7,3282),(16,2356),(45,3094),(77,896),(80,895)]	16.280258
954	[(6,2951),(46,256),(66,2703),(75,3130),(81,112),(87,410),(92,2420)]	15.995035
955	[(5,2912),(30,260),(49,2870),(60,1412),(72,1347),(73,1912),(86,212),(92,2048)]	17.335285
956	[(15,2549),(31,2449),(82,315),(83,2263)]	17.936551
957	[(15,1039),(37,2746),(39,2660),(46,623),(67,813),(85,1492)]	22.109101
958	[(14,2178),(28,1977),(39,1301),(46,2600),(79,939),(82,3576),(86,2111)]	19.449057
959	[(14,674),(16,232),(33,1618),(34,1654),(57,341)]	16.569979
960	[(7,830),(25,3512),(26,345),(36,1733),(37,288),(64,2230)]	16.628456
961	[(3,886),(17,1700),(53,2667),(69,609)]	16.509579
962	[(13,2238),(75,2676),(79,1942),(87,1227),(89,2376)]	16.150231
963	[(10,3731),(11,697),(19,2392),(26,3115),(79,397),(85,1675)]	16.768763
964	[(4,1703),(28,2756),(29,2699),(44,648),(58,375),(60,3298)]	16.059033
965	[(8,3534),(49,3188),(51,1411),(65,2877),(67,680),(78,2110)]	16.909627
966	[(16,856),(42,950),(45,2785),(53,1888),(67,1106),(80,2332),(89,1898),(90,3575)]	16.249417
967	[(3,3112)]	16.550950
968	[(3,1156),(13,1025),(18,563),(25,1014),(68,1401)]	16.374981
969	[(12,2218),(29,2057),(31,2959),(39,3045),(57,3500),(65,1958),(71,658),(78,3262),(88,212)]	16.284502
970	[(12,1805),(14,2630),(64,1893)]	16.463351
971	[(15,1615),(41,2585),(57,1852),(68,2530),(71,2254),(88,3214)]	16.104349
972	[(2,1159),(4,3196),(16,1593),(22,2264),(28,1079),(35,3151),(47,2437),(70,2817),(80,1403),(87,2459)]	16.184351
973	[(9,2183),(11,2873),(43,1591),(45,2127),(51,3136),(53,3025),(54,3333),(77,2144)]	15.990778
974	[(6,1664),(19,3671),(25,3261),(46,3068),(57,3282),(60,2763),(87,3431)]	16.105171
975	[(3,1978),(26,892),(47,3054),(63,975),(72,2620),(81,2492)]	19.948051
976	[(8,968),(15,2762),(16,1692),(22,2710),(52,2630),(79,2054),(91,3240)]	31.167193
977	[(3,1373),(14,2287),(35,2356),(78,3570),(91,2464)]	16.851766
978	[(20,259),(74,1009),(82,2786),(86,3616)]	16.111111
979	[(5,2076),(66,34)]	15.962273
980	[(0,330),(1,444),(11,1805),(15,23),(26,3260),(27,150),(39,1615),(49,319),(57,3002),(68,3293),(69,3404)]	15.904406
981	[(13,637),(16,3529),(31,526),(32,376),(37,2078),(47,1882),(59,305),(64,555),(76,1237),(87,2246)]	16.058433
982	[(10,1523),(42,1252),(56,2802),(64,2549),(75,1241),(90,1530)]	16.465094
983	[(1,1507),(13,1309),(16,2432),(36,1294),(50,1810),(86,3081)]	16.651581
984	[(15,3467),(30,1854),(53,2032),(85,1097)]	16.206458
985	[(6,30),(7,645),(22,2043),(62,2101),(72,1372),(78,2469)]	16.109637
986	[(24,3033),(39,799),(76,3668),(79,3453)]	16.061804
987	[(15,1695),(45,3464),(76,873),(90,721)]	16.226290
988	[(7,3393),(31,2626),(38,1894),(48,2064),(59,32),(92,395)]	16.514967
989	[(9,904),(14,1641),(21,1002),(23,695),(48,2437),(49,715),(78,1393)]	16.630895
990	[(27,581),(41,1978),(68,3732)]	16.649544
991	[(17,2598),(43,1870),(47,185),(54,2634)]	16.096512
992	[(11,3570),(16,2307),(28,2120),(65,3738),(81,2302),(90,3062)]	16.104856
993	[(7,683),(24,233),(39,776),(77,828),(81,3268)]	16.006623
994	[(29,250),(70,302),(74,905),(78,778),(83,206)]	17.212322
995	[(22,56),(24,711),(30,2657),(34,2021),(65,445)]	16.130534
996	[(68,2534),(69,100),(86,3613),(89,1164)]	16.170394
997	[(7,46),(14,1541),(15,21),(21,405),(27,1412),(52,2453),(64,2359),(73,3446),(83,1086)]	16.170598
998	[(5,931),(7,1980),(65,3122)]	16.998416
999	[(11,2041),(25,2505),(44,3441)]	16.184163
