ruleset_index	matches	time_ms
0	[(27,618),(39,1442),(41,160)]	12.561158
1	[(9,881),(37,37),(41,1866),(52,5),(63,1169),(67,295)]	12.671138
2	[(84,1494),(85,343)]	13.014014
3	[(32,1693),(52,117),(79,1952)]	13.468850
4	[(41,713),(59,1337)]	13.569003
5	[(9,2041),(17,855),(18,235),(23,984),(36,1948),(37,1776),(48,1081),(83,274)]	14.531331
6	[(6,595),(64,977),(86,749)]	17.104299
7	[(40,742),(56,954),(62,1479),(73,647)]	14.255918
8	[(14,114),(25,342)]	12.633169
9	[]	13.193135
10	[(4,14),(11,1326),(23,88),(59,1204),(88,959)]	13.520763
11	[(14,1135),(32,388),(46,1904),(48,837)]	13.151103
12	[(4,1155),(11,442),(27,318),(58,1888),(89,609),(90,879)]	13.134429
13	[(32,1134),(41,384),(88,1552)]	12.650030
14	[(13,559),(36,66)]	13.177073
15	[(61,324)]	12.983815
16	[(13,173),(58,1562),(60,1574)]	12.752946
17	[(56,1587)]	12.658860
18	[(17,330),(57,1789)]	13.069648
19	[(19,625),(33,1915),(40,1050)]	12.569161
20	[(13,1696),(20,8),(82,518)]	13.995774
21	[(12,1406),(40,1584),(52,1778)]	13.005347
22	[(8,1599),(13,881),(20,395),(29,230),(30,1671)]	14.550462
23	[(23,1379)]	12.838503
24	[(17,1467),(64,1531),(73,818),(75,668)]	13.021262
25	[(10,1129)]	13.461424
26	[(29,880),(56,1846)]	14.621875
27	[(16,1867),(85,2081)]	13.051198
28	[(54,548),(69,1684)]	12.737452
29	[(16,1206),(25,291),(57,367),(58,2019)]	12.576742
30	[(29,1015),(67,679)]	12.675340
31	[(26,56),(33,865),(59,381)]	13.654082
32	[(25,786),(28,1050),(73,1271)]	13.199138
33	[]	19.480117
34	[(8,723),(72,288)]	25.998923
35	[(9,142),(28,127)]	13.921092
36	[(2,1737),(91,663)]	12.590344
37	[(49,504),(76,1739)]	12.774585
38	[(54,299),(62,600)]	14.632751
39	[]	16.816259
40	[(1,1755),(11,2064),(20,1660),(50,1468),(63,904),(80,1791)]	14.072443
41	[(11,1491),(28,83),(29,1016),(44,1027)]	12.606680
42	[(9,1787),(11,837)]	12.974530
43	[(49,2062),(56,1051),(63,1366),(77,1140)]	14.593503
44	[(3,1264)]	13.144957
45	[(16,354),(61,1234),(90,1429)]	13.718316
46	[(32,1917),(48,1134)]	13.300868
47	[(2,1930),(33,254),(38,380),(53,2003),(64,30)]	15.617679
48	[(5,16),(54,1797),(64,325)]	13.634189
49	[(64,984),(80,1658)]	12.588362
50	[(29,1888),(60,1914),(71,139)]	14.428529
51	[(3,1712),(11,446),(16,1054),(44,855),(45,235),(57,1474),(59,166),(69,291)]	13.275829
52	[(1,1407),(64,584),(69,1970)]	14.397399
53	[(88,2052)]	13.464625
54	[(8,1188),(58,665),(60,1208),(65,61)]	12.747787
55	[(9,398),(45,975)]	13.889724
56	[(21,675),(57,276),(63,910)]	21.571597
57	[(10,55),(11,1238),(28,505),(75,2018),(77,2053),(92,654)]	12.791039
58	[(12,456),(23,2031),(30,563),(48,83),(52,1094),(63,1982),(89,1659)]	13.761902
59	[(57,1360)]	12.707500
60	[(20,541),(32,1497),(45,988),(76,381)]	13.904301
61	[(39,1901)]	14.610747
62	[(17,2034),(18,209)]	13.382168
63	[(59,297),(76,1034),(77,417)]	15.752416
64	[(2,641),(34,1874),(54,608),(60,2021),(70,313)]	13.696282
65	[(24,89),(67,1176),(69,1844),(85,1590),(90,693)]	12.737501
66	[(15,217),(28,212),(57,388),(62,1352),(64,70),(84,211)]	12.854455
67	[(5,1990),(21,457),(48,894)]	13.461301
68	[(19,1062),(55,1334),(92,576)]	12.809657
69	[(80,612)]	12.800310
70	[(33,1821)]	12.499384
71	[(48,1991),(64,1059),(83,257),(85,1719)]	13.137184
72	[(9,1666),(14,803),(92,1534)]	12.563489
73	[]	12.699389
74	[(0,234),(2,1028),(17,1559),(18,557),(30,667),(43,1590),(66,65)]	12.870175
75	[(8,1221),(16,2050),(85,829)]	12.556758
76	[(16,1008),(50,663),(56,360)]	12.737918
77	[(0,1438),(61,2021)]	13.975115
78	[(82,555)]	12.522785
79	[(40,1095),(73,666)]	12.734815
80	[(20,1842),(71,142),(88,227)]	12.629193
81	[(35,892),(37,310),(84,1438)]	12.757769
82	[(7,1627),(20,1389),(30,747),(45,31),(52,1064),(63,39),(69,444)]	12.817065
83	[(16,1321),(18,1904),(21,2038),(65,691),(66,11),(84,1480)]	12.521701
84	[(65,982),(78,851)]	12.872170
85	[(65,1484)]	12.468107
86	[(15,956),(31,217),(67,408),(88,261)]	12.746805
87	[(5,1711),(14,1729),(35,306),(36,1016),(78,909),(87,1277)]	12.803338
88	[(23,945),(34,357),(60,579),(91,281)]	12.352570
89	[(46,892)]	12.583287
90	[(13,157),(23,490),(80,383)]	12.684465
91	[]	13.243250
92	[(1,975),(58,1108),(60,958)]	12.764190
93	[(66,1059),(89,843)]	12.468453
94	[(11,298),(51,138),(91,1940)]	12.716021
95	[(28,1899),(71,1304)]	12.660029
96	[(47,26),(48,2044),(59,178)]	12.693942
97	[(61,1635),(76,1986),(83,1786),(89,690)]	13.115289
98	[(14,45),(17,990),(90,1767)]	12.535738
99	[(40,21),(51,366),(59,2060)]	13.573139
100	[(52,663),(78,942)]	13.905093
101	[(53,361),(71,1550),(78,986)]	13.124809
102	[(6,485),(56,115),(59,1006),(77,1288),(86,906)]	12.940597
103	[(2,1672),(51,1138)]	12.616610
104	[(9,210),(27,1029),(63,375),(66,268)]	12.573985
105	[(12,202),(49,978),(84,198),(87,1051),(90,1929)]	14.403747
106	[(22,1601),(87,1480)]	12.661545
107	[(31,2013),(56,1685),(62,876)]	12.770987
108	[(9,386),(13,59),(56,2051),(62,2027)]	12.482235
109	[(18,519),(38,1292),(84,272)]	12.701996
110	[(17,1642),(61,1787)]	24.658028
111	[(69,789),(73,1351)]	24.697263
112	[(37,182),(58,129),(89,415)]	31.116040
113	[(19,1255),(28,2033),(34,1771),(57,254),(92,1998)]	29.882065
114	[(55,2054),(64,122),(78,2030)]	24.421328
115	[(11,1120),(30,700)]	27.766583
116	[(0,565),(7,452),(42,433),(77,1964)]	27.240159
117	[(31,1053)]	25.267376
118	[(63,342),(74,1639)]	25.703733
119	[(17,920),(21,285),(29,1988),(69,927)]	25.383894
120	[(10,414),(19,115),(28,1725),(31,1202),(53,819),(58,1484),(87,569)]	24.673346
121	[(45,1602),(62,1738),(89,1012)]	24.766747
122	[(58,1190),(63,983),(79,1114)]	24.829677
123	[(1,1110),(64,1475)]	24.748819
124	[]	24.113710
125	[(16,1679),(25,768),(74,866),(80,1355),(81,1330)]	26.582196
126	[(0,485),(8,790),(14,1596)]	27.117467
127	[(23,2009),(75,524)]	25.073712
128	[(5,1156),(51,1884),(92,353)]	25.236563
129	[(13,351),(54,1308),(84,1928),(86,271)]	25.005576
130	[(9,407),(62,1612),(66,1044)]	24.911148
131	[]	26.369134
132	[(43,1060),(69,2047)]	25.630786
133	[(15,1731),(21,1831),(27,769),(62,1123),(79,1884)]	26.904763
134	[(8,1878),(27,1365),(31,984)]	26.577523
135	[(31,816),(48,501),(90,1963)]	26.704177
136	[(0,557),(34,849),(42,701),(65,1809)]	25.904679
137	[]	25.470299
138	[(28,1502),(72,800),(80,1618)]	25.105495
139	[(54,2004)]	25.319375
140	[(24,24),(30,1367),(46,1488),(61,1965)]	25.170339
141	[(19,1638)]	25.184426
142	[(30,1339),(40,1020),(43,2036)]	25.014877
143	[(7,953),(18,1091)]	26.236925
144	[(12,1331),(13,175),(89,1989)]	26.800882
145	[(0,1368),(46,2072),(48,49),(63,1777),(76,1435),(81,1024),(83,1501)]	25.336959
146	[(0,1371)]	25.813679
147	[(25,1246),(39,1305),(64,712),(92,167)]	23.612451
148	[(41,1158),(66,528)]	25.308113
149	[(17,1498),(20,395),(22,857),(30,366)]	24.654970
150	[(19,703),(30,1696),(61,461),(75,881)]	30.427109
151	[(0,44),(38,150),(71,1857)]	32.175480
152	[(36,803)]	26.326459
153	[(45,943)]	25.731091
154	[(46,47),(60,750),(69,346)]	25.257716
155	[(3,1822),(13,540),(71,26)]	26.666020
156	[(15,987),(36,632),(48,2058),(78,883)]	25.228784
157	[]	24.347558
158	[(28,1053),(45,1857),(54,1174),(57,886),(74,1720)]	25.848946
159	[(14,1301),(16,687),(38,1800),(67,386)]	24.800307
160	[]	24.351359
161	[(4,903),(13,351),(78,718)]	24.459540
162	[(20,1004),(32,895),(55,649),(79,848),(82,1051)]	24.350338
163	[(0,838),(45,1639),(53,1991)]	24.609663
164	[(20,111),(55,22),(92,1318)]	25.562576
165	[(2,55),(76,1163)]	24.649463
166	[(20,409),(58,1377)]	26.088379
167	[(9,1143)]	28.231782
168	[(2,955),(56,1897),(69,1565)]	22.801987
169	[(20,1836),(30,1583),(50,841),(89,1512)]	26.157611
170	[(59,47)]	26.833981
171	[]	25.669595
172	[]	26.140989
173	[(2,1571),(40,998),(79,1420)]	22.312874
174	[(36,111),(71,1063)]	24.661958
175	[(5,1283),(8,87),(37,362),(59,1231),(60,1798)]	26.067930
176	[(32,698),(37,820),(51,73),(59,1064),(87,1627)]	22.400578
177	[(14,493),(77,1296)]	25.935764
178	[(20,1978),(21,1111),(27,1343),(46,1033),(62,1063)]	25.211179
179	[(7,1183),(13,114),(19,702),(39,895),(41,1952),(49,615),(76,1123)]	24.921660
180	[(46,1917),(49,1394)]	24.969404
181	[(13,1314),(47,724),(73,1384),(85,2035)]	24.874944
182	[(41,1250),(59,592),(60,611),(61,1017)]	23.630736
183	[(1,1913)]	24.308079
184	[(42,1115),(43,2082)]	24.483334
185	[(5,426),(22,1341)]	24.474580
186	[(40,906),(62,263)]	24.088314
187	[(2,1495),(5,568),(7,602),(11,1599),(28,1727),(58,985),(82,727)]	24.997768
188	[(10,822),(23,444),(50,963),(53,1166),(75,1345),(80,1184),(82,927)]	26.004672
189	[(1,1736),(20,611),(21,1017),(39,1577),(83,932)]	26.075742
190	[(7,1701)]	28.100800
191	[(25,1335),(42,1283),(81,1060)]	26.433624
192	[(31,1533),(66,1064),(80,1301)]	25.967792
193	[(2,1153),(9,787),(91,2063)]	28.096758
194	[(13,1391),(20,716),(89,699)]	25.802904
195	[(9,653)]	26.079171
196	[(3,1024),(7,420),(42,1717)]	25.177611
197	[(16,1968),(23,170),(41,1830),(59,560)]	25.119212
198	[(3,1042),(13,1394),(30,960),(37,195),(72,1474),(74,550)]	27.522030
199	[(24,763),(50,480),(71,1124)]	25.230444
200	[(4,1799),(31,1259),(44,46),(87,728),(91,301)]	25.091047
201	[(35,646)]	24.920409
202	[(1,1252),(50,588)]	25.175975
203	[(1,360),(39,48),(80,905),(81,1446)]	26.824732
204	[(8,1022),(54,240)]	24.892402
205	[(35,188),(48,1875),(91,1993)]	24.846066
206	[(64,539),(92,1632)]	24.871997
207	[(26,803),(27,1421),(50,947),(59,108),(85,598)]	24.884669
208	[(61,1828)]	26.799296
209	[(4,872),(56,1579)]	25.156591
210	[(39,665),(46,63),(85,678),(89,639)]	25.931844
211	[(25,1197),(47,886),(86,1225)]	23.857470
212	[(10,751),(37,1652),(48,211),(70,1480)]	24.607918
213	[(44,1791),(52,1158),(68,556),(79,38),(82,1595)]	25.871098
214	[(28,849),(41,746),(44,614),(64,1972)]	24.858862
215	[(13,1312),(29,1455),(53,1987),(56,890)]	24.596590
216	[(32,74)]	24.800788
217	[(39,788)]	25.070518
218	[(60,858),(67,63)]	24.468200
219	[(15,1431),(60,1609),(84,1458)]	25.274800
220	[(60,1536)]	24.279727
221	[(48,464),(51,700),(80,1287)]	25.760725
222	[(56,36)]	25.782608
223	[(12,1468),(14,1407),(27,618),(31,1828),(63,1219),(65,1195)]	25.310633
224	[(7,1190),(21,793),(45,1067),(47,1091),(57,754)]	24.876704
225	[(23,1093),(41,497),(76,752),(92,748)]	25.101573
226	[(12,1318),(37,1423),(79,319)]	24.854825
227	[(1,778),(85,1739)]	25.850071
228	[(4,1392),(31,653),(56,148),(85,980)]	25.504694
229	[(60,1284),(63,1731)]	26.295151
230	[(8,1856),(44,787),(55,1688),(56,942)]	25.236235
231	[(44,763),(58,364),(67,1703)]	24.056033
232	[(3,570),(23,977),(31,1105)]	25.216978
233	[(35,1647),(52,662)]	27.055996
234	[(11,39),(27,604),(73,1090)]	24.675832
235	[(11,207)]	26.454648
236	[(44,1142),(51,569),(54,86),(61,232),(74,30),(92,44)]	24.652805
237	[(32,560)]	30.273384
238	[(9,1051),(17,2065),(79,173)]	30.626111
239	[(15,268),(33,537),(75,1385)]	29.649848
240	[(10,1690),(13,756),(14,781),(17,946),(71,1006)]	30.589735
241	[(38,1950),(45,1884),(62,1018)]	27.681895
242	[(41,895),(62,2075),(76,105)]	28.287969
243	[]	25.178514
244	[(38,1376),(58,1093)]	24.470885
245	[(53,1633),(66,1907),(85,1546)]	24.102536
246	[(2,1231),(34,183),(39,2064),(60,2044)]	25.339461
247	[(9,1204),(14,44),(23,1815),(30,538),(71,631),(85,809)]	24.029589
248	[(0,765),(3,1267)]	25.814221
249	[(62,477),(90,717)]	26.270709
250	[(27,1427),(29,410),(73,1458)]	25.911754
251	[(29,1948),(30,1776),(59,214),(77,1049),(88,17)]	26.098653
252	[(42,377),(81,83),(82,1016)]	29.189252
253	[(23,965),(27,610),(45,644)]	27.792983
254	[(13,1990),(58,1538)]	27.890366
255	[(3,1933),(32,1697),(71,2064),(79,1530),(84,1516)]	26.185124
256	[(26,137),(48,1988),(56,576),(63,1301),(80,470)]	26.738415
257	[]	25.462410
258	[(61,1979),(63,1678)]	27.218615
259	[(20,1799),(57,1960),(76,957)]	27.334389
260	[(57,718)]	28.875111
261	[(8,354),(80,1214),(92,1239)]	28.716065
262	[(70,1881),(71,1382),(90,179)]	28.803613
263	[(20,726)]	28.727889
264	[(19,622),(21,433),(52,1131)]	25.556053
265	[(3,372),(26,757)]	25.261952
266	[(7,1129),(8,1079),(49,349),(50,227),(71,1188),(79,798),(87,361)]	26.287097
267	[(0,889),(58,1707)]	22.696821
268	[(10,30),(18,840),(46,1040)]	14.715726
269	[(39,930),(87,1844)]	14.248547
270	[(12,656),(43,727),(50,1833),(87,1630),(91,103)]	12.977389
271	[(2,1251),(41,1037)]	13.487058
272	[(6,838),(15,2028),(19,1345),(51,881)]	12.958306
273	[(8,1868),(92,1066)]	12.617791
274	[(28,1227),(72,1328),(82,624)]	12.705880
275	[(53,29)]	13.005946
276	[(59,1746),(88,954)]	19.510756
277	[(0,176),(32,800),(33,495),(56,702)]	14.379617
278	[(35,1531),(58,276),(82,1948)]	15.113072
279	[(11,1295),(29,787),(31,1254)]	14.508810
280	[]	14.106821
281	[(44,1267),(63,1140),(88,762)]	14.643340
282	[(24,330),(40,395),(71,1106)]	19.968684
283	[(3,2049),(34,1020),(49,783)]	14.270697
284	[(15,1626),(55,288)]	20.902061
285	[(9,97),(72,604)]	28.435158
286	[(28,1084),(74,1953)]	15.402454
287	[(56,1763),(61,1832),(67,780),(72,1212)]	14.127027
288	[(4,853),(27,1182)]	14.195168
289	[(1,1117),(18,51),(41,996),(71,1029),(79,1190),(90,646)]	15.894554
290	[(3,1574),(36,643),(55,901),(63,254),(64,661),(66,549)]	15.102350
291	[(25,1339),(56,1348),(66,844)]	14.076690
292	[(57,1964),(66,2028)]	14.285856
293	[(11,586),(28,1367),(74,2028),(79,319)]	13.985630
294	[(9,1079),(49,79)]	14.179650
295	[(73,1573)]	14.168361
296	[(16,1802),(34,1314),(49,1371),(57,68),(90,231)]	13.980396
297	[(58,1072)]	14.067551
298	[(68,200),(83,988)]	14.132462
299	[(0,1357),(21,237),(72,2054),(82,184)]	14.156219
300	[(3,2040),(19,782),(50,649),(88,1800)]	14.702207
301	[(7,25),(11,484),(17,237),(20,1187)]	14.282219
302	[(7,1560),(44,359),(86,303)]	14.389975
303	[(11,217)]	14.207485
304	[(3,1839),(6,427),(13,990),(14,535),(32,743),(37,278),(63,920)]	14.068942
305	[(53,844),(57,752)]	14.007105
306	[]	14.035053
307	[(0,960),(8,1220),(27,1375),(50,131),(53,1341),(55,1863),(71,1185),(76,392),(77,553),(90,1658)]	14.090485
308	[(54,465),(85,1789)]	14.376628
309	[(65,877),(77,1395),(88,675)]	14.555962
310	[(19,2055),(22,353),(82,1197)]	14.126755
311	[(21,674),(31,1774),(48,1208),(62,696),(64,191),(72,2011)]	14.149052
312	[(24,628),(27,1643),(28,2055),(40,362),(66,1978),(71,1240)]	14.316708
313	[(3,1733),(51,705),(55,1476),(61,1941),(77,1057),(89,1645)]	15.069072
314	[(54,61),(55,1047),(71,1388)]	14.634305
315	[(1,522),(13,26),(53,752),(62,607)]	18.476481
316	[(14,1987),(28,1860),(39,831),(51,1037),(90,665)]	16.329280
317	[(40,2022),(82,730),(87,954)]	13.042225
318	[(13,1047),(62,309),(69,1921)]	12.805842
319	[(46,1299),(53,845),(62,955)]	13.587602
320	[(6,1025),(17,815),(40,922),(77,2027)]	13.725463
321	[(38,1344),(40,154),(62,1111)]	12.786135
322	[(38,1568),(47,1029),(50,785),(57,233)]	13.779700
323	[(40,1296),(63,284)]	12.752488
324	[(57,49),(72,308)]	12.529185
325	[(17,1555),(18,1037),(27,1415),(41,1918),(59,715)]	13.232346
326	[(1,1581),(18,1547)]	13.317974
327	[(36,1883),(56,1265),(73,1362)]	12.457229
328	[(2,996),(55,1468),(58,1311),(72,1824)]	12.766597
329	[(22,1696),(52,369),(66,16),(88,108)]	13.296707
330	[(68,209),(88,1717)]	12.708935
331	[(34,1180),(82,912)]	12.818621
332	[(13,483),(52,326),(67,504)]	15.333817
333	[(13,578),(82,17),(87,915)]	12.711475
334	[(1,1267),(48,1912)]	14.901571
335	[(10,1657),(20,546),(32,622),(76,702)]	17.849609
336	[(16,1361),(20,1958),(51,2016)]	13.917168
337	[(68,1309),(83,961)]	12.553665
338	[(29,1236),(42,1225),(59,1527)]	13.111059
339	[(32,770),(60,1069),(89,1195)]	12.528995
340	[(8,917),(42,1530),(64,932)]	12.444318
341	[]	12.664666
342	[(2,700),(88,1565),(90,889)]	12.356039
343	[(2,56),(8,1349),(12,1886),(73,1692)]	12.739793
344	[(6,1588),(67,1678),(89,1025)]	12.606712
345	[]	13.607005
346	[]	12.778468
347	[(38,813),(71,65),(77,92)]	12.614616
348	[(49,1232),(64,104),(67,147),(91,296)]	12.867049
349	[(17,1710)]	13.226511
350	[(42,1864),(60,934)]	12.772850
351	[(8,316),(29,1928),(92,1557)]	12.872892
352	[(25,1889),(28,944),(43,770),(50,724),(73,1313),(88,470)]	12.678653
353	[(0,1286),(46,153),(54,898),(85,1445)]	15.300947
354	[(71,179),(73,2004),(78,824),(85,1337)]	12.706293
355	[(0,221),(6,1845),(79,1895),(90,1178)]	12.691184
356	[(32,67),(44,2011)]	12.874955
357	[(40,1799),(50,1375)]	12.927787
358	[(30,121),(67,1584),(76,0),(79,331),(90,1535)]	20.959146
359	[(6,1777),(64,956)]	23.845061
360	[(8,27),(44,1276),(61,681),(80,609)]	12.784367
361	[(6,867),(42,530),(73,635),(82,1071)]	14.420306
362	[(24,1737),(58,612),(83,361)]	12.747745
363	[(31,122),(66,807),(68,1962),(70,904),(79,1937)]	12.484905
364	[(86,1981)]	12.631680
365	[(12,787),(38,1931),(63,2011)]	12.450563
366	[(28,629)]	13.209473
367	[(29,10),(75,1081),(79,1378)]	16.476663
368	[(32,1013)]	15.158188
369	[(4,271),(65,2083),(86,1641),(90,1520)]	13.909125
370	[(43,1308),(77,1880)]	12.690832
371	[(67,1191)]	12.540157
372	[(7,2017),(34,49),(69,1973),(73,294)]	12.513634
373	[(10,1867)]	12.603849
374	[(39,1084),(41,658),(74,355),(91,1764),(92,1356)]	13.461488
375	[(7,1251),(60,532),(70,1748),(79,228)]	14.800118
376	[(5,1318),(39,464),(46,598)]	12.707137
377	[(49,1954)]	12.591742
378	[(80,924)]	12.538870
379	[(20,556),(30,1495),(62,380),(69,1550)]	12.545750
380	[(26,1257),(30,1173),(71,848)]	13.232257
381	[(12,128),(60,1688),(92,1385)]	12.950509
382	[(1,1232),(38,411),(83,218)]	12.671882
383	[(34,4),(50,490),(82,803)]	12.893716
384	[(8,1397)]	16.372115
385	[(17,961),(19,1457),(52,803),(63,1993),(68,250)]	12.796167
386	[(2,515),(24,1595),(61,1593),(70,884)]	17.029163
387	[(7,134),(39,773)]	13.589218
388	[(9,469),(88,391)]	13.453830
389	[(9,690),(41,2033),(83,895)]	12.771471
390	[(1,1166),(46,619),(47,1797)]	12.705499
391	[(61,1247)]	12.558935
392	[(11,1342),(41,1021)]	12.783080
393	[(12,489),(61,369)]	12.688602
394	[(14,943),(21,1085),(60,127)]	12.821266
395	[(28,1698),(30,1658),(39,1395),(91,840)]	12.565555
396	[(51,1253),(62,1730),(69,2063)]	12.647769
397	[]	13.450025
398	[(21,1193),(41,115),(46,1125),(67,984),(91,1872)]	12.503197
399	[(62,678),(75,310)]	12.732789
400	[]	13.587124
401	[(66,81)]	12.865809
402	[(14,1239),(26,949),(31,63),(57,2035),(89,1710)]	12.964385
403	[(10,947),(27,496),(32,1560),(44,1195),(59,103),(78,14),(89,719)]	13.358888
404	[(25,1783),(54,258)]	15.588028
405	[(6,1842),(68,107)]	13.245180
406	[(3,1799),(30,943),(37,1386),(52,345),(73,1785),(84,296),(90,713)]	12.934637
407	[]	12.617422
408	[(4,1757)]	16.102676
409	[(37,365),(38,840),(76,725),(81,1691)]	17.044206
410	[(6,1093),(25,1135),(27,1027),(41,2034),(42,209),(68,1880)]	13.508244
411	[(81,1397)]	13.217611
412	[(14,1246),(26,1533),(32,1951),(78,1714),(79,533)]	13.157443
413	[(85,1053)]	14.477707
414	[(39,912),(45,449),(72,1019)]	13.809812
415	[(6,1752)]	15.504577
416	[(15,777),(25,585),(36,875),(67,164)]	13.566670
417	[(8,999),(66,809),(81,1137),(85,26)]	14.040427
418	[]	13.969852
419	[(34,998),(51,2073)]	12.598587
420	[(22,1305)]	12.537883
421	[(3,1805),(8,1023),(40,1055),(68,1900)]	12.446358
422	[(33,1978),(40,456)]	12.648105
423	[(32,1552)]	12.713730
424	[(49,584),(89,1718)]	13.078370
425	[(9,1528),(46,103),(49,14),(78,1602)]	13.546901
426	[(37,1505),(40,428),(75,828),(87,262)]	15.206272
427	[(14,398),(42,1638),(58,362),(66,1195),(87,1338)]	13.065247
428	[(61,792),(71,245)]	12.708269
429	[(57,242),(74,620)]	13.115577
430	[(27,1220)]	12.655089
431	[(9,90)]	12.802625
432	[(19,364),(31,593),(37,8)]	13.748691
433	[(17,1241),(29,474),(31,1477)]	12.850054
434	[(41,1384),(76,1307),(86,142)]	19.617917
435	[(2,1806),(32,691),(33,11)]	25.018830
436	[]	13.731728
437	[(7,54),(27,1799),(39,369),(59,979),(82,1906)]	12.846576
438	[(50,221)]	12.813468
439	[(1,294),(7,2051),(12,227),(18,1569),(40,284)]	13.481239
440	[(59,504),(63,1238)]	13.570850
441	[(90,1794)]	13.202685
442	[(12,1437),(31,305),(42,2010),(90,1864)]	12.674588
443	[(5,1924),(18,1255),(91,1553)]	12.723661
444	[(41,1611),(76,217)]	12.589214
445	[(32,565),(46,703),(47,1548),(62,1891)]	13.629067
446	[(22,1447),(40,142),(89,540)]	13.058541
447	[(22,285),(81,1030),(90,1577)]	13.861187
448	[(3,1535),(5,134),(48,1647),(60,983),(90,1917)]	12.578878
449	[(18,778),(26,1416),(35,1451)]	13.397282
450	[(8,301),(16,551),(26,1680),(28,348),(65,1053),(70,1691)]	12.824506
451	[(7,1733),(79,809),(88,1992)]	12.959142
452	[(62,1725)]	12.400216
453	[]	12.709147
454	[(31,215),(50,1364),(79,1718),(83,309)]	12.455559
455	[(0,1900),(36,489),(80,1472)]	12.575830
456	[(0,1229),(12,66),(16,1971),(42,694),(87,1836)]	12.604943
457	[(49,2079),(72,372),(82,1952)]	12.350012
458	[(41,230),(80,2007)]	12.597603
459	[(48,342),(64,1163)]	12.396950
460	[]	12.420034
461	[(8,1500),(18,1951),(45,1796)]	12.807155
462	[(43,620),(57,1472),(73,747)]	12.333173
463	[(29,2058),(56,1654)]	12.527558
464	[]	12.438000
465	[(19,929),(27,495),(83,909)]	12.694046
466	[]	12.497721
467	[(83,128)]	12.426473
468	[(8,983),(10,1451),(42,1205),(55,1448)]	12.805865
469	[(51,454),(79,1633)]	12.700734
470	[(16,417),(24,123),(77,625),(84,598)]	13.309347
471	[(8,1837)]	12.691668
472	[(8,1485),(20,1669),(33,511),(35,1422),(47,1937),(49,843),(60,16)]	12.546888
473	[(26,2006)]	13.095864
474	[(65,555),(70,68),(75,1751)]	12.846926
475	[(27,832)]	12.691112
476	[(67,525)]	12.633939
477	[(3,633),(66,1215),(84,1262)]	12.522223
478	[(13,1948),(21,1822),(37,1521),(43,1252),(59,560)]	13.979588
479	[(35,839),(60,1714)]	13.660181
480	[(28,778),(38,844),(81,1110)]	12.615800
481	[(40,1810),(67,398),(89,1978),(90,1111)]	12.410905
482	[(74,1854),(78,1822),(80,487),(85,187)]	12.869157
483	[(26,1624),(56,1962),(63,472),(71,1261)]	15.623742
484	[(11,347),(56,309),(62,1731),(67,1769),(77,288)]	17.798716
485	[(23,1807),(82,146)]	13.162670
486	[(0,1517),(12,626),(44,827)]	13.028678
487	[(8,643),(43,326),(50,1412),(65,1491),(71,414),(91,118)]	13.689008
488	[(37,12),(79,1732),(82,1253)]	12.585636
489	[(8,1592),(9,684),(39,1380),(56,1228),(64,197)]	12.352238
490	[(10,278),(14,750),(24,934),(77,1549),(80,1629)]	13.537744
491	[(55,430),(71,1944)]	14.300480
492	[(69,890)]	12.712835
493	[(7,2002),(23,1454),(58,1568),(66,1980),(75,1297)]	17.589116
494	[(25,1352),(59,790)]	12.708769
495	[(11,637),(20,305),(69,1662),(71,640),(85,1290)]	12.487805
496	[(5,1882),(20,1131),(49,1433),(62,2087)]	12.570542
497	[(52,1549),(66,1579)]	12.495270
498	[(16,643),(51,447),(55,762)]	12.525484
499	[(39,1435),(61,1691),(87,419)]	12.931005
500	[(16,1357),(29,863),(62,241),(87,571)]	13.580405
501	[(13,626),(34,1884),(47,39),(90,503),(92,1954)]	15.468828
502	[(31,648),(49,1626)]	13.168599
503	[(40,1351),(55,175)]	12.792898
504	[(43,568)]	12.651247
505	[(90,1098)]	12.434481
506	[(9,1590),(35,1761),(66,1841),(84,1650)]	12.781487
507	[(38,1538),(80,1860)]	12.597328
508	[(27,590),(89,644)]	12.448546
509	[(1,1082),(26,989)]	12.589833
510	[(4,645),(66,1110)]	12.525929
511	[(4,1979),(32,1239),(47,753),(61,434)]	14.643215
512	[(4,1801),(12,1997),(17,1385),(49,1527)]	19.411399
513	[(67,813),(73,466)]	25.119671
514	[(30,1084),(43,1163),(72,1043),(90,759)]	14.119222
515	[(25,1828),(36,1972),(37,283),(40,1004),(41,63),(62,1875),(68,919),(84,1428)]	13.437854
516	[(35,1085),(54,1097),(67,1423),(68,1665),(89,1933)]	13.001455
517	[(18,1539),(24,1539),(37,1328)]	15.214646
518	[(1,866),(8,340),(56,726),(81,238),(84,2029)]	12.699401
519	[(6,781),(55,1574)]	13.025555
520	[(9,449)]	13.244708
521	[(80,1790)]	12.553935
522	[(27,855),(32,494),(80,1515),(86,1385)]	12.979748
523	[(15,226),(77,991)]	13.676432
524	[]	12.968122
525	[(21,1193),(65,1760),(74,956)]	13.011875
526	[(28,622),(31,1549),(60,736)]	12.649410
527	[(7,2046),(8,264),(13,1061),(54,1583),(90,1517)]	12.626874
528	[(0,1206),(5,1422),(27,1409),(34,588),(53,1562)]	12.471249
529	[(12,861)]	13.071679
530	[(7,2044),(34,1314),(90,252)]	12.972788
531	[(52,51)]	13.651725
532	[(11,1588),(27,1398),(50,635),(64,1174),(88,354)]	12.719581
533	[(8,1904),(19,1490),(35,14),(41,16),(55,2067),(65,1776)]	12.538313
534	[(27,1256)]	12.774997
535	[(3,740),(34,2015),(49,1062),(67,984)]	12.885908
536	[(64,481)]	12.947500
537	[(25,1978),(36,1310),(68,637),(76,1015),(84,1967),(90,1249)]	12.699364
538	[(37,170),(46,1623),(90,2050)]	12.926456
539	[(37,283),(48,705),(75,1389),(86,2036)]	12.878517
540	[(23,14),(33,1901),(41,1201),(66,934)]	12.490549
541	[(70,1091)]	12.627578
542	[(70,872),(76,301),(84,496)]	12.486801
543	[(4,1979),(27,980),(34,242),(44,1305),(75,956),(80,52),(82,1619)]	13.237408
544	[(57,1066),(83,1678)]	12.506890
545	[(53,1375),(56,1527),(70,1308),(78,667),(86,1493)]	12.415730
546	[(9,1390)]	12.595108
547	[(84,309)]	12.565354
548	[(31,1613),(52,1020),(71,1254),(82,1266)]	12.669418
549	[(0,1601),(27,39)]	12.820318
550	[(8,2027),(59,775),(63,2063),(85,1703)]	12.805395
551	[(46,1195),(49,1881),(64,328),(88,1425)]	12.669977
552	[(3,1168),(43,1674),(65,871)]	12.466184
553	[(4,1529),(19,1482),(32,1966),(38,919),(63,1795)]	14.638936
554	[(56,972)]	12.834207
555	[(2,1751),(15,1),(25,705),(32,2064),(44,2019),(89,1332)]	12.790014
556	[(32,1149),(67,1829),(70,560)]	12.520686
557	[(22,1636),(25,982),(34,1925),(70,240)]	14.838638
558	[(30,889)]	17.739775
559	[(90,1286)]	14.787900
560	[(70,1246)]	12.785326
561	[(19,1670)]	12.648046
562	[(6,103),(31,1376),(71,1926),(85,1267)]	12.598530
563	[(70,1024),(81,543),(87,1357)]	12.441799
564	[(2,1563),(54,606),(63,394),(72,1061)]	13.115258
565	[(49,722),(54,489),(79,1134)]	13.427247
566	[(45,370)]	12.680601
567	[(9,1620),(28,413),(36,68),(66,1513)]	12.813586
568	[(10,1689),(92,1800)]	13.350785
569	[(9,1655),(26,1107),(41,732),(81,1237)]	12.619641
570	[(9,1438),(40,1347),(81,1200)]	12.540070
571	[(9,851),(34,732),(36,1148),(62,1847)]	12.506776
572	[(9,1826),(10,1465),(20,586),(22,337)]	12.744523
573	[(7,575)]	12.517808
574	[(20,515),(52,772),(91,1342)]	13.017643
575	[(5,1021),(12,681),(22,845),(45,1298),(51,342)]	13.428898
576	[(3,926),(82,139),(89,1439)]	13.098655
577	[(73,111)]	15.163795
578	[(35,957),(39,835),(54,1580)]	15.284228
579	[]	12.708196
580	[(10,1108),(47,1646),(49,1640),(50,105)]	12.563357
581	[(0,1256),(6,1637),(67,486),(73,1126)]	13.982996
582	[(48,795)]	16.886284
583	[(37,1985),(65,924)]	13.472159
584	[(20,1674),(55,790),(70,1634),(84,923)]	12.604361
585	[(33,1302)]	12.775820
586	[]	18.003637
587	[(19,320),(40,637),(55,1557),(56,443),(77,54),(91,701)]	12.764970
588	[(49,678),(62,411),(69,55)]	12.665158
589	[(12,521),(85,1667)]	18.216515
590	[(1,1851),(20,442),(21,1622),(32,214),(45,1852),(67,697)]	25.326764
591	[(38,1247)]	13.755605
592	[(13,1618),(18,560),(36,1598),(52,66)]	12.815941
593	[(59,35),(78,1003)]	12.751210
594	[(54,848),(69,66)]	12.417100
595	[(7,913),(23,1963),(33,130),(83,1655)]	12.546521
596	[(10,626),(35,954),(78,110),(82,1860)]	12.891342
597	[(72,1433),(77,233)]	13.095817
598	[(3,317),(4,911),(92,357)]	12.685484
599	[(57,805),(92,1761)]	12.555259
600	[(33,1478),(51,433),(54,1146),(61,1780)]	13.091807
601	[(0,1410),(55,542)]	14.112164
602	[(0,580),(11,176),(13,2036),(57,1541)]	13.582002
603	[(84,1796),(86,1960)]	13.946452
604	[(4,717),(72,1749),(73,731)]	13.789069
605	[(0,1280),(34,772),(57,1994),(89,94)]	13.290583
606	[(7,1244),(24,85),(55,544),(60,245),(76,1707),(84,653)]	12.946459
607	[(45,1192),(70,628)]	12.751569
608	[(25,136),(28,1496),(87,1936)]	12.897924
609	[(50,33),(91,68)]	12.679532
610	[(16,340),(22,1466),(51,1738)]	12.841462
611	[(11,1042),(49,1624),(78,1986)]	13.111058
612	[(18,2047),(43,1990),(71,2046),(80,90),(89,1653)]	12.903964
613	[(16,882),(29,456)]	12.647848
614	[(31,775),(57,86)]	12.823581
615	[(11,14),(17,831),(39,102),(45,1688),(72,1910)]	13.112188
616	[(30,297),(46,1610)]	14.493307
617	[(2,2025),(74,1005),(92,2006)]	14.398840
618	[(0,2079),(1,2073),(17,1068),(62,546),(80,1020)]	16.331243
619	[(28,2067),(31,271)]	12.895633
620	[(21,1836),(53,376),(73,483),(76,491),(91,258)]	12.695404
621	[(2,1828),(39,1818)]	12.735436
622	[(63,917)]	12.595388
623	[(8,1936),(16,1349),(64,1322),(77,1964),(92,747)]	12.891044
624	[(33,1329),(56,1541),(59,478)]	12.606467
625	[(0,635),(31,631),(38,792),(72,62),(89,288)]	13.271777
626	[(8,101),(20,1715),(45,801),(79,1849),(88,462)]	12.498381
627	[(57,825),(58,913)]	13.464977
628	[(16,775),(80,207),(83,459)]	12.517000
629	[(35,873),(45,892),(54,312),(69,1488)]	12.611588
630	[(34,1308),(36,1711),(53,1757),(89,1111)]	13.833592
631	[(37,1601)]	15.567614
632	[(15,688),(33,70),(41,688),(59,1384)]	17.567970
633	[(0,1548)]	14.017261
634	[(20,708),(24,1537)]	13.133456
635	[(6,1070)]	13.335218
636	[(10,680),(19,1854),(33,258)]	12.678366
637	[(15,1870),(32,679),(37,1553),(74,852),(76,1520),(82,1999),(85,1761)]	12.995057
638	[(85,373),(87,85)]	13.184563
639	[(11,407),(66,410)]	13.314847
640	[(0,1215),(38,1325),(44,90)]	13.066772
641	[]	12.766742
642	[(2,1071),(52,1404)]	13.640339
643	[(49,890),(72,1444),(80,1890),(81,605)]	12.723146
644	[(4,1040),(38,296),(45,783),(55,1385)]	13.328778
645	[(51,577),(64,1896),(69,515),(85,1480),(86,13)]	13.448832
646	[(28,168),(44,572)]	13.444214
647	[(44,924),(72,1617)]	12.653277
648	[(24,1147)]	13.209970
649	[]	13.078849
650	[(11,1468),(31,777)]	14.886894
651	[(92,1792)]	13.283258
652	[(0,1583),(11,378),(27,1893),(65,1449)]	12.682557
653	[(6,1509),(14,1494),(27,1088),(54,1834)]	13.168295
654	[(10,905),(52,992),(57,1471)]	13.169188
655	[(10,1754),(19,696),(20,1432),(45,573),(49,1614),(57,512)]	12.896350
656	[(82,141)]	12.788856
657	[(27,1280),(41,570),(46,875),(81,1048)]	12.413006
658	[(21,1840),(91,529)]	12.475323
659	[(35,51),(90,569)]	12.626124
660	[(3,412),(22,688)]	14.256741
661	[(5,957),(28,1751)]	14.951837
662	[(19,408),(31,217),(59,826),(79,1507)]	12.700997
663	[(1,421),(13,263),(28,2002),(68,1498)]	12.885419
664	[(19,611)]	12.620424
665	[(0,1822),(27,841),(43,65),(68,221),(86,2068)]	12.469870
666	[(2,1816),(11,1947),(22,775),(35,1622)]	18.281473
667	[(0,1261),(44,1093)]	25.068044
668	[(33,1809),(74,653)]	13.549345
669	[(29,152),(32,221),(73,1929),(81,490)]	12.411466
670	[(41,366),(68,119)]	13.301619
671	[(14,1146),(82,1855)]	12.567768
672	[(4,407),(34,336),(75,1977)]	12.644573
673	[(11,2033),(36,978),(63,1054)]	13.242879
674	[(21,1178),(33,1987)]	12.641728
675	[(5,500),(21,403),(57,1428),(62,1464),(63,1482)]	12.811519
676	[(17,1790),(19,1605)]	12.572571
677	[(11,566),(37,425)]	12.390096
678	[(31,733),(35,971),(59,1233)]	12.804674
679	[(1,182),(27,996),(58,770),(88,584),(90,1060)]	12.456609
680	[(18,653),(57,1854),(63,1305),(71,1922)]	12.875471
681	[]	12.489449
682	[(11,1068)]	12.438364
683	[(43,720),(87,1002)]	12.789088
684	[(36,1858),(39,786)]	12.945136
685	[(13,578),(33,578),(39,51),(83,45)]	12.720875
686	[(11,1535),(20,2008),(21,533),(66,1756),(91,2056)]	12.608724
687	[(44,1230)]	12.746024
688	[(20,894),(28,1007),(85,1682)]	12.574548
689	[(4,536),(52,1920),(56,373)]	12.371027
690	[(2,1683),(24,1240),(30,1372),(57,953),(83,280),(89,45)]	12.541766
691	[(27,642),(66,1085),(77,1301),(79,532)]	12.796097
692	[(0,216),(82,1376)]	13.043273
693	[(38,19),(87,1392)]	13.017293
694	[(38,1624),(75,1635),(83,591)]	12.629075
695	[(38,424),(75,1155),(87,203)]	12.740009
696	[(46,283),(70,1944)]	12.586576
697	[(2,2039),(17,207),(55,1949),(78,484)]	12.599334
698	[(10,906),(44,1143)]	12.803582
699	[(6,1426),(9,1124),(66,991)]	12.475468
700	[]	13.534304
701	[(16,66),(33,40),(52,1543),(80,474)]	12.859289
702	[(12,325),(14,587),(70,750),(82,408)]	13.330256
703	[(1,952),(26,369),(55,411),(60,1536),(79,1036),(86,1232)]	13.043670
704	[(17,199),(29,1562),(43,1253),(81,1445),(92,292)]	13.025418
705	[(34,428),(67,1047),(71,1528)]	12.538030
706	[]	14.107664
707	[(22,116),(23,1757),(60,1308),(75,1429)]	16.985594
708	[(73,1758),(77,879)]	14.890281
709	[(17,1645),(32,2),(51,740),(53,537),(59,1103),(68,1068),(83,879)]	12.718026
710	[(56,1106),(73,608)]	12.685602
711	[(4,1812),(15,2066),(25,1875),(31,953),(35,1276)]	12.596355
712	[(0,992),(56,284)]	13.119000
713	[(15,20)]	12.730591
714	[(7,181),(32,1177)]	13.110199
715	[(3,1320),(40,113)]	13.649208
716	[(35,736),(52,1786),(82,1355)]	13.911929
717	[(2,1875),(3,1795),(21,1882),(74,614)]	13.911818
718	[(48,1140),(74,698),(78,331)]	15.182990
719	[(56,754),(64,639)]	13.239879
720	[(31,425)]	12.475700
721	[]	13.185213
722	[(27,1332),(49,321),(59,829)]	13.128549
723	[(14,1751),(15,1939),(19,1952),(46,1505),(77,221)]	13.431601
724	[(24,288),(29,127),(34,222),(78,1302)]	12.928672
725	[(20,686),(57,1612),(62,1754)]	12.898640
726	[(22,111)]	15.202658
727	[(0,1718),(36,802)]	12.772129
728	[(33,1587),(50,198)]	14.571920
729	[(15,974),(40,1300),(80,1560),(89,1586)]	12.506711
730	[(17,775),(80,520)]	13.391191
731	[(35,301),(65,1923)]	13.968983
732	[(30,333),(57,1566)]	12.497190
733	[(9,416),(28,414),(59,1009),(85,909)]	12.829028
734	[(63,437)]	12.704493
735	[(64,1827),(71,648),(83,1121)]	14.286841
736	[(0,74),(33,63),(61,839)]	13.036364
737	[(6,389),(31,573),(40,368),(42,1990),(61,779)]	12.695633
738	[(0,389),(12,934),(28,774),(54,1281)]	13.218956
739	[(87,1206)]	14.786924
740	[(61,166)]	13.146983
741	[(1,1453),(5,1193),(6,916),(8,972),(42,76),(47,259),(58,1350)]	12.706565
742	[(6,726)]	12.667381
743	[(29,1527),(83,1274)]	12.705393
744	[(4,777),(45,1565),(55,887),(80,1399)]	20.904756
745	[(24,472),(28,1035),(43,186),(46,3),(70,704)]	22.829805
746	[(15,415),(90,1859)]	12.930187
747	[(4,583),(18,178),(20,328)]	12.739328
748	[(4,59),(28,708)]	13.175245
749	[(28,1084),(30,658)]	12.973808
750	[(19,351),(62,1494)]	12.958150
751	[(29,107),(54,454)]	12.772152
752	[(14,1879),(65,315),(90,1319)]	13.123764
753	[(19,2041),(41,1890),(42,605),(48,910)]	13.051742
754	[(63,938)]	13.744590
755	[(7,1460),(10,1597),(14,1214),(17,1462),(34,362),(46,303),(67,306),(68,1016),(92,419)]	13.325707
756	[(1,344),(5,1206),(26,1453),(30,1040),(91,1898)]	12.632748
757	[(23,1754)]	13.245493
758	[(6,508),(51,846),(54,1480),(55,13),(62,2041),(77,2064)]	12.827505
759	[(58,1167),(91,1879)]	12.950630
760	[(21,737),(38,839),(49,1173),(65,19)]	12.778918
761	[(8,439),(63,1886)]	12.793861
762	[(16,1851),(31,328),(36,960)]	12.865256
763	[(0,152),(21,417),(78,1652),(81,135)]	12.954129
764	[]	12.833633
765	[(11,255),(26,1926),(30,798),(62,1244),(74,873)]	12.569632
766	[(10,1768),(28,868)]	13.149319
767	[(48,1133),(65,53),(90,336)]	12.750847
768	[(0,1661),(41,1558),(90,1299)]	12.788178
769	[(25,485),(81,308)]	12.691249
770	[(49,1139),(91,1340)]	12.646675
771	[(72,461),(77,69)]	13.065413
772	[(82,911)]	12.856510
773	[(31,1572),(43,1093),(80,1224)]	12.776996
774	[(9,1002),(57,1955),(91,732)]	14.606785
775	[]	14.047649
776	[]	14.805264
777	[(65,1980)]	14.260815
778	[(47,705),(81,1323)]	14.223337
779	[(12,1356),(33,1859),(74,1542)]	14.223806
780	[(7,219),(63,792)]	16.980758
781	[(68,1426)]	17.730782
782	[(12,1709),(29,934),(42,1916),(73,472)]	13.287618
783	[(35,326)]	12.490749
784	[(30,51),(45,1634),(49,450)]	12.793717
785	[(10,725),(18,1558),(22,773),(26,8),(29,1747),(44,1628),(62,1773)]	12.660086
786	[(23,1554),(63,895),(83,1385)]	12.534427
787	[(13,1168),(23,362),(33,1004),(66,441)]	12.604669
788	[(68,705),(83,1298),(85,1209),(88,373),(91,1749),(92,1749)]	12.591396
789	[(0,1372)]	12.443420
790	[(19,699),(37,987),(45,845),(49,484),(55,1206),(64,406),(72,596),(86,1207)]	14.043819
791	[(29,246)]	12.565975
792	[(4,1535),(21,1963),(68,694)]	12.718531
793	[(10,120),(13,642),(46,1102),(92,1031)]	12.565651
794	[(31,1316),(47,1674),(53,1659),(65,1555)]	12.838059
795	[(27,1470),(51,1530),(58,677)]	12.938714
796	[(1,1434),(15,1575),(19,1995),(56,310)]	12.448967
797	[]	13.604358
798	[(27,1072),(63,1589),(80,1243),(87,1674)]	12.979492
799	[(12,1244),(29,210)]	12.849086
800	[(11,563),(34,1243),(37,1592),(46,1663),(64,1744)]	15.304557
801	[(9,1025)]	13.138811
802	[(14,810),(33,1810),(58,284)]	12.802441
803	[(12,1267),(61,1852),(73,2008)]	12.492083
804	[(29,1945),(45,162),(57,1102)]	13.519799
805	[(11,1673),(31,433),(72,1754),(87,138)]	12.839717
806	[(21,110),(62,1715)]	12.724483
807	[(39,1393),(51,1922),(75,1761)]	12.915489
808	[(64,1497)]	12.645202
809	[(32,584)]	12.532264
810	[(23,2021)]	14.686143
811	[(10,1641),(46,1702),(49,362),(72,115),(89,852)]	12.629229
812	[(1,1164)]	12.693611
813	[(32,1305),(85,1257),(86,1612)]	12.979508
814	[(3,1621),(39,2087),(61,1698),(71,1342),(85,1248)]	12.684659
815	[(18,869),(38,627),(44,833),(53,1778),(54,1273)]	12.768794
816	[(53,1292)]	13.841915
817	[(48,1533),(79,1172),(81,682)]	13.378176
818	[(8,106),(55,1625),(63,675),(77,1932),(80,1711)]	15.766767
819	[(26,245),(33,2029)]	13.012819
820	[(7,1406),(73,1578),(80,1631)]	13.061521
821	[(60,2048)]	21.526741
822	[(22,450),(58,258)]	23.057137
823	[(45,1533)]	13.206588
824	[(31,476)]	12.586887
825	[(91,844)]	13.288111
826	[(75,273),(92,1677)]	13.044348
827	[(0,853)]	13.204739
828	[(5,1365),(52,1356),(59,1523),(82,288)]	13.329506
829	[(2,164),(27,1418),(31,695)]	12.792020
830	[(48,264),(61,2006),(65,71)]	12.989839
831	[(5,1029),(23,265),(37,1452),(73,1713),(84,474),(86,1477)]	12.709526
832	[(30,1032),(40,1339),(54,22),(58,672)]	12.527225
833	[(7,1192),(34,1937),(42,1865)]	13.526254
834	[(58,271),(86,2061)]	12.619037
835	[(15,932),(21,1716),(48,1644)]	12.846503
836	[(9,812),(47,130),(50,429),(92,133)]	12.442475
837	[(0,1455),(14,917)]	12.533304
838	[(25,2071),(55,1136)]	12.467803
839	[(1,1500),(47,1574),(59,1736),(65,1792),(71,47)]	12.356244
840	[(14,414),(63,1593),(84,381)]	12.637162
841	[(42,414)]	12.608091
842	[(3,999),(35,1455),(41,1174)]	12.474671
843	[(50,1886),(79,1446),(91,1325)]	12.875414
844	[(23,1756),(58,2003),(92,960)]	12.475261
845	[(40,721),(63,187),(66,1616)]	12.564226
846	[(57,188),(89,505)]	12.392540
847	[(13,600),(19,1271),(21,1370),(24,680),(68,1753)]	12.767184
848	[(58,1035),(63,285)]	12.459753
849	[(39,337),(79,90),(81,646)]	12.477469
850	[(1,305),(50,522),(65,1913),(90,444)]	12.972982
851	[(57,1014),(82,492)]	14.587717
852	[(25,1789),(37,1850),(40,1632),(41,2000),(91,1044)]	12.953511
853	[(3,1110),(8,1209),(11,373),(20,915),(86,1803)]	12.566007
854	[]	12.827765
855	[(41,1501),(56,931),(71,278)]	15.329989
856	[(54,1239),(75,1662)]	17.832574
857	[(67,366),(73,92),(79,1317)]	13.313946
858	[(12,1157),(48,1641),(55,960)]	12.594795
859	[(23,329),(48,2080),(75,212),(81,865),(87,542)]	13.212057
860	[(29,1603),(84,1495)]	12.435352
861	[(42,1842),(76,710)]	12.695398
862	[(17,1517),(33,1880),(41,632),(67,836)]	12.636251
863	[]	13.600743
864	[(15,292),(36,1660),(53,1815)]	13.176101
865	[(8,585),(69,50),(84,252)]	12.835122
866	[]	12.710183
867	[(4,904),(12,282)]	12.646281
868	[(15,491),(59,1118),(75,1908),(77,1935),(80,1854)]	12.754003
869	[(78,1503)]	13.542291
870	[(14,1798)]	13.401963
871	[(22,946),(26,828),(74,1257),(90,944)]	13.085673
872	[(18,1007),(47,1013),(48,670),(58,1904)]	13.386579
873	[(6,1497),(20,1990),(30,304),(31,466),(44,340)]	12.800272
874	[(24,1193),(30,49),(55,871)]	13.508638
875	[(5,1974),(45,1923)]	12.525935
876	[(0,881),(9,935),(38,310)]	15.270879
877	[]	12.752837
878	[(2,1879),(3,1831),(4,1895),(20,1147),(32,254),(48,1548),(56,1530),(81,831)]	13.418042
879	[(38,388),(60,1172),(74,1512)]	13.036033
880	[(29,1799)]	13.054495
881	[(79,517)]	12.760006
882	[(6,1356),(40,912),(59,974),(86,1770)]	12.743782
883	[(9,1624),(28,1100),(45,582),(75,1566)]	12.722273
884	[(3,765),(16,225),(54,1653)]	12.863095
885	[(5,1272),(18,992)]	14.441481
886	[(0,389),(4,1426),(7,99),(62,555)]	12.759449
887	[(15,1911),(43,747),(62,1833),(78,1653),(80,753)]	13.460525
888	[(3,499),(7,1363),(11,1656),(29,806),(47,1058)]	12.651474
889	[(68,1023)]	12.827135
890	[(21,119),(67,1475)]	12.463291
891	[(18,1313),(40,1531),(53,673),(73,1376),(85,110)]	13.251169
892	[(45,293),(61,741),(67,1092)]	13.213356
893	[(24,1151),(36,947),(37,1519),(67,1926),(68,988),(70,1046),(74,2054)]	13.127994
894	[(5,82),(8,119),(54,518),(76,650)]	13.163770
895	[(13,442),(50,1184),(86,1291)]	12.374418
896	[(26,622),(39,157),(54,717),(88,403),(89,378)]	12.722075
897	[(44,531)]	12.546044
898	[(21,462),(41,1314),(55,764)]	12.606223
899	[(1,186),(13,871),(41,358)]	19.291351
900	[(18,1879),(60,1192),(85,1209),(88,373)]	24.696076
901	[(84,1655),(90,349)]	13.120901
902	[(18,1598),(26,911),(91,2084)]	12.738061
903	[(15,413),(50,1384),(70,1369),(89,774),(92,976)]	12.862356
904	[(12,1688),(13,942),(21,234),(26,296),(34,748),(67,457),(75,686)]	15.228843
905	[(42,362),(64,968),(77,1756),(92,1472)]	14.710969
906	[(7,1893),(88,496)]	14.288389
907	[(40,1138),(43,1696),(55,839)]	14.663160
908	[(73,1561)]	14.694632
909	[(72,370),(86,460)]	14.364490
910	[(48,478),(67,399),(76,166)]	14.622548
911	[(9,842),(15,1979),(46,1505),(57,1021),(74,1659),(88,990),(89,535)]	14.199278
912	[(21,749),(25,924),(58,1164),(66,648)]	14.469437
913	[(1,250),(6,1148),(11,788),(52,1168),(82,1992)]	14.563140
914	[(0,904),(19,116),(20,1757),(32,1154),(58,1521),(80,629)]	14.102171
915	[(37,127),(74,1770)]	13.474320
916	[(39,787),(65,1490),(76,2023),(77,613),(83,967)]	16.020249
917	[(41,960),(53,1519)]	13.396018
918	[(9,637),(39,1249),(47,292),(86,181)]	12.624576
919	[(7,1652),(26,1378),(53,1787),(54,50),(58,555),(61,1032)]	12.745022
920	[(6,1916),(22,1433),(60,1018)]	13.329111
921	[(27,127),(43,97),(71,310)]	12.890762
922	[(9,1655),(12,1176),(19,1431),(48,1253),(52,2015),(57,603),(86,151)]	13.113060
923	[(10,2066),(19,1939),(34,1028),(65,514)]	12.587056
924	[(44,1495),(60,927),(66,1371),(86,827)]	12.747167
925	[(43,860),(44,1692),(85,644)]	12.633492
926	[(12,1972),(42,213),(46,1826),(90,11)]	12.724894
927	[(7,1708),(38,253)]	12.534280
928	[(27,1294),(64,1066)]	13.577953
929	[(21,1376),(53,444)]	18.099924
930	[(9,1114),(40,524),(47,457),(61,182),(67,1464)]	15.612410
931	[(29,1955)]	12.794287
932	[]	12.693871
933	[(8,951),(16,1740),(26,1955),(78,1082)]	12.820300
934	[(12,1759),(22,383),(70,1376)]	13.033062
935	[(2,151),(83,1893),(89,240),(91,1295)]	13.168047
936	[(53,185),(79,323),(83,61),(86,438)]	12.622153
937	[(30,774),(65,710),(79,2085),(85,1158)]	12.679738
938	[(27,1195),(77,117),(88,1576)]	12.795088
939	[(13,1468),(35,190),(40,1508)]	12.645793
940	[(32,1275),(55,1712),(74,257),(79,1870)]	12.942992
941	[(52,1770)]	12.619501
942	[(3,767),(22,394),(53,1642)]	12.581628
943	[(2,1151),(16,36),(37,1134),(46,81),(74,711)]	13.256192
944	[(1,1856),(18,828),(27,1986),(61,254),(66,49)]	13.151653
945	[(6,581),(11,351),(25,2044),(50,749),(55,929),(70,569),(79,587),(84,1133)]	12.463466
946	[]	12.835369
947	[(42,398),(56,1880),(89,391)]	12.836447
948	[(2,296),(30,248),(40,396),(85,1051)]	12.601509
949	[(25,164),(32,1735)]	13.235490
950	[(4,1969),(33,431),(72,468),(86,448)]	14.634681
951	[]	12.696869
952	[(43,709),(54,1410),(55,312),(85,1078)]	12.451119
953	[(3,1439),(12,2071),(21,856),(79,651)]	13.526380
954	[(40,999)]	12.714385
955	[(8,1334),(12,927),(41,180),(86,229)]	13.124029
956	[(76,2084),(78,1377)]	13.390087
957	[(17,1510),(57,464),(58,52)]	14.547823
958	[(44,1582),(46,1227)]	12.761783
959	[(27,110),(36,73),(67,875)]	14.790891
960	[(2,1312),(21,1670),(25,119),(82,1964),(90,1923)]	12.829993
961	[(12,330),(15,519),(70,1166),(77,314)]	13.417288
962	[(3,215),(16,713),(63,1654),(81,106)]	12.536582
963	[(84,1099)]	12.730186
964	[(21,958),(54,465),(71,289),(81,852),(83,1520)]	12.583487
965	[(40,33),(84,514)]	12.607652
966	[(9,157),(43,202),(51,1056),(53,1082)]	12.856476
967	[(22,6),(43,1235),(49,1111),(85,1181)]	12.576668
968	[(0,1603),(38,1266)]	12.630197
969	[(64,733),(88,229)]	12.962105
970	[(3,484),(20,2050),(36,1738),(56,1509),(59,2032)]	13.186892
971	[(12,1564),(32,1254)]	12.650892
972	[(5,1975),(43,378),(85,1913)]	12.651639
973	[(4,1605),(17,696),(18,1432),(19,1270),(68,934)]	12.683794
974	[(3,1785),(23,1471),(40,68),(63,904)]	12.542481
975	[(0,1975),(25,610),(39,1314),(53,239)]	13.572098
976	[(30,1662),(51,575),(79,1419)]	25.368491
977	[(37,23),(42,1021),(44,849)]	17.694037
978	[(43,861),(87,1220)]	12.736999
979	[(0,1743)]	12.739106
980	[(6,2058),(13,1414),(53,1705),(63,1503),(71,407),(80,1250)]	12.757424
981	[]	12.422196
982	[(20,266),(30,1370),(33,536),(59,496),(61,1383)]	13.008872
983	[(31,1322),(38,318),(53,1231),(54,1798),(66,1255),(84,573)]	12.695202
984	[(47,778)]	12.667142
985	[(8,2033),(49,1465)]	12.832896
986	[(39,199)]	12.490628
987	[(5,500),(23,1748),(61,1890),(62,605)]	12.738046
988	[(13,845),(80,1905)]	12.495904
989	[(1,1024),(35,1597),(73,790)]	12.750541
990	[(26,1739),(27,1486),(91,1452)]	12.953056
991	[(39,453),(67,1954),(91,1075)]	12.590874
992	[(3,85),(20,1353),(91,1094)]	12.676102
993	[(22,1033),(45,954),(50,76)]	12.569250
994	[(29,1186),(45,597),(61,206),(78,1579)]	12.418143
995	[(9,153),(32,2075),(58,1547),(66,1541)]	12.635349
996	[(10,1926),(31,782),(57,311),(69,423)]	13.038525
997	[(15,251),(56,1890),(65,1667)]	12.690381
998	[(15,1041),(38,443)]	12.505110
999	[(16,1600),(25,1136),(69,1528),(89,1257),(90,1612)]	12.456008
