ruleset_index	matches	time_ms
0	[(5,3894),(31,31),(35,3353),(64,282),(74,1115)]	19.106249
1	[(6,3045),(49,3904),(70,3142),(73,3196),(77,2068),(80,703)]	17.660372
2	[(0,89),(20,1713),(82,620)]	18.084881
3	[(15,240),(22,1038),(24,3339),(25,1091),(28,2714),(43,703),(57,2676),(60,1608),(70,1996),(83,3612),(89,1717)]	17.186892
4	[(6,3146),(19,2446),(22,1299),(33,2114),(40,3364),(55,2135),(79,2835)]	26.729624
5	[(6,2848),(15,2578),(16,3983),(27,1807),(35,1510),(47,221),(56,1009),(71,2697),(91,30)]	28.828906
6	[(4,179),(7,1369),(18,208),(31,3766),(55,3116),(70,2430),(91,1519)]	17.777586
7	[(2,3431),(8,2827),(23,3361),(25,2831),(33,2927),(35,470),(70,704),(90,2999)]	17.369872
8	[(4,799),(38,1042),(40,1500),(42,3177),(55,2029)]	17.442961
9	[(67,1526),(80,3613),(81,162),(83,3157)]	17.451975
10	[(1,503),(2,3967),(21,508),(45,526),(55,355),(67,837)]	17.155878
11	[(9,1819),(12,3140),(17,874),(19,935),(31,3226),(38,3392),(71,814),(91,672)]	17.643260
12	[(13,2224),(33,2718),(48,3347),(56,3196),(65,3451),(78,3905)]	18.254205
13	[(10,1577),(15,1188),(25,671),(27,360),(46,2481),(89,426)]	16.576684
14	[(6,3004),(71,863)]	16.485875
15	[(21,3624),(31,1824),(44,1812),(49,1371),(54,3923)]	16.827463
16	[(42,1874),(51,4050),(89,1925)]	16.514093
17	[(0,1498),(11,3461),(13,4023),(22,3062),(33,1677),(48,585),(74,1392)]	19.195041
18	[(49,3208),(53,64),(58,1524),(81,4083)]	16.776027
19	[(38,2626),(67,2946),(72,1592),(76,1485),(82,2904)]	17.227701
20	[(1,1661),(3,621),(8,1861),(13,1244),(55,2954),(62,3532),(65,3501),(88,679)]	16.813615
21	[(44,2482),(62,3435),(79,2847)]	16.461389
22	[(3,1772),(43,2447),(44,2024),(45,3822),(65,36)]	16.912352
23	[(66,1070),(87,1827)]	16.939261
24	[(18,3361),(19,3003),(25,3223),(28,1384),(35,2325),(42,2781),(49,4056),(78,685),(83,1866),(84,3149)]	16.979615
25	[(27,3261),(35,3032)]	16.979988
26	[(6,74),(21,3681),(49,1241),(64,1258),(74,3774)]	16.611750
27	[(39,3977),(51,468),(53,1847),(82,3729)]	16.326592
28	[(2,497),(16,278),(64,3859),(78,82)]	16.643285
29	[(23,3914),(63,3332)]	16.752693
30	[(2,1490),(6,711)]	17.295154
31	[(4,2238),(47,1434),(71,1104)]	16.686284
32	[(2,1389),(35,2497),(57,3756),(72,1237)]	16.778804
33	[(4,2990),(29,387),(59,4040)]	16.463526
34	[(1,1955),(30,3510),(35,3670),(62,297),(69,1362),(73,2565),(92,1196)]	18.411533
35	[(12,3527),(14,2779),(15,2737),(39,1456),(63,918),(84,623),(92,2849)]	22.308461
36	[(9,1166),(32,3400),(38,3844),(57,2894),(58,872),(86,118)]	19.424377
37	[(13,2445),(24,2673),(46,1869),(48,2509),(72,3721)]	17.581621
38	[(30,2357),(33,4012),(44,3250),(68,2609),(72,969),(79,966)]	27.097540
39	[(59,2604)]	21.125568
40	[(24,267),(40,3257),(41,1897),(46,4015),(49,1082),(57,1534),(68,2318),(72,2675),(77,2707),(79,561),(86,2351)]	17.691702
41	[(16,2597),(17,1629),(46,3132),(57,384)]	17.350838
42	[(20,1412),(54,1056),(61,332)]	16.771431
43	[(39,1623),(53,2631)]	19.328533
44	[(33,3287),(47,608),(63,3500),(66,3220),(76,2232),(83,1102)]	16.850650
45	[(4,3391),(17,2322),(23,396),(49,3294),(69,3162),(87,2946)]	16.919467
46	[(4,3680),(36,2699),(66,3648),(88,2144)]	16.429420
47	[(12,895),(19,3516),(48,736),(64,3642),(71,3856),(74,4037),(88,1645)]	26.377842
48	[(9,764),(35,747),(39,877),(54,1747),(91,882)]	16.996513
49	[(8,521),(10,2657),(25,1708),(27,2341),(91,2644)]	16.639152
50	[(22,317),(71,2552),(74,1034),(75,1088),(81,378)]	16.675313
51	[(7,4046),(27,241),(36,611),(37,807),(53,3853),(75,3668),(79,1409),(86,1136)]	18.122443
52	[(1,2977),(12,3910),(14,2135),(38,1375),(66,2881),(77,1329),(90,108)]	17.088218
53	[(0,2264),(12,1529),(34,3352),(43,2395),(78,466)]	17.053252
54	[(6,3544),(7,586),(45,3101),(63,3602),(83,659),(88,2663),(89,3876)]	18.376255
55	[(14,3712),(25,1391),(53,2123),(66,2118)]	17.713096
56	[(24,3780),(31,182),(91,1537),(92,221)]	16.787766
57	[(1,1702),(10,3448),(11,697),(26,2458),(29,2349),(56,2013),(59,727),(62,3374)]	34.284881
58	[(9,2664),(29,2147),(60,534),(62,1135)]	33.981875
59	[(6,2096),(16,973),(28,1348),(31,1687),(45,2696),(52,2415),(56,3232),(79,1455)]	17.946453
60	[(24,2262),(28,2807),(49,1378),(68,1227),(86,1712)]	34.199637
61	[(47,2476),(66,2268),(86,1039)]	19.104936
62	[(13,1134),(33,3352)]	16.571129
63	[(7,445),(32,1771),(56,1918),(72,1660),(87,3740),(88,2706),(89,3008)]	17.261516
64	[(6,3548),(12,1771),(18,3048),(58,810),(70,2785),(87,1373)]	16.642180
65	[(8,2824),(25,2624),(33,3858),(39,3869),(50,1245),(67,3415),(70,2158),(92,490)]	16.560728
66	[(40,930),(65,1456),(68,569)]	27.251692
67	[(24,2365),(35,2757),(41,3623),(59,2346),(77,2428)]	16.538678
68	[(16,3893),(18,924),(27,1252),(54,2355),(73,1138),(89,2136),(92,2240)]	16.827506
69	[(9,3047),(19,122),(27,1809),(31,3446),(36,3828),(42,3572),(68,786),(73,2617)]	17.666758
70	[(29,249),(73,4025),(77,3816)]	18.954088
71	[(10,948),(23,312),(33,642),(35,47),(69,2957),(87,2385)]	16.503468
72	[(8,2478),(30,1251),(38,176),(40,1688),(58,1417),(74,1608),(85,835),(86,3161)]	17.387278
73	[(16,2450),(77,1121),(89,1589)]	16.822089
74	[(0,2682),(5,1718),(19,2611),(26,4035),(33,292),(36,3666),(39,3651),(46,3597),(53,642),(58,1328),(81,1126)]	17.100294
75	[(37,2874),(44,469)]	26.858915
76	[(8,1488),(26,747),(60,1662),(75,314),(82,2211),(85,67)]	36.317236
77	[(31,1642),(70,3156),(88,903)]	36.912798
78	[(6,166),(8,3820),(13,619),(57,873),(89,174)]	36.977656
79	[(38,1252),(42,3103),(65,3521),(71,2340),(72,2944)]	37.664184
80	[(5,3040),(6,389),(10,647),(16,3832),(63,3110),(74,1511)]	19.484945
81	[(25,446),(30,1189),(36,3988),(60,1597)]	19.220751
82	[(4,876),(10,3974),(24,254)]	26.028608
83	[(15,2128),(26,48),(34,33)]	22.967874
84	[(9,2519),(17,2684),(19,2417),(27,901),(89,1906)]	19.199685
85	[(38,213)]	19.804166
86	[(8,1746),(32,1656),(37,3921),(57,1145),(71,3385),(74,0),(78,1012),(80,3760)]	19.452175
87	[(3,295),(15,3024),(27,2661),(46,3698),(47,2390),(57,3006),(88,4002),(90,3336)]	18.958725
88	[(14,1294),(34,180),(62,3963),(72,1430)]	18.671884
89	[(14,347),(19,335),(30,2998),(31,778),(41,3273),(47,3988)]	18.497587
90	[(1,3267),(5,2702),(12,3011),(22,869),(23,3584),(35,4016),(37,3695),(59,3301),(63,2955),(71,1120),(72,2435)]	21.422616
91	[(38,608),(68,1707),(80,1357)]	19.605188
92	[(7,374),(20,810),(45,817),(61,256),(64,918),(72,2813),(77,2648),(78,3859),(91,1601)]	19.963987
93	[(0,1588),(16,2041),(38,2794),(48,190),(54,3026),(59,1102)]	16.928076
94	[(10,1532),(36,2293),(42,1092),(60,1667),(72,1300),(92,876)]	17.913748
95	[(18,1655),(51,1521),(58,650),(78,2521),(82,952)]	17.642980
96	[(11,1512),(20,2932),(76,2950)]	16.680506
97	[(7,1370),(9,3407),(19,2311),(21,4019),(90,2988)]	16.687003
98	[(6,205),(17,1875),(29,3622),(31,673),(46,2621),(56,90),(67,2518),(70,677)]	18.012376
99	[(2,3403),(13,3686),(17,2591),(22,1535),(43,3469),(61,3199),(64,2695),(65,976),(83,3581)]	18.016080
100	[(33,661),(68,2877),(69,2466),(77,682),(87,1868)]	18.434275
101	[(26,2768),(29,581),(60,3047)]	16.857795
102	[(41,288),(49,1012),(50,2632),(62,1020),(72,1213)]	18.788121
103	[(2,3734),(46,471),(48,3718),(53,75),(66,793),(82,3363),(84,3309),(86,1879)]	17.601925
104	[(65,3099),(69,3209)]	17.346279
105	[(57,2654),(86,324)]	17.425651
106	[(4,828),(14,1952),(30,3485),(38,1462),(61,3761),(67,882),(75,131),(85,1192)]	17.624134
107	[(21,1323),(28,1315),(46,2972),(56,1263),(60,970),(64,193),(72,3333)]	19.961734
108	[(7,3327),(35,1318),(38,2471),(46,3300),(69,730)]	17.970419
109	[(5,3434),(8,710),(36,1648),(39,2456),(44,3861),(74,2428),(85,3252)]	19.776910
110	[(4,3271),(50,3023),(51,1814),(58,2941),(81,2281),(86,3024)]	25.459087
111	[(2,3922),(17,1156),(39,1504),(46,986),(55,1527),(59,3355),(83,1087),(88,1032)]	31.321979
112	[(0,2235),(1,1423),(29,1841),(31,928),(45,3420),(59,79),(63,1843),(77,2483),(89,4001),(91,807)]	17.191599
113	[(18,3772),(40,290),(59,1118)]	17.026294
114	[(6,2020),(17,593),(23,3687),(50,1683),(51,1076),(53,122),(56,446),(92,427)]	16.693426
115	[(14,1520),(17,93),(28,388),(30,3541),(61,1603)]	18.304223
116	[(14,1988),(16,3131),(38,1663),(47,991)]	17.872891
117	[(8,167),(10,131),(31,363),(48,2604),(59,1761),(76,1979),(78,2339),(87,2790),(91,2862)]	16.833702
118	[(21,1645),(26,1955),(61,2673),(68,1728),(72,3604),(75,3229),(79,300),(82,1447),(92,926)]	17.129565
119	[(8,3722),(15,3492),(18,2129),(19,2236),(40,59),(50,196),(59,126),(86,3479)]	17.500560
120	[(33,1653),(38,108),(49,594),(70,3045),(82,2116)]	17.010042
121	[(46,493),(55,920),(60,3302),(64,3666),(79,3394),(90,410)]	17.463251
122	[(17,1823),(52,4018),(72,1553),(77,3179),(80,437),(87,1157)]	19.269768
123	[(2,2620),(7,3460),(48,3227),(51,2152),(69,2326),(71,837),(72,3529),(91,416)]	18.808346
124	[(1,712),(36,1393),(60,1467),(79,483),(89,2232)]	19.491315
125	[(0,656),(3,3318),(18,1044),(27,136),(32,2346),(58,2096),(62,2415),(69,2373),(75,2174),(83,650),(87,474)]	18.324371
126	[(29,3886),(47,1156),(51,1462),(76,2283),(78,4061)]	16.647348
127	[(53,842),(78,2007),(92,3095)]	16.542295
128	[(5,2110),(33,2250),(40,1413),(44,786),(59,479),(67,2915),(69,3927),(70,1908),(89,3167)]	16.491492
129	[(12,2912),(14,2355),(49,1737),(51,3819),(60,2477)]	16.729543
130	[(6,3895),(16,3297),(21,2174),(41,3279),(54,3143),(58,1450),(67,826),(85,2071)]	16.838393
131	[(24,1597),(28,484),(38,485),(48,3253),(55,4006),(64,3667)]	16.426234
132	[(41,669),(49,2958),(58,4060),(61,951),(63,4050),(64,3418),(82,868),(88,3800)]	18.280858
133	[(6,2883),(8,1036),(12,236),(20,3811),(41,2238),(78,938),(84,293)]	18.833275
134	[(4,3132),(13,164),(15,2902),(49,1547),(54,1486),(64,2225),(65,2966),(67,4029),(72,3790),(92,2263)]	17.667245
135	[(6,1951),(16,1412),(21,194),(27,1347),(36,2735),(65,2851)]	19.585155
136	[(10,1099),(16,2190),(22,3472),(44,1022)]	23.437148
137	[(8,1020),(28,2801),(32,728),(85,3567),(90,3321)]	35.393899
138	[(35,931),(48,3267),(72,2898),(74,665)]	36.624556
139	[(7,2185),(14,3299),(18,3126),(20,1004),(32,2114),(35,2473),(39,3246),(51,2894),(58,2033),(63,2962)]	34.493130
140	[(6,453),(7,1942),(51,978),(57,4055),(66,952),(75,1743),(82,1592)]	35.949998
141	[(19,3935),(69,3721),(89,2808),(90,2508),(91,936)]	40.118887
142	[(10,3688),(33,1812),(38,3248),(54,1946),(61,2131),(89,3440)]	35.237652
143	[(40,1901),(45,1547),(46,3707),(49,711),(80,4020)]	33.008155
144	[(12,885),(26,36),(32,454),(45,1995),(58,3344),(61,2746),(62,177),(67,265),(77,37),(81,1510),(88,1236)]	35.072487
145	[(27,19),(29,3269),(84,2269)]	33.191435
146	[(32,3779),(33,684),(38,1989),(60,1194),(61,3829),(69,753),(71,2442),(75,1195)]	33.380217
147	[(67,16),(73,122)]	34.098151
148	[(13,791),(42,1441),(73,832)]	33.389140
149	[(35,3570),(39,1924),(44,1681)]	36.025249
150	[(3,2867),(11,955),(13,1456),(17,1529),(21,3159),(24,551),(30,1244),(61,2179),(86,1923)]	35.060793
151	[(39,2493),(48,247),(68,3382),(77,3215),(80,714)]	33.422221
152	[(18,3762),(39,1333),(78,2852)]	37.002032
153	[(0,2104),(14,3665),(28,3145),(50,2673),(82,2997)]	36.193554
154	[(2,267),(8,2228),(47,3036),(49,2626),(65,2214),(72,3636),(78,1865),(79,3260)]	35.350679
155	[(1,2417),(11,1092),(30,2436),(60,1364),(63,1188),(69,463)]	34.024061
156	[(11,2477),(12,2107),(15,595),(23,2542),(25,1190),(34,689),(59,1646)]	34.940108
157	[(0,3289),(6,3198),(19,3077),(40,3123),(54,2911),(67,3606)]	33.348434
158	[(28,363),(76,2714),(88,3419)]	33.187975
159	[(11,929),(18,1026),(22,4050),(23,3418),(54,2882),(59,1593),(68,2946),(83,3472)]	33.835808
160	[(7,312),(9,67),(33,3682),(35,2904),(41,3809),(50,924),(76,1725),(79,470)]	33.804663
161	[(6,1337)]	33.132695
162	[(10,19),(14,205),(18,581),(31,1918),(41,598),(57,1418),(67,3305),(90,198)]	33.264937
163	[(54,3427),(58,2029),(85,295)]	34.890682
164	[(2,3049),(21,315),(58,2016),(62,2948),(63,247),(92,2778)]	30.562345
165	[(2,3448),(10,28),(28,861),(42,1448),(51,2154),(52,717),(70,3915)]	36.571433
166	[(27,2582),(41,2904),(43,2159),(48,3597),(72,331),(77,2079)]	34.998737
167	[(20,1777),(39,819),(44,2405),(54,3859),(69,3119)]	33.657633
168	[(11,2369),(29,78),(62,3105),(68,517),(75,102)]	33.701644
169	[(15,1855),(37,953),(41,1207),(58,928),(63,3431),(73,4073)]	34.372873
170	[(29,307),(47,3646),(86,1165)]	34.604008
171	[(9,3700),(44,1048),(85,1769)]	33.253200
172	[(3,1597),(46,3834),(58,820),(70,3943),(85,3202),(87,2300),(88,1055),(89,2153)]	33.745639
173	[(14,3844),(21,554),(28,168),(44,637),(63,7)]	32.956532
174	[(15,1459),(37,315),(56,22),(77,2974),(84,4036),(86,1619)]	32.215475
175	[(5,3975),(12,3035),(14,3785),(21,2928),(25,3663),(40,735),(43,3136),(61,1495),(67,898)]	32.854655
176	[(33,2088),(35,3524),(41,287),(82,4068),(90,3974)]	33.176585
177	[(37,423),(40,1539),(57,2005),(67,1003),(69,147),(90,2850)]	32.151721
178	[(28,1927),(39,2302),(63,1605),(67,3549),(72,2112),(80,3587)]	34.381055
179	[(4,267),(10,1792),(21,2187),(42,2680),(45,2502),(53,3023),(59,674),(65,2646)]	35.178575
180	[(36,1408),(45,1739),(60,3616),(81,2325)]	35.169031
181	[(6,3194),(12,3408),(73,3917),(83,974),(88,2642)]	35.763608
182	[(18,130),(21,1217),(27,163),(34,3208),(49,3053),(55,3580),(58,1704),(82,3076),(87,360)]	35.958527
183	[(13,4033),(54,1498),(80,1)]	30.763960
184	[(5,463),(7,3446),(9,3576),(23,3424)]	35.445386
185	[(12,639),(31,402),(48,3852),(52,1150),(53,3854),(66,1817)]	36.577848
186	[(47,652),(73,332)]	35.318730
187	[(0,1005),(42,1225),(67,760),(85,2828),(90,3674)]	38.677588
188	[(16,3666),(50,1709),(55,2664),(75,2459),(76,3450),(81,3198),(83,2317)]	35.149425
189	[(4,3965),(45,1351),(51,1815),(52,3579),(66,972),(67,2086),(68,2259),(73,1506)]	34.116313
190	[(8,3045),(15,3516),(25,1985),(64,2771)]	33.004917
191	[(7,1984),(8,1910),(14,2362),(27,3279),(28,53),(36,2551),(42,3975)]	32.670204
192	[(9,945),(12,736),(31,3752),(59,2979),(61,1243),(72,454),(76,392)]	32.347276
193	[(1,728),(19,3665),(36,25),(69,584),(83,1097),(85,2706),(86,3008)]	33.874146
194	[]	37.250981
195	[(5,1434),(22,529),(67,773),(80,1689)]	37.586436
196	[(10,2829),(14,1274),(32,2667),(49,4003),(60,1107)]	34.673062
197	[(0,2901),(22,1343),(25,1681),(46,2937),(72,1703)]	36.440718
198	[(2,1745),(10,1724),(11,540),(12,3721),(40,1127),(51,969),(86,2830)]	34.483262
199	[(8,2237),(29,1113),(39,411),(46,548),(58,3465),(62,2017),(76,67)]	35.538980
200	[(34,3857),(42,2379),(44,1599),(47,2692),(54,3350),(58,2452),(62,2933),(71,2901)]	33.646731
201	[(6,2410),(21,3187),(56,933),(58,3059),(70,40),(77,3797),(80,1413)]	33.183211
202	[(2,309),(4,550),(10,3404),(61,3704),(78,2183),(89,975)]	33.279448
203	[(11,1343),(14,2022),(15,406),(19,888),(30,1789),(51,1095),(62,3779),(64,1569),(78,2653)]	32.967980
204	[(5,912),(28,433),(42,3101),(47,771)]	33.042383
205	[(7,975),(16,3229),(20,300),(25,2929),(28,587),(40,1259)]	33.030974
206	[(5,1811),(26,2058),(70,2300),(71,1055),(72,2153),(85,3756)]	38.322337
207	[(29,3962),(33,2909),(67,3627),(89,352)]	35.181418
208	[(17,1038),(22,1815),(49,1196),(66,746),(87,1071),(88,3609),(90,176)]	34.707642
209	[(7,1531),(13,236),(22,3798),(65,408)]	35.010393
210	[(23,764),(32,2973),(53,1073),(56,2177),(63,2051),(69,3436)]	36.008095
211	[(0,3757),(7,1860),(12,2893),(17,2942),(19,2603),(39,2856),(42,2195),(67,1136),(92,3511)]	32.585986
212	[(16,1917),(18,2498),(27,3765),(42,1122),(58,3062),(67,817)]	33.516821
213	[(9,2073),(11,1951),(17,169),(48,3307),(53,1441),(62,303)]	33.859944
214	[(14,1756),(19,3475),(22,525),(24,2947),(34,3063),(58,2388),(86,1564)]	33.003628
215	[(13,2683),(23,398),(52,3743)]	41.769541
216	[(20,305),(27,2345),(28,3901),(35,3456),(71,713),(73,3870),(92,156)]	37.725021
217	[(0,2344),(9,388),(17,2411),(21,254),(24,1538),(28,3715),(30,2383),(40,3151),(62,1270)]	38.460768
218	[(10,442),(25,2072),(30,53),(45,864),(57,427),(66,3571),(78,137),(84,3964)]	36.770352
219	[(2,663),(31,876),(55,842),(65,659),(78,1164),(87,3683)]	33.894634
220	[(3,1689),(41,3616),(43,3076),(59,1054),(68,3715),(77,1628)]	33.412032
221	[(1,2236),(12,49),(19,1741),(23,2428),(27,1198),(38,3499),(47,1801),(51,3541)]	32.407074
222	[(23,1465),(45,1251),(48,3776),(62,1352),(72,558)]	32.363906
223	[(14,2977),(84,335)]	40.773839
224	[(1,2926),(3,1207),(13,3670),(22,17),(24,1140),(55,3873),(56,3581),(62,3735),(87,2780)]	33.375767
225	[(10,1089),(26,2901),(33,575),(39,331),(52,57),(63,630),(68,491),(85,575)]	35.421303
226	[(11,1732),(12,2778),(14,248),(34,3283),(39,304),(81,1566),(84,1396)]	34.557779
227	[(21,1755),(48,3525),(50,2775)]	34.445144
228	[(1,2106),(3,75),(5,3356),(7,1671),(12,168),(17,817),(35,1563),(59,3809),(79,976),(92,336)]	34.275729
229	[(15,3312),(22,2740),(24,2672),(33,1290),(52,2914),(55,1687),(58,19),(72,1297),(92,1778)]	34.336495
230	[(22,182),(28,1057),(45,1914),(52,4019),(89,1901)]	36.486004
231	[(0,176),(10,4028),(21,2000),(34,3972),(48,1212),(50,3322),(65,2976),(87,3025)]	36.266203
232	[(1,1193),(40,605),(56,1614),(66,713),(68,2015),(70,2515)]	34.979098
233	[(12,1984),(39,3515),(73,403),(80,2679),(85,1316)]	34.171779
234	[(9,1154),(15,3494),(36,3595),(43,933),(68,1009),(89,399)]	33.210585
235	[(22,715),(34,4056),(52,1057),(84,1685)]	40.264889
236	[(1,3842),(13,3385),(53,370),(56,267),(74,3642),(84,3099)]	38.994659
237	[(8,3955),(72,541),(74,803)]	34.100686
238	[(3,352),(16,2386),(89,1780)]	32.227271
239	[(5,1052),(7,3243),(33,2854),(59,2731),(61,1218),(63,27),(65,3929),(89,2398)]	36.528372
240	[(1,3157),(16,1261),(78,18),(84,249)]	41.016522
241	[(14,95),(35,1404),(44,938),(58,986),(75,2790)]	37.330629
242	[(14,1630),(40,1918),(58,3968),(79,2999)]	34.596397
243	[(4,3572),(33,4066),(53,810),(66,2562),(75,3990)]	32.784942
244	[(8,1445),(29,2840),(52,3491),(61,2901),(71,1052),(80,2806)]	34.310362
245	[(14,1386),(16,1858),(27,2744),(52,2203),(54,1890),(63,2548),(80,3245)]	35.430649
246	[(12,2803),(17,2132),(44,3570)]	45.448075
247	[(22,2450),(31,3429),(36,638)]	35.319434
248	[(8,163),(11,2970),(18,863),(45,2803),(47,583),(48,909),(52,2006),(74,1824),(84,3565),(87,3974)]	34.462534
249	[(14,173),(21,404),(73,1405),(91,2344)]	36.770773
250	[(11,113),(19,447),(30,1911),(37,1056),(60,2487),(82,996),(83,1405),(89,1253)]	40.267181
251	[(9,1896),(11,2399),(18,4004),(63,1915),(76,1151),(90,2230)]	36.874183
252	[(26,2115),(31,879),(63,3613),(64,162),(86,1967),(91,337)]	34.117053
253	[(64,4045),(72,1277)]	34.740473
254	[(17,1357),(48,97),(67,1031),(80,3086),(89,3999)]	34.416007
255	[(14,750),(45,922),(57,443),(79,1334)]	34.171590
256	[(2,3846),(10,1417),(13,586),(22,760),(50,3585),(56,2240),(65,138),(81,3647),(86,2482),(90,3894)]	35.260519
257	[(16,1630),(37,119),(62,405),(65,743),(76,2277),(82,3871)]	34.573443
258	[(2,1412),(5,1970),(17,3614),(37,174),(67,1714),(80,749),(82,3491)]	18.589289
259	[(42,167),(66,1092),(91,1011)]	16.567180
260	[(30,2300),(43,2368),(79,2736),(84,778),(87,2166)]	16.782140
261	[(2,1516),(40,2),(42,3965),(61,2251),(69,1509),(74,354),(77,2416)]	16.705824
262	[(3,2207),(19,2637),(38,3651),(48,471),(62,2033),(72,1678),(90,4057)]	17.732425
263	[(7,3269),(15,82),(25,1710),(33,443)]	16.952759
264	[(9,3767),(55,1502),(67,1943),(70,4079)]	16.933858
265	[(10,800),(29,2968),(52,1953),(81,2670),(83,586)]	17.961331
266	[(10,2972),(24,3959),(43,2539),(70,586),(72,483)]	16.828394
267	[(20,1922),(31,3545),(64,1459),(72,578),(73,3250),(90,3465)]	16.613563
268	[(6,3697),(10,3642),(35,3342)]	16.677166
269	[(25,1946),(30,105),(37,1039),(40,18),(47,3295),(62,628)]	17.254910
270	[(0,2497),(5,44),(25,2813),(44,1543),(63,761),(82,304)]	17.922945
271	[(45,3382),(54,3178),(59,162),(68,1543),(80,3410)]	17.708741
272	[(5,812),(11,2908),(19,2459),(36,3097),(48,3610),(55,2803),(57,583),(69,3622)]	17.254459
273	[(10,3130),(15,2788),(18,1879),(27,4083),(53,247),(65,3691),(74,3736),(76,2718)]	19.901361
274	[(12,2374),(32,2399),(64,2260)]	17.691687
275	[(25,1706),(29,3950),(35,3581),(54,3172),(64,3317),(70,1078),(71,1880),(78,274)]	16.781489
276	[(1,2913),(18,2017),(42,239),(50,964),(62,825),(77,1977)]	16.717859
277	[(15,1276),(25,1292),(26,3907),(30,1409),(32,2898),(75,2142),(78,463),(81,2443),(89,3505)]	18.952725
278	[(28,2210),(36,3718),(65,1916),(87,2600)]	17.755729
279	[(3,2915),(16,864),(30,1914),(40,2046),(48,1811)]	17.315287
280	[(20,1621),(54,1450),(78,3229),(88,73),(90,2363)]	16.808833
281	[(32,3942),(42,766),(67,3612),(80,357),(81,550),(86,1105)]	18.037110
282	[(15,539),(28,3422),(55,1490),(88,2284)]	16.752900
283	[(59,1497),(68,1195),(70,3496),(75,553)]	17.639330
284	[(7,2429),(18,1755),(59,2029),(63,749),(70,111),(91,2758)]	17.125744
285	[(0,2949),(3,3162),(11,2407),(12,3006),(26,496),(29,2204),(34,1584),(46,983),(61,1367),(74,2417),(92,2712)]	18.092194
286	[(41,2260),(45,3275),(53,3805),(88,269),(92,3595)]	18.686536
287	[(42,3888),(57,200),(79,1602),(80,1246)]	16.975758
288	[(2,3504),(7,2569),(23,3989),(36,2155),(42,1516),(57,238),(75,4041),(80,39),(84,1211)]	16.938335
289	[(14,2078),(24,2084),(56,3210),(84,3279),(87,2664)]	16.850727
290	[(8,2360),(28,2679),(37,88),(41,1699),(52,1856),(53,731),(70,1028),(84,1645)]	16.959318
291	[(7,1907),(36,732),(41,1649),(54,475),(66,1473),(81,1545),(90,320)]	16.966497
292	[(6,3159),(7,549),(8,1154),(9,167),(26,259),(33,3535),(35,2392),(47,148),(74,3455),(81,2304)]	16.630832
293	[(11,2396),(27,357),(34,2589),(43,4026),(45,226),(60,2994),(65,863)]	16.427335
294	[(3,3533),(17,1240),(23,1677),(27,3897),(60,2360)]	16.832873
295	[(14,1200),(48,550),(53,1836),(87,2877),(88,2466)]	25.107661
296	[(6,382),(8,1331),(37,3254),(43,3025),(45,54),(58,2367),(63,589),(68,4018),(71,2148),(75,1361)]	28.616089
297	[(14,2874),(15,3477),(65,2076),(74,2308)]	17.105609
298	[(15,3349),(18,3115),(27,732),(28,2474),(33,3026),(37,2263),(42,1645),(51,3449),(52,2404)]	16.889407
299	[(20,3391),(62,1948)]	18.872973
300	[(11,3665),(51,756),(61,3238),(83,460),(84,2748)]	22.894954
301	[(7,957),(24,2876),(90,3264)]	16.853558
302	[(0,1643),(20,2565),(36,32),(40,991),(42,3384),(46,3714),(65,2484),(66,3598),(68,70)]	16.418012
303	[(24,648),(25,229),(51,2948),(64,2136),(70,1802)]	17.373603
304	[(13,1875),(20,2596),(21,2404),(31,2501),(51,3616),(71,1762),(84,321)]	20.892465
305	[(53,1473),(55,3590),(66,3403),(73,2493)]	17.007871
306	[(5,4071),(32,2377),(77,3435)]	16.567295
307	[(7,2701),(33,1195),(42,3872),(51,3484)]	16.576663
308	[(23,4051),(37,2094),(45,3949),(55,20),(71,996),(86,1524),(88,51)]	17.167626
309	[(13,1437),(45,652),(77,2098),(81,2187),(84,268)]	16.737342
310	[(13,545),(50,2746),(53,1047),(55,121),(60,1300),(63,1949),(76,3187)]	18.939256
311	[(16,517),(23,2804),(30,3206),(40,1576),(51,2911),(54,3641),(83,388)]	18.502721
312	[(20,2241),(71,1152),(87,3796)]	17.808556
313	[(19,1112),(27,1789),(36,2289),(50,2723),(68,1847),(79,3812),(81,619),(87,1197)]	19.130131
314	[(21,2362),(24,3012),(33,3084),(40,3785),(44,2308),(47,483),(51,2371),(63,1683)]	16.969230
315	[(4,1826),(11,315),(22,2384),(66,2591),(73,1211),(78,2926),(84,649)]	16.740902
316	[(6,741),(10,59),(16,3691),(70,1327)]	17.357029
317	[(25,2050),(29,1988),(30,4037),(31,3947),(88,3660)]	16.761382
318	[(49,2477),(50,2107),(60,2548)]	16.615900
319	[(15,3410),(17,2477),(25,1751),(37,233),(54,1485),(75,3180),(81,3488),(88,3158)]	16.266296
320	[(21,3280),(45,221),(58,2328)]	17.239975
321	[(37,514),(58,3832),(75,3620),(82,2308),(86,803)]	17.404949
322	[(26,3499),(44,3698),(45,2390),(67,2253),(74,2377),(76,2793),(84,1094)]	17.773562
323	[(5,1008),(31,527),(33,379),(55,4026),(56,274),(73,368),(85,2315)]	17.406545
324	[(11,99),(38,1392),(41,1687),(78,992),(80,841)]	18.251073
325	[(1,759),(6,1661),(16,2820),(21,2095),(26,128),(31,1706),(63,879),(87,312),(88,3281)]	17.251179
326	[(10,122),(12,3410),(52,3638),(69,3995),(90,2997),(91,2807),(92,2419)]	17.747283
327	[(15,1305),(32,1085),(37,3997),(50,3641),(52,2602)]	17.266705
328	[(22,2691),(31,2251),(35,3320),(38,1062),(44,2662),(52,686),(54,1082),(61,1547),(65,2439)]	17.382937
329	[(22,1244),(51,3310),(65,66),(73,3710)]	16.984895
330	[(30,2635),(71,3797)]	19.615562
331	[(3,3805),(41,3007),(52,568),(54,38),(64,1836),(68,2453)]	16.685697
332	[(5,1713),(33,1284)]	16.526133
333	[(14,2969),(57,514),(61,777),(62,2887),(67,3001),(68,2825),(70,2413),(77,3269)]	17.610813
334	[(6,2655),(16,3886),(21,4084),(30,2590),(59,610),(63,3582)]	17.783503
335	[(6,2404),(26,1504),(53,433),(68,3262),(73,1290),(88,1172),(90,3263)]	17.020229
336	[(7,3581),(50,1935),(52,2233)]	16.692565
337	[(0,1652),(22,1736),(41,1624),(50,446),(61,1740),(70,1232),(84,2040),(87,1706)]	17.571298
338	[(3,2792),(23,2474),(50,2272)]	17.048101
339	[(11,2807),(12,2419),(27,1102),(49,393),(69,85),(86,1633)]	18.938176
340	[(27,3683),(41,3878),(42,1334),(48,996),(49,1405),(53,1981),(54,1395)]	16.765742
341	[(3,3914),(41,2668),(57,884),(61,2600),(84,386)]	16.778460
342	[(2,3541),(4,2849),(24,603),(25,477),(27,3461),(61,4072),(83,1453)]	16.805281
343	[(11,456),(33,2195),(62,708),(66,175)]	16.534234
344	[(1,3478),(10,3652),(11,3492),(13,3881),(46,1119),(92,422)]	16.547952
345	[(1,3474),(8,429),(16,2531),(32,2182),(34,3238),(42,454),(46,1309),(47,3088),(53,2628),(56,3356),(67,2347)]	16.798442
346	[(1,3719),(4,1273),(14,1346),(21,2726),(48,3093),(70,3492)]	16.848098
347	[(52,216),(75,523),(76,3906),(77,1782),(84,1796)]	16.402105
348	[(3,931),(33,1298),(49,3106),(76,524),(83,1370)]	16.624249
349	[(3,2861),(11,1719),(37,3272),(58,2619),(60,2748)]	16.415277
350	[(24,1971),(47,1393),(59,967)]	17.233157
351	[(13,3722),(21,659),(30,3570),(51,1805)]	17.046574
352	[(5,1884),(39,2131),(45,1271),(47,133),(57,1522),(64,3017),(70,2265),(84,1627),(89,3647)]	17.227627
353	[(2,817),(21,2668),(35,2277),(49,1106),(62,1362),(90,2580)]	16.687652
354	[(0,3947),(26,3488),(43,4080),(52,3500),(71,4057),(92,945)]	32.841181
355	[(63,674)]	21.392142
356	[(17,1047),(30,747),(58,3219),(64,3706),(66,2830)]	22.916995
357	[(19,3212),(34,1683),(35,1076),(36,2271),(37,1927),(38,3537),(48,126),(69,247),(76,3086)]	18.428741
358	[(14,3367),(25,577),(32,3579),(47,2750),(52,3794),(71,1576)]	16.670720
359	[(1,1294),(9,2183),(50,1406),(84,395),(88,2285),(89,1549)]	16.921013
360	[(9,905),(19,2687),(20,4046),(23,85),(34,3097),(74,1083),(84,1857),(92,3007)]	17.216379
361	[(27,1608),(39,2850),(46,3455),(53,2945),(58,836),(61,3240),(81,1994)]	16.646572
362	[(8,1440),(49,2866),(59,3262),(73,3466)]	17.235472
363	[(29,1383),(33,552),(55,654),(90,3505)]	16.631873
364	[(16,2),(18,3808),(32,205),(40,3038),(44,1596),(48,63),(67,274),(69,2510),(77,3026),(82,1194)]	17.379974
365	[(34,712),(41,575),(43,528),(76,3277),(90,3488)]	16.922059
366	[(18,2907),(27,3611),(33,2654),(50,1068),(76,567)]	18.900908
367	[(4,2320),(10,3578),(11,2519),(31,3013),(38,2556),(86,226)]	19.761815
368	[(1,1346),(3,3174),(9,302),(15,3),(60,2511),(70,810)]	16.849505
369	[(10,1194),(11,3829),(34,724),(46,66)]	16.964107
370	[(5,2560),(20,600),(24,3542),(38,1150),(45,581),(49,161),(55,790),(72,2378),(76,3556),(85,1437)]	16.662550
371	[(4,4081),(17,2717),(23,498),(39,3345),(48,2057),(63,256),(80,2081),(81,297)]	16.745037
372	[(25,1352),(48,488),(68,2811),(81,830)]	17.390841
373	[(8,2058),(16,1494),(40,2691),(51,1962),(70,1284)]	16.829823
374	[(4,3086),(7,3329),(11,3531),(32,74),(46,2844),(77,2851),(81,864)]	16.631108
375	[(1,3688),(8,317),(18,3356),(43,3499),(53,921),(71,773),(91,2355)]	16.468554
376	[(5,2778),(37,2056),(56,3089),(65,706)]	16.841653
377	[(37,2935),(78,3025)]	16.931963
378	[(0,342),(11,2933),(29,2879),(59,1922),(73,960)]	17.365930
379	[(17,2961),(28,1005),(48,2874),(54,1658),(70,2946),(76,769),(82,818),(83,1209),(85,2795),(87,1730),(89,2763)]	16.936119
380	[(22,523),(29,1649),(32,294),(38,1326),(69,1843),(73,3257),(74,1897),(84,405)]	17.243297
381	[(17,2831),(42,501),(44,3218),(50,2217),(53,507),(62,1099),(65,2164),(67,2380),(72,2409),(74,3862),(78,4061)]	17.715565
382	[(1,3106),(6,1842),(50,2871),(70,3006)]	17.901388
383	[(18,2679),(50,3584),(54,1922),(63,2338),(77,1859),(85,1333)]	17.145415
384	[(0,1988),(18,3380),(24,3695),(92,2626)]	17.202705
385	[(55,2896),(57,1576),(87,83)]	16.660169
386	[(7,3038),(13,2873),(32,1813),(62,1998)]	16.745519
387	[(0,3564),(6,3947),(7,4038),(20,139),(60,1663)]	19.448280
388	[(7,2272),(32,3473),(39,1268),(50,3285),(51,2208),(58,352)]	16.968652
389	[(10,2988),(13,412),(18,3605),(37,864),(54,779),(63,2114),(86,3968)]	16.586228
390	[(11,1300),(21,459),(23,3882),(24,1919),(36,238),(47,1747),(49,3367),(60,1589),(65,3257)]	16.784009
391	[(15,869),(52,151),(71,2455),(83,1211),(89,3928)]	16.485174
392	[(10,3957),(11,559),(39,351),(54,4084),(77,2050)]	17.454670
393	[(2,1438),(8,2919),(55,1537),(57,3473),(60,3310)]	17.656771
394	[(5,1750),(43,2944),(47,3696),(50,1230),(55,996),(56,1405),(61,756),(65,1381),(76,3667)]	17.176891
395	[(3,1846),(9,2853),(15,1548),(39,2098),(43,382),(53,1512),(58,2070)]	18.909536
396	[(13,3824),(15,738),(29,1325),(57,3103),(75,1382),(84,3796),(86,3576)]	16.930257
397	[(18,3582),(20,499),(28,1799),(31,2365),(48,1956),(53,1655)]	17.803389
398	[(10,1993),(19,2411),(32,2643),(51,3764),(53,1026),(62,625),(73,1451),(92,431)]	17.343364
399	[(9,3201),(32,855),(34,240),(39,2544),(50,1598),(53,1047)]	18.378290
400	[(8,48),(11,1400),(12,3589),(16,2651),(44,2445)]	17.688920
401	[(1,1446),(55,3603),(57,1947),(84,377)]	17.004992
402	[(8,2001),(35,4064),(70,2024),(84,3626),(86,43)]	17.043836
403	[(0,2192),(73,1484)]	17.128596
404	[(19,100),(24,2334),(33,1857),(79,2574)]	17.430058
405	[(0,2084),(13,3134),(20,1699),(30,2163),(31,3225),(39,1866),(44,3124),(65,3316),(75,1833),(78,2719),(85,935)]	18.035191
406	[(1,408),(5,1622),(23,1090),(26,1151),(27,2022),(31,726),(34,713),(77,2414),(89,3364)]	18.282333
407	[(48,2198),(49,1899),(60,2768),(70,3105),(79,2093)]	17.836045
408	[(5,134),(7,2675),(9,2934),(40,3622),(50,2037),(54,2277),(88,267)]	17.323079
409	[(1,231),(20,3710),(51,2075),(75,2857)]	17.655471
410	[(10,1894),(23,3140),(29,3132),(60,737),(61,341),(62,158),(67,3556),(70,32),(74,441),(79,818),(80,1209)]	18.747287
411	[(13,642),(20,3567),(49,2149),(72,3460),(88,606)]	18.448084
412	[(16,1400),(26,3752),(32,2889),(50,1358),(53,2673),(63,1124),(90,1348)]	35.726453
413	[(21,1640),(34,1943),(41,2471),(47,2956),(50,686),(76,2241),(85,363),(87,70)]	25.573034
414	[(7,1566),(41,3486),(63,1046),(65,1285),(79,168)]	17.220533
415	[(1,101),(24,2301),(43,1961),(47,1723),(48,3186),(63,4017),(78,1796)]	17.647029
416	[(7,1594),(15,678),(29,3),(32,710),(34,617),(44,1846),(49,534),(56,2045),(74,1934),(75,843)]	19.529589
417	[(11,2972),(54,1592)]	18.841071
418	[(21,2025),(44,3239),(63,250),(81,914),(87,3287)]	17.684927
419	[(11,1790),(35,317),(62,2203),(73,2636),(75,3757),(89,4076)]	16.715963
420	[(30,1158),(74,2041)]	18.551605
421	[(1,3782),(38,3390),(45,725),(59,3800)]	18.194303
422	[(0,3805),(21,1799),(26,1500),(69,2736),(92,1257)]	17.175879
423	[(19,648),(20,229),(28,2201),(29,3979),(54,409),(60,408),(68,3889),(69,2389),(80,1969)]	20.972194
424	[(9,1076),(10,2271),(15,380),(52,2834),(59,626),(61,3677),(83,1045),(90,2700)]	16.804088
425	[(17,3342),(38,746),(43,2613)]	17.713004
426	[(6,3652),(11,2159),(30,2145),(70,212),(72,3518),(84,1652)]	17.440368
427	[(22,205),(42,3935),(84,808)]	16.671048
428	[(9,1032),(12,2206),(13,3027),(37,850),(53,3087)]	17.189679
429	[(13,1112),(45,1865),(54,2525),(59,3578),(60,2519)]	16.965265
430	[(6,383),(89,2694)]	17.379230
431	[(34,49),(78,470)]	16.958649
432	[(41,353),(46,2237),(52,135),(60,1434),(62,389),(68,975),(72,2038),(92,4005)]	17.444529
433	[(13,3660),(37,1199),(39,299),(40,2168),(53,2129),(56,1974),(72,1612)]	16.696232
434	[(12,3087),(17,1757),(41,3917),(59,201),(60,1858),(65,2445),(75,889)]	18.833104
435	[(20,3002),(29,2907),(36,1479),(37,2800),(39,2542),(49,1172),(51,3263),(90,1649)]	19.303153
436	[(22,1687),(72,3431),(80,1251),(91,1213)]	19.141408
437	[(19,3950),(38,3310),(72,2570),(76,2351)]	20.060012
438	[(41,2992),(55,228),(56,1838),(57,4074),(82,2177),(92,889)]	18.094198
439	[(27,223)]	17.078185
440	[(2,3401),(25,2691),(33,2599),(55,2432),(63,697),(66,928)]	17.648472
441	[(48,837),(69,13),(73,704),(80,2447)]	16.486793
442	[(1,3526),(15,4017),(53,3485),(66,1474)]	19.708235
443	[(20,3914),(27,453),(36,3738),(81,1005)]	16.736168
444	[(6,1949),(13,4087),(80,429),(85,1370)]	17.395288
445	[(58,1541),(59,3144),(62,570),(67,3154),(80,407),(85,1955)]	18.003796
446	[(2,3361),(3,3003),(18,333),(23,2492),(36,768),(44,3761),(71,2159),(80,2301),(86,3497)]	18.833421
447	[(13,626),(20,523),(21,3906),(24,639),(38,2601),(51,4014),(55,2379),(56,3355),(85,3064)]	16.768270
448	[(4,3947),(5,4038),(15,1840),(28,3436),(36,3256),(46,666),(70,2134),(77,2613)]	18.504700
449	[(47,261),(69,3529),(70,2832),(72,2472),(83,2223)]	17.748978
450	[(13,1884),(26,1131),(45,1424),(50,2541),(55,497),(65,363),(73,2016)]	16.946284
451	[(48,1319),(53,3261),(62,4066)]	18.432965
452	[(3,3116),(5,1162),(16,2662),(48,2537),(67,799),(78,2590),(85,1447)]	17.871876
453	[(3,1012),(32,334),(60,714),(89,675)]	17.729343
454	[(43,100),(50,3676),(52,2050),(58,411),(64,652),(67,3943)]	18.046035
455	[(7,647),(48,3485),(52,3301),(55,2057),(63,4007)]	17.007420
456	[(13,2212),(53,2642),(82,3970)]	16.533399
457	[(1,2550),(14,3728),(44,1316),(83,2680)]	19.079360
458	[(18,173),(24,3859),(37,3562),(57,3373),(59,69),(73,1380),(87,3386)]	17.215557
459	[(9,1888),(10,3693),(19,1888),(20,1892),(23,1412),(34,2239),(35,987),(52,1600),(56,3616),(60,579),(77,873),(80,496),(81,655),(90,2870)]	16.969222
460	[(0,423),(3,246),(8,2738),(20,3185),(42,1067),(64,3977),(72,808),(75,2923),(89,1952)]	17.106297
461	[(6,2832),(18,2889),(28,705),(32,3982),(70,4078),(76,2991)]	17.008292
462	[(10,1707),(11,4060),(18,1695),(38,3063),(61,2585),(63,1429),(79,1562),(84,21)]	19.904039
463	[(8,1416),(15,66),(58,1437),(79,3035),(88,1586)]	17.543861
464	[(6,1399),(18,2023),(23,3430),(48,315),(55,1157)]	16.559769
465	[(9,969),(20,2495),(50,383),(78,558),(82,1551),(88,4085)]	18.693794
466	[(1,4056),(8,1960),(32,1566),(48,2586),(79,1653),(91,2371)]	17.013368
467	[(6,320),(26,3001),(29,1842),(45,479),(81,1910)]	18.692251
468	[(45,2844),(48,1638),(52,353),(65,3597),(89,2726)]	22.570631
469	[(15,900),(19,1752),(31,3201),(55,2716),(64,2045),(78,2203),(80,1890),(85,1329)]	33.594619
470	[(7,223),(10,1481),(11,176),(22,1139),(64,868),(74,573)]	20.131386
471	[(9,881),(13,911),(33,2206),(38,2765),(61,3163),(67,1066)]	18.481522
472	[(0,2615),(13,342),(34,393),(35,3742),(51,2916),(79,2750),(89,2275)]	16.705622
473	[(7,3808),(34,844),(38,2639),(43,2647),(44,2231),(50,1683),(57,37),(88,2077)]	16.671021
474	[(5,1103),(17,85),(18,779),(26,349),(30,1736),(48,2648),(71,2367),(84,4000),(87,1703)]	17.525653
475	[(0,3401),(10,3517),(16,691),(19,3346),(20,406),(21,1940),(56,2776),(58,2116),(65,45),(73,755),(81,989),(85,3692),(89,2847)]	17.576834
476	[(21,1338),(24,3301),(40,1053),(45,703),(55,1723),(56,3186),(57,3370)]	17.282482
477	[(21,3201),(43,869),(55,2562)]	17.484411
478	[(11,2574),(17,1931),(27,2170),(34,2860),(82,2886),(90,577)]	20.576653
479	[(31,1075),(32,1569),(35,260),(69,2678),(87,1528)]	18.900126
480	[(2,3183),(15,1994),(34,2923),(38,1473),(42,2443),(67,2853),(91,387)]	31.349200
481	[(3,2841),(4,1719),(18,3890),(31,2199),(75,763),(82,3928),(87,3422)]	16.610787
482	[(3,3405),(14,3499),(20,1146),(42,3574),(66,3383),(69,3749),(73,1463),(76,432),(85,1312),(88,1685)]	16.831481
483	[(38,2733),(47,3492),(70,3166)]	16.439446
484	[(10,939),(30,1361),(40,200),(50,517),(51,2513),(59,3550),(88,1040)]	16.868190
485	[(12,2388),(22,1555),(26,754),(34,127),(39,2978),(41,322),(66,3568)]	17.108229
486	[(56,2294),(68,1469),(83,3472),(85,273),(90,2286)]	17.446248
487	[(9,88),(36,2981),(42,1600),(52,3966),(54,2020),(73,2966),(88,694),(90,2698)]	16.791180
488	[(3,2644),(33,3258),(47,4045),(55,2568),(84,314),(85,2173),(86,1693)]	19.381558
489	[(31,215),(37,3857),(46,1728),(67,3049),(74,1574)]	23.788284
490	[(1,1304),(4,1484),(12,535),(16,3270),(39,3966),(46,2946),(56,3985),(67,3562)]	16.836246
491	[(3,1253),(10,1179),(14,1174),(56,3008),(69,3303),(82,1268),(87,165)]	17.231760
492	[(14,665),(27,2452),(28,4011),(53,1990),(56,2021),(64,2827),(88,687)]	16.760536
493	[(9,205),(23,1007),(34,2510),(51,3321),(74,761)]	17.371366
494	[(4,664),(8,1346),(14,2413),(17,302),(30,683),(61,2343),(67,656),(70,2654)]	16.663767
495	[(11,2489),(18,1562),(22,650),(52,2413),(81,3595)]	16.657586
496	[(0,3899),(44,1996),(49,767),(72,2406),(87,913)]	18.873556
497	[(9,2979),(14,3389),(24,1508),(28,967),(39,2974),(41,3309),(72,2297),(74,1055),(79,2314)]	22.777897
498	[(4,3225),(9,474),(17,88),(32,2413),(35,302),(87,860)]	36.550835
499	[(20,1437),(27,2641),(30,2343),(32,1472),(67,752),(84,1867)]	22.618554
500	[(6,1221),(26,2672),(27,3296),(31,1071),(33,1375),(42,426),(64,2642),(68,1892),(87,1966)]	18.896919
501	[(5,589)]	18.055658
502	[(20,2674),(41,2405),(69,147),(80,733)]	16.671534
503	[(14,4069),(25,3039),(62,3889)]	16.507708
504	[(27,1940),(40,2273),(50,893),(53,1986),(60,151),(65,1727)]	17.086342
505	[(12,1751),(15,1333),(28,3410),(30,2477),(34,220),(40,2805),(44,60),(52,3962),(58,3675)]	17.774348
506	[(20,1907),(57,525),(67,1208),(70,2919),(79,2414),(80,1776),(87,4000)]	17.003130
507	[(23,2272),(64,3867),(85,4036)]	16.903914
508	[(17,927),(18,3075),(41,13),(52,2645),(55,2242),(78,3484)]	23.349089
509	[(14,1800),(24,1671),(33,2433),(34,3865),(64,3933)]	20.580102
510	[(12,2187),(21,2566),(59,2563),(79,1902)]	16.756279
511	[(5,2141),(34,1593),(36,118),(46,2437),(86,2473)]	17.813099
512	[(20,1039),(36,1382),(46,3523),(82,2311)]	18.477102
513	[(9,2581),(11,2241),(42,3645),(45,2125),(58,2226),(62,2493),(71,2818),(89,2138)]	21.397069
514	[(2,165),(20,3524),(25,1083),(31,1985),(47,3849),(74,1299),(80,1837),(91,784)]	17.627887
515	[(18,245),(28,2109),(30,213),(52,266),(55,1981)]	18.241973
516	[(3,1450),(49,3720),(79,3328)]	18.312935
517	[(3,2777),(44,3202),(48,2797),(82,3490)]	33.736592
518	[(12,2993),(14,1896),(17,458),(39,1059),(41,2083),(71,3337)]	35.741236
519	[(28,2932),(33,2169),(70,2204),(72,3499),(74,2365)]	34.667354
520	[(8,2576),(26,3362),(56,2743)]	35.893792
521	[(13,2308),(29,155),(30,947),(61,2159),(79,3359)]	35.705293
522	[(15,2897),(29,2472),(54,4084),(60,322),(82,584)]	38.500219
523	[(5,2331),(20,1455),(23,3222),(25,322),(32,3319),(42,3489),(58,3195),(64,1294),(72,3163),(74,860),(78,2160)]	36.825656
524	[(4,810),(11,2183),(15,2868),(44,220),(53,3796),(55,119),(64,3635),(68,404),(74,1280),(83,582),(91,3151)]	19.954305
525	[(42,140),(44,2057),(51,743),(67,2101),(71,657)]	16.798989
526	[(2,3267),(3,519),(10,1529),(23,2990),(42,913),(45,1496),(46,2132),(64,2642)]	17.621446
527	[(13,653),(16,403),(58,1825),(69,2595),(80,56)]	17.099903
528	[(5,3742),(18,624),(86,3316)]	16.663581
529	[(0,1592),(23,3008),(52,3002),(60,2195)]	17.007819
530	[(13,485),(33,3408),(53,1607),(76,2005),(83,3),(87,744)]	16.663484
531	[(0,1774),(10,3797),(45,668),(46,1682)]	16.676900
532	[(7,172),(66,650),(69,41),(73,1366),(80,2597),(81,1629)]	16.631385
533	[(5,422),(27,2745),(42,1947),(46,2169),(52,524),(53,2484),(57,3936),(75,2096),(77,1348),(86,470)]	16.815981
534	[(3,700),(14,3864),(37,2315),(67,2978),(69,322),(81,243),(82,3304)]	17.168222
535	[(29,1557),(78,3530),(91,2086),(92,2259)]	16.927362
536	[(2,3665),(14,376),(37,532),(42,3643),(50,136),(51,3136),(60,3772),(63,239),(79,2792)]	16.349722
537	[(8,2942),(14,1543),(20,2205),(56,208),(68,2489)]	16.684868
538	[(1,1760),(23,1411),(35,2966),(81,2626)]	16.516512
539	[(0,3347),(6,1640),(19,3051),(31,1562),(35,3546),(41,2030),(56,1672),(68,1483),(92,1636)]	17.193674
540	[(45,3909),(47,352),(78,1754),(90,3660)]	17.048666
541	[(6,2155),(7,4058),(10,490),(60,4058)]	17.276107
542	[(1,1826),(32,450),(34,2380),(63,3885),(67,2243)]	17.330386
543	[(5,2141),(16,1922),(29,1051),(43,2825),(70,2579),(76,1477),(81,217)]	17.079519
544	[(18,1917),(32,1790),(38,2318),(46,394),(81,3694)]	19.106826
545	[(9,156),(31,3486),(40,535),(47,973),(48,1762),(51,126),(64,1961),(81,292)]	17.564708
546	[(1,2094),(13,1041),(36,3462),(50,2335),(64,183),(70,2160),(76,2071)]	16.837610
547	[(8,2136),(25,3394),(28,2765),(32,2431),(39,29),(69,867)]	16.858396
548	[(10,2103),(27,2127),(56,855),(58,819),(67,4020),(90,3590)]	17.187738
549	[(18,237),(50,1452),(86,3804)]	18.500058
550	[(35,2649),(39,548),(53,1961),(77,3),(88,163)]	16.843669
551	[(0,679),(2,2495),(16,1602),(25,2589),(42,1331),(68,3317),(69,3078),(78,1548),(89,322)]	16.789909
552	[(3,420),(18,2275),(47,3342),(52,3418),(53,3056),(58,1608),(65,2494),(68,1908),(72,2414),(73,1776),(77,714),(91,642)]	19.092033
553	[(13,1558),(22,2194),(50,2644),(63,3984),(70,1307),(74,1090),(86,868)]	16.758788
554	[(3,3577),(12,681),(43,1311),(46,3623),(48,3585),(51,3116),(53,1930)]	16.912552
555	[(9,728),(24,2723),(29,2676),(38,2040)]	17.566210
556	[(37,2463),(50,1886)]	17.313818
557	[(4,1352),(20,306),(22,316),(48,2341),(72,728),(77,3367),(79,1326)]	16.697552
558	[(7,3142),(17,818),(18,1209),(33,837),(39,2122),(40,1304),(49,1307),(53,349),(54,1277),(88,2035)]	17.006846
559	[(15,202),(21,247),(43,3352),(55,822),(83,509)]	16.960256
560	[(7,159),(10,49),(24,530),(25,3167),(41,1050),(55,436),(58,1575),(61,2266),(88,1049),(91,1519)]	16.763650
561	[(21,674),(35,1011),(43,358),(73,2711),(77,2599)]	16.957002
562	[(27,2487),(41,195),(52,1308),(56,3297),(69,3484)]	16.711896
563	[(1,3943),(7,2436),(32,3620),(44,1117),(63,2335)]	16.963290
564	[(10,357),(19,2120),(27,1601),(38,3786),(46,1376),(72,653),(92,3743)]	18.655154
565	[(18,594),(37,3333),(42,2384),(48,2103),(51,1320),(53,3687),(62,2859),(69,2349)]	16.990866
566	[(1,1650),(26,980),(41,3476),(88,2891)]	16.955250
567	[(10,802),(18,3289),(44,1983),(66,2323),(67,1411),(77,3462),(78,3874),(80,1981),(81,1395),(86,1297),(88,2557),(89,427)]	17.613238
568	[(8,3087),(9,3886),(22,747),(38,727),(76,607),(77,1515),(87,3962)]	16.885218
569	[(8,1559),(55,279),(61,3980),(63,2003),(74,2360),(84,609)]	16.827653
570	[(5,2457),(15,3569),(60,897),(66,851),(92,2947)]	21.245077
571	[(5,864),(8,1226),(42,2722),(44,1797),(66,823)]	22.609619
572	[(20,2396),(25,2063),(53,2010),(91,130)]	16.896365
573	[(9,472),(57,2433),(58,3865),(68,2770),(81,2980)]	16.980624
574	[(22,2784),(50,542),(64,602),(91,559)]	18.832887
575	[(1,1316),(23,1485),(39,402),(44,1836),(57,3032)]	17.403750
576	[(17,188),(21,1389),(33,1568),(39,878),(82,2552),(86,2244)]	17.258073
577	[(3,1681),(15,3934),(46,3275),(52,1694),(57,2421),(84,921)]	16.855058
578	[(1,2382),(10,3656),(33,2662),(50,1281),(58,1510),(67,1568),(81,3762)]	28.701374
579	[(23,2340),(36,2331),(56,719),(88,735)]	24.701812
580	[(32,3383),(35,141),(47,633),(90,2182)]	16.610816
581	[(24,2434),(36,610),(41,66)]	18.710055
582	[(49,3717),(53,3240),(68,2894),(72,3287),(85,1664),(91,1357)]	17.075438
583	[(25,2653),(44,394),(78,3750)]	16.914993
584	[(24,1290),(63,113),(81,2946)]	16.796630
585	[(18,641),(43,19),(54,1946),(61,2596),(62,3838),(63,1761),(87,2249)]	16.699612
586	[(5,334),(34,4023),(37,491),(68,2676),(69,448),(84,2441)]	16.965475
587	[(10,534),(15,759),(26,2913),(37,1071),(38,3609),(40,2489),(45,3960),(63,1294),(66,439),(89,1024)]	16.928717
588	[(0,1331),(6,3319),(9,934),(27,3285),(40,2248),(47,2269),(64,3820),(69,3448),(82,1706),(87,472)]	16.693751
589	[(9,585),(25,2414),(36,277),(64,1585),(67,2050),(80,958)]	16.641642
590	[(45,3379),(88,3077)]	17.216908
591	[(25,3388),(35,1227)]	16.796670
592	[(6,1496),(10,1692),(12,2665),(21,4032),(27,2347),(37,3557),(42,1241),(53,2212)]	16.821619
593	[(10,871),(19,731),(53,585),(58,2424),(91,1943)]	17.400463
594	[(6,2338),(41,3327),(70,2212),(74,1530),(79,2510),(86,2669)]	16.792338
595	[(1,3149),(33,1171),(44,1889),(63,1408),(64,2569),(68,2538)]	16.515539
596	[(28,3028),(51,3268)]	16.817410
597	[(44,3751),(63,1200),(72,767),(88,2910)]	16.670909
598	[(7,3454),(28,1932),(32,1313),(36,2848),(52,1929),(69,2970),(89,450),(92,180)]	17.461959
599	[(39,608),(46,2653),(68,1977),(78,208)]	17.066542
600	[(1,1649),(4,2237),(7,2420),(17,3841),(44,2539),(48,1422),(63,1454),(67,2704),(79,405)]	17.495679
601	[(18,3403),(29,563),(33,2717),(52,2103),(63,2967),(70,949),(87,780)]	19.400030
602	[(48,1194),(49,3829),(70,1403),(71,234),(79,2800),(86,599),(88,2383)]	17.925167
603	[(14,2635),(29,1490),(52,1230),(74,2033)]	18.435326
604	[(5,2344),(32,929),(52,3077),(62,13),(67,700)]	20.212498
605	[(14,3290),(19,1625),(29,961),(40,3727),(91,2431)]	19.177416
606	[(39,3980)]	17.647989
607	[(47,1260),(54,288),(58,2794),(71,2258),(74,1025)]	17.526895
608	[(34,3516),(42,3786),(47,360),(54,516),(55,2364),(67,536),(88,149)]	17.217699
609	[(18,2403),(40,1995),(51,3912),(72,220),(84,82)]	16.756153
610	[(1,2293),(5,1060),(13,2173),(62,1974),(64,1770),(71,3516)]	16.697940
611	[(20,852),(30,546),(42,2025),(73,1981)]	17.629638
612	[(25,259),(40,1539),(51,37),(77,2792)]	18.641824
613	[(25,1296),(71,539),(80,637),(83,2267),(92,1816)]	19.893889
614	[(5,303),(7,3894),(14,3474),(36,3480),(48,2325),(90,3219)]	16.866205
615	[(4,127),(13,2268),(49,1583),(65,1057),(78,3732)]	17.782929
616	[(6,1224),(14,256),(66,712),(74,669)]	16.695608
617	[(44,3300),(60,3680),(71,828),(75,1270),(89,3182)]	17.071111
618	[(26,1655),(33,3177),(41,3153),(50,2812),(52,550),(82,1362)]	16.973284
619	[(0,3959),(7,4076),(13,3077),(22,1426),(23,1157),(30,3936),(66,788)]	16.923638
620	[(3,441),(15,286),(34,1975),(61,2986),(80,1291),(84,2613),(86,722)]	17.475834
621	[(6,3105),(25,3176),(48,1427),(68,3010),(71,1750),(91,1636)]	17.478239
622	[(9,3189),(35,1702),(39,2780),(61,2510),(74,3051),(77,1933),(87,1792)]	17.028834
623	[(2,1806),(26,546),(39,3221),(42,258),(91,1049)]	17.196193
624	[(19,2543),(20,1857),(32,3452),(36,499),(37,3892),(46,2299),(58,2794)]	16.798250
625	[(9,1795),(21,1395),(52,824),(62,3124),(70,1518),(76,820),(81,284),(86,1362),(90,2565)]	16.699649
626	[(27,261),(32,218),(35,672),(65,1303),(82,2163),(83,3225)]	21.417055
627	[(8,439),(32,1677),(38,1620),(39,3117),(74,2027)]	19.886689
628	[(32,4029)]	16.715460
629	[(36,1164),(46,3988),(56,1625),(57,61),(64,667),(75,2988),(80,3894),(92,882)]	16.453308
630	[(7,841),(9,3140),(54,134),(56,2675),(70,2079),(74,696)]	25.886826
631	[(10,3429),(39,2101),(54,874),(63,334),(90,2414)]	17.748096
632	[(6,550),(9,824),(31,2275),(35,3109),(56,2692),(59,3917),(70,2042),(72,3221),(79,2342),(92,1511)]	16.742041
633	[(25,763),(54,2144),(56,906)]	16.617914
634	[(0,1261),(17,215),(21,275),(29,543),(44,1884),(50,2001),(64,1970),(72,926),(75,3209)]	16.748345
635	[(7,4070),(11,353),(23,1776),(50,2135),(51,234),(70,1228),(77,1442)]	16.906026
636	[(21,4030),(22,2075),(36,2304),(39,294),(47,752),(52,1558),(69,3024)]	29.354599
637	[(19,3920),(39,3940),(46,700),(55,3603)]	25.491001
638	[(4,3518),(19,1779),(22,3710),(23,3177),(36,2596),(46,2134),(49,3159),(60,765),(66,1413)]	16.819012
639	[(6,3626),(8,1058),(31,1954),(74,3807),(80,2222)]	17.536014
640	[(68,3635),(82,977),(88,2753)]	16.491751
641	[(11,332),(43,2106),(54,3705),(56,2726),(71,2185),(73,3892)]	17.684436
642	[(6,915),(18,76),(58,2678),(77,152),(84,1702)]	16.691377
643	[(6,774),(16,2050),(21,3228),(32,1311),(59,2109),(68,1465),(79,102),(81,887)]	17.044153
644	[]	17.485542
645	[(11,3369),(49,265),(61,3062)]	17.457813
646	[(33,2211),(36,2040),(39,1236),(65,3309)]	17.549548
647	[(55,3265),(76,2324),(89,838),(92,3133)]	16.994876
648	[(31,2843),(36,2850),(40,1299),(52,1756),(70,1828),(85,49),(88,1491)]	17.880739
649	[(6,2487),(24,3759),(42,1847),(84,567)]	17.175752
650	[(24,2653),(28,1218),(31,678),(34,496),(35,655),(53,3554),(66,638),(89,102)]	16.820385
651	[(79,2295)]	17.002749
652	[(13,2105),(23,3382),(30,2077),(43,3781),(51,858),(56,3673),(58,2251),(59,1690),(87,2284)]	16.964620
653	[(10,3451),(33,625),(44,1755),(49,1098),(52,1011),(60,3850),(78,264)]	17.105705
654	[(17,1070),(32,3150),(56,606),(58,1508),(60,3165),(68,3653)]	16.759851
655	[(17,3590),(28,2286),(31,3923),(59,105),(91,291)]	16.706975
656	[(42,204),(46,3165),(51,1926),(55,2237),(79,329),(90,823)]	17.038737
657	[(6,1163),(14,922),(56,752),(59,3974),(70,3480),(77,2006)]	19.544044
658	[(72,80)]	17.375415
659	[(3,1463),(12,3971),(31,3990),(41,2787)]	17.383608
660	[(5,1354),(19,2310),(33,3614),(34,4003),(42,3627),(66,975),(72,2896)]	17.723830
661	[(62,1109),(67,1736),(74,2183),(83,3115)]	17.141845
662	[(11,3157),(49,1219),(77,2307)]	17.016386
663	[(0,2773),(32,1114),(37,325),(41,1534),(46,2064),(72,1658),(87,2927),(89,2367)]	17.032502
664	[(10,3800),(16,1315),(40,3223),(53,193),(75,3378),(88,1525)]	17.095479
665	[(15,2447),(69,1410),(76,748),(78,573)]	16.980497
666	[(7,628),(27,479),(59,2922)]	16.517220
667	[(5,301),(10,3051),(19,1247),(29,1196),(37,3356),(42,2697),(68,1803),(73,1140),(90,3684)]	17.058454
668	[(5,35),(11,4061),(32,2740),(47,313),(59,1706),(63,292),(84,545)]	16.690736
669	[(0,281),(18,682),(23,229),(38,3378),(57,797),(60,4024),(80,869),(81,3584),(91,1189)]	17.704760
670	[(7,1764),(14,3190),(57,906),(66,604)]	16.798646
671	[(0,1361),(10,2735),(18,725),(26,2576),(41,3927),(42,1908),(60,3489),(87,2369)]	17.153113
672	[(5,2843),(65,1188),(70,1593),(72,118),(77,55),(86,1274),(89,3124)]	16.695019
673	[(26,3083),(33,1778),(89,3602)]	17.044622
674	[(29,3881),(73,131),(78,3015),(92,3612)]	16.544956
675	[(7,1243),(10,437),(19,3170),(40,3053),(88,984)]	16.851194
676	[(25,3669),(26,3125),(39,199),(60,2517),(71,747)]	17.184414
677	[(1,2601),(10,365),(18,2767),(23,1648),(47,53),(49,1406),(92,1431)]	16.861563
678	[(50,1307),(59,1388),(62,563),(78,2446),(90,3372)]	16.760752
679	[(8,1958),(29,2883),(31,1036),(72,1661),(86,6)]	17.487596
680	[(1,3348),(2,972),(6,3517),(11,1377),(37,2559),(46,3152),(55,408),(56,1463),(59,4030),(62,2825),(68,2577)]	17.342063
681	[(58,1505),(61,1895),(91,2194)]	17.491341
682	[(42,2517),(46,2793),(60,3533),(83,2255)]	19.841169
683	[(25,1967),(33,3659),(41,2974),(48,1549),(62,2849),(64,122),(77,2132),(79,3860)]	23.249898
684	[(6,340),(24,3610),(30,1517),(35,1761),(79,1866),(91,3129)]	17.030830
685	[(14,2969),(41,1564),(54,3781),(76,3547),(85,2398)]	17.291674
686	[(34,1516),(57,2746),(61,2229),(77,2826)]	17.276410
687	[(32,670),(54,1964),(56,1949),(59,3623),(72,1638)]	18.068726
688	[]	16.369259
689	[(10,1932),(21,1210),(30,3987),(33,721),(73,3890),(91,246)]	16.522037
690	[(10,252),(16,1848),(24,1152),(25,2677),(34,984),(38,1884),(55,964),(56,1147)]	16.356864
691	[(44,175),(46,1343),(72,1225),(82,197)]	16.959253
692	[(4,676),(24,864),(35,385),(41,978),(43,3434),(45,3924),(48,2965)]	16.652751
693	[(49,3447),(52,3457),(54,3944),(57,3308),(69,3511),(91,530),(92,3167)]	17.747492
694	[(6,1306),(11,2327),(30,1181),(40,2090),(52,1646)]	16.642505
695	[(15,1392),(74,3355)]	33.830588
696	[(2,2947),(30,3442),(32,941),(34,553),(44,2918),(61,394),(85,1070)]	22.013238
697	[(1,892),(30,2553),(46,1169),(51,1694),(54,351),(77,2597),(90,2857)]	16.668876
698	[(2,2568),(18,481),(52,523),(58,2560),(59,3079),(60,3146),(90,2833)]	16.844922
699	[(11,86),(19,2583),(36,581),(38,47),(53,2925),(92,2902)]	17.026360
700	[(0,2061),(6,2272),(11,3164),(34,4087),(66,3524)]	17.571122
701	[(0,2752),(17,2212),(20,1099),(48,2069),(53,2388),(76,422)]	17.704363
702	[(32,1243),(52,2412),(55,1279),(57,3923),(72,3270),(74,1769)]	17.264690
703	[(7,3302),(11,3818),(14,3091),(17,193),(38,958),(40,3234),(69,1044),(71,2455),(86,3106)]	18.509590
704	[(1,38),(50,1445),(55,4086),(56,618),(59,1911),(62,1957),(77,1014),(85,1803),(87,3845)]	17.317586
705	[(16,520),(21,1871),(39,1336),(64,606),(65,2801),(80,2167),(81,494)]	16.737157
706	[(14,3599),(16,1666),(41,973)]	16.469698
707	[(30,1655),(47,3325),(63,2050),(72,3865)]	17.220971
708	[(9,241),(11,3534),(26,3650),(40,3422),(46,1725),(48,2733),(54,222),(81,803),(85,800),(89,2751)]	16.847867
709	[(3,952),(6,1821),(12,1981),(13,1395),(24,3696),(34,1443),(53,2854)]	16.654804
710	[(14,783),(17,1051),(48,1556),(92,3364)]	17.307800
711	[(6,669),(27,2315),(58,2004)]	16.848413
712	[(8,1522),(32,3886),(49,1874),(58,1716),(60,369),(87,2043)]	18.426022
713	[(19,3341),(33,4),(56,1488),(57,1073),(91,2119)]	18.596561
714	[(11,3401),(53,2376),(79,472),(83,2947),(92,1314)]	22.642542
715	[(11,795),(19,2287)]	17.221709
716	[(13,3747),(18,3367),(91,1270)]	17.255965
717	[(3,3984),(67,2814),(68,3396)]	16.572295
718	[(18,4033),(42,1141),(73,2529)]	16.696037
719	[(0,2221),(1,908),(26,3780),(43,1020),(74,1311)]	16.746852
720	[(10,3013),(17,1398),(57,3913),(64,1111)]	17.336524
721	[(9,771),(16,934),(43,1437),(78,464)]	17.478531
722	[(1,4085),(10,3832),(21,3343),(38,3316),(72,1456),(81,2241)]	16.928564
723	[(12,4025),(53,90),(70,2903),(71,1116)]	16.613415
724	[(8,900),(25,2565),(43,3932),(44,560),(51,1073),(77,1887),(85,955),(88,3109)]	19.436925
725	[(32,3985),(43,1124),(48,3926),(52,847)]	18.027116
726	[(1,1353),(4,3403),(23,315),(53,2398),(59,19),(90,463),(92,3446)]	16.857393
727	[(31,638),(51,1722),(72,3248)]	17.261131
728	[(3,1331),(6,1977),(14,2724),(18,3761),(28,2618),(43,2962),(51,2189),(61,1519),(63,2662),(85,1621)]	17.087069
729	[(8,376),(21,1739),(30,895),(58,3109)]	17.309698
730	[(0,2829),(1,3196),(10,2907),(69,201),(70,1858)]	16.703048
731	[(2,2080),(11,1035),(17,3200),(18,889),(32,835),(34,2020),(44,3215),(64,93)]	16.652959
732	[(23,1965),(37,711),(71,3667)]	16.714603
733	[(43,2974),(45,3309),(69,2862),(78,877),(83,3093)]	16.576196
734	[(3,447),(23,1961),(24,3138),(40,1862),(52,982),(88,926),(89,2192),(91,3668)]	16.677582
735	[(76,2525),(88,534)]	19.405553
736	[(32,1353),(35,3365),(40,2086),(46,2673),(51,2640),(61,260),(65,1480),(66,865),(91,4041)]	17.340693
737	[(2,2774),(16,1891),(17,3538),(24,987),(56,2603),(78,1568),(83,3616)]	16.774334
738	[(17,2339),(61,2846),(63,362),(81,911)]	19.600100
739	[(15,4042),(41,2996),(65,272),(66,1309),(75,258),(81,2415)]	23.410709
740	[(2,3941),(4,4049),(29,1928),(31,3728),(35,1798),(39,1864),(40,592),(73,744),(90,491)]	17.110085
741	[(6,3055),(26,3324),(43,28),(84,2202),(88,2888)]	16.594631
742	[(43,1536),(64,1677),(72,1554),(81,2547)]	18.006690
743	[(0,1270),(4,3616),(14,3997),(43,1142),(76,26),(83,1394)]	17.827115
744	[(4,678),(8,1911),(24,884),(44,3561),(50,1823),(69,3066)]	17.560111
745	[(13,29),(36,2040),(49,2255)]	17.043589
746	[(15,4001),(27,2293),(50,2171),(59,344),(71,3860),(75,1087),(92,2633)]	16.856137
747	[(13,3558),(65,2336),(69,2136),(88,2828)]	17.584471
748	[(3,3603),(9,597),(34,3894),(58,3898)]	17.278587
749	[(16,4086),(20,4027),(25,3526),(42,2976),(46,20),(60,1717)]	16.842949
750	[(18,2912),(20,2355),(26,562),(30,2444),(31,2361),(50,1694),(68,2860)]	17.581660
751	[(8,2542),(42,844),(51,1012),(52,2632),(61,3909),(78,3158),(80,979)]	18.969377
752	[(1,888),(2,1436),(3,999),(10,1025),(16,643),(57,3294),(68,291),(84,54)]	17.191267
753	[(24,1465),(37,3985),(42,887),(50,916),(60,526),(67,3602),(86,1998)]	31.223106
754	[(56,3237),(64,2695),(84,1071),(85,3609)]	22.124787
755	[(17,209),(37,2269),(82,1291)]	17.056122
756	[(7,1873),(16,3374),(69,2709),(73,1167),(89,1358)]	16.799899
757	[(8,3573),(29,3585),(53,1563),(60,2345),(68,1306)]	17.065180
758	[(0,1211),(10,2864),(11,1416),(25,2211)]	17.045432
759	[(24,4052),(37,1945),(52,3689),(60,2687),(61,10)]	16.850881
760	[(29,631),(38,260),(55,2301),(75,1362)]	16.725439
761	[(10,1295),(16,916),(47,2478),(73,2894),(77,2)]	17.275972
762	[(20,871),(34,2002),(46,2103),(51,443),(53,3437),(62,3842),(67,1403),(79,3805)]	16.535692
763	[(3,803),(19,583),(27,2439),(34,1824),(35,2477),(36,2107)]	16.882440
764	[(12,451),(38,2757),(41,2080),(55,2163),(56,1703),(91,262)]	16.931568
765	[(13,1613),(34,3681),(48,1297),(59,2936),(77,3657),(78,43),(92,3306)]	16.789335
766	[(15,3673),(18,138),(31,1019),(32,3849),(65,4012),(87,2440)]	17.104623
767	[(3,3262),(9,2166),(26,1680),(27,618),(54,2290),(60,3193),(82,1448)]	16.996512
768	[(45,2063),(56,2967),(72,1493)]	16.468360
769	[(7,1183),(8,961),(15,299),(46,3110),(48,601)]	17.080779
770	[(16,1128),(18,2849),(45,919),(75,1253)]	19.744941
771	[(15,1366),(19,3761),(40,3612),(72,2179),(92,2974)]	17.345990
772	[(1,3560),(3,1576),(16,1365),(28,2045),(49,2149),(86,3977),(91,2422)]	17.067880
773	[(18,2781),(21,1113),(24,931),(49,2796),(71,2222),(79,2256),(92,1496)]	17.806877
774	[(4,3846),(29,1052),(48,597),(66,2608)]	17.978208
775	[(25,1014),(38,2795),(66,468),(72,2050),(84,2183),(91,2161)]	17.621356
776	[(6,2928),(29,858),(53,3399),(69,723),(72,3563)]	16.751710
777	[(7,599),(18,3459),(21,3354),(26,1226),(38,1660),(44,2347),(50,2708),(78,1546)]	17.239717
778	[(22,475),(35,1020),(38,2184),(66,426),(69,2900),(84,2074)]	16.502344
779	[(6,193),(17,293),(19,473),(57,1320),(59,1815),(77,909),(82,41),(91,2467)]	17.369082
780	[(5,760),(26,2575),(30,1254),(31,3479),(40,3644),(56,3545),(57,3439),(81,3546),(91,800)]	17.154707
781	[(0,139),(5,218),(7,2038),(30,3652),(63,2297),(72,1825)]	17.296172
782	[(2,574),(39,3611),(74,495)]	16.850944
783	[(2,3288),(12,3151),(20,2986),(66,181),(78,2931)]	17.702734
784	[(2,2268),(5,1581),(7,2137),(14,1395),(21,138)]	17.171126
785	[(23,3336),(43,56),(58,2432),(74,2536),(87,1913),(88,1345)]	16.551189
786	[(15,1166),(19,3869),(22,3737),(46,2015),(50,1862),(62,1918),(74,3555),(78,2565),(90,1471)]	18.097391
787	[(11,735),(13,420),(30,3930),(35,641),(40,430),(43,164),(81,1345),(92,2995)]	16.511189
788	[(6,1643),(13,3300),(23,3446),(25,3576),(61,2857),(71,973),(81,2953)]	16.696906
789	[(10,1554),(29,2321),(31,2241),(42,1512),(55,2945),(59,548),(82,1399)]	16.585446
790	[(26,1968),(28,282),(37,595),(41,1700),(59,4072),(68,1038)]	18.276047
791	[]	16.508104
792	[(16,1837),(38,749),(51,241),(59,3219),(64,3768),(88,2261)]	17.505999
793	[(14,3267),(15,519),(28,3265),(30,3855),(39,1149)]	16.557068
794	[(0,3455),(36,2542),(64,2820)]	18.827642
795	[(8,3606),(27,2690),(44,2842),(51,1334),(79,3063)]	22.986422
796	[(16,3715),(60,796),(71,754),(76,37),(77,4005),(79,3704)]	17.802939
797	[(9,3811),(30,3159),(36,4060),(43,2253),(52,2528),(77,1862)]	18.257245
798	[(3,794),(23,50),(26,2935),(72,1054),(80,34),(83,2535)]	16.821077
799	[(3,351),(27,120),(36,3087),(37,3886),(63,349),(72,3446),(74,119)]	17.107309
800	[(19,3627),(34,34),(40,1591),(44,4015),(64,2146),(66,2438)]	17.926566
801	[(13,2745),(39,1220)]	16.577139
802	[(26,1481),(27,4063),(38,1895),(77,1066),(86,3068)]	16.572914
803	[(26,1497),(39,993),(61,3379),(83,3158),(92,3556)]	16.815353
804	[(7,3468),(8,3452),(50,2880)]	19.379651
805	[(34,3615),(47,2677),(55,276),(59,2007),(61,3417),(64,1762),(90,583)]	21.684628
806	[(32,1563),(41,2267),(44,2782),(75,369)]	17.959012
807	[(49,3829),(57,2311),(68,3595)]	18.999575
808	[(12,1963),(32,2430),(38,518),(45,3397),(62,2064)]	17.016320
809	[(0,531),(6,3766),(10,600),(19,1663),(24,1619),(40,3904),(80,1533)]	30.500206
810	[(0,2021),(11,2505),(15,70),(17,3434),(28,339),(33,1605),(38,1631),(45,3899),(55,1824),(67,3346),(77,3862),(90,2334)]	44.233307
811	[(11,3467),(39,414),(67,4065),(77,592),(87,3979),(92,1107)]	36.105471
812	[(9,2100),(11,2518),(21,2929),(30,3865),(36,2885),(39,3222),(85,3021)]	32.868361
813	[(2,3285),(41,2331),(84,3521)]	34.460469
814	[(29,307),(45,1218),(70,1323),(71,559),(75,2983)]	35.966822
815	[(5,419),(34,3875),(35,3443),(38,702),(56,3348),(72,965),(76,2452),(87,1906),(88,1947),(92,1821)]	33.455620
816	[(35,3146),(37,2260),(51,1648),(75,2684),(77,2417),(78,45),(89,779),(92,1696)]	32.948055
817	[(21,1537),(35,800),(48,3752),(56,1086),(90,748)]	32.437797
818	[(35,262),(41,1490),(83,3690),(87,3879)]	35.751392
819	[(20,2592),(31,3313),(39,248),(78,824),(82,210),(85,3426)]	36.307694
820	[(42,1145),(51,1228),(88,98)]	32.529969
821	[(1,758),(7,1951),(11,1416),(28,1450),(34,851),(53,1121),(57,2215),(60,3981)]	33.605940
822	[(9,3749),(34,188),(45,3439),(69,2971),(71,232),(72,1653)]	33.118912
823	[(7,357),(30,603),(40,1535),(45,3752),(54,3691),(61,3769),(76,3612),(85,3306)]	33.126117
824	[(7,1502),(18,319),(42,2887),(63,2836),(79,1439),(80,1360),(82,3111)]	33.009169
825	[(14,1873),(24,3554),(34,3433),(65,1678),(74,294),(91,1473)]	33.050282
826	[]	33.173960
827	[(25,1319),(39,3056),(40,601),(64,3861),(69,1415),(75,897),(78,1012),(80,3760),(82,2749)]	33.145861
828	[(17,560),(22,769),(25,3873),(26,3581),(47,1649),(83,2565)]	33.245716
829	[(4,2443),(29,58),(33,113),(44,1127),(51,995),(84,1066)]	34.142423
830	[(2,2734),(11,1868),(36,1180),(39,3131),(55,75),(77,509),(92,1329)]	33.217942
831	[(33,2252),(70,3152),(88,696)]	34.458958
832	[(21,997),(23,3747),(48,3064),(72,1758),(87,474),(89,3817),(92,3318)]	35.171369
833	[(13,1926),(27,1105),(42,1390)]	34.273508
834	[(0,3067),(7,1742),(17,1333),(66,3681),(77,1305),(86,1735)]	33.583665
835	[(28,481),(32,692),(41,1153),(43,3133),(47,1596),(73,3266),(78,444),(92,485)]	33.101734
836	[(26,3534),(47,1171),(82,1574)]	34.306663
837	[(25,619),(33,852),(34,913),(41,1734),(54,2967)]	30.952533
838	[(14,607),(22,1586),(62,2339),(78,1298),(81,540)]	31.682613
839	[(13,3001),(16,1084),(17,3437),(34,3357),(72,3036),(75,1511)]	32.137692
840	[(0,3246),(43,1276),(49,2485),(52,368),(57,354),(62,1737),(77,2029)]	32.966292
841	[(20,3629),(25,2927),(28,590),(39,2828),(68,3276),(69,3355),(77,3200),(82,3939)]	42.222667
842	[(66,3548),(69,1396),(78,259)]	37.056968
843	[(1,135),(2,60),(15,861),(41,2979)]	33.757478
844	[(19,3300),(35,3250),(87,502)]	32.484010
845	[(26,735),(59,3477),(63,1312),(73,783)]	32.207498
846	[(2,2586),(6,3359),(25,1308),(50,293),(54,2296),(67,4045),(77,2902),(84,3192)]	32.353122
847	[(27,1526),(50,402),(69,3760)]	31.782435
848	[(2,1814),(67,2795),(85,556)]	34.071287
849	[(11,3801),(29,2660),(83,3431),(85,607),(86,1515)]	33.466255
850	[(0,2775),(5,1799),(14,3927)]	32.204734
851	[(0,1488),(1,1073),(2,2657),(26,1721),(28,1538),(32,2707),(42,3977),(66,2859),(68,545),(69,249),(79,932),(82,787)]	32.625128
852	[(6,50),(13,3621),(16,268),(23,2546),(78,2535),(87,3873),(88,1445)]	38.569986
853	[(43,3866),(47,425),(60,889),(64,3275),(82,804),(88,841),(89,1082)]	35.986642
854	[(67,2951)]	39.939318
855	[(3,1909),(5,534),(15,15),(28,148),(36,3321),(55,215),(57,1000),(74,2524),(85,4073)]	34.081730
856	[(7,2601),(26,1922),(31,1731),(56,1593)]	32.967338
857	[(8,2942),(71,523),(72,3906),(73,1782),(77,2749)]	33.564137
858	[(12,2065),(35,3726),(59,3915),(79,1450),(90,257)]	34.027538
859	[(6,716),(60,2441),(71,14),(77,849),(83,3553)]	34.814568
860	[(10,453),(34,3831)]	41.430140
861	[(13,2817),(30,3772),(71,1031),(76,1464),(86,2693)]	34.422712
862	[(5,1835),(10,3289),(26,1643),(83,856),(87,1672)]	37.303729
863	[(4,3425),(8,3816),(27,830),(34,2030),(58,3496),(76,1407)]	30.932424
864	[(1,42),(31,1843),(33,1093),(52,2450),(84,2652)]	32.254694
865	[(14,626),(26,33),(31,3280),(38,3143),(45,4077),(67,4082),(71,3022),(76,1869),(80,935),(81,875),(87,1845),(91,292)]	32.573867
866	[(24,36),(38,3119),(49,1146),(64,491),(73,2623),(84,256)]	33.546112
867	[(8,1625),(22,2128),(47,3877),(48,2351),(55,1517),(63,2962),(70,1525),(81,1179),(83,1393),(88,3625)]	35.767899
868	[(0,1472),(5,3909),(56,608),(71,3924),(76,2619),(77,367),(79,1463)]	33.102799
869	[(6,3987),(16,1842),(22,1258),(32,457),(61,3096),(70,166),(74,1183),(81,2238),(86,563)]	33.168487
870	[(4,2737),(18,4078),(20,3095),(37,1274),(41,835),(44,9),(63,1168),(78,650)]	33.179044
871	[(4,170),(24,846),(45,2030),(49,286),(55,2170),(91,2557),(92,427)]	33.304853
872	[(0,2391),(14,3588),(16,207),(17,562),(81,219)]	37.041915
873	[(13,1482),(39,981),(83,428),(86,3612)]	37.978201
874	[(2,772),(22,2493),(27,1993),(33,1711),(55,2494),(57,1771),(65,3029),(72,2327),(76,2749),(88,2823),(92,3375)]	34.753700
875	[(30,1540),(31,1535),(67,3049),(80,919),(90,607)]	34.464253
876	[(5,459),(8,1070),(18,3498),(31,3586),(46,1527),(53,1707),(54,4060),(76,2505),(79,2302),(86,477)]	33.245930
877	[(20,2350),(22,2068),(25,703),(30,3585),(32,3426),(42,3330),(54,675),(62,537),(64,1603),(87,3333)]	35.245746
878	[(7,2406),(10,4062),(24,1031),(25,3778),(43,2535),(52,2372),(55,3878),(56,1334),(59,1022),(74,1792)]	34.025252
879	[(18,2937),(22,1431),(28,1357),(31,529),(33,3033),(55,296),(69,1564),(80,1795),(84,3980),(86,3104),(88,3421)]	33.209720
880	[(27,3537),(31,1622),(36,3189),(49,829),(64,35),(70,232),(73,3720)]	33.734177
881	[(17,3586),(18,2397),(21,2792),(35,1207),(38,2828),(48,1746),(54,577),(70,2958),(82,4049),(85,196)]	33.298694
882	[(16,1984),(32,2451),(43,3650),(63,407)]	33.089790
883	[(65,796),(78,1644),(81,1643),(83,2915),(84,2406)]	33.793197
884	[(79,2023)]	33.876904
885	[(14,3936),(33,2952),(50,1021),(55,652),(66,3634),(74,2064),(91,1582)]	33.720746
886	[(3,2282),(51,4005),(68,3615),(80,3048)]	34.550142
887	[(2,4024),(17,2082),(21,2415),(37,2943),(73,3088),(79,2437)]	33.461206
888	[(73,1568),(79,2798),(84,3690)]	32.190345
889	[(31,335),(33,2177),(45,1865),(52,539),(54,571),(81,1798)]	34.340289
890	[(50,752),(91,1331)]	32.771740
891	[(38,1713),(47,19),(51,1717),(68,315),(76,2434),(77,59)]	33.199831
892	[(16,576),(17,3067),(24,1044),(26,847),(28,3455),(48,2414),(49,1850),(52,428),(84,3302)]	34.786901
893	[(1,857),(5,428),(13,703),(16,3236),(18,2055),(44,2310),(71,187),(85,3001),(86,2825),(88,2413)]	32.549012
894	[(1,1066),(6,1662),(21,1662),(51,2859),(63,585),(79,3644),(87,1098)]	31.893245
895	[(2,2333),(14,63),(39,2676),(48,1038),(61,2030)]	33.565719
896	[(1,2418),(8,3485),(80,897)]	33.339182
897	[(7,3879),(21,2525),(38,1168),(47,1580),(52,965),(68,3107),(87,753)]	33.326517
898	[(9,4039),(11,804),(12,2006),(37,4006),(65,2051)]	32.189198
899	[(13,2494),(27,2252),(38,3758),(62,3852),(81,790)]	31.743525
900	[(11,2034),(27,3377),(28,806),(31,1433),(48,1433)]	34.799224
901	[(8,2265),(21,2581),(26,3404),(40,1387),(42,2855),(43,66),(63,1185),(70,1158),(83,1559),(88,1322),(91,557),(92,3366)]	34.513192
902	[(1,320),(4,1011),(32,2458)]	36.469967
903	[(28,1487),(33,199),(49,2267),(50,3917),(86,1367)]	31.001625
904	[(15,1911),(21,2682),(23,1231),(29,1777),(39,2550),(47,636),(87,4030)]	35.382903
905	[(74,3013)]	40.861645
906	[(31,612),(86,3274)]	45.569824
907	[(6,772),(13,1112),(22,1433),(43,1244),(55,260),(65,3913),(86,2234)]	38.753005
908	[(3,1080),(17,305),(34,346),(37,691),(40,949),(67,1183),(68,961)]	33.679781
909	[(17,2692),(23,1311),(28,1663),(36,3538),(64,864),(67,1226),(69,2880),(82,3562),(87,1720)]	31.981915
910	[(2,940),(7,766),(12,1611),(22,1828),(29,3922),(47,2794),(49,1552),(74,3559),(80,1300),(82,1970),(89,3165)]	33.697353
911	[(29,3715),(31,1021),(55,351),(62,4048),(88,1875),(92,1670)]	32.249161
912	[(15,1714),(32,2008),(43,2962),(73,2908),(77,3931),(81,3884),(87,105)]	35.142834
913	[(13,1767),(14,3960),(33,2508),(52,420),(53,3006),(69,3896)]	35.496138
914	[(30,2247),(42,1868),(71,3795),(86,3804)]	34.799854
915	[(7,212),(9,3518),(21,762),(43,3732),(89,3119)]	33.982012
916	[(1,1191),(2,2374),(5,1573),(8,191),(16,3818),(48,721),(50,2290),(85,2979),(91,1477)]	33.323575
917	[(33,3553),(39,2883),(59,3327),(61,1176),(65,1519),(88,2516)]	33.654415
918	[(0,1979),(9,2489),(37,775),(53,1560),(55,3773),(64,4073),(69,1142),(72,2112)]	39.430463
919	[(31,2659),(39,541),(47,3613),(48,162),(87,3335)]	37.400307
920	[(18,1110),(20,3076),(22,767),(45,541),(46,3688),(54,336),(62,2787),(63,509),(72,1185),(77,3306)]	34.646641
921	[(4,1507),(28,756),(33,2199),(69,2819),(80,2702),(85,1741)]	34.176355
922	[(12,3415),(24,918),(59,3018),(72,2056),(84,2858)]	34.677858
923	[(28,273),(44,1730)]	34.764092
924	[(13,592),(47,1379),(65,1009),(74,2145)]	35.085140
925	[(4,1553),(32,1517),(60,1625),(66,1147)]	35.669875
926	[(28,3347),(41,930),(72,175),(79,1004)]	34.816951
927	[(1,3189),(49,3455),(53,1413)]	34.674371
928	[(2,124),(8,2902),(12,2855),(40,86),(51,3387),(60,1679),(63,3932),(65,774),(68,353),(82,1604),(87,190)]	34.904243
929	[(7,3831),(40,344),(44,1869),(62,1349),(83,2621)]	27.109347
930	[(23,2107),(87,1102)]	16.584880
931	[(14,1884),(18,355),(26,1294),(69,1406),(78,1896)]	16.641480
932	[(8,3495),(29,40),(32,3283),(34,3885),(53,173),(62,2960)]	26.851590
933	[(1,3266),(38,2522),(40,1259),(42,2636),(47,2864),(48,1416),(55,876),(73,2044),(79,496),(82,2204),(88,897)]	17.635202
934	[(10,2865),(12,1831),(21,3388),(34,3865),(39,2810),(41,2452),(85,3744)]	16.796818
935	[(0,3219),(11,1833),(24,1700),(28,852),(46,3949),(52,2163),(53,1703),(60,2426),(75,477),(90,1096)]	17.044374
936	[(8,1125),(12,2888),(16,1482),(45,1185),(70,3294)]	16.617240
937	[(17,1135),(35,2368),(36,3230),(37,3253),(65,1464),(68,1541),(70,1128)]	16.843538
938	[(3,3423),(9,1711),(10,1352),(18,3660),(61,2460),(71,3367),(84,1844)]	16.943476
939	[(8,2820),(53,2934),(67,1848),(92,1722)]	16.501370
940	[(46,2019),(49,2204),(61,3001),(62,2825)]	16.751712
941	[(28,3720),(61,2094),(66,2332),(67,3839),(71,1940),(88,3529)]	33.055416
942	[(8,2465),(13,543),(21,243),(57,524),(77,2702),(80,1260),(86,2559)]	31.956258
943	[(6,819),(45,3913),(63,2505)]	18.452778
944	[(16,1314),(24,1632),(56,1021),(58,2448),(75,313),(92,953)]	16.604945
945	[(5,2882),(22,1496),(35,1374),(39,744),(59,1033),(85,2188)]	16.734605
946	[(17,3314),(42,2361),(48,1223),(78,148),(87,1592),(91,1281)]	17.932957
947	[(18,1026),(36,4059),(77,841)]	16.991010
948	[(8,3068),(29,438),(52,2172),(56,3563),(79,4007),(84,324)]	21.643691
949	[(1,659),(8,1211),(31,2663),(45,1265),(54,3719),(59,2921),(61,163),(72,3947)]	36.685563
950	[(36,2585),(78,2768),(87,685)]	24.841827
951	[(19,1462),(22,2171),(41,3606)]	17.072332
952	[(11,3957),(16,3617),(51,2075),(64,3358),(86,3880)]	17.734030
953	[(41,3925),(53,2633),(64,1837),(83,3901),(89,1040)]	16.503014
954	[(21,3214),(43,468),(54,785),(81,3979),(86,1306)]	16.940688
955	[(5,2888),(9,2442),(11,3198),(13,2317),(33,3118),(82,1414),(90,2005)]	17.315823
956	[(4,482),(14,2670),(20,3054),(41,1644),(42,3722),(44,1873),(71,1044),(82,3939)]	16.633207
957	[(3,3986),(9,818),(23,1402),(24,800),(33,3498),(39,3800),(55,2482),(75,2923)]	16.778460
958	[(25,1310),(36,3993),(37,2779),(43,2590),(51,861),(67,1245),(73,2622),(78,20),(79,3916),(89,3665)]	16.958349
959	[(3,2288),(24,963),(48,532),(81,498),(91,3964)]	16.651905
960	[(2,2683),(34,2698),(40,663),(41,788),(46,83),(47,3632),(49,1109),(61,2365),(65,201),(67,962),(69,1212),(73,3367),(76,682),(80,211),(87,2267),(91,2771)]	19.413908
961	[(10,1757),(19,28),(25,2474),(59,1219),(64,2679),(89,3745)]	22.222413
962	[(12,2963),(30,1082),(36,2092),(39,86),(54,1882),(84,2589),(87,323),(91,3014)]	16.600830
963	[(13,2393),(34,3798),(36,2816),(57,422),(84,3630)]	16.674101
964	[(32,1194),(46,3797)]	16.820099
965	[(15,2669),(30,3472),(65,1864),(72,135)]	27.557876
966	[(8,3011),(15,809),(23,3282),(39,2987),(49,3022),(90,3065)]	17.328418
967	[(12,525),(31,3969),(54,1084),(80,1962)]	16.595163
968	[(14,2324),(18,425),(19,1989),(55,2159),(62,1315),(83,237)]	16.406039
969	[(7,4048),(43,1123),(57,3714),(60,3113),(65,184)]	16.935527
970	[(15,2910),(29,2308),(64,3858),(71,261)]	16.365022
971	[(23,3051),(69,1446),(75,3915)]	16.615866
972	[(9,2375),(14,3990),(28,1057),(38,1237),(59,394),(66,745),(67,1364),(80,2251)]	17.159717
973	[(10,298),(11,3405),(25,2499),(44,418),(45,1752),(48,3),(67,967),(72,1),(80,2047),(85,3258)]	17.584425
974	[(16,2334),(22,606),(31,396),(41,2367),(54,4045),(60,3855)]	30.621616
975	[(11,2628),(23,3635),(31,3850),(61,2658),(62,27)]	33.531144
976	[(1,2824),(7,1465),(10,518),(15,2182),(34,2020),(64,800),(77,3072)]	33.672682
977	[(13,1046),(19,2133),(70,3384),(74,2232),(78,563),(88,2613)]	34.810625
978	[(6,746),(56,3459),(84,3778),(89,1659)]	36.700455
979	[(11,2831),(20,524),(72,2296)]	33.058926
980	[(18,920),(22,3736),(47,391),(48,1928),(50,3728),(59,1185),(60,3801),(70,2221),(72,2843),(86,1374)]	17.908243
981	[(37,2042),(46,1508),(48,1145),(50,2046),(57,3369),(61,1697),(62,3715),(71,659),(85,3133)]	17.248329
982	[(1,3887),(9,3089),(14,1873),(26,3191),(67,2625),(73,1184),(81,1699)]	16.523826
983	[(33,919),(43,2612),(48,1221),(52,1008),(89,3711)]	16.635991
984	[(56,3085),(59,1610),(60,1440),(82,2934),(87,1655)]	16.599043
985	[(0,3476),(29,421),(67,1405),(69,3025),(86,599)]	17.037059
986	[(12,187),(16,1241),(23,785),(73,512),(76,134)]	16.500674
987	[(11,2063),(24,773),(35,2607),(53,3312),(60,102),(62,887)]	16.502448
988	[(5,3957),(16,2728),(23,3246),(44,2051),(52,61),(76,794)]	16.337803
989	[(5,2331),(22,3816),(27,2135),(29,3648),(39,2108),(55,136),(66,3093),(76,3786)]	16.788160
990	[(7,4049),(37,994),(53,1592),(73,1718),(78,3572)]	16.540504
991	[(26,1622),(36,1983),(47,2725),(56,3115),(72,3708),(82,147)]	19.105454
992	[(11,563),(51,3504),(66,307),(84,3672),(85,2710)]	23.271256
993	[(27,40),(38,2731),(49,1220),(51,28),(69,690),(85,2839),(87,1030),(89,3815)]	30.878350
994	[(14,1630),(90,1416)]	16.989419
995	[(6,2618),(26,3023),(37,2984),(44,2847),(54,793),(61,3147),(85,4013),(86,1143)]	16.642270
996	[(25,2937),(29,22),(30,502),(43,1865),(44,3260),(51,2490),(58,181),(63,3207),(71,1713),(73,246)]	16.749580
997	[(10,3587),(55,102),(59,910),(68,1325),(77,3881),(84,3289),(87,2408)]	16.760419
998	[(5,1704),(30,1103),(40,1832),(75,545),(81,29),(82,3837),(83,789)]	16.504394
999	[(16,1766),(29,2328),(31,2721),(39,3995),(55,2275)]	16.563904
