ruleset_index	matches	time_ms
0	[(6,3169),(24,636),(45,2789),(50,1622),(77,2922),(88,2999)]	22.467369
1	[(20,991),(28,701),(30,529),(37,3581),(38,3442),(46,1412),(56,2976)]	18.892955
2	[(23,3631),(30,1564),(56,1143),(67,2274),(76,3278)]	18.473806
3	[(12,475),(14,35),(22,3448),(25,1436),(28,1223),(48,3119),(51,1702),(57,383),(69,1068)]	17.135317
4	[(8,3109),(10,1330),(17,594),(24,2532),(50,3303),(68,2079),(79,3114),(80,1470)]	16.656661
5	[(2,2321),(43,2401),(59,2894),(83,2748)]	16.186229
6	[(77,1416),(79,2095)]	16.330608
7	[(37,825),(75,3742)]	17.031043
8	[(25,2802),(32,1528),(54,35),(64,1274),(70,2436),(77,3734)]	16.197463
9	[(22,766),(48,165),(58,34),(61,3027),(64,2149),(88,2005),(90,603)]	16.505675
10	[(13,431),(48,2252),(62,436),(67,3819),(72,1241),(86,3199)]	16.687609
11	[(14,1780),(24,1949),(30,781),(35,721),(37,2251),(61,3206),(86,395)]	17.684077
12	[(0,2726),(2,1187),(35,1600),(70,3602),(75,3168),(89,350)]	16.062445
13	[(12,980),(19,585),(20,2311),(25,1065),(53,907),(65,252),(70,3121),(84,212),(89,48)]	16.679161
14	[(20,1090),(28,863),(35,3642),(53,3759),(60,703),(62,1295),(70,3393),(72,3653),(83,1255),(90,939)]	16.306100
15	[(11,1382),(12,2068),(15,2038),(18,1056),(33,3217),(39,2275),(40,3112),(68,391),(71,182),(73,3126),(74,2475)]	16.126344
16	[(0,1175),(20,2757),(45,2110),(46,2525),(59,3383)]	16.178958
17	[(10,875),(18,360),(30,2704),(41,2659),(46,2725),(70,2200),(77,1636),(81,2803),(84,3703),(86,3348)]	16.444771
18	[(0,3162),(3,1216),(4,3129),(15,707),(39,442),(42,2892),(45,1269),(46,3102),(71,3379)]	17.029321
19	[(6,2857),(10,1117),(11,1221),(29,406),(45,1852),(68,2630)]	16.250009
20	[(6,3647),(26,1537),(38,1241),(42,453),(52,2867),(58,467),(62,396),(66,2248)]	22.927105
21	[(0,994),(14,711),(50,3426),(60,1164),(81,3134),(84,2402)]	29.880336
22	[(4,439),(34,2354),(71,3838),(78,3058)]	16.422946
23	[(20,1292),(29,3753),(30,2952),(33,326),(73,3135),(74,3658),(80,337),(81,2317)]	16.251203
24	[(15,1659),(16,438),(19,317),(28,1235),(34,1386),(41,3773),(51,3440),(72,3403),(77,3263)]	20.939474
25	[(25,994),(30,869),(36,2848),(40,1906),(55,3562),(67,3631)]	16.478526
26	[(9,1258),(30,3486),(37,375),(42,424),(67,2380),(73,2084),(86,3828),(90,1097)]	16.612224
27	[(1,3623),(41,2591),(61,2858)]	16.243440
28	[(11,735),(20,3201),(23,2299),(68,741),(71,1345),(83,3328)]	16.517608
29	[(19,3808),(27,1880),(42,3828),(48,2202),(86,2494)]	16.256107
30	[(18,780),(21,2818),(29,3791),(30,2451),(34,1671),(54,1723),(66,1046),(70,164)]	16.123979
31	[(39,3151),(44,2127),(61,158)]	16.253534
32	[(19,3810),(25,798),(54,2162),(64,167),(68,1018),(86,2259)]	16.031183
33	[(13,2503),(18,2689),(20,1461),(26,979),(30,1794),(33,3546),(74,948)]	17.382255
34	[(5,2903),(12,1696),(18,3128),(27,1866),(33,994),(68,2240)]	16.604154
35	[(12,2586),(49,1691),(59,976),(72,1908)]	16.572748
36	[(20,3126),(21,2475),(32,1370),(45,1789),(46,1760),(68,3349),(73,3435)]	16.013915
37	[(2,3027),(6,331),(16,2195),(20,331),(27,2037),(35,1237),(48,521)]	16.132619
38	[(14,2023),(67,462),(80,3364)]	16.083111
39	[(18,2712),(25,332),(45,1582),(46,376),(55,2331),(80,1725),(86,1618)]	16.391158
40	[(6,1964),(10,3716),(26,1265),(31,1353),(40,2690)]	16.407964
41	[(3,1731),(7,1358),(8,3252),(15,140),(54,2183),(57,1456),(66,241),(73,1998)]	16.201844
42	[(5,2189),(53,3670),(82,3708),(87,582)]	16.740460
43	[(2,976),(8,2455),(29,2323),(33,1798),(48,3549),(53,186),(56,681),(59,2043),(72,1912),(78,2871),(90,2545)]	17.143826
44	[(40,1739),(59,3479),(70,839),(86,3380),(87,1302)]	16.074939
45	[(20,1716),(36,3250),(57,485),(79,2920),(88,2630)]	16.201794
46	[(3,3061),(14,3773),(42,1903),(51,3734),(66,2697),(89,10)]	17.199293
47	[(8,3125),(22,1784),(23,3685),(30,3523),(54,1211),(71,127),(72,2663),(75,3080),(76,763),(77,3045)]	17.244990
48	[(3,518),(24,4),(50,1302),(57,1700),(63,3650),(89,869)]	15.900283
49	[(3,3692),(15,802),(32,3302),(43,2031),(50,2798),(51,36),(59,1507),(72,1247)]	16.408361
50	[(27,472),(62,1186)]	15.891465
51	[(21,2964),(50,2704)]	16.327185
52	[(28,3731),(39,2544),(60,3820),(79,1527),(86,3836)]	16.203337
53	[(14,2440),(37,2114),(47,1942),(52,1408),(74,194)]	16.177147
54	[(1,3168),(8,1745),(23,290),(24,1199),(31,3426),(34,902),(48,109),(55,2402)]	19.505925
55	[(41,3359),(68,2144),(86,2475)]	17.406433
56	[(16,1619),(26,2331),(37,2409),(62,3709)]	17.481792
57	[(29,2756),(63,954),(73,85),(76,2293),(79,3701),(82,3468),(90,2943)]	16.529546
58	[(35,2286),(68,3503),(89,1733)]	22.739426
59	[(33,3320),(38,2778),(59,1748),(65,1861),(71,1428),(89,1109)]	19.586211
60	[(1,213),(17,1054),(43,1105),(50,1378),(82,2737),(84,3671)]	18.872786
61	[(5,2600),(8,1348),(54,2563),(64,2997),(82,771),(85,3743)]	16.908850
62	[(19,3814),(24,1106),(28,1334),(64,160),(72,1533),(80,1438)]	16.688667
63	[(5,2102),(18,442),(20,3343),(35,1845),(49,3660),(78,1765)]	17.136741
64	[(0,2177),(4,3609),(13,3473),(36,652),(44,2834),(55,2239),(74,3519)]	16.286669
65	[(25,3019),(57,3527),(67,718)]	16.380902
66	[(5,875),(32,175),(54,1028),(60,1709),(61,1997),(73,3169),(92,3275)]	16.152780
67	[(4,1686),(20,253),(26,3042),(70,3474)]	16.288421
68	[(34,324)]	16.468322
69	[(6,169),(12,1901),(21,3481),(29,2360),(38,71),(43,111),(65,3817),(89,3092)]	16.830854
70	[(5,2572),(50,278),(58,166),(66,1568)]	16.418259
71	[(3,3300),(16,2587),(51,42),(57,1365),(59,1180)]	16.099456
72	[(11,87),(27,1155),(44,375),(92,2243)]	16.399748
73	[(3,2424),(22,3754),(46,2439),(76,2165),(82,58),(89,1224)]	16.126304
74	[(15,1635),(57,427)]	16.439972
75	[(24,2866),(56,2912),(81,881)]	16.040752
76	[(29,2375),(33,2192),(36,3485),(52,2460)]	16.211547
77	[(22,1139),(45,105),(50,3542),(54,359),(56,1787),(73,3238),(75,78),(78,3435)]	16.056818
78	[(8,227),(77,536),(80,664)]	16.198195
79	[(1,871),(3,979),(37,2812),(49,2710),(56,1665),(58,3529),(74,778),(78,3687),(80,2614),(89,163)]	16.537422
80	[(11,2323),(50,1183),(58,332)]	16.182295
81	[(7,2166),(28,318),(49,893),(56,1226),(57,273),(59,2415),(78,2673)]	27.165670
82	[(17,1293),(40,1137),(52,2762),(79,295),(83,2662)]	26.005606
83	[(4,619),(21,960),(54,3687),(81,1906),(84,2),(86,306)]	16.484522
84	[(0,374),(29,1998),(43,2503),(57,3045),(65,3008)]	16.375661
85	[(29,639),(69,2378)]	15.966093
86	[(32,2066),(41,2627),(59,1706),(66,2659),(71,1546),(80,3690),(81,1632),(89,106)]	16.406999
87	[(4,2319),(7,3361),(14,509),(34,795),(35,627),(39,2278),(64,2323)]	16.146316
88	[(6,2048),(14,1396),(26,3816),(37,2872),(55,3316),(74,1535)]	16.029244
89	[(9,987),(25,2619),(35,649),(45,1279),(73,1371),(84,2855),(90,2045)]	16.185552
90	[(27,3724),(50,2156),(52,3292),(58,1898),(67,2774),(89,1750)]	16.206700
91	[(16,3315),(33,57),(36,2758),(40,1215),(72,3428)]	17.365446
92	[(4,1928),(6,387),(23,903),(54,3584),(84,694),(92,3622)]	16.667232
93	[(24,2674),(27,527),(40,2949),(61,3198),(68,3182),(87,669)]	16.331817
94	[(6,1312),(16,3327),(22,3323),(29,3668),(88,3092)]	16.481676
95	[(65,3582)]	16.258771
96	[(14,731),(41,1553)]	16.932863
97	[(16,3511),(29,2199),(89,2152)]	17.323823
98	[(0,520),(10,752),(15,2545),(20,162),(22,3780),(42,2489),(54,370),(69,1677)]	17.149437
99	[(1,2015),(2,2528),(14,2149),(44,2463),(55,281),(62,3015),(67,2416),(74,3501),(80,1315)]	17.248766
100	[(41,2919),(50,1096),(57,294),(61,2891),(74,1238),(82,3016)]	18.251742
101	[(15,230),(17,824),(28,2319),(37,3580),(43,2917),(89,2226)]	17.080970
102	[(18,3199),(43,3625),(70,2208),(81,116),(86,3372)]	16.342372
103	[(20,1226),(34,2998),(53,617),(57,1646),(69,2631),(81,117),(89,1854)]	16.072474
104	[(7,3063),(13,3296),(24,772),(43,2993),(51,2113),(54,3443),(64,133),(72,2226),(87,2314),(89,812)]	16.583580
105	[(14,2340),(35,3646),(42,3714),(47,3691),(58,1173),(62,2771),(68,1714),(77,2688),(81,774),(85,1718),(87,681),(92,3)]	16.271501
106	[(9,3715),(51,777),(87,2)]	16.378805
107	[(28,754),(32,3090),(70,1900),(71,2191)]	16.816393
108	[(13,2347),(19,3294),(88,1398)]	26.340714
109	[(16,1529),(20,3184),(37,408),(79,3713),(85,229)]	17.181024
110	[(23,1374),(40,3453),(44,1124),(75,761),(92,2459)]	16.481547
111	[(14,2943),(27,639),(35,1280),(38,629),(69,410),(80,2632),(90,1990)]	18.183224
112	[(2,793),(46,84),(65,3192),(68,312),(71,466),(92,468)]	18.895803
113	[(39,2846),(49,2007),(87,1907),(89,2821)]	19.079395
114	[(19,11),(57,389),(68,549),(77,1156)]	17.483757
115	[(28,2484),(45,51),(80,311),(85,1991),(88,192),(90,282),(92,569)]	19.819956
116	[(16,1722),(25,3212),(32,3099),(33,3710),(46,3075),(74,3829)]	24.004482
117	[(57,984),(66,753)]	25.850906
118	[(1,3688),(10,233),(13,3155),(15,2374),(29,187),(32,3833),(63,2802),(75,3420),(78,2383)]	17.046683
119	[(14,1652),(26,1493),(73,1238)]	17.374308
120	[(25,1978),(43,1402),(54,5),(90,3795),(92,854)]	16.468990
121	[(2,3117),(14,426),(35,2364),(68,1191),(75,193)]	17.736906
122	[(3,1647),(5,767),(14,2469),(38,1085),(57,927),(83,597),(86,2730),(90,1392)]	17.815535
123	[(0,3127),(4,913),(17,1290),(32,2471),(36,324),(71,3819),(75,3259),(79,421),(81,3829)]	16.850596
124	[(33,2507),(51,528)]	17.556221
125	[(44,3659),(45,2674),(52,1489),(87,3239)]	19.819594
126	[(27,280),(34,1425),(45,2403),(52,2798),(53,36),(66,3711)]	17.321430
127	[(8,427),(19,1466),(26,1983),(32,2137),(56,1049),(76,1177),(87,682)]	15.966668
128	[(3,1477),(20,3143),(39,3501),(46,71),(63,2268),(76,2526)]	16.404216
129	[(34,3311),(50,1350),(51,916),(63,465),(64,3307),(83,3794)]	16.385587
130	[(3,3212),(36,677),(43,3829),(46,1896),(54,2180),(83,879),(89,2340)]	24.775868
131	[(7,2194),(22,1405),(37,871),(77,2016),(79,516),(91,3556)]	34.614890
132	[(12,2716),(30,3398),(39,1583),(51,1432),(54,2016),(59,2557),(84,3584)]	21.178474
133	[(18,897),(26,1937),(44,2472),(70,1091)]	16.589562
134	[(8,2524),(56,1863)]	16.428567
135	[(42,2729),(43,441),(49,989),(66,583),(73,1157),(91,2680)]	16.454475
136	[(9,2310),(14,2768),(20,165),(43,2711),(87,1773)]	16.579161
137	[(1,2514),(15,207),(42,1000),(50,3642),(65,1014),(73,2826)]	16.422964
138	[(26,2549),(34,2694),(61,124),(81,1764),(83,1638),(92,3007)]	32.100407
139	[(24,2427),(41,2356),(53,696),(57,2983),(76,820)]	20.551655
140	[(14,988),(58,291),(71,2265),(78,2962),(81,69)]	25.149472
141	[(21,1881),(63,2345),(73,611)]	17.937843
142	[(16,808),(21,1059),(29,2420),(30,1399),(44,2203),(59,3281)]	16.864690
143	[(17,576),(32,835),(61,155),(65,2454)]	16.172593
144	[(8,2191),(41,1873),(71,3174),(77,471),(89,377)]	17.275875
145	[(2,3783),(6,697),(11,2354),(24,1351),(29,2747),(32,314),(75,2142),(78,1153),(82,3289),(89,2847)]	16.521196
146	[(12,802),(22,2012),(25,153),(56,1529),(74,427),(92,3218)]	16.341058
147	[(10,381),(11,3418),(45,2363),(51,2861),(65,968),(77,53),(87,3591)]	15.948953
148	[(41,1015),(68,247),(74,2282),(86,2657)]	16.488111
149	[(35,3050),(63,1720)]	26.522985
150	[(1,2752),(25,516),(42,2893),(72,658),(84,2188)]	35.668451
151	[(42,1978),(53,2210),(55,1661),(66,124),(68,3517),(78,2348)]	35.427838
152	[(18,2746),(38,1588),(56,2134),(79,2160),(82,1268),(88,1536)]	36.025204
153	[(6,228),(33,745),(37,63),(43,3650),(63,3532),(69,1748),(84,2000),(86,327)]	34.983631
154	[(8,2605),(11,911),(18,2993),(21,612),(40,893),(58,1982),(89,3508)]	16.916488
155	[(2,3463),(9,2116),(36,3109),(46,3272),(48,178),(74,665),(84,2079),(89,510)]	17.390781
156	[(34,62),(87,970)]	16.284012
157	[(20,932),(87,1908)]	17.159085
158	[(27,1491),(47,2024),(71,2639),(76,1223),(78,3156),(80,2738),(81,101)]	16.870647
159	[(20,2430),(52,1181),(59,710),(75,1503),(81,165)]	16.978402
160	[(6,3696),(8,2368),(14,1458),(33,3345),(34,2420),(56,1145),(57,3816),(74,2074),(77,1281)]	16.514750
161	[(32,1237),(58,1365),(70,3739),(76,603),(80,548)]	20.177380
162	[(7,2881),(17,2319),(43,975),(65,591),(72,3723),(77,3546),(82,681),(86,1897),(88,3551)]	16.838328
163	[(4,2106),(32,454)]	16.372738
164	[(43,865),(67,2612),(85,1321),(90,1616)]	16.363535
165	[(8,1608),(18,1346),(24,2268),(65,2625),(70,2145),(78,3142)]	22.210978
166	[(9,1348),(38,54),(53,3100)]	19.282633
167	[(13,391),(14,182)]	20.568247
168	[(5,1125),(31,3704),(56,993),(63,3263),(73,867)]	17.083924
169	[(17,143),(30,2807),(47,1433),(48,1259),(57,3585)]	17.643476
170	[(6,1995),(12,3631),(30,3823),(36,836),(67,933),(75,3059),(81,1307),(82,1923)]	17.195255
171	[(12,2819),(13,3558),(34,135),(53,1328),(58,2769),(87,1612)]	16.913011
172	[(20,3460),(24,739),(41,3139),(51,2806),(52,298),(62,2038)]	17.682420
173	[(0,3428),(5,3499),(25,50),(39,3847),(48,66),(54,3262),(59,1041),(60,1205),(80,1262)]	17.184743
174	[(10,3245),(25,2617),(26,2414),(30,2000),(56,2608),(83,3503)]	17.205614
175	[(16,401),(19,2351),(46,3100),(61,1319),(84,2281),(88,3579)]	16.895049
176	[(26,2338),(37,1347),(59,2762),(83,3519),(85,2823)]	16.785502
177	[(9,633),(10,308),(13,1681),(21,320),(49,3543),(79,2703)]	16.319551
178	[(10,3130),(43,1994),(54,2166),(57,234),(64,3376),(77,2402),(90,1229),(92,768)]	17.325336
179	[(56,2112),(78,2241)]	16.252661
180	[(83,2174)]	16.185957
181	[(23,2749),(24,3600),(36,203),(39,1469),(55,1811),(61,2706)]	16.319801
182	[(13,3525),(53,2133),(74,840)]	16.105913
183	[(59,956),(71,701),(77,3769),(90,2727)]	16.263762
184	[(65,1397),(68,1159),(77,822)]	17.034917
185	[(12,1633),(70,2729)]	16.749704
186	[(10,3793),(30,322),(32,3237),(36,3649),(40,3372),(55,1419),(58,2307),(62,1232),(80,353),(88,2950),(89,5)]	16.129187
187	[(7,199),(14,3481),(27,1539),(34,3411),(66,19)]	16.905343
188	[(12,3649),(24,3756),(88,41)]	16.364113
189	[(4,3157),(9,3397),(14,2292),(27,1476),(52,1885),(76,1222)]	16.281560
190	[(27,3742),(43,2999),(57,489),(64,3547)]	16.631796
191	[(13,2812),(38,130),(58,202),(77,1246)]	16.551241
192	[(17,75),(27,2696),(37,1208),(58,38),(64,368),(66,2762)]	27.009568
193	[(13,1104),(53,2342),(91,963)]	25.848535
194	[(7,608),(16,2647),(48,1802),(51,1398),(62,209),(69,839),(91,3621)]	16.143669
195	[(0,301),(28,2641),(33,3284),(34,664),(35,1967),(47,597)]	17.344123
196	[(6,2869),(12,3813),(26,2975),(29,3660),(32,151),(43,547),(47,3125),(66,2230)]	16.130630
197	[(27,3007),(59,3462),(65,599),(66,2408),(67,562),(81,3843)]	16.509234
198	[(11,1122),(24,324)]	16.253641
199	[(9,463),(13,3404),(39,2370),(73,3583),(78,2790),(82,2689),(84,1461)]	16.242914
200	[(7,3502),(50,395),(68,78),(78,2012)]	16.752505
201	[(21,3053),(22,2744),(60,1657),(62,172),(79,3526)]	16.684078
202	[(15,2039),(26,2361),(38,2675),(50,1963)]	16.373523
203	[(4,1993),(20,1786),(31,121),(42,3291),(58,1778)]	17.300440
204	[]	16.829927
205	[(2,2270),(14,423),(16,3420),(19,2383),(64,1553)]	16.804359
206	[(1,736),(48,2122),(57,3123),(61,456),(84,447)]	16.538103
207	[(5,1125),(24,3736),(53,8),(68,1859),(89,2991)]	16.574916
208	[(6,2475),(9,1724),(17,3448),(44,3676),(76,1431),(79,50)]	16.694880
209	[(0,3080),(6,2359),(25,1729),(66,537),(75,369),(80,1075),(83,2057),(89,3132)]	16.369131
210	[(77,375),(91,1935)]	16.286622
211	[(15,2887),(21,2367),(57,512),(58,3265),(59,679),(76,3371)]	16.455118
212	[(0,1444),(12,3639),(41,2173),(66,3740),(70,2),(82,651)]	17.783596
213	[(8,2064),(12,1090),(27,264),(31,2512),(50,1747),(52,1015),(54,2433),(64,1411)]	16.768548
214	[(18,315),(60,3397),(63,1855),(67,3835),(91,3587)]	19.686082
215	[(47,1425),(75,2049)]	17.218202
216	[(23,1955),(75,2290)]	16.412911
217	[(9,2484),(44,1924),(48,3022),(60,102),(89,3274),(92,3478)]	16.679169
218	[(13,144),(15,1741),(28,2903),(50,297),(52,619),(54,2672),(68,145),(70,800),(75,1961),(80,752)]	16.192950
219	[(14,2144),(22,46),(34,3620),(48,3411),(51,772),(61,1547),(69,71),(75,281),(77,2113)]	18.604963
220	[(6,741),(12,2498),(22,51),(24,2366),(27,438),(52,1444),(60,2234),(62,3593),(69,2759),(78,1074)]	16.329314
221	[(5,2202),(32,2603),(60,744),(76,1401),(77,254)]	17.506924
222	[(11,3526),(33,2409),(84,3071)]	18.683059
223	[(22,1287),(28,2054),(79,3074),(82,2248),(87,3265)]	22.895318
224	[(26,2804),(33,1737),(46,576)]	16.890604
225	[(1,662),(36,3412),(42,1820),(79,1093),(84,3427),(87,2014),(91,2940)]	18.300854
226	[(22,2832),(25,2403),(34,2272),(40,2727),(71,1430),(72,397),(75,305)]	18.127458
227	[(0,826),(19,3761),(42,2786),(49,3559),(54,3668),(76,3705)]	17.597302
228	[(3,617),(5,2520),(27,1689),(55,882),(68,2658),(77,465)]	18.545096
229	[(4,2755),(5,650),(39,772),(43,438),(91,750)]	16.859185
230	[(4,3222),(14,735),(19,2591),(31,429),(36,1663),(39,690),(83,1981),(84,862),(91,1838)]	17.010607
231	[(3,2830),(5,2453),(19,1449),(23,1593),(25,1297),(58,1973)]	16.465574
232	[(11,3716),(29,451),(31,316),(41,2961),(45,558),(55,2785)]	16.558220
233	[(32,2303),(53,3476),(61,2158),(64,73),(89,3788)]	17.701699
234	[(31,1388),(73,2874)]	16.460063
235	[(0,1794),(10,2516),(11,742),(17,1008),(30,2792),(42,1371),(45,39),(68,1401)]	16.336067
236	[(2,1951),(13,1546),(18,1344),(66,359),(79,1818),(86,1233),(91,119)]	17.639423
237	[(32,3462),(33,1272),(37,84),(89,319)]	16.883397
238	[(3,2991),(5,2891),(6,3042),(9,681),(13,1051),(22,2474),(27,3502),(37,2216),(39,1831),(60,1506),(63,1547)]	16.410308
239	[(20,2937),(44,643),(46,2429),(51,536),(58,2982),(66,1068)]	16.515291
240	[(3,2761),(12,1394),(20,1103),(44,3627),(45,1067),(48,3158),(77,3521)]	16.225776
241	[(19,976),(21,1961),(25,3845),(36,1391),(42,171),(57,1712),(71,1630),(72,3183)]	16.219102
242	[(47,1420),(74,1172)]	16.271082
243	[(14,3625),(18,1155),(33,274),(59,1905),(68,1057),(88,83)]	16.398057
244	[(5,479),(23,421),(45,1111),(52,2304),(56,2772),(75,9)]	16.474233
245	[(2,3551),(30,63),(47,1501),(51,2905),(63,2253)]	16.487219
246	[(13,3141),(26,2728),(44,3050),(92,702)]	16.129939
247	[(6,3691),(29,948),(30,361),(33,556),(63,2223),(80,2761)]	16.351322
248	[(10,936),(19,3653),(24,342),(42,1901),(62,300),(70,80)]	16.316634
249	[(15,2097),(23,2140),(31,633),(58,1064),(61,870)]	16.172271
250	[(47,766),(49,2735),(63,89),(64,2157),(78,918)]	16.660199
251	[(22,3739),(37,0),(49,3435),(69,2491),(87,3566)]	16.207517
252	[(31,3062),(45,320),(87,2617)]	24.825057
253	[(3,183),(9,690),(24,3752),(25,1195),(34,1069),(41,2079),(43,3737),(45,1123),(46,2568),(76,2537),(81,1530)]	27.754949
254	[(1,2158),(74,1261)]	16.668930
255	[(16,2773),(17,93),(24,2736),(26,3801),(51,1605),(54,2434),(86,51),(87,665),(90,3445)]	16.355139
256	[(19,2187),(21,19),(25,1535),(29,1646),(41,940),(55,2706),(82,544)]	16.835670
257	[(1,636),(47,3325),(78,3843)]	16.302609
258	[(5,1675),(27,1595),(28,1160),(39,3833),(74,3505),(82,2304)]	16.799114
259	[(1,3599),(32,2750),(40,349),(46,2193),(53,1525),(64,2116),(82,613)]	16.169848
260	[(4,1419),(70,2223)]	16.343249
261	[(42,3157),(44,3497)]	16.266678
262	[(13,1180),(27,1440),(29,3674),(30,1862),(43,1647),(55,2676),(71,3516),(74,2118),(90,715)]	16.464368
263	[(7,2747),(34,1359),(42,547),(48,3807),(63,3814),(68,1011),(74,2190),(81,2231),(82,2754),(84,1767)]	16.603628
264	[(3,2999),(12,748),(19,892),(23,803),(24,466),(26,903),(32,3082),(37,2525),(73,534),(81,868)]	16.473864
265	[(35,354),(46,1044),(55,110),(60,3626),(65,861),(73,571),(79,1855),(84,1003),(92,3541)]	18.799493
266	[(0,3535),(4,2374),(43,3299),(47,1390),(71,1745),(80,3234),(84,319)]	16.355038
267	[(2,2745),(3,1638),(6,1904),(31,3408),(52,2632),(79,2480)]	16.148906
268	[(9,1595),(43,3183)]	16.116010
269	[(13,966),(26,272),(48,272),(61,1846),(74,2398)]	16.373263
270	[(10,1230),(14,283),(24,1516),(27,359),(33,2267),(37,3834),(38,2082),(44,1637),(64,2594),(87,2011),(90,1907)]	16.524189
271	[(23,3284),(35,476),(45,3517),(52,2863),(65,1096),(68,1637),(72,1003)]	16.355902
272	[(0,3143),(15,2948),(37,2001),(88,2057),(89,605),(91,2221)]	16.168657
273	[(35,3841),(49,653),(79,2829),(85,3065),(89,2364)]	16.491207
274	[(19,2970),(45,294),(81,2931)]	15.958290
275	[(17,1652),(49,3148),(85,2348),(90,3338)]	16.329762
276	[(5,201),(34,1178),(55,1500),(71,270)]	15.910122
277	[(26,2780),(33,2186),(41,2663),(74,3423),(89,2078)]	18.241606
278	[(29,1564),(54,175),(63,2500),(66,943)]	16.709064
279	[(18,1477)]	16.636245
280	[(46,762),(49,3725),(51,2623),(53,2958),(64,646),(78,3420),(81,2801)]	17.773462
281	[(10,1483),(28,1831),(35,607),(41,3556),(45,3330),(51,2488),(61,319),(64,2871),(92,1710)]	22.246769
282	[(4,1401),(5,254),(37,516),(57,3828),(68,330),(90,1606),(91,1763)]	17.675592
283	[(11,1768),(78,738)]	15.954666
284	[(5,2973),(14,323),(25,2221),(41,2501),(45,1236),(58,35),(77,3012)]	19.470856
285	[(4,65),(22,3162),(27,2865),(42,1740),(49,2194),(53,1639),(64,3292),(66,3741),(75,3463),(89,3373)]	16.831658
286	[(9,1630),(10,3183),(58,1771),(64,3474),(85,1560)]	16.381532
287	[(3,270),(12,2351),(20,2026),(30,524),(40,2943),(50,2030),(67,1410)]	16.933189
288	[(0,112),(13,2932),(20,863),(67,3698)]	16.697239
289	[(6,191),(25,3423),(65,1203),(66,1388),(69,2182),(78,927),(81,2453),(92,1471)]	16.288222
290	[(17,2947),(19,3377),(25,2418),(49,2966),(51,1683),(56,3069),(64,3638)]	16.160637
291	[(3,2297),(17,2977),(25,1399),(57,2468),(70,1598),(75,2252)]	16.033809
292	[(17,2531),(30,451),(35,1453),(66,2948),(68,2049),(74,3616),(76,1774)]	16.440456
293	[(0,1682),(10,1217),(30,327),(59,2168),(61,376),(64,3393),(66,3653),(68,3498),(74,2948),(81,3514)]	16.017935
294	[(3,878),(11,2457),(30,1767),(64,1425),(80,1686)]	16.187940
295	[(6,1644),(13,1058),(18,3485),(25,2099),(30,1252),(36,3289),(50,2645),(64,2334),(92,804)]	16.367213
296	[(35,3595),(42,988),(46,2422)]	16.112493
297	[(11,2092),(33,2777),(43,3458),(89,106)]	17.837469
298	[(17,1326),(24,3831),(30,2626),(32,666),(47,79),(68,340),(75,2824)]	16.968555
299	[(43,1025),(73,652)]	16.801559
300	[(7,2181),(13,1355),(23,810),(38,2637),(61,3490),(64,3278),(79,2507),(85,3309),(90,3316)]	17.366625
301	[(29,1197)]	17.083739
302	[(18,810),(24,1570),(34,3543),(37,3278),(41,2725),(55,1861)]	16.306607
303	[(52,3088),(54,932),(70,2257),(79,1435)]	16.678760
304	[(20,2478),(25,719),(35,2698),(48,3617),(74,2829),(92,3555)]	16.389952
305	[(1,3251),(15,3522),(18,1025),(21,2620),(23,3711),(33,3009),(49,35),(66,2528),(74,3778)]	16.356178
306	[(1,1159),(3,3553),(12,3369),(21,805),(28,1492),(32,152),(39,264),(43,2535),(65,1080),(85,2163),(86,1507),(92,1309)]	16.494057
307	[(45,2616),(52,1734),(55,1910),(76,593)]	16.631700
308	[(6,540),(25,80),(42,1020),(65,805)]	16.286616
309	[(16,2429),(29,17),(36,2348),(61,2903)]	15.910407
310	[(0,3216),(33,792),(35,2562),(39,1159),(41,3553),(42,2391),(63,122),(76,3053),(77,2744),(84,244),(89,2231)]	16.789198
311	[(28,57),(41,3262),(83,2484)]	16.455544
312	[(5,1030),(15,2167),(26,2486),(44,877),(81,2269)]	17.223882
313	[(16,3231),(44,782),(47,2565),(55,1874),(59,29),(72,1309)]	30.822156
314	[(0,3818),(6,2570),(56,3264),(62,1005),(75,2108)]	23.977993
315	[(16,2184),(19,3562),(24,1837),(63,1022),(91,3677)]	16.885624
316	[(34,1937),(53,988),(60,2204),(78,1702),(86,1522)]	21.935493
317	[(5,1222),(47,1130),(62,2454),(79,1089),(80,367),(90,1092),(92,1678)]	16.854666
318	[(14,3264),(36,1678),(41,417),(60,2253),(81,1545),(87,1075),(92,3162)]	16.456673
319	[(5,3781),(34,351),(38,256),(49,1261)]	16.206880
320	[(24,2262),(37,1537),(46,979),(53,2034),(67,722)]	16.409914
321	[(9,2431),(33,1908),(39,214),(53,2091)]	17.330479
322	[(18,3557),(58,1862),(69,744),(74,152),(88,2328)]	16.216919
323	[(3,2757),(4,2767),(5,3786),(44,3404),(51,2327),(85,1815)]	16.891055
324	[(30,1671),(44,2915),(49,225),(51,1231),(59,2739),(62,2035),(65,193),(77,3639),(87,2733)]	16.967605
325	[(8,3540),(14,2308),(58,2825),(63,3062)]	16.347967
326	[(5,919),(7,2670),(23,1402),(29,3304),(33,2803),(89,3087),(92,3120)]	16.891031
327	[(16,3389),(42,3325),(46,2394),(81,268),(86,480)]	16.422179
328	[(0,1089),(1,367),(7,578),(16,3798),(75,2316),(76,1141),(85,2431)]	16.455564
329	[(26,2765),(58,1899)]	16.847915
330	[(11,386),(12,823),(22,2945),(31,3122),(48,3644),(52,2680)]	16.502068
331	[(44,2942),(72,2513)]	16.115371
332	[(55,541),(60,2915),(91,712)]	16.389146
333	[(11,775),(49,3141),(77,2747)]	16.735842
334	[(2,3330),(30,886),(34,2182),(43,2024),(56,753),(78,562),(81,2785),(82,72)]	17.757550
335	[(1,75),(9,3135),(32,892),(44,2510),(65,801),(74,965)]	21.409830
336	[(28,372),(40,2595),(47,2559),(57,3112),(66,283),(83,1476)]	16.448276
337	[(4,775),(6,68),(23,1381),(31,1229),(34,1901),(43,120),(45,3680),(60,114),(61,2554),(92,18)]	17.399640
338	[(4,1945),(31,2344),(38,2995),(59,1621),(78,2302),(84,173)]	19.013621
339	[(12,3120),(18,171),(23,2761),(29,3198),(38,537),(44,1545),(58,2931),(63,132),(75,1328),(77,528)]	21.407560
340	[(73,1545),(88,2860)]	16.690683
341	[(22,3013),(24,2924),(66,1623),(76,3802),(91,1635)]	16.553487
342	[(25,1952),(28,732),(46,237),(69,1358),(70,1085),(80,271),(92,3737)]	19.441813
343	[(48,3071),(66,1571),(76,3295),(86,404),(89,492)]	17.589821
344	[(22,1901),(40,1646),(57,1274)]	16.431119
345	[(26,1237),(34,3490),(56,2520),(69,1250),(74,3413)]	17.143050
346	[(18,1895),(19,1946),(25,1787),(78,2661),(83,2821),(90,601),(91,3657)]	16.608846
347	[(20,2942),(30,1142),(43,104),(51,1441),(53,1639)]	17.102353
348	[(6,1805),(8,1059),(36,3250),(70,2739),(76,1001)]	16.317269
349	[(1,2620),(14,3238),(21,1479),(23,275),(90,3546)]	17.480688
350	[(62,3385)]	16.801764
351	[(0,1324),(7,70),(8,977),(23,508),(30,3050),(44,1318),(54,672),(73,1935),(76,595)]	16.972414
352	[(47,1245),(70,3572)]	16.473300
353	[(7,1816),(50,2597),(78,3802),(88,2245)]	16.495177
354	[(8,1966),(18,224),(31,1533),(46,3807),(71,715),(78,86),(81,964)]	16.539729
355	[(9,3148),(23,835),(26,1147),(39,41),(78,325),(92,3692)]	16.783855
356	[(1,2668),(4,923),(13,1538),(64,2888),(77,3057),(78,3363)]	16.222098
357	[(42,3832),(43,962),(52,2472),(81,123)]	16.293535
358	[(8,3399),(20,1086),(32,1885),(39,3660),(66,862),(75,2318)]	16.759246
359	[(1,1396),(23,733),(29,3588),(45,3585),(49,615),(57,1442),(80,2754),(84,2337),(90,1324)]	16.464997
360	[(1,2879),(3,2270),(4,189),(28,2110),(57,1740),(58,156),(80,350)]	16.497821
361	[(25,3335),(40,3024),(46,3616),(61,2170),(69,1856),(79,2403)]	16.236568
362	[(4,2076),(6,2771),(8,64),(36,264),(48,1387),(63,1059),(67,1098),(68,149),(79,915)]	16.393370
363	[(33,3280),(49,922),(53,267),(55,147),(64,2090),(71,1503),(80,1965),(86,3217),(90,2078)]	16.130858
364	[(0,1254),(5,774),(12,16),(28,1292),(52,917),(66,1462)]	16.533344
365	[(9,2603),(20,763),(52,3086),(80,729)]	16.564411
366	[(0,3735),(10,3505),(16,2859),(20,588),(39,3170),(41,732),(45,949),(60,822),(85,3072)]	16.797287
367	[(0,1866),(2,541),(19,264),(32,1314),(43,1300),(72,774),(84,1462)]	16.229149
368	[(11,783),(32,2212),(52,2139),(66,1750),(68,619),(72,1843),(75,2512),(76,2151)]	16.082708
369	[(0,3303),(39,2493),(53,1802),(65,2161),(91,3564)]	17.279017
370	[(29,596),(30,2530),(44,2319),(59,3503),(62,2318),(92,359)]	16.418306
371	[(1,3492),(3,3479),(19,1759),(20,404),(30,588),(41,3801),(49,3663)]	16.435896
372	[(10,20),(21,3628),(30,295),(72,330),(82,956),(83,1412),(84,2693)]	16.345601
373	[(18,3710),(31,1515),(50,1406),(72,1697),(79,2955),(80,1847)]	29.288333
374	[(3,2242),(41,3334),(55,1638),(58,1610),(62,2604),(78,583),(87,1337),(92,3308)]	23.432064
375	[(13,206),(18,2520),(46,3106),(56,1146),(69,218),(70,2522),(82,1851)]	16.412432
376	[(10,3725),(21,3192),(24,1620),(79,353)]	16.171178
377	[(10,1706),(26,2908),(30,1222),(35,1049),(37,366),(61,2021),(71,486),(77,988)]	16.689772
378	[(30,1238),(43,2659),(88,1754)]	16.270768
379	[(0,609),(14,2063),(31,262),(67,419)]	16.485003
380	[(55,610),(56,3320),(64,680),(65,2596),(73,2690),(80,3175)]	16.811806
381	[(47,1694),(74,2926),(75,888),(84,576)]	17.112203
382	[(11,461),(51,304),(75,249),(79,3338)]	17.101148
383	[(8,650),(9,3720),(29,1875),(30,150),(31,3262),(47,1331),(73,2314),(84,1588),(86,3422)]	16.514912
384	[(35,3468),(39,2880),(52,2669),(69,3024)]	16.337724
385	[(3,2254),(8,253),(26,2533),(58,3262)]	19.804459
386	[(15,3319),(36,2724),(40,2868),(68,2905)]	16.815324
387	[(7,901),(18,3797),(33,2259),(70,2818),(84,2039)]	16.272619
388	[(4,3562),(10,1683),(20,1329),(34,2353),(58,2991),(59,2270),(60,189),(62,919),(65,1989),(70,2952)]	16.289416
389	[(8,3039),(9,2152),(18,2740),(21,3297),(30,610),(32,2915),(52,3038),(54,1775),(55,3349),(67,865)]	16.256735
390	[(2,1130),(16,2507),(22,2417),(29,1175),(40,712),(60,1224),(65,2690),(84,16)]	16.181900
391	[(8,3265),(9,679),(48,2190),(67,123)]	16.704622
392	[(6,2704),(18,968),(34,3651),(42,2112),(72,104),(86,909),(87,1932),(88,1558)]	16.709388
393	[(3,1008),(23,1408),(35,2474),(72,2872)]	16.479812
394	[(11,2862),(33,2772),(46,3108),(69,1268),(88,774)]	18.133964
395	[]	16.925488
396	[(3,1989),(27,3068),(35,2421),(54,1266),(69,963),(92,1214)]	18.912234
397	[(8,94),(40,3333),(43,1113),(65,134),(69,651),(71,1225)]	21.830526
398	[(3,1555),(23,850),(48,188),(77,910),(79,1276)]	16.839594
399	[(33,35),(43,2095),(63,2217),(65,1645),(89,3374)]	16.219691
400	[(24,36),(39,2452),(48,1740),(58,3161),(72,2699)]	19.851789
401	[(4,2216),(22,696),(38,2632)]	17.421535
402	[(34,1560),(58,3195),(80,2137),(87,3174)]	16.191234
403	[(9,3115),(42,28),(64,39),(75,1830),(85,1352)]	17.655393
404	[(22,31),(25,2065),(54,1508),(59,934),(66,2793),(75,330),(84,1573),(85,2117),(90,3418)]	16.461639
405	[(10,1887),(14,2470),(44,3772),(46,1727),(58,3833),(70,717)]	16.549945
406	[(2,537),(11,1514),(55,2875),(63,2353)]	16.456090
407	[(4,1092),(28,2538),(41,1078),(43,2613)]	16.665003
408	[(10,550),(24,3680),(52,3351),(68,1160)]	16.327192
409	[(35,1791)]	16.497146
410	[(25,1780),(30,3664),(52,1854),(83,42)]	16.244830
411	[(7,3512),(11,1602),(16,3235),(25,632),(48,1835),(55,3441),(58,3387),(76,706),(78,2613)]	16.578805
412	[(21,2303),(22,1210),(57,1069),(62,887),(70,2444),(86,1027)]	17.790679
413	[(1,2058),(7,3117),(10,3391),(23,3674),(24,345),(45,547),(55,2584)]	17.181065
414	[(11,454),(37,206),(42,3354),(72,2247),(78,212)]	19.621632
415	[(10,2132),(32,868),(45,620),(52,505),(73,3305),(86,2949)]	17.013145
416	[(2,793),(10,852),(13,542),(21,3759),(22,837),(51,1074),(74,2464),(78,2041)]	16.432805
417	[(14,709),(41,558),(58,2866),(80,155)]	16.647580
418	[(20,738),(34,3450),(64,2029),(80,3025),(81,2873),(88,1825),(91,1930)]	16.569238
419	[(8,225),(29,725),(73,2075),(83,2008),(88,898)]	17.099369
420	[(33,537),(60,2804),(62,3100),(76,2438)]	16.246293
421	[(27,1091),(32,2224),(51,2226)]	16.471233
422	[(18,1538),(59,1247),(65,689),(76,1916),(80,1603)]	16.436249
423	[(1,1144),(15,3023),(21,2921),(34,103),(56,3438),(61,537),(79,1736),(90,2667)]	16.534448
424	[(43,3447),(56,2420)]	16.542053
425	[(3,3453),(18,3386),(70,1575),(75,105)]	16.441928
426	[(15,2428),(54,1352),(64,591),(83,2835)]	16.357596
427	[(17,725),(28,2792),(33,688),(75,3501),(78,865)]	16.222516
428	[(41,2667),(46,1800)]	15.979814
429	[(0,2368),(6,3365),(7,1856),(11,2854),(17,1760),(29,2977),(37,1652)]	17.017232
430	[(33,341),(46,239),(72,3212),(92,2490)]	16.436200
431	[(6,775),(7,3194),(69,3160)]	16.074741
432	[(2,2643),(19,1973),(22,3746),(53,2753),(59,161),(63,1438),(86,2973),(87,215),(92,1306)]	16.111865
433	[(7,123),(16,872),(31,814),(39,3598)]	25.692003
434	[(10,3349),(18,1427),(30,915),(32,2299),(55,1802),(78,2705),(89,1402)]	26.510710
435	[(68,1814),(75,411),(76,3024)]	16.302517
436	[(0,3160),(4,2312),(15,1718),(19,615),(32,38),(60,2444),(64,2519),(70,536),(82,298)]	18.636198
437	[(52,3333),(57,1504)]	17.374841
438	[(2,1659),(13,3459),(19,2731),(24,1537),(39,415),(46,2506),(51,3013),(64,1208)]	16.222559
439	[(37,2880),(54,3580),(60,2201),(91,297)]	16.236050
440	[(10,3500),(21,146),(35,3189),(44,2535),(79,2026),(86,237),(88,169)]	16.230014
441	[(21,2147),(40,1296),(48,3819),(52,1375)]	15.967217
442	[(9,799),(23,2717),(28,3722),(66,1944),(71,825),(74,2025),(86,213),(87,685)]	16.345702
443	[(4,3002),(10,3250),(17,1467)]	16.527772
444	[(6,122),(12,2045),(16,3435),(22,2895),(30,1363),(63,3584),(66,2499)]	16.478148
445	[(70,464),(74,2842)]	16.034643
446	[(3,317),(9,203),(25,2267),(29,994),(33,3694),(37,2200),(58,1861),(72,997)]	16.222671
447	[(3,2760),(11,3070),(16,1355),(24,1633),(26,2675),(47,3538),(79,3830),(81,1592)]	15.928830
448	[(5,901),(23,2562),(70,2585),(73,448),(75,1986),(86,2126)]	16.206613
449	[(47,586),(84,1163),(92,2667)]	16.268079
450	[(2,3286),(17,2301),(27,1565)]	16.275713
451	[(14,2985),(29,2803),(32,3703),(35,1416),(62,274)]	15.962905
452	[(5,2276),(11,3709),(53,1988),(59,453),(78,886),(91,3295)]	18.401040
453	[(45,3737),(49,1055),(51,3680)]	16.667169
454	[(2,74),(7,3410),(18,1776),(20,1774),(31,3228),(58,2370),(92,3413)]	16.512441
455	[(28,1891),(41,2026),(51,1898),(58,503),(59,3382)]	22.065030
456	[(39,898),(59,2709),(70,336)]	18.031535
457	[(37,3258),(60,1247),(70,2551),(77,3167),(84,2356),(91,1679)]	16.119713
458	[(25,579),(27,833),(39,938),(51,2921),(56,3359)]	17.941778
459	[(0,367),(11,2371),(16,1515),(32,1025),(46,3429),(48,2802)]	19.814198
460	[(1,1983),(7,232),(18,2261),(21,125),(44,1367),(58,2699),(78,2850),(85,732),(87,616)]	16.304681
461	[(20,1192),(25,3446),(82,2379),(86,3710)]	35.427291
462	[(1,3039),(32,1573),(34,1978),(62,3009)]	35.802111
463	[(12,2488),(25,897),(28,3818),(30,883),(57,219),(82,496),(90,2477),(92,81)]	33.661526
464	[(4,3748),(13,3447),(15,2331),(30,2992),(50,1520),(54,2730)]	32.781674
465	[(27,2186),(40,2138),(45,3528),(51,797),(55,1273),(69,3160),(86,854),(88,929)]	34.168616
466	[(19,2422),(31,1628),(57,225),(59,1231),(81,1521)]	37.073694
467	[(20,980),(23,2786),(32,735),(41,3416),(48,3138),(58,863),(62,2790),(69,3070),(73,1777),(88,269)]	41.423985
468	[(88,2769)]	33.808324
469	[(2,336),(11,1702),(21,16),(71,1969)]	29.728558
470	[(13,2162),(68,3132),(81,3686)]	32.381014
471	[(18,3255),(20,1248),(23,1613),(24,2561),(76,3350),(83,700)]	33.279876
472	[(17,1075),(19,52),(29,1339),(50,333),(66,1102)]	31.898963
473	[(12,605),(35,3212),(49,1005),(52,3518),(54,3482),(57,471),(62,1698)]	33.406318
474	[(18,1775),(31,1381),(32,311),(79,3761)]	33.204732
475	[(11,2951)]	32.903694
476	[(12,860),(23,1898),(50,1559),(80,2061),(92,3383)]	33.413635
477	[(11,3560),(13,2654),(29,2808),(31,2114),(34,3275),(41,1109),(49,144),(53,3508),(60,3193),(80,2922),(90,131)]	36.564435
478	[(14,1985),(34,1690),(44,1716),(59,3462)]	34.156777
479	[(39,1590),(43,2673),(45,1287),(46,3083),(58,751),(67,2160),(69,1865)]	34.150287
480	[(5,3522),(49,2113),(80,686)]	32.893555
481	[(8,3179),(53,1479),(58,539),(78,3561)]	32.892278
482	[(22,1233),(49,2460),(90,1362)]	32.554132
483	[(45,685),(65,824),(72,3668),(78,2376)]	33.631514
484	[(6,551),(12,3603),(13,3749),(18,1586),(27,1354),(41,3534),(48,1290),(73,257)]	32.625592
485	[(7,595),(42,1351),(65,1554)]	32.887750
486	[(45,276),(48,2754),(51,2880),(66,3366),(78,771),(80,3628)]	34.005402
487	[(10,1986),(15,2032),(17,1222),(41,1638),(55,3049),(57,2819),(89,2210)]	36.736981
488	[(15,1935),(37,1688),(48,2572),(86,2814),(87,1661)]	34.389897
489	[(14,2025),(19,355),(38,450),(58,3407),(71,2221),(92,1335)]	34.489012
490	[(8,2698),(52,1589)]	32.498846
491	[(29,3634),(69,108),(90,2451)]	31.297347
492	[(25,1391),(33,834),(41,2473),(50,934),(66,315),(76,3779)]	31.510176
493	[(18,3656),(28,3603),(42,2244)]	32.185313
494	[(23,1709),(24,1997),(29,3191),(31,1746),(40,2239),(51,694),(69,40),(85,3722)]	33.223607
495	[(21,437),(26,2639),(33,2548),(42,1494),(47,3520)]	32.176047
496	[(6,1164),(35,518),(43,1068),(45,1326),(48,2366),(73,1893),(81,154)]	31.455473
497	[(23,1894),(24,2542),(60,1715),(68,3076),(71,2928)]	31.290684
498	[(9,3239),(30,1927),(42,1773)]	31.330853
499	[(15,97),(46,1462),(55,1268)]	31.166637
500	[(12,893),(15,676),(34,2544),(42,48),(54,143),(77,2971),(83,3631)]	31.825521
501	[(11,184),(21,291),(28,2239),(49,1925),(51,3035),(57,3099),(65,3675),(76,2782),(78,265)]	32.954393
502	[(2,2995),(46,2077),(48,323),(52,3625),(74,582)]	31.625664
503	[(3,2092),(11,3295),(13,738),(43,2042),(81,1558)]	31.388002
504	[(6,2018),(7,446),(13,437),(36,606),(44,3785),(48,1471),(59,3658),(62,783),(71,336),(74,838),(75,1061)]	31.239749
505	[(13,206),(21,1516),(37,97),(44,504),(76,2606),(80,98)]	34.630498
506	[(18,2935),(40,84),(88,935)]	34.418779
507	[(6,1395),(66,2230)]	36.449542
508	[(2,3557),(4,621),(7,3632),(28,1040),(38,2495),(77,3067),(80,3847),(89,1123),(90,2568)]	33.689183
509	[(26,2481),(44,890),(45,3283),(52,3376),(56,475),(85,2678),(86,3316)]	35.935202
510	[(17,678),(24,1843),(35,3380),(36,1302),(51,1991),(67,2971),(71,3633)]	36.127801
511	[(15,3840),(17,2165),(34,710),(44,3754),(56,241)]	43.327551
512	[(24,3361),(49,1621),(51,2513),(71,2396),(77,1484)]	31.713471
513	[(32,860),(45,2794),(52,216),(56,2928),(64,169),(77,2194)]	35.746964
514	[(35,3004),(40,3242),(62,3624),(78,280)]	32.407807
515	[(9,2636),(18,258),(72,2889)]	37.188968
516	[(0,2623),(2,2958),(25,1936),(36,1522),(92,695)]	40.400318
517	[(1,233),(9,1450),(14,958),(88,54)]	32.892655
518	[(20,3470),(41,1972),(66,1407),(77,3475)]	32.021368
519	[(2,2089),(48,863),(68,2865)]	34.710350
520	[(39,2531),(58,447),(63,2583),(72,196),(74,358),(81,2350)]	36.017318
521	[(26,1713),(31,1561),(44,213),(51,3682),(55,2553),(72,2174),(89,2499)]	32.439586
522	[(92,3155)]	33.287902
523	[(17,1413),(19,408),(21,1241),(62,3838),(64,1396),(69,1318),(83,1206)]	32.273247
524	[(7,3685),(66,3783)]	32.157316
525	[(0,2713),(32,2269),(47,2868),(49,954),(50,2561),(77,2171),(79,270)]	32.583426
526	[(14,821),(20,841),(28,892),(36,1004),(47,2811),(66,2500),(86,642),(91,3336)]	32.253254
527	[(7,1954),(12,2679),(21,965),(23,2009),(45,217),(54,2807),(68,1799),(74,1324)]	32.882739
528	[(6,2081),(18,2946),(34,1963),(59,171),(90,192)]	33.256739
529	[(14,3101),(24,159),(65,1699),(69,2937),(78,3061),(81,2750),(92,2896)]	33.325791
530	[(9,246),(27,3464),(46,1274),(79,805)]	32.354127
531	[(42,2437),(45,452),(60,2531),(67,2833),(71,852)]	32.408272
532	[(14,792),(15,508),(53,212),(61,2063),(79,140)]	32.767121
533	[(1,517),(30,1096),(45,2950),(52,1001),(63,3211),(90,1292)]	32.238454
534	[(32,3769),(37,1815),(44,571),(47,3474),(56,1393)]	33.344634
535	[(38,2953),(51,845),(56,1452)]	32.328537
536	[(5,930),(8,1839),(17,1039),(70,2298),(85,1801)]	32.725173
537	[(14,1637),(30,609),(32,3398),(45,1389),(47,734),(59,1818),(72,3679),(76,3791),(77,2451),(84,434)]	33.875350
538	[(19,1461),(20,2811),(32,2736),(52,1030),(54,3363),(58,3333),(63,2396),(74,275),(92,531)]	28.654658
539	[(4,2790),(36,1313),(39,1882),(45,2786),(62,2919)]	32.062335
540	[(2,3604),(13,1908),(14,2791),(25,682),(47,2991),(48,2270),(49,189),(51,2426),(76,2073),(87,845)]	33.001772
541	[(4,1475),(41,1193),(53,3703),(58,924),(75,2485)]	31.604972
542	[(18,1742),(43,1283),(49,92),(63,830),(74,285)]	38.640924
543	[(0,688),(29,1264),(70,817),(80,1294),(83,2818),(88,1836)]	40.029415
544	[(0,762),(21,1904),(26,1343),(45,163),(48,2157),(61,113),(63,3762),(70,1781),(79,1304)]	35.169368
545	[(1,1403),(50,1335),(55,2472),(56,1621),(74,489)]	32.861891
546	[(8,2945),(28,1013),(42,3562)]	33.783380
547	[(13,2743),(34,2668)]	36.903490
548	[(10,3760),(34,3309),(40,121),(47,2704),(70,3419),(87,2178)]	32.150778
549	[(9,1019),(10,17),(16,2696),(42,2126),(56,1283),(66,3741)]	32.162593
550	[(31,724),(34,3838),(63,963),(70,2880),(82,422),(92,842)]	33.034836
551	[(28,3800),(33,1524),(72,2299),(88,245)]	31.514012
552	[(2,2146),(8,1172),(16,494),(43,3190),(64,575)]	31.064676
553	[(0,729),(63,2582)]	31.812824
554	[(39,352),(57,2644),(60,2139),(61,1207),(88,2326)]	32.787627
555	[(17,2326),(22,2636),(23,408),(29,383),(72,3823),(79,382),(80,1967),(89,95),(92,3128)]	33.232853
556	[(22,2357),(33,1359),(35,2369),(37,1999),(70,3462),(82,708)]	32.541403
557	[(11,1099),(14,1748),(22,2686),(25,3008),(74,2785),(75,72),(86,3212)]	30.514656
558	[(5,1988),(33,3819),(34,2373),(43,3672),(79,463)]	35.116703
559	[(39,311),(58,2317),(64,1770),(71,1934),(83,2941)]	34.112713
560	[(6,1230),(8,3630),(20,1018),(22,2715),(32,252),(54,2134)]	34.912199
561	[(3,2852),(46,1143),(84,735),(91,1904)]	32.866889
562	[(2,3153),(25,987),(68,3067),(77,3742),(89,3488)]	32.873527
563	[(23,2783),(34,2967),(49,992),(66,412),(83,893),(86,676)]	31.680741
564	[(7,373),(18,2559),(28,1819),(57,3069),(82,165)]	31.274751
565	[(9,1822),(22,1762),(32,2185),(48,3760),(69,2756)]	31.129040
566	[(16,1120),(23,1209),(27,3451),(28,1886),(30,1537),(31,629),(35,3161)]	34.195007
567	[(8,2483),(22,3603),(27,2855),(45,1884),(71,2402),(72,855)]	38.853469
568	[(0,207),(2,1871),(15,735),(41,3317),(49,992),(56,2706),(57,1664),(60,3631),(66,2181),(74,1702),(75,2325),(89,18)]	38.923282
569	[(3,1420),(20,257),(22,332),(43,609),(63,1361),(78,752),(86,1548)]	37.019373
570	[(15,497),(45,3437),(70,3086),(87,3261)]	35.619653
571	[(22,126),(59,3076),(63,2931),(71,2655),(79,2782)]	35.467407
572	[(19,2622),(24,1931),(25,3032),(29,1768),(64,213)]	37.712981
573	[(49,3531),(65,2876),(73,2670),(91,1364)]	37.065489
574	[(26,2334)]	35.109220
575	[(8,3569),(13,1460),(18,1282),(25,1077),(29,3656),(38,3809),(49,1565),(51,2802),(58,2848),(64,3656),(78,2718),(85,797)]	42.753983
576	[(3,3732),(23,925),(53,1753),(60,1547),(65,1689)]	42.185331
577	[(53,1100),(55,2312),(68,2312),(76,596),(83,2322)]	39.630694
578	[(6,2256),(10,1167),(44,885),(60,2410),(74,412),(81,2746)]	35.744341
579	[(1,888),(46,2460),(50,3401),(64,1812),(74,2477)]	36.817042
580	[(18,92),(29,2952),(59,2597),(68,3749),(92,1806)]	34.963394
581	[(13,780),(21,3520),(33,753),(53,96)]	33.961428
582	[(1,59),(5,1658),(14,2667),(27,962),(34,1128),(38,217),(53,2170),(57,3801),(62,890),(85,3066),(90,2158)]	35.896813
583	[(31,3821),(63,2315),(85,1420),(92,1773)]	41.768425
584	[(10,500),(15,2316),(20,3190),(23,323),(75,2799),(82,2630)]	34.151857
585	[(6,1271),(24,517),(55,272),(61,2478),(68,1220)]	24.399964
586	[(13,3644),(17,3309),(47,3000),(68,383),(77,1281)]	16.187956
587	[(0,1714),(2,271),(31,3354),(48,876),(52,3382),(63,1396),(85,2911)]	16.417125
588	[(28,2841),(31,2358),(56,2691),(64,227)]	16.099980
589	[(15,2770),(16,1121),(62,1121),(71,992)]	16.131070
590	[(11,3586),(14,3656)]	29.081908
591	[(3,2344),(65,678),(88,1616),(89,1705)]	35.006958
592	[(5,432),(14,1764),(18,3462),(61,2632),(63,1480),(79,3417)]	16.955455
593	[(31,2041),(67,774)]	18.780280
594	[(5,3248),(14,2249),(43,2106),(45,3671),(68,3642),(86,1486),(88,1664)]	16.132061
595	[(34,2446),(74,3246)]	16.251223
596	[(22,2419),(39,1846),(42,3472),(57,2635)]	16.127456
597	[(16,3112),(20,3701),(24,3661),(29,1372),(70,1697),(78,1862)]	16.094249
598	[(12,918),(25,1118),(43,3381),(50,1881),(56,3528),(62,1664),(64,11),(85,3674),(86,1862)]	16.766054
599	[(58,2456)]	16.247073
600	[(0,2457),(21,3015),(36,205),(41,1412),(44,3299),(46,3392),(50,3455),(80,2245),(84,2089)]	20.211309
601	[(18,2528),(34,1098),(52,3760),(55,1166),(77,2928)]	22.938272
602	[(17,2423),(28,1090),(76,1870)]	16.138411
603	[(37,1211),(45,416),(62,3303),(69,1443),(91,529)]	18.042226
604	[(1,2817),(49,1278),(66,1459)]	17.409630
605	[(1,3520),(18,2455),(59,1212),(74,111),(84,2999)]	16.428506
606	[(2,2031),(4,2468),(22,2733),(40,3220),(68,1829),(82,1752)]	16.788336
607	[(3,2396),(5,1375),(46,2394),(56,3625),(77,2501),(90,3586)]	16.480190
608	[(3,2532),(17,525),(52,1645),(63,1358),(64,3252),(82,938)]	16.101812
609	[(8,1821),(18,2974),(23,1076),(28,1641),(50,2987),(53,359),(61,375),(78,2626)]	27.115194
610	[(10,2057),(11,605),(27,812),(36,1313),(38,2280),(40,3759),(85,3435)]	36.672105
611	[(6,2085),(50,2892),(51,2860),(59,1807),(63,2819),(70,738),(89,3625)]	35.794362
612	[(37,3694),(42,1686),(51,471),(71,1954),(78,1945),(86,2392)]	35.802924
613	[(26,3022),(28,490),(66,2284),(85,456),(92,3757)]	34.937450
614	[(8,3169),(12,951),(28,2350),(71,3404)]	16.436613
615	[(7,857),(32,974),(53,943),(89,3594)]	18.528864
616	[(25,3611),(45,2849),(65,3378),(72,1583),(78,2562),(80,1451),(87,2350)]	18.891380
617	[(0,2491),(13,3058),(78,3431),(83,1484),(87,100)]	22.203230
618	[(46,3138),(65,3000),(69,3036),(86,2190),(90,1107),(91,2032),(92,295)]	16.782686
619	[(5,1233),(6,898),(14,932),(51,2576),(55,1273),(70,253),(84,2166)]	32.419124
620	[(0,3501),(35,3149),(45,907),(53,2741),(72,3684),(75,3113),(82,1986),(91,1508)]	22.124339
621	[(50,1515),(61,1725),(68,3424)]	16.278732
622	[(0,1134),(2,1258),(5,83),(7,2438),(66,222),(71,1033),(72,1293),(84,2012),(92,2297)]	18.402209
623	[(6,1213),(33,376),(48,507),(52,1226),(66,585),(85,2849)]	17.801825
624	[(11,1429),(23,3118),(43,2143),(44,720),(66,3793),(68,2446)]	16.500501
625	[(24,1812),(35,3229),(57,2622),(62,3772),(67,3533),(77,832),(85,2240)]	16.002006
626	[(21,1913),(27,586),(31,3643),(49,2488),(54,1458)]	16.907171
627	[(18,2436),(28,3789),(70,2835),(73,348),(81,2817),(86,3243)]	16.147512
628	[(22,2785),(37,3080),(80,742),(84,958),(91,3246)]	16.526080
629	[(3,2910),(74,3506),(77,1502),(86,2730)]	16.296141
630	[(0,920),(19,2521),(25,2090),(30,936),(35,2319),(39,1515),(47,3535),(77,3241),(87,2513)]	16.123286
631	[(60,364)]	16.020506
632	[(11,926),(15,1513),(21,1285),(41,1513),(66,1152),(70,1585),(91,2240)]	16.361954
633	[(42,3189),(59,1124),(71,390),(87,2069)]	16.075629
634	[(3,1126),(46,879),(53,2226),(64,1675)]	16.229426
635	[(39,2639),(67,1020),(76,1155),(79,3520),(81,3072),(82,1096),(90,2091)]	16.327468
636	[(33,1508),(83,2368)]	16.334145
637	[(17,371),(29,2072),(40,112),(50,928),(53,3413),(71,212),(77,1981),(83,632)]	16.092442
638	[(9,2717),(36,2478),(41,1337),(46,2585),(48,2456),(56,1981),(68,690),(75,3491),(83,1259)]	17.030902
639	[(1,248),(4,1474),(24,1895),(40,1210),(48,789),(61,2387),(79,644),(88,2630),(90,3137)]	16.037661
640	[(6,821),(7,1570),(17,74),(72,1976),(88,3147),(90,2470)]	16.127877
641	[(23,3790),(28,2597),(38,2224),(77,1859),(90,652)]	16.707288
642	[(34,2895),(42,2641),(46,2498),(55,3758),(58,1865),(71,2287),(72,337)]	16.626538
643	[(25,486),(38,3333),(53,1843),(85,2505),(88,911),(89,1429)]	18.455731
644	[(22,2193),(35,1140),(70,1779),(84,2871)]	16.367877
645	[(12,31),(22,922),(85,2)]	16.390911
646	[(22,1079),(77,87),(86,565)]	16.236611
647	[(17,2626),(42,2315),(58,2654),(73,2704)]	16.315794
648	[(11,175),(23,2028),(28,3459),(47,699),(53,1457),(65,1250),(70,1841)]	16.243508
649	[(1,2801),(24,3678),(27,3140),(68,1663),(75,1868),(78,3172)]	16.258158
650	[(6,614),(15,1913),(16,1900),(17,2191),(19,306),(69,3731),(76,1488)]	16.259868
651	[(6,498),(10,3162),(16,2350),(35,2837),(58,173),(59,3260),(66,1323),(91,1987)]	16.431416
652	[(0,2807),(15,2929),(23,3517),(36,1708),(64,3811),(72,2905),(85,786)]	16.303789
653	[(6,1809),(38,2329),(79,2328)]	17.225243
654	[(1,3844),(3,1219),(15,3826),(33,2811),(58,2542)]	16.603915
655	[(4,3390),(7,490),(10,1512),(32,1038),(54,2631),(68,1720),(72,2613),(91,3768)]	16.233645
656	[(40,1336),(47,2921),(64,8),(74,3286),(83,1543)]	16.740415
657	[(8,397),(73,1145)]	16.548705
658	[(1,1783),(6,1545),(20,1729),(27,2067),(50,99)]	17.042905
659	[(39,604),(54,1860),(64,711)]	16.353709
660	[(4,3116),(7,624),(11,3700),(17,3813),(22,1513),(29,1506),(43,1859),(47,2357),(91,1927)]	16.482589
661	[(39,724),(62,2764)]	16.021647
662	[(44,871),(51,3289),(59,1366),(86,1777)]	16.099216
663	[(1,469),(13,1232),(20,720),(47,1832),(65,1989),(70,1386)]	16.202924
664	[(16,754),(20,2810),(52,1035),(55,1430),(65,2912),(81,3007),(88,2839)]	16.602210
665	[(18,2273),(70,2061),(82,1488)]	17.000231
666	[(9,3083),(14,3563),(23,2013),(57,2416),(85,1034)]	16.529489
667	[(1,3668),(14,3358),(37,2520),(87,3722)]	16.295337
668	[(29,877),(44,372),(83,3388),(91,436)]	16.384774
669	[(0,235),(64,2534),(85,97)]	16.713343
670	[(6,3689),(11,2845),(20,3637),(33,1316),(45,858),(73,2993),(80,3115),(85,1334),(91,1918)]	16.337334
671	[(17,2363),(30,3018),(31,1590),(32,3256),(76,2317),(86,1174),(90,3246)]	18.112350
672	[(14,1565),(16,1725),(19,3503),(21,3553),(22,2391),(62,753),(70,710),(89,3772)]	16.295194
673	[(3,2453),(52,3730),(69,3821)]	17.242962
674	[(26,1630),(27,3183),(40,2757),(45,1846)]	18.232087
675	[(46,1851),(51,1464),(68,1171),(88,1883)]	21.552168
676	[(7,2185),(11,1171),(12,2368),(59,3587),(63,2689),(84,1448)]	19.670169
677	[(10,3166),(19,723),(56,602),(81,853),(88,441)]	16.296072
678	[(2,1680),(31,2628),(34,1703),(58,3647)]	16.012958
679	[(0,3329),(37,3045),(68,1259),(83,500),(92,3602)]	16.726418
680	[(0,195),(50,1762),(54,1337),(71,501)]	33.412416
681	[(6,1913),(23,2055),(38,3489),(53,3543),(86,3494),(90,1627)]	22.569159
682	[(3,3713),(8,2945),(24,737),(29,1202),(31,3596),(39,3170),(41,3587),(60,878),(72,850),(80,3601)]	17.228263
683	[(49,1324),(66,3481),(81,3221),(84,3441)]	16.506129
684	[(4,1408),(13,2307),(19,1819),(39,798),(42,1249),(64,2006),(84,3715)]	16.372435
685	[(45,2035),(50,1656),(58,735),(79,665)]	17.263014
686	[(8,1870),(22,945),(67,1535),(69,3467),(76,539),(78,1968),(88,191)]	16.972651
687	[(36,3464),(56,122),(64,97),(70,1971),(74,3721),(85,2412)]	16.781202
688	[(41,329),(54,3540),(76,1728)]	16.251546
689	[(5,2005),(21,2700),(22,2129),(24,2444),(25,917),(41,1607)]	16.224799
690	[(4,668),(28,2594),(34,1883),(37,247),(46,2396),(69,2559),(75,282),(79,3783)]	16.218860
691	[(9,3559),(18,565),(22,2204),(30,3324),(41,2857),(44,1571),(47,2955),(48,1847),(71,2793)]	16.962327
692	[(6,2866),(9,573),(20,1875),(45,1960),(55,2328),(62,2938),(67,2635),(78,2269),(91,500)]	16.428389
693	[(55,2413)]	16.117111
694	[(4,1876),(7,3227),(32,188),(58,1365),(68,2025),(69,2142),(87,2419)]	16.765524
695	[(43,3493),(49,1597),(61,59),(78,68)]	16.411463
696	[(16,2074),(31,2760),(40,1024),(48,1882),(63,2157)]	16.621554
697	[(5,1455),(7,2309),(17,742),(34,2661),(45,1798),(50,1118),(52,1100),(69,3718),(87,3137)]	16.436962
698	[(10,3372),(31,662),(42,1567),(62,3109),(88,2735),(89,3648)]	18.357382
699	[(57,3766),(61,520),(79,3341)]	17.750505
700	[(0,1087),(13,1479),(16,3319),(33,2045),(63,358),(68,3338),(77,1162),(79,3143),(92,2903)]	17.217389
701	[(15,3642),(18,1141),(29,1656),(41,3735),(59,1878)]	16.816112
702	[(11,3650),(22,877),(48,899),(81,2659),(87,3237)]	16.356656
703	[(3,128),(35,414),(45,3443),(56,1912),(60,2234),(62,3593)]	16.841335
704	[(9,3495),(22,3651),(30,2555),(56,177),(69,1290)]	17.678831
705	[(21,2141),(38,2266),(43,3297),(60,3321),(73,2357),(75,98),(83,701),(90,1869)]	17.995302
706	[(58,2693)]	16.246129
707	[(2,3385),(11,749),(18,3380),(78,2676)]	16.157576
708	[(59,3677)]	16.053028
709	[(57,2387),(71,791),(77,1236)]	16.197109
710	[(3,3457),(17,1264),(24,603),(35,2476),(66,1597),(74,2239)]	16.126579
711	[(3,679),(14,582),(27,1815),(44,3551),(47,1751),(56,3000),(66,1344),(76,43),(85,2089)]	16.213164
712	[(23,714),(52,2110),(79,3130)]	17.347905
713	[(1,3388),(21,3456),(23,1328),(37,76),(81,1118),(86,3511)]	17.742600
714	[(22,3689),(51,722),(81,1523),(91,3780),(92,1169)]	19.483196
715	[(10,3470),(16,2292),(18,1097),(56,3689),(57,1437),(82,1351)]	16.680026
716	[(13,535),(46,2167),(49,3387),(55,1898),(83,2183)]	16.312994
717	[(3,2582),(22,1164),(26,747),(86,2162)]	16.355424
718	[(9,2717),(21,19),(37,944),(43,722),(46,319),(62,328),(88,3028)]	16.801068
719	[(66,1433),(89,1433),(90,1259)]	16.971708
720	[(46,2158),(53,1951)]	16.397518
721	[(11,1132),(22,3460),(50,2631)]	16.354516
722	[(1,929),(27,95),(30,2325),(85,3058)]	16.388586
723	[(6,2132),(29,3302),(43,3127),(60,1703),(70,2805),(78,3013)]	16.148066
724	[(13,172),(47,2913),(49,460),(63,2204)]	17.469549
725	[(0,3712),(3,2189),(18,2774),(46,2373),(62,1512),(82,1617),(88,3742)]	16.591160
726	[(4,2528),(20,1493),(26,1598),(44,3815),(64,662)]	16.236508
727	[(8,1802),(16,3319),(36,1242),(40,1698)]	16.599285
728	[(26,1303),(41,541),(66,2388),(91,3110)]	16.238885
729	[(32,2012),(41,3663),(62,3558),(65,2282),(68,115),(86,295)]	17.516145
730	[(3,2660),(39,1376),(50,828),(51,1026),(80,546)]	16.351752
731	[(4,2211),(9,1188),(12,2042),(54,1150),(61,3155),(80,3585)]	16.554611
732	[(40,2649),(47,2452),(66,1860)]	18.816800
733	[(17,2566),(38,919),(58,868)]	22.163448
734	[(52,1136)]	18.427642
735	[(83,2822)]	16.697679
736	[(9,2147),(10,1400),(11,3822),(14,2537),(16,847),(35,3150),(71,3038)]	16.767888
737	[(6,2125),(41,661),(47,2318),(52,2080),(63,3411),(71,2038),(79,2956)]	18.884750
738	[(0,2125),(41,1869),(51,3548),(52,3611),(57,3349),(63,2646),(76,2653),(83,1278),(89,1904)]	16.643050
739	[(36,2052),(68,2232)]	19.321322
740	[(42,2195),(45,3344),(64,2871),(72,849)]	35.007236
741	[(10,1263),(48,1953),(70,3117),(80,2757),(88,1301)]	17.403805
742	[(56,1483)]	17.478991
743	[(5,1418),(10,190),(29,1621),(35,263),(70,431),(73,3015),(78,1463),(83,3041)]	17.685585
744	[(59,3200),(82,2258),(87,2093)]	17.058490
745	[(22,2171),(53,1163),(61,3301),(69,1303),(77,2843)]	16.336771
746	[(10,129),(30,447),(36,65),(48,1053),(53,1066),(61,3788),(66,1374),(67,3263),(87,1912)]	16.604500
747	[(10,2735),(14,3604),(15,3600),(26,3425),(52,24),(53,967),(58,2035),(71,3584)]	17.614627
748	[(4,2347),(24,2833),(35,3169),(54,2138),(61,3437),(88,881),(90,173),(91,3260)]	16.521480
749	[(30,3334),(36,2679),(45,33),(74,1857),(75,2248),(89,805)]	16.426414
750	[(6,2824),(10,2563),(51,1100),(59,1692),(68,1690),(80,2566)]	16.273100
751	[(19,1961),(28,1342),(31,717),(45,3201),(63,2269),(85,1821),(90,3461),(92,1655)]	16.133688
752	[(21,3220),(23,2859),(27,1102),(43,3522),(68,3768),(75,1839)]	16.965524
753	[(3,3766),(32,133),(57,2739)]	16.616562
754	[(0,3085),(10,3737),(20,2682),(26,1803),(76,536)]	17.059779
755	[(6,789),(12,1231),(47,2400),(50,1078),(55,1445),(63,745),(67,627),(73,1575)]	16.536710
756	[(0,3321),(17,906),(39,1276),(58,3803),(72,173),(75,3437),(80,1806)]	16.307668
757	[(1,3073),(23,1512),(32,1589),(47,1703),(51,3245),(69,3227),(78,513)]	16.750512
758	[(3,3140),(21,449),(31,2439),(54,2),(61,1897),(88,2366)]	16.647957
759	[(1,1290),(31,1081),(55,3790),(73,3214)]	16.327601
760	[(8,1338),(13,1452),(74,2240)]	16.318021
761	[(7,2254),(13,2056),(29,812),(62,1234)]	16.901730
762	[(37,3440),(38,746),(46,3760),(53,2059),(63,1951),(68,1632)]	16.359069
763	[(6,2562),(22,1765),(32,441)]	16.286289
764	[(8,1163),(16,3528),(52,2760),(81,2777)]	16.974159
765	[(11,1148),(45,3689),(55,2288),(70,3134),(79,3174),(80,1923),(84,180)]	16.754624
766	[(24,1308),(31,2901),(50,1597),(79,2633),(88,25)]	16.153550
767	[(18,1708),(24,3207),(27,177),(31,3811),(50,1080)]	16.121548
768	[(6,621),(24,2667),(45,3032),(46,3610),(51,1838),(76,2229),(78,2120),(82,3118)]	16.183470
769	[(5,1234),(15,3598),(32,1564),(84,59)]	16.053498
770	[(9,1622),(20,3404),(72,1959)]	16.330628
771	[(28,2086),(57,2006)]	16.933098
772	[(0,1517),(2,3205),(12,1100),(39,1464),(43,1768)]	16.545855
773	[(6,3783),(14,3385),(17,3773),(32,1665),(35,1338),(46,1583),(91,432)]	16.467517
774	[(12,455),(21,1441),(41,3728),(58,1144),(59,1510),(80,1094),(84,3502),(90,3747)]	16.327881
775	[(5,3298),(28,184),(34,3548),(46,445),(57,1445),(62,3831),(69,2973)]	15.980140
776	[(3,2521),(28,2645),(33,746),(36,2699),(38,3696),(63,739)]	16.553135
777	[(22,403),(75,2672),(77,1336)]	16.059983
778	[(3,355),(10,838),(18,1094),(20,2062),(28,3367),(37,3087),(40,2030),(60,3451),(63,3769),(66,48),(80,592)]	16.159582
779	[(5,1035),(12,3308),(35,1191),(42,564),(64,3175),(68,2014)]	16.839486
780	[(30,757),(33,46),(52,1646),(56,3408)]	16.961891
781	[(1,548),(35,239),(41,2546),(46,1738),(50,1682),(58,2365),(64,68),(84,2197)]	16.715816
782	[(1,1847),(33,2498),(36,240),(37,1913),(38,2316),(50,1950),(55,1693),(70,2637),(75,1668),(82,3305)]	16.562989
783	[(23,2656),(29,2904),(31,85),(33,139),(56,1212),(76,3112),(79,1339),(87,2976)]	16.211134
784	[(0,2997),(11,3165),(65,3660),(67,1673)]	16.265909
785	[(5,2375),(28,489),(33,3666)]	16.287755
786	[(5,2132),(58,921),(76,810),(91,2291)]	16.512202
787	[(19,518),(27,2321),(86,917)]	16.269024
788	[(2,3445),(17,2961),(27,650),(34,1781),(41,2181),(49,2417)]	16.711566
789	[(61,3578),(64,840),(71,3187),(87,1078)]	16.130040
790	[(0,2246),(7,178),(14,2602),(21,3528),(24,749),(46,789),(66,601),(68,3448),(77,1006),(82,3512),(83,3048),(89,2823)]	19.196930
791	[(5,433),(10,1804),(19,660),(55,1813),(63,1902),(79,3756)]	21.985818
792	[(0,2635),(5,3080),(11,462),(36,2068),(69,362),(70,580),(73,2007)]	19.291246
793	[(30,1577),(41,2691),(58,3508),(79,717)]	16.262297
794	[(0,3616),(1,2642),(7,1533),(38,840),(47,3190),(53,1733),(91,727)]	16.233255
795	[(4,3500),(25,1411),(30,1355),(31,312),(36,1352),(53,2711)]	17.086554
796	[(8,3012),(10,2896),(17,2759),(41,3412),(76,471),(77,1306),(82,700),(85,2852),(89,2159)]	16.244488
797	[(8,1768),(28,476),(55,2009),(62,1680),(69,315),(87,3707)]	16.269835
798	[(2,13),(7,1266),(26,366),(38,2681),(41,2573),(50,949),(87,3190)]	16.946375
799	[(48,3379),(54,3642),(65,3126),(66,2475),(86,766),(88,2735),(89,3648)]	17.597112
800	[(1,796),(7,3844),(28,592),(52,3740),(72,1888)]	28.005092
801	[(38,3185),(67,981),(71,3606),(81,1851)]	27.270065
802	[(3,1352),(17,27),(18,2606),(20,3743),(92,827)]	16.372912
803	[(3,2521),(10,1214),(16,2725),(23,3272),(64,141)]	16.570911
804	[(6,3082),(20,2909),(35,2022),(46,459),(72,3184),(74,1556),(84,3808)]	16.348541
805	[(18,2654),(30,3455),(36,690),(48,2547),(50,3001),(60,1150),(72,1512),(79,293),(86,1409)]	16.438558
806	[(19,523),(26,2965),(63,1913),(64,2316),(92,281)]	16.623683
807	[(9,462),(12,3438),(27,599),(36,2677),(51,501),(59,3229),(91,287)]	16.619057
808	[(5,2338),(42,2105),(59,3039),(89,155),(90,590)]	16.224911
809	[(22,781),(44,951),(61,198),(71,3576),(78,41),(85,401)]	16.250615
810	[(51,3619),(76,1180),(77,2926),(78,1651),(81,3432),(82,3688)]	16.216546
811	[(23,314),(56,2688)]	17.539665
812	[(5,783),(22,2548),(31,806),(51,3722),(55,1908),(60,645),(76,1565)]	17.042062
813	[(3,3835),(12,3149),(21,447),(31,1927),(57,3619)]	19.422745
814	[(20,660),(32,1716),(84,3684),(86,2965)]	16.814764
815	[(27,359),(29,1328),(35,3209),(41,965),(51,3426),(70,454),(91,2950)]	16.719139
816	[(1,1346),(3,155),(4,590),(6,1150),(11,3071),(13,43),(27,1655),(33,3479),(42,433),(52,408),(58,3436),(59,855),(89,1775)]	16.400049
817	[(57,1114)]	16.387063
818	[(59,1279),(79,2319)]	16.300049
819	[(11,3471),(23,2808),(36,726),(55,3442),(57,3769),(61,2477),(70,3131),(88,884)]	16.360624
820	[(22,2779),(62,869),(66,1004),(88,1634)]	16.327013
821	[(77,589)]	16.228280
822	[(3,2752),(5,2795),(18,1094),(20,2062),(37,1433),(39,1442),(40,2959),(55,2857),(58,1508),(77,2859),(89,1658)]	16.193020
823	[(5,1393),(12,2637),(19,1741),(33,2035),(42,670),(58,2201),(64,1013),(78,162)]	16.282629
824	[(9,3647),(57,3780),(83,1684)]	16.190600
825	[(38,2726),(43,3133),(47,3386),(55,2480),(58,1327),(68,162),(87,1603)]	16.863578
826	[(15,447),(17,2779),(21,1922),(34,2402),(35,855),(46,328),(56,1850)]	16.263473
827	[(4,1447),(14,265),(15,2173),(42,2181),(56,2283),(68,1031),(80,3690),(81,1632)]	16.346847
828	[(13,2391),(32,3675),(37,1055),(38,2107),(40,1940),(46,2457),(52,3308),(58,1320),(72,238),(88,2317)]	16.979915
829	[(11,2193),(39,3094),(60,2401),(64,1430),(79,3599),(87,467)]	17.178687
830	[(0,1392),(39,1722),(55,617),(77,2941),(79,402),(88,3336)]	16.044891
831	[(23,347),(62,795),(72,2351),(78,3192),(81,2606),(86,814)]	18.825950
832	[(0,3093),(2,2258),(9,975),(18,2506),(23,535),(29,894),(37,54),(40,1399),(51,854),(74,304),(87,3239)]	17.207669
833	[(2,3604),(16,1658),(30,3802),(45,3326),(48,1417),(64,3153)]	17.251981
834	[(1,3355),(8,584),(16,1588),(18,3422),(47,3471),(75,1894),(84,1108)]	16.663244
835	[(8,1720),(22,3707),(50,2844),(53,256),(64,2759),(65,967),(66,307),(73,2131),(91,871)]	16.679233
836	[(9,2504),(48,2446),(51,3092),(58,2534),(61,3823)]	16.257205
837	[(35,839),(36,2719),(62,1873),(63,2124),(92,1530)]	16.708228
838	[(15,2024),(70,843),(81,1122)]	16.896039
839	[(17,2059),(40,116),(46,3383),(60,253),(74,2240),(87,3608)]	16.214057
840	[(17,503),(33,3447),(45,2485),(68,3537),(91,2390)]	16.424480
841	[(0,2723),(22,1657),(27,2664),(33,494),(62,2831),(89,645)]	16.701304
842	[(52,1367),(53,2060)]	16.266116
843	[(2,504),(8,61),(29,3726),(53,1624),(67,3070),(68,136)]	16.855153
844	[(31,1793),(42,1524),(56,737),(64,1759),(67,939)]	16.464847
845	[(28,1496),(50,3210),(57,3232)]	16.610348
846	[(11,643),(19,3413),(21,1111),(42,2237),(71,1770),(84,3357)]	16.921235
847	[(0,2580),(12,2664),(69,3690),(80,2908),(81,2377)]	16.185924
848	[(46,2329),(51,3195),(55,262),(69,771),(83,442)]	17.134037
849	[(1,2468),(6,3644),(16,1217),(70,362),(71,580),(75,3523),(87,1767)]	23.358476
850	[(33,2396),(68,1112),(78,1109),(88,1581)]	18.745096
851	[(18,2114),(30,1524),(34,298),(35,2755),(47,373),(67,2289),(70,1379),(71,1625),(72,660),(74,1839),(78,270)]	16.311724
852	[(2,3319),(54,1850),(61,171),(63,2241),(82,2661),(83,103)]	16.806767
853	[(2,686),(4,2971),(78,1588)]	16.859233
854	[(15,1069),(25,1016),(54,1870),(68,2718),(73,3717)]	17.757352
855	[(38,1772),(39,252),(75,22),(79,1011)]	16.086119
856	[(9,1465),(14,2575),(29,405),(43,2235),(48,3276),(56,710),(64,2127),(88,619),(90,2672)]	16.509622
857	[(15,839),(39,2959),(57,2895),(68,1070),(80,922),(87,3196),(92,2892)]	16.330576
858	[(41,1233),(49,2350),(59,2145)]	19.569546
859	[(5,3237),(9,111),(17,3438),(36,1848),(87,1166)]	16.418403
860	[(6,2254),(13,3185),(63,3248),(79,155),(85,2650),(89,1509)]	20.468024
861	[(26,3242),(45,3610),(50,2184),(57,1646),(59,50),(70,1507)]	31.495905
862	[(34,1717),(43,1642),(65,1107),(83,2963)]	16.809731
863	[(6,2442),(61,1895),(72,1437)]	16.563998
864	[(47,436)]	16.156647
865	[(21,3659),(30,2847),(38,2180),(39,1609),(43,3761),(59,3514),(60,1342),(71,1048),(92,113)]	16.493639
866	[(9,225),(39,2130),(51,1233),(52,898),(68,1606),(69,1763),(86,1708)]	16.061121
867	[(20,2374),(29,869),(43,1144),(60,3046),(70,2839),(71,1008)]	16.282369
868	[(16,2443),(21,1532),(22,1555),(35,2146),(69,3734),(71,1960)]	16.351563
869	[(2,2056),(11,3153),(30,2310),(37,3548),(56,1068),(72,1317),(76,3005),(90,3750)]	16.998933
870	[(2,1514),(28,812),(35,3813),(42,1603),(62,1984),(87,473),(91,1394)]	16.317939
871	[(17,3778),(28,1222),(40,1331)]	16.775871
872	[(24,3341),(47,2212),(50,3100),(65,3119),(77,3118)]	17.472933
873	[(1,3409),(62,1452),(77,150),(78,3262)]	16.556336
874	[(36,76),(42,3200),(54,575),(62,1867),(63,1414),(83,224),(91,2353)]	16.487950
875	[(8,246)]	16.818747
876	[(6,2417),(56,723),(66,3495),(83,1994),(86,1952),(87,1614)]	16.408224
877	[(7,3500),(16,1689),(72,3401)]	16.471734
878	[(58,2711),(76,3172)]	16.109806
879	[(1,3170),(3,3587),(8,3703),(11,1331),(34,2588),(36,2255),(45,3322),(53,3715),(54,2309)]	16.259683
880	[(4,1197),(12,1092),(24,3840),(42,3781)]	16.062953
881	[(0,2498),(5,970),(22,2511),(30,544),(43,215),(62,3752),(78,3542)]	16.352686
882	[(2,1322),(6,3308),(12,2041),(15,2969),(77,3121),(81,2529),(89,1801)]	16.721508
883	[(24,724),(40,365),(57,3153),(77,153)]	16.410231
884	[(22,285),(71,3454)]	16.856968
885	[(34,2032),(37,3784),(53,985),(60,981),(68,363)]	16.494925
886	[(0,2125),(5,2006),(29,1057),(30,2093),(51,1306),(52,3836),(88,2208),(89,1467)]	16.767471
887	[(32,3229),(50,1687),(87,1615)]	16.273798
888	[(12,250),(17,3006),(56,1124),(74,2956),(91,788)]	16.286793
889	[(0,109),(69,3109),(76,635),(88,3605),(89,578)]	16.559956
890	[(11,1935),(71,2743)]	16.642308
891	[(17,3603),(24,3789),(56,73),(83,2419)]	16.539426
892	[(15,3655),(28,3616),(45,3640),(86,1204)]	16.353652
893	[(7,2937),(24,502),(35,3115),(42,3813),(89,829)]	16.200215
894	[(19,3458),(29,2471),(73,989)]	16.193195
895	[(21,1225),(24,3453),(39,383),(48,3448),(74,2171),(76,270)]	16.223540
896	[(26,892),(48,1109),(75,1861),(84,1682),(90,1063)]	16.330106
897	[(2,398),(10,2669),(33,3225),(65,3124),(72,1100)]	16.367339
898	[(1,1161),(54,1328),(61,3478)]	16.026832
899	[(12,575),(30,145),(33,2367),(37,2953),(56,1966),(65,1783)]	16.148973
900	[(12,3218),(15,221),(51,2763),(68,3613),(69,2218),(81,2971)]	17.384111
901	[(8,3572),(30,646),(72,2439),(78,2084)]	17.648899
902	[(23,3573),(38,3817),(47,1689),(62,1373),(68,2295)]	17.294532
903	[(28,3806),(39,2313),(92,874)]	16.722053
904	[(24,1311),(33,2940),(64,3612),(66,253),(73,2774)]	16.394980
905	[(26,2318),(61,1280),(72,125),(78,1535)]	16.214876
906	[(26,859),(27,722),(42,1016),(53,3719)]	16.410297
907	[(3,2166),(11,2854),(18,2124),(28,1454),(50,2781),(89,1784)]	19.094236
908	[(45,832),(51,2622),(65,1234)]	22.219759
909	[(0,1567),(11,91),(20,1539),(42,774),(50,3652),(81,1962)]	18.870339
910	[(22,1841),(35,3531),(36,1699),(40,2305),(45,3625),(49,2033),(64,1678),(78,271),(82,1675)]	18.493632
911	[(41,1839),(62,380),(74,1733),(83,3646)]	17.830617
912	[(17,1685),(38,2847),(50,292),(53,1275),(54,805)]	17.696005
913	[(17,876),(22,2921),(32,3107),(47,389),(51,2146),(72,529)]	18.758489
914	[(30,2087),(35,2134),(48,1403),(59,2523),(68,3188),(91,3160)]	18.186017
915	[(33,1556),(44,3568),(64,3307),(72,836),(76,2789),(81,2477)]	16.791733
916	[(9,517),(26,3502),(42,541),(59,2572),(64,1550),(70,3099),(84,38),(92,2951)]	19.766689
917	[(12,1243),(29,3525),(34,3024),(42,3440),(89,3797)]	18.247106
918	[(4,1772),(5,803),(30,1773),(44,2242),(77,3508)]	17.173475
919	[(25,2076),(31,2687),(52,485)]	16.443500
920	[(7,2307),(10,1447),(59,741),(63,2941)]	18.997915
921	[(5,185),(10,2508),(36,3470),(68,1520),(77,461),(84,1004)]	33.945239
922	[(5,1516),(12,718),(18,2144),(22,530),(77,3594)]	16.982596
923	[(48,3094),(50,3416),(71,2497),(76,532)]	16.308304
924	[(3,2942),(9,313),(11,525),(14,2881),(17,3270),(29,3523),(31,1463),(45,262),(52,1728),(82,3252),(92,3320)]	16.458293
925	[(1,1154),(12,3282),(21,132),(29,3770),(41,523),(65,2968),(76,3227),(81,2311),(83,3737),(85,1123)]	16.229560
926	[(10,2044),(27,3712),(40,1238),(44,555),(50,46),(68,2881),(71,135),(72,1571),(83,1098)]	17.496120
927	[(2,2199),(18,571),(49,3616),(52,3526),(55,690),(73,301),(79,1155),(85,2022),(89,3337)]	18.515880
928	[(6,1595),(14,307),(17,950),(30,767),(32,2058),(36,2297),(45,297),(70,2922),(84,406),(89,3780)]	20.463721
929	[(0,2088),(3,3509),(6,3043),(17,720),(24,3721),(26,946),(39,3476),(81,2886)]	19.595223
930	[(1,1421),(6,1863),(30,3753),(42,420),(50,1511),(53,1152)]	16.397161
931	[(5,2796),(13,247),(26,1396),(42,3106),(45,3149),(66,3065),(68,615),(71,2676),(88,2258)]	20.115740
932	[(7,1833),(15,3317),(20,1669),(23,613),(28,442),(32,2272),(34,830),(37,1164),(54,2097)]	18.805008
933	[(1,2131),(10,476),(42,2075),(49,1289),(64,1147),(80,2865),(85,1684)]	17.077671
934	[(25,244),(35,806),(62,2649),(79,1695),(80,1552),(81,3565),(90,3660)]	16.799850
935	[(25,2291),(26,3702),(49,2826),(61,1159),(75,1952),(84,733)]	20.099230
936	[(12,1301),(37,2788),(49,1384),(78,2938),(84,413)]	16.990114
937	[(4,2010),(10,3527),(26,508),(49,995),(85,1015),(87,1710)]	16.576822
938	[(11,2518),(64,3102),(68,2305),(72,1460),(76,1702)]	17.416095
939	[(31,2681),(41,2535),(61,2294),(70,870)]	17.696401
940	[(11,1679),(14,3797),(43,1088),(71,3172)]	16.528889
941	[(46,2479),(55,972),(63,1393),(65,890),(68,3029),(72,3199),(74,603),(79,3649),(82,424)]	16.643225
942	[(10,1144),(11,1510),(57,1001),(87,625)]	16.826623
943	[(2,502),(53,933),(77,212),(81,90)]	16.217113
944	[(9,234),(16,1169),(36,2932),(41,485),(85,1350)]	16.313252
945	[(8,2290),(35,3507),(38,849),(40,2989),(45,855),(75,936),(80,1239),(88,2497)]	17.139952
946	[(12,2889),(15,1403),(85,1274)]	16.570722
947	[(12,966),(15,2712),(33,2632),(47,2610),(64,1268),(70,1536)]	16.506666
948	[(26,287),(83,1718),(85,681)]	16.362411
949	[(79,2867),(89,2305)]	17.453001
950	[(1,524),(11,1426),(16,3813),(26,1025),(50,2768),(59,829),(79,3106),(85,88)]	16.706299
951	[(12,3658),(20,1053),(28,145),(33,529),(54,3554),(86,2016)]	16.520064
952	[(12,1489),(38,1742),(58,3618)]	16.953011
953	[(10,0),(18,1785),(62,280),(66,2343),(68,2790)]	16.910988
954	[(52,3178),(61,342),(82,2476)]	16.784174
955	[(4,1672),(5,1301),(14,2694),(15,1386),(27,3674),(28,345),(36,204),(55,2298)]	16.922687
956	[(27,2401),(35,1589),(62,1935),(68,1579),(90,1238)]	16.505463
957	[(3,2382),(13,3212),(17,1941),(58,1294)]	17.035855
958	[(0,115),(3,3318),(43,886),(44,3552),(71,44),(77,33)]	16.990728
959	[(19,1162),(44,322),(58,2260),(90,402)]	16.165330
960	[(6,3555),(9,1427),(23,3242),(47,1499),(49,2764),(52,2631),(68,2552),(71,72),(89,456),(91,3547)]	16.939911
961	[(2,2452),(24,1063),(57,708),(61,2418),(71,1130),(74,1261),(76,2292)]	17.342815
962	[(3,3228),(19,3320),(55,621),(64,219)]	17.792715
963	[(4,2424),(14,1754),(30,3361),(44,1265),(46,923),(72,1292),(79,2535),(80,2930),(84,675)]	17.084341
964	[(1,819),(10,3788),(27,3677),(35,3530),(36,1411),(72,534),(73,2812),(76,2142),(84,3564)]	24.315516
965	[(15,1486),(29,3043),(40,2987),(44,3808),(49,2532),(56,1011),(78,1356)]	18.583998
966	[(7,3049),(49,1048),(67,2402)]	17.047199
967	[(25,1526),(30,3296),(39,1186),(71,1778),(79,1272)]	16.729964
968	[(11,2138),(21,1021),(56,997),(62,754),(92,3423)]	17.630644
969	[(7,380),(18,1101),(34,1671),(58,1061),(64,2628),(76,2634),(84,2893)]	16.535297
970	[(14,3294),(18,76),(25,2505),(34,266),(39,2296),(56,1809),(71,586),(86,2369)]	16.803633
971	[(4,3631),(16,3590),(21,2715),(38,1681),(40,1429),(75,2145),(79,1126),(83,3722),(85,1130)]	16.340747
972	[(5,1007),(31,429),(36,750),(47,3780),(56,395),(58,163),(61,2057),(62,605),(64,795),(76,3156),(92,1464)]	16.492616
973	[(28,2491),(30,3661),(55,655),(79,3518)]	20.294300
974	[(14,31),(60,1577),(66,1957)]	20.042204
975	[(0,1007),(14,2921)]	19.138567
976	[(35,3049),(37,576),(52,3294),(65,2361),(67,1498),(68,2466),(90,1922)]	16.814499
977	[(49,2126),(69,2725)]	16.262719
978	[(51,1715)]	16.627561
979	[(17,2703),(20,1001),(33,766),(42,2565)]	26.216284
980	[(1,608),(7,883),(28,2933),(86,3507),(92,768)]	25.888835
981	[(4,2023),(12,1022),(37,1585),(43,3316),(46,2542),(80,2119),(89,2672)]	16.436644
982	[(21,3487),(25,2458),(62,966),(65,2712),(70,800)]	17.292052
983	[(19,390),(39,243),(50,3214),(52,3786),(73,2377)]	16.835935
984	[(7,1034),(18,2359),(21,1790),(32,2817),(34,2482),(45,2773),(46,826),(51,1413),(60,64),(64,2142),(83,2350)]	17.106253
985	[(53,2003),(63,1055),(64,2107),(66,794),(72,2769)]	18.666646
986	[(10,1334),(43,3208),(56,2111)]	16.275051
987	[(11,3032),(23,2522),(40,3108),(41,1630),(42,3183),(52,2397),(73,2429),(74,3356),(77,2043),(87,2422),(91,1360)]	16.555627
988	[(17,1653),(33,2717),(60,1567),(72,2812),(92,3117)]	16.661821
989	[(29,2697),(33,2061),(41,3522),(48,3780),(65,238)]	16.773657
990	[(10,359),(39,2082),(62,1174),(64,2140),(66,1970),(68,1080)]	16.425024
991	[(4,1616),(20,1095),(29,1639),(43,882),(45,3071),(70,2634)]	16.447739
992	[(64,3837)]	16.270638
993	[(1,1993),(28,3563),(36,2931),(46,3746),(48,3185),(61,3767),(67,2105),(77,978),(85,1201),(89,1009)]	17.124222
994	[(2,2053),(25,2765),(41,2348)]	17.658043
995	[(27,3394),(31,2546),(64,400),(92,153)]	16.246185
996	[(29,2608),(32,1913),(33,1900),(40,222),(41,514),(81,1723),(88,2322),(89,1266)]	16.761611
997	[(45,3302),(50,790)]	17.149028
998	[(1,206),(9,37),(18,572),(23,3232),(36,278),(62,3563),(74,3388),(76,3713)]	16.988666
999	[(8,595),(18,3575),(31,713),(45,2867),(66,2614),(84,3472)]	16.263574
