ruleset_index	matches	time_ms
0	[(10,875),(38,1528),(39,1226),(42,3624),(53,3244),(60,757),(61,3993),(62,88)]	44.580304
1	[(2,5352),(22,4597),(23,2530),(24,1666),(27,4638),(56,770),(75,2524),(76,4183)]	47.928960
2	[(4,5040),(6,5162),(11,536),(27,5404),(55,5455),(61,4428),(63,1679),(70,1485),(74,2718),(78,3084),(89,3516)]	42.541854
3	[(6,4153),(11,4267),(19,3471),(32,4595),(33,1084),(39,1374),(68,5696),(79,182),(90,3012)]	40.499325
4	[(31,3320),(32,3807),(34,5736),(65,1846),(71,357),(80,5604),(83,4614),(92,4647)]	40.431505
5	[(0,3612),(4,147),(13,4106),(14,2692),(18,3714),(34,5265),(42,703),(45,485),(74,2024),(76,85)]	41.721107
6	[(53,2056),(60,1401),(78,1071),(86,893)]	41.323368
7	[(0,2100),(8,52),(19,3569),(50,3601),(60,4802),(69,2283),(74,4543),(78,648),(79,2606),(82,3311)]	39.910007
8	[(9,4022),(10,5629),(14,5354),(16,5285),(19,205),(20,3406),(23,5707),(38,1591),(51,4660)]	40.573511
9	[(8,5749),(13,3818),(63,5692),(72,1537),(78,4053),(81,4446),(82,1303),(84,1648),(92,148)]	39.402982
10	[(3,911),(7,183),(8,748),(12,2022),(18,1436),(39,4695),(50,2422),(58,528),(60,4361),(66,5306),(75,5385),(83,1456)]	40.566982
11	[(11,4999),(34,3056),(37,4641),(42,5727),(47,1529),(85,3540)]	39.727011
12	[(27,3001),(28,2715),(29,4429),(42,2725),(53,5610),(76,977),(92,3624)]	41.367723
13	[(1,5063),(7,2991),(13,2038),(35,4224),(41,2070),(42,3621),(61,2922),(66,4514),(69,1655),(87,1827),(88,1382)]	42.117049
14	[(4,2006),(13,3877),(24,4323),(31,1523),(37,1241),(39,1193),(43,5127),(50,2156),(52,3314)]	40.132138
15	[(26,1080),(27,1077),(42,5474),(50,197),(52,1331),(71,1486),(73,5669)]	48.085998
16	[(7,1694),(20,3728),(26,121),(28,4164),(30,5072),(48,992),(63,1787),(75,5530)]	48.474763
17	[(0,4831),(3,1604),(6,5739),(11,2627),(18,848),(25,3921),(27,4701),(32,1231),(55,1885),(68,2974),(79,5221),(81,1553),(84,5140)]	43.969900
18	[(7,3927),(55,5211),(88,1321)]	40.393093
19	[(15,4506),(18,3547),(23,5596),(26,2115),(72,3107),(77,185),(86,1495)]	40.233238
20	[(20,4746),(29,4750),(35,1369),(42,1868),(46,9),(86,3703),(87,1459)]	39.771251
21	[(0,1682),(14,2072),(17,341),(20,5141),(42,5334),(52,203),(63,3860),(78,4854),(92,4455)]	40.566309
22	[(9,3855),(21,4233),(43,1798),(68,3914)]	45.593878
23	[(41,5124),(44,4046),(48,1370),(55,3607),(76,918),(78,184)]	44.113221
24	[(2,871),(17,1510),(19,3135),(21,5432),(35,4365),(62,3818),(64,4608),(68,1099),(74,2759),(87,4650)]	44.591464
25	[(9,187),(10,2629),(16,4396),(17,4579),(20,2599),(25,1682),(36,5173),(59,1842),(61,1149),(74,1928),(75,4706),(83,2018)]	42.755418
26	[(3,711),(24,1181),(30,1806),(36,4201),(62,4878),(73,4688),(80,1001)]	43.393374
27	[(35,1211),(49,5230),(59,526)]	42.513271
28	[(9,4833),(17,3369),(35,1118),(39,3591),(66,5297),(76,1132)]	41.759239
29	[(0,2090),(8,2880),(9,1746),(18,803),(25,18),(33,1178),(37,5684),(49,1642),(51,2230),(52,2893),(72,5113),(74,4257),(75,3007),(76,2536),(92,2803)]	42.504518
30	[(8,922),(47,4237),(58,119),(79,2774)]	44.966933
31	[(7,5628),(30,1337),(51,2499),(55,2215),(68,167),(88,2128)]	43.996683
32	[(24,4271),(33,4232),(38,4767),(41,266),(42,1323),(62,4438),(64,1969),(72,3709)]	49.709494
33	[(7,4029),(24,448),(25,4910),(30,4747),(31,743),(32,5000),(33,3481),(65,5673)]	44.918938
34	[(25,1989),(33,1682),(36,2535),(37,5568),(38,4856),(46,3295),(49,802),(63,907),(81,3810),(88,15)]	43.176866
35	[(10,3520),(43,435),(48,681),(51,5427),(56,5475),(86,751),(87,2852)]	42.805814
36	[(4,4066),(16,3027),(20,5669),(25,5590),(27,1731),(30,5734),(65,5638),(68,1264),(72,160),(74,4106),(80,3173),(81,2805),(88,628),(89,3309)]	28.008452
37	[(5,1481),(9,4395),(11,395),(16,4381),(28,2665),(31,2484),(44,1951),(55,936),(76,1874),(82,3052),(89,2514),(92,3517)]	20.633813
38	[(14,3432),(21,225),(28,2693),(29,4559),(42,2109),(61,529),(74,1271)]	20.345377
39	[(3,1805),(16,493),(20,423),(27,2538),(29,445),(40,4183),(45,2466),(49,4032),(55,2406),(56,4209),(76,140)]	20.439985
40	[(14,3084),(23,1679),(51,1601),(76,133),(83,4604),(87,2341),(91,162)]	20.519563
41	[(29,2368),(36,1526),(41,2307),(46,2076),(47,1620),(62,1172),(74,2300),(85,5761),(87,5595),(89,4740)]	20.524720
42	[(10,1529),(27,4856),(30,3637),(50,3560),(53,3832),(80,2810),(82,3492),(88,2321),(92,1316)]	28.070470
43	[(18,1958),(22,5641),(36,1848),(42,5101),(48,1942),(81,4210)]	33.512100
44	[(31,4143),(45,289),(73,1134),(75,5594),(82,1862),(91,3514)]	20.261568
45	[(5,3202),(46,4837),(68,1043)]	21.479066
46	[(0,2932),(4,4667),(33,2835),(44,1013),(64,662),(79,2537),(91,4246)]	20.414435
47	[(7,5458),(21,2032),(29,5594),(30,4422),(42,4275),(51,1186),(65,4182),(69,1394),(82,4708),(85,2193),(86,90)]	20.359260
48	[(13,3838),(25,2578),(39,3572),(44,3825),(54,1766),(56,1528),(78,2972),(80,4393)]	20.595964
49	[(10,1360),(32,1243),(45,1703),(47,92),(54,4251),(61,2163),(90,1592),(91,4786)]	20.513700
50	[(16,3809),(32,4193),(34,2906),(45,5602),(48,1615),(90,3296)]	20.414104
51	[(6,97),(14,1745),(19,311),(27,5269),(45,3714),(47,5358),(49,4053),(51,3895),(69,18),(70,4998)]	20.591244
52	[(5,275),(16,517),(17,3967),(56,2661),(67,3301)]	20.395390
53	[(0,4435),(11,2496),(14,5068),(19,5002),(22,3804),(41,2066),(52,4398),(53,2998),(84,2970)]	20.383563
54	[(13,189),(35,1730),(44,342),(73,3825)]	20.783791
55	[(5,1585),(31,1959),(34,1536),(38,861),(42,250),(46,2475),(47,433),(82,1951),(84,145)]	21.630918
56	[(2,3437),(5,1769),(6,5547),(9,1644),(17,2042),(26,2406),(47,3766),(89,5227)]	21.567935
57	[(30,1685),(31,4689),(34,1821),(58,1813),(72,4436),(76,3233),(83,4007),(87,3139)]	21.473448
58	[(7,2401),(26,2719),(52,5277),(55,3579)]	21.705193
59	[(23,167),(27,5392),(30,3489),(34,5370),(40,358),(50,450),(52,199),(61,1357),(76,2479),(79,1614)]	30.817204
60	[(10,5199),(12,3759),(19,4282),(41,1056),(45,2303),(68,74),(82,1133),(86,5715)]	21.267144
61	[(9,3522),(10,5658),(23,3538),(34,2654),(42,5642),(51,3320),(71,3265),(83,2513)]	21.065564
62	[(12,1711),(17,3965),(25,1626),(28,2129),(35,5754),(37,4677),(59,1621),(62,5400),(75,1670)]	21.180013
63	[(23,1572),(46,695),(52,4377),(74,3652),(80,5278)]	21.409811
64	[(8,468),(14,80),(22,185),(33,257),(34,596),(40,3116),(46,1350),(55,337),(67,4605),(78,5326)]	21.235420
65	[(9,4934),(16,2020),(22,5310),(42,3768),(84,5184),(88,1643)]	20.398544
66	[(2,4269),(16,1162),(24,1324),(68,5615),(81,1225),(82,292)]	20.263400
67	[(2,5705),(34,5434),(53,452),(57,1375),(77,4103),(81,1200),(91,543),(92,929)]	21.837655
68	[(0,3999),(19,735),(21,2),(41,2713),(46,4527),(54,4136),(62,2318),(65,142),(74,2094),(82,4565),(85,4315)]	21.045374
69	[(0,4101),(9,2962),(13,5630),(25,1136),(40,4670),(68,5191),(70,1014),(79,336)]	20.532070
70	[(2,818),(7,4685),(10,2885),(11,3895),(19,1459),(35,692),(39,4308),(44,2658),(75,5037),(81,2843)]	20.673255
71	[(4,3184),(14,5362),(17,1268),(22,2026),(37,5609),(42,261),(47,4711),(50,384),(51,4122),(54,2915),(59,5105),(63,627),(68,253),(69,2446),(82,1831),(87,1395),(89,737)]	24.450276
72	[(1,2100),(25,3167),(38,3666),(62,4203),(81,5228),(82,262)]	22.552211
73	[(1,3182),(8,3425),(48,4813),(51,1007),(53,4259),(61,2020),(64,5445),(67,498),(69,963),(90,274)]	20.947338
74	[(1,2946),(9,514),(17,5171),(24,1877),(30,1557),(46,1450),(48,2535),(58,525),(69,2909),(87,2383),(92,1932)]	27.261509
75	[(20,2828),(22,1935),(31,5126),(35,2886),(40,739),(58,2381),(59,4427),(67,4887),(87,504),(90,1864)]	20.651966
76	[(6,3765),(13,5208),(20,5406),(40,5480),(56,4195),(61,94),(68,713),(76,4077)]	20.626843
77	[(0,3262),(5,2291),(10,1365),(13,5465),(16,2082),(21,4433),(28,3673),(37,2921),(45,3274),(56,5766),(57,3198),(64,5660),(76,2515),(84,4370),(87,5635)]	21.233177
78	[(8,3935),(11,5591),(39,227),(49,783),(62,3575),(63,3711),(85,4782)]	20.332003
79	[(5,737),(8,5556),(11,2610),(13,3982),(22,1740),(23,5624),(27,5742),(39,820),(54,5426),(56,1294),(61,5132),(80,5289),(86,3264)]	20.979298
80	[(15,3840),(20,3356),(27,2809),(29,1984),(44,1335),(53,1511),(63,3587),(79,4010)]	21.167453
81	[(3,68),(8,120),(12,3338),(35,723),(37,620),(74,5078),(79,1659),(84,3262),(90,1560)]	20.533139
82	[(0,1899),(2,4000),(25,3084),(31,101),(32,2738),(33,3482),(37,1539),(42,4201),(81,2653)]	21.194375
83	[(13,188),(27,2505),(31,1168),(37,2977),(61,1676),(70,593)]	20.659837
84	[(20,350),(36,3421),(37,2457),(63,218),(68,4223)]	20.348754
85	[(12,2887),(24,4259),(26,4484),(29,3817),(32,2327),(41,368),(46,3079),(73,1714),(74,185),(86,1950),(92,3940)]	20.296882
86	[(37,1945),(51,5400),(80,578),(88,3021)]	20.225551
87	[(9,2682),(23,1019),(36,2368),(40,15),(48,2849),(51,1601),(62,392),(72,1171),(77,519),(80,533),(85,4553)]	20.556518
88	[(12,4930),(49,2379),(56,4071),(58,3866),(59,916),(72,1152),(75,1848),(78,4522),(80,631),(87,3724)]	20.531374
89	[(4,2175),(19,3963),(25,5397),(33,3430),(38,4681),(46,723),(50,3267),(72,262),(87,4516),(89,3725)]	20.476280
90	[(23,320),(36,4395),(47,4287),(67,1668),(70,511),(82,992),(83,2800)]	32.746171
91	[(3,4137),(16,3879),(17,4480),(21,3459),(32,1011),(36,3136),(42,4700),(50,3082),(52,669),(61,4152),(89,4586)]	30.120108
92	[(2,2475),(3,433),(10,775),(18,2146),(22,4833),(28,3582),(42,2268),(46,3704),(56,1477),(69,3699),(76,5687),(89,781)]	21.091240
93	[(10,5412),(32,5020),(33,96),(37,3664),(67,2183),(87,3843),(88,2044)]	20.440971
94	[(12,2085),(19,5409),(22,4623),(28,1709),(34,2986),(36,269),(39,4472),(47,1956),(59,3633),(60,5177),(76,3328)]	20.786336
95	[(3,1384),(5,2734),(34,2796),(40,3149),(61,4024),(66,2278)]	20.299514
96	[(38,1501),(46,2333),(49,2695),(67,5713),(69,3347),(86,1610),(89,4733),(92,2358)]	21.500870
97	[(5,688),(8,5396),(13,4721),(41,3961),(51,4024),(56,1132),(60,1593),(63,367),(66,1833),(72,1299)]	20.491755
98	[(5,4447),(7,130),(10,2632),(21,3150),(24,3388),(33,3449),(38,1265),(39,3670),(48,4561),(55,3661),(58,5722),(64,3484),(88,2339)]	20.716761
99	[(1,5240),(2,2251),(9,4509),(24,4046),(30,2301),(47,4733),(63,2578),(65,3197),(91,3370)]	21.765003
100	[(31,2947),(35,3084),(70,2852),(79,2545),(82,1353),(86,4295)]	21.237025
101	[(4,4213),(16,5182),(25,775),(31,2366),(43,1419),(48,1174),(60,2962),(80,1650)]	20.617924
102	[(9,5103),(26,1890),(37,5418),(46,3003),(50,4185),(58,2236),(61,4759),(77,1900)]	22.126952
103	[(1,5405),(23,2304),(26,3735),(39,5142),(53,2911),(70,4597),(84,5364)]	21.786076
104	[(1,3110),(8,888),(14,3904),(40,5658),(57,5473),(65,1675)]	22.020314
105	[(26,4169),(30,1833),(43,5239),(51,2422),(55,3569),(61,2304),(85,70)]	30.369860
106	[(0,2852),(20,1138),(42,5041),(61,1179),(92,4111)]	21.095148
107	[(25,2589),(32,5689),(33,1768),(47,4902),(63,1439),(76,2432),(77,5599),(91,140)]	20.434538
108	[(14,2341),(16,839),(41,4555),(43,2246),(46,3411),(70,4514),(90,1125)]	20.274351
109	[(4,4144),(11,5318),(12,4576),(20,566),(21,2122),(30,5325),(43,5110),(47,5716),(60,450),(63,5350),(74,4103),(80,1016),(88,2022),(92,4984)]	21.621157
110	[(7,2020),(17,1351),(48,740),(49,151),(71,4150)]	21.242915
111	[(11,699),(26,4914),(27,3817),(40,3242),(43,3124),(44,2875),(52,364),(62,5059),(87,1282),(88,5215),(91,2315)]	24.083898
112	[(11,1747),(27,4808),(31,3497),(37,193),(43,811),(44,3383),(67,3235),(75,101),(78,3174)]	20.708149
113	[(1,5714),(53,4243),(55,2105),(63,992),(64,4740),(67,768),(76,2854),(85,3962),(92,4909)]	21.245470
114	[(1,521),(6,2437),(14,344),(19,3729),(23,1402),(52,3833),(70,4865),(88,4379),(92,2889)]	21.110250
115	[(5,2580),(15,2409),(17,3412),(21,4408),(22,3702),(26,4919),(32,2283),(40,1431),(41,4816),(43,3964),(45,3952),(56,2735),(62,1496),(75,4257)]	22.641458
116	[(21,2021),(44,2970),(61,1173),(74,847),(79,4036)]	21.683750
117	[(3,319),(19,2771),(30,857),(31,1221),(45,4711),(46,1120),(75,3530)]	21.717315
118	[(2,5706),(11,2325),(15,2989),(16,1344),(17,1265),(40,2650),(42,2104),(43,4708),(44,1051),(47,1210),(48,3211),(56,2605),(59,1995),(67,1774),(71,1349),(76,1328),(90,3646)]	22.629207
119	[(0,681),(8,5181),(16,5622),(17,4262),(24,615),(28,3639),(44,67),(51,3178),(69,2666),(76,2938)]	22.671238
120	[(10,4397),(18,2250),(21,4558),(41,1429),(43,244),(54,1024),(55,2707),(69,1977),(88,3369)]	21.126679
121	[(2,3398),(9,726),(12,3227),(19,892),(21,4788),(31,4950),(50,4938),(67,2033),(70,511),(75,841),(89,4304),(91,755)]	20.554934
122	[(3,1317),(7,508),(19,4401),(31,1309),(41,1929),(48,5134),(57,3372),(78,1925),(82,4426)]	21.668285
123	[(2,4655),(5,3499),(10,4613),(16,3102),(42,5422),(43,1573),(81,847),(90,2571),(91,2640)]	20.296814
124	[(5,1049),(17,3657),(30,4584),(45,2175),(71,1547),(80,3269),(88,5594)]	21.672801
125	[(1,157),(3,19),(25,2292),(39,1974),(46,4556),(62,199),(70,5271)]	24.110187
126	[(3,5103),(5,1462),(30,5582),(31,2524),(32,4183),(33,2651),(36,1539),(41,2025),(45,1991),(56,3119),(61,3560),(65,1914),(70,2748)]	20.926848
127	[(0,447),(21,1415),(47,1611),(51,3937),(68,2439),(72,3579),(83,1100)]	21.101358
128	[(0,4059),(37,2817),(44,5191),(47,4806),(56,1927),(60,2354),(79,3214),(88,3750)]	21.651758
129	[(12,4158),(14,4136),(15,5155),(29,104),(30,255),(31,1896),(37,1631),(55,3834),(56,4628),(61,1522),(66,5317),(82,3988),(88,2767)]	20.674852
130	[(13,4362),(14,2572),(15,1962),(43,847),(52,1034),(57,297),(60,4458),(61,16),(88,3151),(91,3833)]	20.401314
131	[(1,5472),(7,3364),(8,2002),(20,4498),(36,5403),(40,5246),(49,4626),(74,5301)]	20.189295
132	[(8,1325),(17,1392),(35,41),(40,1233),(48,1025),(61,4076),(68,1624),(76,5059),(90,1890)]	21.363257
133	[(17,4163),(22,1634),(31,3476),(32,5645),(54,5527),(60,1950),(65,2339),(71,928),(76,5410),(85,638)]	22.353281
134	[(4,2076),(20,2836),(29,4934),(43,3232),(52,5199),(61,908),(89,714)]	21.670160
135	[(29,4843),(36,799),(49,1638),(54,936),(74,4816),(80,4082)]	21.459725
136	[(40,5532),(55,3751),(62,4184),(65,1866),(78,2197),(86,4603),(90,1782)]	20.746468
137	[(20,664),(30,3169),(62,2124),(64,4286),(66,2088),(68,1300),(85,845)]	26.576189
138	[(0,2719),(1,246),(3,2501),(11,1002),(14,5603),(22,4434),(28,5389),(35,79),(59,2879),(65,3608),(72,5050),(81,4328),(89,5746)]	35.830516
139	[(9,2719),(40,4834),(59,275),(60,5188),(63,1906),(67,177),(73,4107),(80,3742),(83,4198)]	20.707528
140	[(15,1269),(29,2779),(35,5585),(63,1268),(82,3107),(92,3920)]	20.446144
141	[(2,5014),(52,3900),(60,3305),(76,4362),(89,2273),(91,2347)]	20.524294
142	[(0,628),(13,1439),(24,5549),(42,2689),(77,742),(83,1492)]	20.041783
143	[(12,2702),(21,3212),(27,1180),(33,4147),(35,2205),(54,4689),(57,2025),(60,3165),(67,2881)]	21.614941
144	[(3,1391),(6,5593),(9,4350),(10,2035),(14,403),(34,1973),(57,1110),(63,940),(70,4029),(71,4810),(73,3264),(92,3389)]	20.449858
145	[(2,1426),(3,539),(14,1746),(21,1995),(23,1008),(27,2239),(29,1308),(50,1855),(57,4442),(92,5158)]	20.549110
146	[(1,2318),(19,5535),(36,517),(40,2571),(77,5284),(86,3675),(90,3045)]	21.826324
147	[(24,517),(26,510),(33,4658),(48,1590),(56,4948),(60,3049)]	20.714035
148	[(34,4216),(40,2791),(53,321)]	20.834191
149	[(6,2713),(14,3149),(21,4425),(22,3014),(44,4819),(45,1827),(50,1950),(52,5693),(59,3536),(75,3864),(84,1679),(88,432)]	20.904465
150	[(2,4479),(47,3007),(49,2458),(55,5386),(57,5345),(61,3593),(65,1456),(91,60)]	26.931500
151	[(69,926),(79,2714)]	24.513115
152	[(15,1706),(16,213),(26,3353),(27,85),(39,2628),(50,3638),(51,2839),(52,727),(54,4887),(76,3868),(83,4817)]	20.833786
153	[(16,3699),(18,917),(20,2661),(33,2151),(39,1291),(44,3674),(48,1995),(51,5179),(56,2643),(60,2284),(61,4138),(83,3391)]	23.272218
154	[(37,4317),(50,2413),(54,4318),(73,4026),(77,5090),(85,3585)]	20.999171
155	[(7,839),(13,3163),(17,4536),(22,3319),(29,1115),(75,946),(81,997)]	20.999659
156	[(3,5079),(4,229),(7,4223),(18,5285),(29,1188),(44,5100),(50,4090),(65,713),(83,4507)]	20.599177
157	[(3,4796),(13,2623),(18,1272),(45,5195),(55,3256),(66,4108),(79,333)]	20.260328
158	[(6,4072),(26,3672),(28,1221),(34,2724),(38,3929),(43,2488),(53,5697),(54,5691),(58,3688),(64,3011),(71,1513),(72,3117),(81,5481),(82,5304),(89,2736),(92,2983)]	20.576559
159	[(0,1479),(8,5211),(34,1589),(40,1239),(50,2684),(69,3300),(74,4264),(78,3815)]	20.553101
160	[(32,4124),(41,3971),(66,3038),(84,1907),(85,1446)]	21.361245
161	[(28,1961),(29,1076),(35,5573),(39,5411),(50,1061),(80,1161),(83,3328)]	20.934587
162	[(10,2239),(13,4447),(24,5557),(25,1209),(64,2116),(77,3481)]	22.234398
163	[(7,4738),(17,2916),(22,4857),(23,2385),(41,1258),(57,1155),(63,5621),(86,3087)]	20.965910
164	[(4,532),(17,212),(20,716),(38,4374),(41,2535),(42,5568),(45,4152),(92,530)]	20.587290
165	[(18,5012),(20,4653),(51,617),(67,2873),(71,2805),(73,635),(76,1109),(77,2323),(81,407),(87,1762)]	20.938599
166	[(5,1698),(8,2180),(10,3522),(11,5658),(15,2937),(20,558),(27,3362),(33,650),(48,1450),(50,2535),(56,3801),(73,4232),(82,4295),(86,1164)]	20.216938
167	[(6,1344),(7,1265),(8,3670),(14,1486),(19,1550),(35,4211),(39,2334),(41,2127),(56,3851),(76,1262),(80,3921)]	21.177683
168	[(7,5444),(19,4079),(23,5488),(25,3017),(42,3826),(46,3801),(55,3939)]	21.466591
169	[(11,2227),(17,5282),(38,4692),(43,3957),(52,545),(56,5241),(58,3497),(92,1009)]	20.616637
170	[(7,5327),(25,4559),(31,3212),(37,1529),(39,3973),(48,2540),(51,1666),(54,3280),(62,908),(64,5),(76,3717),(78,4064),(91,2209)]	21.440742
171	[(33,3649),(45,2812),(50,2093),(52,1433),(61,2957),(68,5739),(77,2385),(79,4658),(86,2089),(88,2312)]	20.661861
172	[(11,3454),(13,2168),(30,2131),(32,3097),(37,2360),(50,45),(57,4745),(60,3574)]	20.395263
173	[(8,1383),(19,2390),(51,5751),(54,1018),(74,3153),(92,260)]	20.975959
174	[(5,3765),(36,716),(44,1648),(49,3782),(53,1001),(74,3762),(82,2062),(91,1987)]	20.825518
175	[(5,3537),(9,2521),(22,2484),(27,5559),(45,4716),(58,1864),(60,494),(62,505),(79,5440),(84,3629),(85,4008),(87,477)]	20.859299
176	[(20,5630),(30,4718),(33,2155),(43,4967),(54,2675),(65,856),(92,1477)]	20.706492
177	[(31,2099),(37,210),(40,5217),(53,3210),(82,4170)]	20.957238
178	[(4,652),(5,332),(16,34),(29,4403),(39,4532),(69,1492),(78,3134)]	21.004280
179	[(2,1171),(10,4181),(13,5354),(41,182),(44,843),(51,1087),(56,5416),(78,4031),(84,2719)]	20.930440
180	[(14,4689),(16,2034),(68,2431),(69,4299),(81,4365),(85,2381)]	20.907601
181	[(8,152),(30,3833),(42,1785),(50,1418),(61,5592),(64,4663),(71,3894),(85,2662),(89,2852),(91,116)]	21.336831
182	[(2,737),(9,1460),(23,5038),(42,2968),(44,4657),(55,2721),(61,1503),(81,4657),(91,5643),(92,2687)]	20.504030
183	[(50,4556),(54,4831),(64,5059),(78,4702),(84,532),(88,2858)]	22.846745
184	[(6,3104),(46,3794),(54,4587),(59,3861),(84,2661),(90,5586)]	20.825707
185	[(4,3293),(6,3162),(36,2661),(40,1448),(87,109),(89,830)]	26.619022
186	[(4,1746),(13,4651),(20,439),(50,3959),(52,1231),(57,1633),(84,4284),(89,1024),(92,4029)]	36.107215
187	[(6,4861),(7,1143),(38,4793),(58,766),(65,449),(70,5680),(78,4495),(92,4592)]	21.545312
188	[(40,4353),(54,2498),(57,2040),(79,2894),(82,2666),(92,3958)]	20.549063
189	[(19,1216),(21,1503),(25,131),(34,5080),(39,4544),(44,5705),(49,2940),(53,1260),(54,4466),(71,1831),(76,1949),(89,3543)]	21.545356
190	[(23,4704),(26,4543),(29,4014),(40,5687),(60,5166),(63,5386),(87,4502)]	22.768525
191	[(2,983),(18,4991),(33,2105),(42,3537),(44,1907),(60,5124),(72,1687),(77,4149),(82,4161),(85,196),(86,1192),(92,2948)]	22.019357
192	[(0,1344),(3,151),(9,1586),(42,275),(54,2059),(56,1641),(71,4366),(81,1754)]	21.828390
193	[(0,4640),(4,514),(8,5405),(21,358),(40,3269)]	28.456911
194	[(20,623),(36,4404)]	21.781240
195	[(2,1536),(12,4599),(22,488),(46,686),(58,2462)]	22.423314
196	[(11,5447),(35,5256),(41,4241),(48,3304),(52,1378),(79,5538),(90,4405)]	30.409196
197	[(4,2453),(8,2191),(25,4819),(81,84)]	21.589400
198	[(14,953),(19,5746),(20,4986),(56,2350),(62,5141),(67,1269)]	21.537481
199	[(1,4826),(2,5613),(7,523),(11,754),(14,4818),(21,5273),(37,2652),(47,3434),(56,2886),(89,1604),(92,2772)]	21.049086
200	[(2,5226),(31,4186),(37,4354),(49,3675),(60,4964),(69,2515),(82,1464),(83,3776),(86,2937),(89,4784),(90,2582)]	22.374223
201	[(16,391),(23,2634),(37,4214),(49,5385),(53,725),(60,4534),(64,3615),(65,1290),(72,463)]	21.512845
202	[(0,592),(20,5642),(45,4869)]	21.886628
203	[(1,4195),(22,3278),(24,3661),(26,853),(39,5747),(70,3313),(78,5709)]	21.031156
204	[(52,4801),(57,211),(78,5048),(84,4220),(86,2856)]	20.978054
205	[(15,1755),(17,1328),(26,4486),(37,4117),(47,794),(76,5705)]	21.531661
206	[(1,683),(2,4047),(13,1837),(16,2945),(18,3552),(23,2288),(42,5708),(58,4280),(59,135),(60,4588)]	21.881518
207	[(8,931),(37,4949),(44,4417),(45,2803),(57,2587),(59,3839),(79,4945),(85,4952),(89,3506)]	21.186502
208	[(9,4346),(28,1165),(30,2870),(40,2741),(65,1563),(71,5764),(82,47),(84,715),(86,437),(90,3666)]	23.022012
209	[(1,3605),(6,2395),(7,5489),(10,490),(26,2134),(28,4702),(31,1272),(35,1288),(58,2423),(70,4051),(71,5759)]	22.220128
210	[(5,5764),(57,4146),(60,878)]	21.589587
211	[(18,4223),(40,4928),(44,640),(56,3525),(69,3382),(75,5562),(82,1417),(86,475)]	24.116251
212	[(1,4413),(36,5722),(39,1793),(45,3920),(56,4042),(65,4245),(72,3799),(75,3391),(81,4766)]	21.007096
213	[(2,4013),(7,2423),(20,3194),(25,693),(46,2189),(59,2897),(69,3866),(83,763)]	21.867882
214	[(6,2940),(14,4730),(16,4650),(43,4100),(56,962),(59,4969),(65,3072),(70,3272),(77,4785),(90,46)]	21.590047
215	[(8,5442),(32,2562),(45,4183),(46,2651),(63,5107),(85,2568)]	20.911898
216	[(3,2321),(10,2424),(11,5287),(26,3950),(35,2517),(45,3358),(61,4064),(76,4573),(86,4552),(88,1048),(92,835)]	22.403260
217	[(2,2281),(7,1927),(22,2604),(27,2744),(49,945),(66,4324),(70,4853),(80,4124)]	20.333584
218	[(3,4064),(10,890),(12,5557),(14,1375),(18,4140),(21,3944),(23,1268),(31,787),(41,3766),(42,556),(57,2889),(78,1965),(80,2632),(86,842),(87,3588)]	21.108610
219	[(6,1112),(11,977),(17,3518),(24,235),(38,453),(59,2500),(61,4462),(72,4759),(76,2210),(80,588),(91,3676)]	21.300953
220	[(22,3952),(25,2601),(37,3984),(48,661),(62,2080),(67,2744),(86,2944)]	21.019537
221	[(6,1642),(11,3263),(16,1000),(23,4103),(28,1175),(38,4804),(39,621),(41,5360),(73,3612),(81,422),(84,4447),(87,1435),(91,1413)]	21.229440
222	[(10,3024),(22,3771),(32,1778),(61,2959),(82,3922)]	20.871579
223	[(3,668),(5,5493),(11,2573),(15,3026),(22,4672),(48,2720),(49,4068),(74,3673),(84,3963)]	21.528979
224	[(18,2339),(24,5017),(25,5345),(51,3414),(84,4175),(87,2676),(92,962)]	20.922720
225	[(15,2781),(24,2993),(35,1127),(40,4232),(43,5756),(52,1759),(61,5695)]	21.392343
226	[(10,5085),(12,530),(18,4836),(23,5368),(25,1991),(37,1096),(77,3116),(82,1717)]	20.506352
227	[(3,5722),(20,3509),(33,780),(34,2218),(75,4815),(81,3867),(85,1874)]	22.431210
228	[(3,2911),(15,1707),(43,787),(59,3971),(68,4665),(74,5488),(79,3197),(90,762)]	21.086712
229	[(4,3147),(7,4207),(34,3240),(50,1484),(58,2239),(73,3556),(92,1661)]	20.262022
230	[(15,501),(30,3100),(40,692),(43,5405),(49,4399),(51,2549),(60,1731),(64,4054),(67,176),(71,5268)]	21.827319
231	[(0,3666),(31,2893),(35,4452),(47,260),(59,5113),(71,3779)]	20.730550
232	[(12,793),(22,1541),(50,1403),(58,4247),(92,1407)]	35.510995
233	[(0,3996),(4,3606),(10,579),(13,1805),(16,3482),(23,3680),(27,4491),(29,2979),(33,1011),(45,3637),(50,3252),(59,5143),(65,2578),(68,5317),(71,443),(77,5758),(78,5146),(83,3365),(84,5559)]	30.264100
234	[(14,3985),(21,4879),(59,1993),(67,2012)]	21.636865
235	[(0,4747),(6,5106),(12,2872),(16,3595),(21,245),(30,3755),(40,5228),(41,262),(47,2504),(48,3431),(57,4227),(71,5419),(73,5255),(79,5349)]	22.182892
236	[(2,3098),(16,2616),(25,427),(28,1891),(43,4957),(46,4240),(47,3685),(58,2952),(60,1021),(75,4182),(79,1696),(84,1675),(85,1889)]	22.394131
237	[(21,2176),(36,3051),(61,5463),(78,2564),(83,4133)]	20.696371
238	[(0,4549),(3,3506),(25,2342),(38,4737),(40,3638),(53,323),(63,4462),(67,3854)]	21.700995
239	[(4,2370),(14,5424),(21,4519),(37,622),(62,842),(72,285),(86,3363),(88,4748)]	21.149849
240	[(0,1303),(5,5062),(6,5409),(20,808),(45,5608),(46,1412),(85,3806)]	21.680111
241	[(16,5475),(51,3994),(52,1536),(54,3889),(68,1244),(86,1483),(89,5403)]	31.477017
242	[(28,3040),(35,5312),(48,965),(52,3552),(54,4650),(64,628),(71,4207),(83,2046),(84,3708),(85,4151),(87,59),(90,2022)]	20.784203
243	[(9,2409),(12,4168),(15,3664),(37,2134),(39,4702),(71,980),(77,5058),(79,5281),(80,1585),(85,197),(87,1331)]	20.975945
244	[(1,2665),(29,1237),(40,2561),(57,931),(59,2993)]	21.543292
245	[(4,5347),(11,5259),(16,537),(22,2658),(28,247),(32,1291),(41,5316),(69,2027),(71,5578),(84,5368)]	20.494634
246	[(5,3296),(30,2976),(68,3892)]	21.544087
247	[(8,528),(10,4361),(23,5682),(50,1130),(75,5575),(87,1951),(89,721)]	21.720722
248	[(1,4375),(5,3266),(11,1556),(20,356),(23,2014),(35,3885),(46,4894),(53,5428),(58,1184),(73,246)]	21.627304
249	[(8,4635),(44,2538),(58,2313),(60,4794),(71,5236),(88,2840)]	22.539082
250	[(3,5237),(8,1703),(11,305),(12,2468),(29,5056),(44,2429),(49,4034),(52,1990),(56,4968)]	21.794677
251	[(45,2010),(48,160),(88,2260)]	20.762679
252	[(7,3402),(20,3484),(54,81),(61,3582),(64,4446),(65,1303),(68,854),(73,3706),(82,2368),(88,825)]	20.712427
253	[(11,3823),(21,1121),(22,910),(23,3103),(45,3058),(55,879),(81,2091),(83,288)]	22.873776
254	[(12,2645),(33,504),(53,5609)]	21.341962
255	[(3,221),(4,3440),(21,3224),(41,5617),(46,4529),(59,2512),(82,3876),(86,3952),(88,946)]	20.701234
256	[(11,4309),(17,335),(33,3790),(44,4529),(55,5592),(62,5033),(77,3678),(92,548)]	19.990958
257	[(6,2515),(18,3690),(26,4783),(42,313),(63,3910),(64,2979),(70,3896),(75,5696),(78,84),(91,4468)]	21.924648
258	[(7,1688),(24,302),(47,562),(56,902),(64,264),(79,3751)]	23.814232
259	[(6,399),(38,1448),(50,4745),(71,5391),(89,2809)]	27.806140
260	[(5,4597),(10,1250),(36,5044),(63,3008),(78,4712)]	21.189949
261	[(7,5385),(29,4128),(53,5349),(72,908),(74,1902),(87,5356)]	21.604655
262	[(4,2806),(13,5105),(20,5595),(22,2800),(24,1653),(26,3307),(43,1317),(55,465),(61,1849),(67,2737),(82,3218)]	20.180326
263	[(7,1308),(26,745),(34,4148),(35,4552),(55,3113),(57,3871),(67,4904),(70,708),(71,1828),(75,3726)]	21.170594
264	[(13,2722),(17,2508),(19,1359),(49,4566),(59,3038),(65,5524),(68,3303)]	21.080926
265	[(4,3359),(11,4651),(14,3369),(18,5718),(25,839),(45,3487),(51,77),(54,3307),(61,25),(65,2255),(68,4995),(71,387),(75,4426),(84,4798),(87,2223),(89,796)]	20.612565
266	[(0,3379),(4,2989),(7,2629),(11,4902),(21,3470),(27,333),(30,1555),(35,1582),(38,1926),(41,3603),(42,823),(45,1184),(79,345),(88,1259)]	20.671165
267	[(15,1921),(22,3553),(25,1777),(60,3942),(84,4961),(89,4610)]	20.309521
268	[(4,1378),(6,3054),(11,4182),(29,5085),(31,2006),(54,1365),(56,5609),(59,4862),(62,2195),(64,4211),(67,4154),(80,5522),(91,761)]	21.313352
269	[(3,4854),(9,1417),(11,1830),(44,1136),(68,3386),(76,2736),(78,4155),(84,4550)]	21.444479
270	[(17,728),(18,2941),(44,2365),(49,4583),(61,3167),(76,3079),(83,4593)]	21.407737
271	[(21,5412),(35,3551),(55,4033),(59,4446),(61,995),(67,3486),(68,2365),(72,4798),(76,5054),(79,4484),(81,1903),(84,1746)]	21.021718
272	[(7,3165),(44,3926),(56,4894)]	20.681576
273	[(2,4448),(15,3853),(33,60),(60,3158),(61,291),(75,1655)]	21.073321
274	[(64,4415),(78,2864),(90,4072)]	21.032259
275	[(14,2787),(27,3691),(30,1570),(49,5175),(57,4378),(63,3536),(76,2015)]	20.947056
276	[(1,3357),(13,4836),(25,382),(78,760),(91,1582)]	20.602121
277	[(4,3366),(10,3984),(27,2287),(28,4169),(32,5050),(80,5125)]	20.762522
278	[(3,5011),(13,950),(28,597),(35,4608),(46,4934),(71,2132),(73,5618)]	20.980701
279	[(1,4296),(12,8),(34,459),(39,5168),(44,2121),(58,539),(67,447)]	38.493851
280	[(2,490),(11,4144),(22,5020),(40,5432),(45,2694),(47,3736),(50,2247),(51,2930),(64,2770),(79,1328),(87,1134),(89,641),(90,3787)]	23.646993
281	[(18,3790),(20,1146),(50,4430),(55,4275),(59,2370)]	21.443568
282	[(34,266),(44,5093),(63,964),(77,4016),(79,1466),(92,2493)]	23.250277
283	[(2,4611),(3,1017),(4,5738),(10,143),(14,2032),(33,687),(36,2689),(50,1644),(56,546),(58,5393),(59,4242),(60,2428),(63,1298),(77,5388),(82,3109)]	22.274008
284	[(10,5343),(17,3509),(42,864),(45,886),(50,1607),(62,877),(71,1646),(78,5714),(92,1562)]	20.637871
285	[(4,4283),(28,540),(33,3491),(36,211),(39,3480),(49,3364),(69,4679),(86,4793)]	20.229491
286	[(4,2458),(6,1244),(18,3867),(24,2345),(33,1751),(41,4415),(56,853),(88,5569)]	26.841685
287	[(15,914),(42,1773),(71,2387),(77,2790)]	25.346397
288	[(37,1403),(45,306),(53,2493),(58,3277),(70,3932),(71,2564),(85,3527),(92,762)]	20.758606
289	[(2,1225),(6,5417),(12,3461),(16,3483),(18,5081),(30,5707),(37,4118),(46,4043),(48,5744),(62,3434),(63,2291),(68,3487),(76,1190),(78,3372)]	20.426639
290	[(7,131),(10,752),(24,801),(29,4964),(35,755),(36,3873),(66,610),(78,5430),(85,1757)]	22.047661
291	[(9,831),(22,5660),(32,1716),(47,1568),(63,2696),(69,4092),(89,3549)]	21.326217
292	[(2,2624),(17,393),(39,1268),(42,5306),(62,4467),(67,974),(83,4082),(91,533)]	20.685132
293	[(32,5102),(67,906),(70,3019),(73,1038),(87,1683)]	20.662103
294	[(10,5509),(21,3053),(22,1231),(37,4125),(48,2652),(56,2758),(63,2651),(74,1753)]	20.581820
295	[(6,2832),(11,1305),(17,5033),(34,4379),(58,3757),(89,2852)]	20.689082
296	[(7,2678),(19,282),(20,5128),(40,791),(50,2318),(77,1964)]	20.693874
297	[(8,3831),(30,3610),(32,5309),(36,1124),(50,1033),(54,901),(76,1566),(79,192),(83,279),(84,2904)]	21.038670
298	[(7,256),(21,2203),(38,5295),(43,5514),(71,2827),(83,2303),(88,5026)]	20.477161
299	[(5,2154),(6,5073),(45,5585),(47,4799),(68,4518),(91,3487)]	22.407260
300	[(6,637),(46,3228),(66,1401),(82,2007)]	20.868818
301	[(4,1398),(7,5731),(12,5132),(13,5501),(21,5072),(23,5413),(50,2985),(67,1860),(70,3591),(89,843)]	20.770374
302	[(13,2888),(25,3781),(36,312),(59,5379),(60,372),(69,4144)]	20.397780
303	[(2,1144),(21,4706),(22,1972),(35,2358),(52,4713),(59,2383),(65,788),(77,2207),(86,3780),(87,2433)]	20.763126
304	[(12,1565),(19,2598),(28,3905),(35,4994),(63,4262),(75,4373),(79,140),(89,4723)]	21.172029
305	[(1,3330),(5,3061),(32,4407),(38,4120),(42,2579),(52,5594),(65,4800),(66,2251),(76,4785)]	20.159080
306	[(5,3297),(23,4902),(40,1218),(43,1263),(46,781),(67,924),(71,2708)]	20.234816
307	[(10,4586),(11,4402),(28,106),(32,2029),(68,3219),(76,2174),(84,2295)]	20.292902
308	[(3,4442),(5,5155),(6,2261),(17,406),(31,3225),(35,5287),(37,1427),(45,4832),(53,2109),(56,4714),(79,3442),(83,5211)]	20.216159
309	[(15,3893),(21,5496),(22,543),(30,4406),(49,1406),(68,4396)]	21.358112
310	[(11,1462),(15,2891),(44,4989),(65,2277),(92,1666)]	25.470934
311	[(9,4211),(23,5533),(25,3097),(26,1),(27,1011),(34,4325),(37,5491),(41,1018),(52,1997),(61,2202),(68,3885),(70,1067),(87,1322),(88,4123)]	35.322517
312	[(2,3620),(6,5668),(16,4316),(23,3193),(24,5321),(26,272),(27,1712),(35,3294),(37,429),(44,405),(59,3526)]	20.496172
313	[(0,865),(36,2639),(52,1204),(66,1361),(91,5468)]	22.620979
314	[(1,681),(49,2013),(59,2228),(66,1169),(75,1208),(77,3742),(78,2785),(83,5020),(84,96),(85,1326),(91,5349)]	20.799646
315	[(2,916),(12,987),(24,1449),(48,2308),(60,2854),(70,5650),(83,3384)]	20.461216
316	[(8,2719),(23,4903),(37,295),(44,5225),(55,3766),(60,5648),(65,4867),(82,5044),(87,4199),(88,5468)]	20.464496
317	[(4,4900),(5,1949),(12,5285),(36,2670),(38,5270),(39,4864),(51,4972),(56,5751),(57,371),(68,4345),(78,4879),(81,1857)]	20.354562
318	[(2,5650),(22,2725),(40,3133),(41,985),(65,1213),(67,3901),(88,3719),(91,3872)]	20.652450
319	[(0,2359),(6,4640),(18,1522),(40,1677),(66,5156),(86,1970),(91,4745)]	20.225913
320	[(43,485),(57,4981)]	20.564266
321	[(14,4953),(37,636),(39,2302),(42,2786),(50,1807),(51,2591),(61,1901),(84,1566),(92,1981)]	20.556815
322	[(3,1288),(4,2908),(7,2296),(9,1132),(16,1496),(26,4804),(78,5204),(86,4326),(88,37)]	20.208847
323	[(3,3728),(20,1548),(25,2635),(30,2036),(31,2073),(36,717),(37,1621),(38,4740),(42,754),(46,2801),(47,5127),(64,3387),(82,2194),(85,1881)]	21.131896
324	[(6,3767),(13,3530),(16,2190),(29,4374),(45,2052),(48,1710),(65,841),(70,2004),(78,5095)]	20.410235
325	[(0,693),(1,48),(2,4108),(13,5740),(14,2057),(42,2319),(46,1663),(56,5296),(59,314),(80,4493),(82,3559),(86,2026),(88,1728)]	21.468902
326	[(6,3844),(13,1903),(18,374),(23,244),(33,1553),(41,598),(57,3959),(58,2212),(73,394),(75,3456),(89,3679)]	31.581462
327	[(5,2085),(11,791),(27,3186),(44,3757),(48,880),(62,3565),(64,4906),(70,4616),(77,3517)]	32.408306
328	[(3,1794),(12,625),(24,5676),(28,2535),(40,5343),(43,4208),(56,1601),(64,4483),(72,4787),(73,4406),(79,5555)]	22.006216
329	[(4,971),(10,3574),(12,5621),(24,4897),(31,4599),(36,4616),(55,4699),(80,4238),(87,3979),(88,3839)]	23.115736
330	[(6,5547),(33,5306),(38,2432),(41,3299),(50,5260),(59,4081),(64,5035),(66,3112),(87,4241)]	20.457384
331	[(15,5540),(23,1625),(30,1198),(37,971),(40,5235),(47,4949),(73,1901),(78,4700),(88,217)]	22.893669
332	[(7,5027),(17,3766),(30,974),(33,175),(43,5464),(50,1565),(61,1338),(62,2340),(77,2071),(85,1519)]	28.139195
333	[(7,2725),(12,5209),(19,3090),(26,1120),(27,297),(33,2201),(35,2543),(38,3892),(45,4528),(53,1797),(57,636),(64,2060),(67,5016),(77,1308),(82,2260)]	20.716650
334	[(33,3487),(46,5595),(54,2037),(79,655),(84,3487),(87,3333),(88,5497)]	20.330651
335	[(11,1770),(16,1672),(27,3242),(32,1359),(38,898),(62,285),(65,5656),(70,1631)]	20.268739
336	[(15,1228),(18,5517),(32,149),(55,1913)]	21.062260
337	[(15,935),(55,3166),(67,1259),(72,3801)]	21.196660
338	[(15,3161),(19,1824),(21,4488),(30,3091),(42,475),(48,1837)]	20.433097
339	[(49,829),(74,1433),(83,1838)]	20.407037
340	[(75,729),(83,301),(86,1774)]	21.028334
341	[(2,1530),(12,3010),(34,3513),(42,3276),(55,2086),(67,4740)]	20.577032
342	[(17,1905),(24,2400),(27,2627),(38,4904),(39,5164),(71,4773)]	20.736604
343	[(0,326),(34,1425),(39,3997),(46,3922),(61,171),(65,3875),(72,1762),(79,285)]	21.069855
344	[(3,3568),(4,1618),(9,5602),(12,5622),(17,4153),(24,568),(37,879),(52,4883),(53,5717),(68,264),(81,4796)]	22.170174
345	[(9,779),(13,961),(24,5465),(35,4866),(41,4366),(52,3546),(53,2198),(65,2677),(80,4505),(87,4666)]	21.545443
346	[(6,5141),(18,1775),(25,5766),(27,3987),(43,4281),(46,4816),(48,258),(52,1817),(63,3504),(92,2423)]	20.604287
347	[(10,3598),(29,4141),(57,3345),(61,1259),(66,3753),(67,5074),(75,2282),(77,270)]	20.938467
348	[(3,79),(4,2906),(9,5351),(14,1623),(15,1113),(19,3827),(30,1540),(40,438),(55,4938),(58,1185),(79,2190)]	20.558586
349	[(67,5490),(68,1235),(74,1922),(80,418),(86,2045),(90,3481)]	31.696055
350	[(5,1344),(15,2156),(54,3694),(62,2297),(78,1055),(80,4168),(92,5435)]	20.889231
351	[(1,4218),(11,1882),(13,5181),(14,2024),(37,1364),(46,460),(60,1358),(67,1067),(83,4127),(91,1748)]	20.492032
352	[(8,5516),(14,3189),(18,2308),(19,2684),(33,4207),(37,2102),(42,3546),(68,165),(75,5400)]	20.369443
353	[(3,3704),(17,3275),(34,5696),(82,2870),(87,5378),(91,1855),(92,1781)]	20.235774
354	[(12,5355),(41,5494),(42,1386),(47,3609),(58,2563),(78,3050),(92,1586)]	20.441513
355	[(6,3222),(9,5175),(47,2509),(51,3528),(55,5272),(67,5273),(73,3213),(80,4174)]	20.562489
356	[(0,4196),(2,1887),(6,5751),(7,371),(45,722),(53,3814),(55,1223),(61,5555),(64,3351),(70,4374),(71,5078),(83,939)]	28.743070
357	[(6,3638),(17,4867),(20,4267),(22,4161)]	20.301005
358	[(2,4269),(5,996),(6,2908),(7,2576),(9,299),(23,4967),(49,5209),(52,3114),(60,1457),(74,5098),(76,4112)]	21.211060
359	[(29,4391),(40,2776),(44,5241),(91,540)]	21.047287
360	[(16,930),(21,2486),(45,3780),(47,521),(54,3722)]	20.530752
361	[(10,754),(11,3833),(22,5545),(69,1389),(76,4041),(77,5368),(79,1991),(89,427)]	21.374382
362	[(1,3940),(7,4476),(10,1350),(20,2789),(39,1888),(48,2393),(51,5483),(57,97),(61,1631),(69,2535),(86,4584),(90,4441)]	20.473659
363	[(6,5445),(16,1338),(21,2306),(29,5626),(33,5667),(51,3936),(60,4317),(73,300),(74,3868)]	33.199494
364	[(2,5340),(13,1099),(17,3160),(19,639),(30,1164),(33,130),(37,1706),(57,388),(61,5001)]	39.466335
365	[(1,4297),(3,5449),(5,1175),(26,1405),(35,3378),(42,961),(47,4053),(62,752),(77,826),(81,3903),(82,2951),(83,3430)]	20.136568
366	[(17,2505),(29,416),(59,3538)]	20.115100
367	[(3,5701),(9,1015),(14,605),(16,2661),(20,1218),(40,2587),(45,2968),(74,4910),(80,3452),(89,5158)]	20.400461
368	[(17,5160),(18,3571),(31,4344),(34,1037),(39,1283),(49,4510),(58,5412),(89,2175)]	20.823655
369	[(12,4189),(22,5245),(23,4275),(51,422),(60,1084),(65,604),(66,541),(70,430),(71,4918),(80,123)]	20.351229
370	[(1,4779),(3,1303),(10,5547),(15,4042),(16,5713),(25,4680),(28,5628),(36,2572),(37,1962),(47,2366),(61,5098)]	20.119123
371	[(12,5748),(17,1135),(25,4306),(82,907),(85,260),(89,1891)]	27.253670
372	[(3,4104),(14,2121),(28,2366),(38,1377),(44,1173),(66,4718)]	38.964286
373	[(2,5242),(24,4417),(25,2803),(37,4409),(41,4530),(50,1811),(58,2049),(65,1423),(70,175),(71,1062),(92,796)]	26.643658
374	[(2,391),(12,4536),(18,2612),(23,5705),(48,1829),(64,180),(68,2544),(83,1198)]	21.240355
375	[(0,1566),(14,4724),(21,4539),(43,4804),(47,5729),(53,4085),(77,902),(91,4136),(92,5155)]	29.166183
376	[(5,530),(17,3095),(46,4952),(48,4558),(57,5444),(75,5722)]	27.996294
377	[(15,523),(24,2728),(27,1583),(29,4900),(30,1949),(49,4244),(55,3051),(63,3930),(67,1886),(70,2728),(74,1983),(90,4558)]	39.763576
378	[(0,1543),(26,1885),(27,1228),(38,2402),(50,5725),(53,401),(56,5224),(68,939),(71,4104)]	49.362013
379	[(8,4997),(14,3586),(19,3641),(41,2339),(56,642),(63,4564),(80,1880),(89,2019)]	50.096105
380	[(0,681),(22,2282),(23,3230),(38,849),(46,4378),(60,2585),(82,1396)]	49.827915
381	[(15,2928),(36,5131),(42,3972),(44,5023),(45,2205),(57,3944),(86,4265)]	49.922837
382	[(8,2459),(9,2699),(10,809),(32,721),(74,4414),(85,2501),(92,3727)]	27.398523
383	[(9,4868),(23,3145),(25,4770),(31,1018),(45,4705),(50,320),(51,1162),(53,892),(59,1333),(75,2845),(85,2628)]	24.858212
384	[(8,4845),(13,62),(16,2481),(20,2409),(28,2051),(36,3957),(72,1280),(73,2425),(79,1797)]	23.118536
385	[(0,5546),(5,2526),(58,1018),(82,2284),(84,5732),(89,1633)]	22.581246
386	[(6,1041),(25,763),(30,3744),(45,250),(53,700),(60,91),(72,491),(73,2369),(84,3338),(86,4025),(92,4710)]	25.604944
387	[(13,2190),(16,3889),(24,4202),(63,3596),(74,1913),(82,812)]	24.208271
388	[(16,2654),(58,3506),(63,3712)]	26.194353
389	[(16,4470),(33,2052),(47,2650),(55,1264),(72,4901)]	23.099009
390	[(17,334),(26,1659),(47,1766),(61,274),(64,5040),(91,2236),(92,427)]	21.836025
391	[(4,1025),(19,2469),(33,5153),(45,3968),(49,3726),(72,4929),(77,794),(80,2811)]	24.524144
392	[(7,3895),(10,1285),(26,1741),(29,4427),(42,5416),(43,5680),(59,3177),(63,2296)]	20.671526
393	[(23,4398),(26,4731),(38,5013),(53,5227),(77,1266),(85,3232),(92,2050)]	20.465430
394	[(5,198),(7,234),(15,4322),(50,4511),(72,4402)]	20.890084
395	[(0,5096),(40,2703),(62,38),(66,2403),(70,3287),(85,4341)]	20.992896
396	[(70,4549)]	21.467410
397	[(2,239),(14,2491),(25,1488),(30,2079),(35,1608),(42,3486),(57,5739),(75,3381),(79,381),(88,3333),(90,661)]	21.433309
398	[(15,3819),(24,712),(26,3471),(36,2266),(56,3625),(57,3248),(60,4733),(65,4934)]	20.694713
399	[(2,2553),(8,949),(29,2643),(36,1738),(42,1071),(57,5458),(59,4231),(68,972),(70,4152),(74,1610),(75,620),(81,3855),(82,1961),(92,2601)]	20.805652
400	[(19,4795),(29,1491),(31,451),(52,3735),(59,5673),(62,1357),(87,3821)]	21.029201
401	[(5,4737),(10,3863),(21,1099),(26,266),(61,3584),(65,381),(75,172),(77,318),(86,1083)]	20.986389
402	[(10,5115),(15,2862),(45,4717),(49,2188),(50,3738),(55,3048),(57,2662),(67,1597),(84,575),(86,3337),(87,4810)]	21.408782
403	[(3,3386),(13,4711),(55,2866),(58,661),(71,1217),(90,1448)]	20.567480
404	[(30,5252),(43,3771),(46,2922),(48,454),(77,2745),(83,675)]	21.940698
405	[(6,3356),(15,3175),(27,3683),(28,3463),(35,3280),(40,4963),(60,5286),(65,3327),(86,3869)]	21.973115
406	[(49,153),(68,1036),(71,180)]	20.521594
407	[(6,4745),(17,3122),(18,4371),(30,4342),(35,4617),(45,2850),(54,2175),(66,3596),(84,4980),(88,599)]	20.449581
408	[(6,3365),(42,583),(44,1697),(72,4721),(86,1171),(91,459)]	20.356565
409	[(1,129),(32,2665),(45,156),(47,1641),(62,2756),(82,5076)]	22.375809
410	[(5,931),(22,4999),(29,2076),(41,3965),(70,312),(78,3148),(83,4122),(92,1412)]	22.347804
411	[(20,845),(25,850),(53,1154),(81,4845)]	31.543364
412	[(13,517),(65,3380),(89,5392)]	33.238643
413	[(7,3398),(17,91),(24,2411),(31,4444),(35,3303),(36,4493),(39,5515),(83,2050),(85,1221),(86,2344),(88,2030),(89,4981)]	27.484305
414	[(8,1717),(12,4940),(19,1416),(25,4879),(36,709),(45,3798),(56,212),(63,3073),(67,5609),(76,3366),(83,1026),(89,1240),(91,4587)]	25.540720
415	[(4,2332),(5,2108),(10,69),(34,2449),(71,5722),(82,4744)]	22.378686
416	[(0,688),(12,2587),(14,238),(16,3615),(34,3934),(37,667)]	21.094326
417	[(2,2883),(12,3504),(53,1086),(54,3107),(84,2333)]	21.301450
418	[(3,3236),(15,771),(19,5388),(22,3766),(26,4042),(47,4405),(59,3675),(60,1609),(78,5239),(82,653),(83,5297),(85,4143)]	21.474914
419	[(24,4137),(27,1708),(40,1770),(54,1562),(67,3225),(74,3797),(88,1895)]	21.139385
420	[(0,924),(5,1974),(11,1746),(19,4848),(29,1323),(35,22),(38,2873),(39,1996),(70,1225),(73,758)]	20.376859
421	[(2,1431),(5,722),(7,2953),(34,817),(39,5369),(74,2301),(78,868),(85,2969),(88,5104)]	22.015416
422	[(17,640),(45,734),(57,4469),(60,3064),(92,943)]	21.118902
423	[(4,2288),(10,3224),(21,979),(31,1827),(32,1382),(57,1369)]	20.505327
424	[(0,871),(5,1706),(6,213),(19,5396),(22,53),(27,5740),(30,3315),(43,5414),(46,4605),(52,670),(76,1436),(87,2058),(88,3260)]	20.490549
425	[(6,4503),(10,5493),(14,4523),(24,5616),(37,4089),(67,1386),(75,3274)]	20.122305
426	[(2,3182),(33,4137),(39,4180),(63,2116),(65,1818),(87,1617)]	22.500724
427	[(4,5358),(6,1299),(25,2829),(26,978),(28,3755),(44,611),(47,2961),(64,2267),(81,3328),(86,4237),(89,220)]	20.844695
428	[(8,1282),(9,5215),(15,1266),(20,3568),(21,1618),(76,4111)]	20.422367
429	[(7,1389),(36,1310),(54,1876),(58,1015),(77,373),(88,721)]	20.205357
430	[(3,1291),(11,3563),(19,1009),(34,1732),(46,555),(50,4338),(68,1060),(71,5384),(74,5436)]	20.878705
431	[(8,651),(15,5716),(27,5502),(33,3263),(43,3476),(44,5645),(49,1981),(58,3037),(86,4278)]	21.117248
432	[(3,951),(9,1500),(11,2017),(13,1441),(25,3744),(37,4746),(45,2844),(51,1764),(72,4105)]	20.284261
433	[(3,5524),(10,5072),(31,5723),(36,1750),(56,2668),(65,2499),(75,4887)]	20.178024
434	[(4,4694),(10,1264),(22,3068),(46,2631),(53,422),(60,537),(61,772),(78,3390),(81,2138),(89,244)]	20.242014
435	[(26,4132),(55,3851),(64,959),(65,816),(81,5203)]	19.940455
436	[(15,70),(25,4293),(26,1684),(53,3494),(64,3862)]	20.542757
437	[(21,3978),(41,3473),(43,4428),(44,3167),(54,32),(57,4624),(85,152),(86,4207)]	21.027542
438	[(16,5035),(20,5744),(27,4387),(33,5430),(38,51),(56,3130),(60,2085),(74,3433),(83,4146),(87,371)]	20.444330
439	[(2,5572),(21,579),(23,1880),(27,2185),(34,5729),(46,2163),(48,3108),(70,5075),(89,1824)]	20.758108
440	[(5,3860),(28,4316),(39,3567),(41,3580),(44,1263),(47,1322),(55,4230),(65,376),(66,3497),(71,3884),(76,1306)]	20.375892
441	[(20,2694),(21,3908),(59,765),(80,1798),(91,3059)]	21.968662
442	[(5,4039),(9,4492),(19,381),(39,2481),(65,3674),(67,4901),(80,5260)]	20.483923
443	[(0,4039),(4,2232),(16,2015),(28,3256),(39,1210),(45,3396),(46,3285),(58,1251),(59,1046),(66,5710),(79,1222),(88,4002)]	20.945596
444	[(3,5295),(14,3004),(31,2564),(68,2167)]	21.338837
445	[(3,4959),(24,3844),(35,1272),(61,3257),(68,3304),(77,5073),(91,5733)]	21.112558
446	[(1,2922),(3,3135),(17,2472),(29,1682),(35,2924),(44,1179),(49,1883),(76,51),(89,3163)]	20.948570
447	[(7,1849),(14,4927),(20,2282),(47,2597),(65,5245),(77,300),(90,4544),(91,5577),(92,1607)]	20.879608
448	[(17,761),(21,1910),(41,2038),(88,1313),(91,1525)]	20.738888
449	[(10,1935),(23,3705),(29,4434),(60,656),(63,2127),(84,2133)]	20.907468
450	[(7,2582),(24,2584),(29,941),(38,22),(41,4959),(44,5024),(57,2988),(61,4450),(65,1221),(66,612)]	20.973390
451	[(17,3306),(19,894),(29,1553),(32,5140),(34,5062),(51,2162),(67,729),(72,4823),(92,4202)]	21.157837
452	[(2,1200),(18,772),(31,651),(43,4028),(49,4829),(55,277),(57,2927),(59,1868),(70,3925),(71,907)]	20.434242
453	[(5,381),(13,608),(16,2295),(34,3803),(35,1369),(36,1046),(87,3012),(92,2102)]	21.300077
454	[(3,831),(26,1178),(31,1028),(78,3260)]	20.116161
455	[(3,4060),(9,1573),(16,1718),(20,4980),(34,3699),(63,4870),(67,1600),(77,2001),(79,2235),(84,5636)]	20.844942
456	[(2,4632),(35,4880),(37,2506),(39,1895),(56,294),(59,5712),(62,484),(84,267)]	20.416474
457	[(9,4064),(13,1094),(35,1783),(58,4469),(61,3064),(66,4631),(81,2366),(82,182)]	22.445184
458	[(8,2987),(39,2565),(51,979),(53,861),(61,373),(71,5371),(74,3448),(78,4026),(86,4924),(90,419)]	21.937229
459	[(4,3840),(8,646),(12,4820),(18,646),(20,2435),(37,3712),(40,4473),(44,5617),(64,1109),(72,942)]	26.676368
460	[(0,210),(5,2575),(21,5294),(32,812),(33,1784),(37,1967),(54,1849),(55,3452),(59,5336),(68,5256),(73,3183)]	39.027525
461	[(26,2764),(52,185),(57,5758),(73,5661),(92,2711)]	24.491214
462	[(29,5371),(31,675),(45,3896),(58,5109),(77,4752)]	21.303115
463	[(17,5762),(24,2144),(42,5352),(49,3667),(50,4965),(86,1182)]	21.270425
464	[(13,5414),(15,2406),(16,4209),(18,1106),(22,3484),(27,4827),(41,3546),(61,4581),(72,1477),(88,833)]	20.694190
465	[(2,3383),(13,5490),(14,1235),(22,309),(24,3599),(40,2671),(43,3769),(53,3818),(55,822)]	20.620419
466	[(30,3738),(42,3590),(47,1242),(56,1710),(89,2013),(92,3782)]	21.079211
467	[(19,2342),(26,5016),(35,3762),(40,4600),(55,2719),(63,4709),(84,1837),(90,493)]	20.561711
468	[(24,1549),(34,268),(36,2589),(65,1450),(68,3084),(70,2415),(85,3455),(87,5274)]	20.289580
469	[(1,4717),(6,4327),(22,2811),(32,5497),(44,161),(48,1348),(84,3900)]	20.973632
470	[(1,2295),(4,4793),(7,2185),(11,3666),(20,2044),(30,1490),(65,788),(66,5540),(73,1182),(79,5242),(84,4952),(87,771)]	20.839611
471	[(27,1118),(28,4335),(40,1323),(48,4218),(63,4969),(64,3272),(70,643)]	20.241057
472	[(9,1033),(13,1543),(18,3719),(34,829),(35,629),(40,772),(42,3361),(81,450)]	20.351464
473	[(25,5036),(28,3146),(32,1120),(37,1676),(39,4067),(76,263)]	23.842868
474	[(11,4643),(13,3157),(28,2009),(51,5505),(60,4363),(84,1952)]	21.176261
475	[(8,4693),(10,1156),(18,4114),(19,4485),(28,1445),(29,5114),(48,78),(49,5156),(88,4854)]	20.601628
476	[(1,2555),(5,5250),(16,243),(34,4416),(37,586),(58,2416)]	20.239784
477	[(4,1959),(22,5497),(27,257),(50,1375),(72,1972),(73,2781),(78,4744)]	21.522419
478	[(26,155),(29,727),(45,818),(50,2245),(66,4583),(74,2339)]	20.971982
479	[(0,1651),(10,1807),(11,2591),(12,1013),(17,2099),(38,2634),(41,1116),(45,4672),(77,4856)]	20.353898
480	[(7,398),(8,1820),(18,131),(20,406),(23,3212),(32,3183),(37,5594),(41,5125),(46,686),(65,1458),(74,3051)]	20.375248
481	[(15,4394),(17,5004),(27,5002),(31,4157),(36,2213),(65,5307)]	20.520446
482	[(14,4804),(26,59),(31,679),(47,730),(51,469),(67,5246),(68,4626),(74,2477),(76,1507),(85,1533),(90,2531),(92,4902)]	20.571490
483	[(7,4488),(8,5187),(29,3848),(64,5182),(68,5404),(71,5031)]	36.844045
484	[(2,5759),(8,3607),(12,5198),(26,5347),(32,5728),(67,5092),(68,3615),(69,1190),(79,4161),(85,780),(86,2218)]	45.533349
485	[(10,962),(17,3145),(21,3),(53,2725),(56,2396),(57,1404),(66,3597),(70,514),(88,948)]	44.586887
486	[(4,1398),(7,96),(8,4589),(11,2830),(27,2890),(37,3955),(42,3911),(70,1598),(79,2513)]	43.559936
487	[(7,290),(8,3873),(16,4900),(17,1949),(27,5029),(28,3524),(31,4293),(32,1684),(38,3559),(49,865),(52,821),(54,2437),(71,4397),(78,3500),(83,2284)]	40.783678
488	[(3,4786),(8,2099),(14,2125),(19,2726),(21,2534),(26,638),(30,3146),(33,2647),(49,5284),(74,2764),(80,4613),(86,960)]	40.172292
489	[(3,4731),(31,1689),(41,2390),(86,5412),(92,4303)]	40.012675
490	[(8,4994),(18,669),(30,1850),(31,2609),(39,821),(43,5732),(60,54),(76,3160),(79,1515),(90,2969)]	41.702029
491	[(7,2128),(8,4489),(35,4834),(37,728),(42,2304),(44,2238),(60,1537),(76,5257),(77,1289)]	39.892972
492	[(4,4013),(5,1592),(11,5136),(16,2914),(18,655),(22,4305),(33,4517),(37,113),(38,2006),(54,5094),(55,4348),(57,3394),(64,52),(72,5467),(77,3205),(79,4668)]	40.723520
493	[(13,722),(16,1767),(23,4093),(26,3226),(28,5198),(35,3071),(42,1943),(59,2115),(77,1871)]	40.500590
494	[(0,1162),(3,5494),(27,5137),(40,337),(48,728),(54,3439),(65,4295),(86,1006)]	40.749917
495	[(1,3298),(8,1236),(16,1850),(26,1513),(28,3547),(33,1506),(41,1256),(48,3749),(76,1240)]	48.749512
496	[(3,720),(18,2205),(24,567),(28,5293),(32,912),(38,1628),(40,3210),(59,3869),(72,4715),(79,4015)]	46.442678
497	[(17,1140),(41,5364),(57,5133),(67,1748),(71,684),(72,3774),(83,4477)]	43.972364
498	[(0,2310),(13,5523),(14,4154),(16,3873),(19,2694),(52,1665),(58,6),(66,1785),(79,2910)]	40.827643
499	[(4,780),(11,2416),(22,3893),(53,1891),(60,2207),(62,5076),(80,5479),(89,2744),(90,4368)]	40.790450
500	[(2,4959),(13,4733),(14,1980),(24,318),(25,1236),(32,3450),(54,5282),(57,4606),(68,2435),(69,5147),(79,4198),(84,5579),(85,146)]	40.934222
501	[(12,2830),(28,337),(48,4252),(78,4912),(79,1813),(81,993),(82,4822),(90,2820),(92,4244)]	40.559088
502	[(13,2286),(21,1270),(33,1352),(38,1220),(46,1771),(53,3664),(55,4843),(75,2321),(79,3660)]	41.710031
503	[(28,2049),(33,1719),(35,1567),(37,2009),(51,4168),(53,4234),(71,2847),(74,4329),(79,3742),(84,1519),(88,2811)]	40.250070
504	[(11,2280),(39,5274),(41,2039),(46,2100)]	41.182144
505	[(1,5468),(2,4823),(4,4456),(5,4592),(15,2628),(17,4983),(20,4737),(27,4484),(33,1191),(39,2697),(66,605),(76,4017),(80,1117),(90,1853),(92,4637)]	43.928590
506	[(0,1381),(17,3564),(18,3811),(43,4473),(47,1219),(50,2762),(82,2901),(87,1952),(92,2107)]	39.044615
507	[(5,2235),(12,4907),(31,5055),(34,1558),(39,988),(41,2059),(45,1837),(52,4908),(53,3558),(92,1469)]	39.923710
508	[(14,3205),(30,2538),(47,1841),(52,5647),(84,4609),(89,3058)]	40.239164
509	[(4,4908),(10,375),(28,5572),(31,2149),(35,2850),(44,4622),(69,4434),(75,2587),(80,869),(91,3754)]	40.107194
510	[(4,3907),(7,2300),(18,38),(30,4349),(40,5080),(54,1352),(70,5014),(85,2041)]	39.793083
511	[(10,4382),(38,628),(47,5359),(61,2709),(63,3491),(81,5657),(92,5461)]	40.697416
512	[(14,285),(31,77),(53,5141),(57,5040),(66,4420),(79,3392),(87,2)]	40.099470
513	[(10,3115),(43,3034),(48,5381),(56,684),(66,5398),(73,5152),(77,3364)]	39.524016
514	[(13,4558),(19,953),(41,94),(43,1109),(52,2897)]	39.104175
515	[(0,4406),(2,2882),(15,3967),(19,740),(20,151),(47,1219),(48,3225),(56,3673),(61,794),(77,4888)]	38.979324
516	[(0,2930),(7,1642),(13,4481),(16,1782),(28,107),(43,5432),(67,1096),(69,3230),(73,1046),(76,408),(89,221)]	38.762954
517	[(18,1150),(24,1150),(29,2658),(47,3299),(68,4481),(72,1953),(86,1883)]	41.516000
518	[(21,442),(27,1691),(30,1632),(33,4779),(44,5307)]	42.675423
519	[(2,4790),(27,3564),(40,3894),(41,3540),(69,540),(72,4804),(73,621),(83,2771),(92,3450)]	45.784570
520	[(9,3798),(32,1396),(33,3584),(35,202),(39,393),(44,812),(45,1784),(54,4983),(68,4341),(70,2608),(75,5504),(81,706),(88,942),(90,2707)]	41.268620
521	[(7,4073),(18,2324),(54,2590),(75,301)]	44.110108
522	[(11,2224),(12,3002),(17,3753),(18,5074),(44,591),(50,781)]	47.984695
523	[(6,2218),(8,3079),(13,421),(20,1614),(34,342),(49,1489),(83,4557),(88,2570),(91,346)]	44.415330
524	[(6,676),(14,3077),(28,288),(31,2890),(32,3795),(34,4752),(66,1426)]	41.771710
525	[(5,4106),(16,4525),(26,5474),(28,2103),(39,788),(54,765),(55,224),(87,668)]	40.672996
526	[(7,737),(9,2496),(17,2780),(20,3665),(24,608),(26,2508),(28,1359),(45,1470),(56,1080),(57,1077),(58,3749),(62,4440)]	44.372108
527	[(7,3023),(10,1459),(26,3194),(31,4826),(45,5019),(75,540),(83,609),(89,1159),(92,2135)]	37.707043
528	[(5,629),(72,2616),(76,5020),(77,5649),(81,1891),(86,3327),(87,3466)]	39.949713
529	[(0,3107),(3,5564),(14,626),(18,2254),(22,1697),(29,3301),(32,4055),(39,4260),(56,1634),(62,640),(72,5027),(74,4774),(80,5743),(89,3953)]	41.140614
530	[(8,2695),(17,217),(23,3664),(50,218),(55,2146),(60,3591),(63,294),(67,1365),(71,4471),(89,1745)]	40.765249
531	[(15,1296),(18,1103),(23,1966),(40,4711),(52,5081),(58,5011),(60,393),(63,2207),(80,5022)]	40.874407
532	[(4,1580),(20,83),(21,3250),(27,1385),(40,2779),(45,2327),(60,1973),(61,3586),(64,5691),(85,1475),(90,3760)]	40.289686
533	[(0,768),(2,4067),(13,3974),(31,1695),(38,4525),(44,941),(61,1819),(62,2636),(67,1903),(68,810),(74,929),(81,3205)]	40.761614
534	[(15,2),(18,4835),(29,3059),(37,1881),(42,1040),(57,240),(81,2592),(92,2932)]	41.487621
535	[(14,2747),(21,5211),(49,735),(53,3584),(60,5393),(62,2008),(79,3608),(86,5443)]	40.515231
536	[(8,4743),(20,5386),(29,3051),(31,5317),(48,743),(61,2043)]	41.165278
537	[(2,644),(4,927),(11,2473),(13,3486),(14,2365),(20,2098),(48,3234),(59,1696),(62,5636),(64,2053),(75,2353),(80,2008),(83,2978),(92,2420)]	41.197606
538	[(11,3189),(24,4923),(27,1190),(53,5668),(61,4893),(79,4212)]	40.939468
539	[(26,2619),(29,1850),(57,1177),(64,522),(71,2738),(92,3928)]	40.598992
540	[(0,2752),(16,1987),(17,3549),(47,3506),(54,5576),(63,3959),(67,382),(76,39),(84,2258),(91,1830)]	41.268263
541	[(21,790),(43,624),(45,2516),(53,5140),(61,5725),(85,5457),(88,1312)]	40.618122
542	[(17,2941),(31,353),(47,5399),(54,5541),(58,3474),(59,309),(65,2675),(75,2582),(86,527)]	40.979278
543	[(10,1710),(13,2906),(18,2083),(21,392),(23,756),(40,410),(53,1631),(70,3791),(84,3856)]	44.366671
544	[(7,2737),(25,3436),(27,1794),(39,761),(43,1060),(65,5190),(66,1539),(68,5430),(74,3546),(81,181),(87,253)]	40.772486
545	[(9,835),(11,1219),(15,2458),(22,82),(24,3687),(46,778),(50,4303),(61,251),(71,3834),(78,1557),(84,5395),(92,1624)]	46.719233
546	[(1,1427),(13,1393),(23,1514),(24,2873),(35,4763),(43,2874),(57,2562),(65,4921),(77,5028)]	40.036605
547	[(2,3607),(5,3819),(9,1119),(13,1673),(21,142),(31,1394),(32,3271),(36,5329),(43,4430),(62,3516)]	42.093822
548	[(5,2846),(11,1337),(18,978),(26,2107),(31,1189),(38,4771),(45,1531),(46,4053),(51,3015),(55,724),(58,2334),(76,397)]	44.230525
549	[(3,2580),(18,208),(23,1544),(48,2163),(64,3829),(71,3898)]	45.214065
550	[(15,941),(16,29),(22,3212),(41,3171),(50,4710),(56,382),(64,4549),(69,1123),(72,2929)]	42.079520
551	[(29,3756),(31,527),(62,104),(65,815),(66,1457),(82,1100)]	39.673215
552	[(29,3647),(70,3088),(76,4526),(80,3392)]	39.191553
553	[(1,3903),(8,3228),(11,1816),(12,1527),(19,2399),(29,34),(48,4013),(49,1592),(50,4786),(57,745),(71,252),(77,4108),(80,2846),(88,4429)]	39.258284
554	[(4,484),(14,1281),(24,5450),(36,1749),(49,2056),(54,4664),(62,2426)]	39.503226
555	[(3,242),(14,295),(52,1084),(64,3606)]	39.534022
556	[(1,514),(20,3756),(23,63),(31,2242),(32,659),(33,4148),(37,2784),(40,5668),(43,2279),(74,2049),(84,5038),(86,1296),(88,228)]	39.093983
557	[(11,2461),(23,218),(29,495),(36,4489),(65,4179),(71,1399),(79,849),(85,5384),(88,3779),(90,5496)]	41.139703
558	[(14,5463),(43,428),(46,3610),(51,2235),(57,134),(85,4341),(90,2037)]	40.925919
559	[(52,5399),(73,5151),(75,3649),(83,800)]	40.550565
560	[(3,401),(16,1657),(33,4514),(48,379),(49,501),(52,4887),(71,510),(76,5465),(80,50)]	43.116520
561	[(16,2735),(22,2373),(44,4451),(52,5461),(59,3534)]	52.776539
562	[(47,1475),(86,5548),(92,5420)]	46.978343
563	[(6,1115),(10,1313),(27,5126),(34,13),(69,3068),(84,4733),(85,1980),(92,971)]	41.751006
564	[(8,2789),(34,98),(48,457),(51,1615),(54,1354),(63,3462),(87,2306)]	43.570138
565	[(21,71),(25,1650),(53,1402),(63,5543),(81,2973),(83,1688)]	39.379904
566	[(7,2744),(8,4368),(38,168),(62,4120),(64,4396),(73,4619),(77,442),(83,5732)]	40.576961
567	[(2,1456),(14,5424),(15,1889),(22,5198),(41,631),(55,4697),(56,2309),(58,5526),(63,584),(64,2241),(89,2889)]	51.660887
568	[(5,1897),(28,883),(42,1838),(45,471),(47,387),(56,5592),(69,1652),(72,4465),(88,3948),(90,3768)]	45.005800
569	[(0,4692),(4,965),(34,5039),(38,4501),(53,3602),(62,127),(68,4109),(73,131),(76,4889),(78,2632),(88,3353)]	49.494955
570	[(3,3365),(9,3262),(14,4298),(28,1540),(47,2935),(50,4002),(62,2010),(76,3056),(81,4775)]	39.077069
571	[(0,1025),(2,2512),(12,574),(32,1522),(45,235),(52,2844),(68,5268),(71,4206),(75,2871),(76,3502)]	41.653874
572	[(25,1022),(42,568),(67,1206)]	44.903905
573	[(0,3085),(28,2554),(33,2496),(52,1462),(54,2722),(55,1839),(59,2850),(65,1915),(90,436),(92,5325)]	45.474351
574	[(2,934),(14,1257),(52,2799),(61,41),(70,1268),(74,357),(81,2751),(83,1167),(85,2003),(90,3689),(92,2991)]	47.279903
575	[(8,3730),(32,738),(58,5173),(62,1767),(77,5172),(81,3406)]	45.197561
576	[(0,5147),(13,5632),(14,4217),(19,2125),(48,922),(50,3914),(52,1362),(56,388),(60,4462),(75,3581),(80,663),(89,2698),(92,4618)]	43.412775
577	[(3,4819),(21,4604),(38,4862),(39,1327),(62,1358),(73,716),(75,5628),(84,4085)]	42.494869
578	[(8,4033),(25,1709),(32,4208),(41,4812),(54,3578),(65,1240),(72,1113),(78,5301)]	43.541732
579	[(2,3470),(37,2218),(44,730)]	42.778838
580	[(7,42),(19,3102),(24,99),(33,5246),(70,4311),(73,3156)]	43.818183
581	[(39,261),(46,2300),(53,4268),(66,121),(74,3426),(79,5685)]	43.045155
582	[(4,3282),(7,4631),(15,5372),(16,173),(38,5019),(62,4622),(80,4374),(81,5078),(86,4883)]	20.827323
583	[(15,2025),(25,5709),(42,554),(49,855),(64,2584),(76,93),(78,2159),(91,4603)]	20.361360
584	[(10,1476),(29,1652),(60,3429),(61,451),(63,305),(68,2970),(72,834),(75,2363)]	21.133125
585	[(12,1080),(15,3206),(17,4784),(19,3275),(40,5704),(43,2239),(82,2637)]	20.245514
586	[(9,5552),(11,5425),(16,1397),(55,150),(91,2010)]	23.284125
587	[(15,48),(26,3357),(35,5141),(36,437),(39,5154),(57,2618),(59,4113),(81,2371),(88,1448)]	20.548873
588	[(23,5239),(43,4918),(57,1170),(64,3935),(70,4394)]	20.776891
589	[(12,2231),(43,3182),(45,2175),(52,3414),(59,148),(82,3206),(87,2149)]	20.299407
590	[(23,2420),(31,2705),(60,4764),(78,4962),(86,5337)]	20.325630
591	[(6,3113),(8,3871),(35,74),(37,2219),(85,17),(86,4312),(90,2006)]	21.212595
592	[(6,1470),(14,4328),(16,1252),(30,195),(38,4583),(46,4575),(55,1650),(56,4128),(66,3466),(71,1640)]	21.091852
593	[(32,209),(36,3567),(49,4700),(62,3785),(65,155),(69,4910),(79,2206),(88,1121)]	21.493492
594	[(1,137),(11,4371),(32,145),(34,3052),(47,379),(57,3569)]	20.573301
595	[(8,614),(10,1340),(35,5355),(55,4107),(90,2006)]	20.651488
596	[(4,1459),(9,2830),(23,3942),(24,2115),(29,1363),(31,4312),(56,1247),(76,5551),(79,958),(81,3343)]	20.839103
597	[(25,3442),(27,4226),(29,1230),(33,4096),(44,2196),(50,2657),(53,3996),(55,560),(68,3450),(69,1062)]	20.604097
598	[(5,5637),(8,4809),(26,4797),(44,4129),(51,3916),(64,3729),(69,1556),(88,3906)]	28.101877
599	[(8,366),(25,2355),(28,4506),(31,2780),(35,4428),(36,3167),(41,2412),(46,5709),(47,701),(52,5536),(54,1818),(65,2520),(67,4332),(87,5079),(88,229)]	20.981276
600	[(8,2310),(15,873),(20,3820),(31,3826),(36,194),(47,2206),(65,3718),(76,3823),(77,5035),(84,4790)]	21.180015
601	[(6,1848),(7,1713),(11,4770),(17,4800),(18,2251),(20,4120),(21,3253),(33,1135),(37,3084),(38,896),(44,5314),(46,1964),(53,1337),(56,3685),(59,1742),(77,684),(80,5634),(83,2547),(84,106)]	20.086566
602	[(12,2689),(20,744),(25,903),(42,5482),(56,3266),(70,3159),(86,5438)]	20.312346
603	[(8,2031),(49,1127),(52,4511),(59,4669),(67,425),(73,4771),(75,275)]	23.258449
604	[(9,3483),(19,2833),(46,1845),(87,5297)]	20.467317
605	[(17,2156),(19,4915),(22,231),(29,1758),(32,647),(34,2799),(52,2096),(67,3198),(91,3271)]	20.353865
606	[(9,3490),(17,4801),(33,2483),(43,4860),(68,1954),(70,761),(78,3942),(86,1223),(87,113),(88,466),(90,3970)]	20.343677
607	[(2,4953),(25,1799),(33,2927),(35,4844),(42,5670),(57,3664),(63,4626),(70,5321)]	23.269000
608	[(0,3292),(14,275),(15,5188),(24,5446),(26,5674),(36,2032),(81,643),(82,2565),(85,3052),(89,5506)]	20.510753
609	[(6,5129),(16,1459),(34,1388),(38,4424),(42,4228)]	20.518010
610	[(1,269),(2,805),(8,4761),(62,2668),(69,989),(73,2032),(80,2407),(84,160)]	22.206615
611	[(14,635),(20,1792),(52,4898),(66,2514),(81,5593),(87,408),(90,3664)]	23.583094
612	[(33,3287),(40,5217),(58,271),(61,3534),(66,1468),(71,3023),(75,2638),(81,2040)]	21.007027
613	[(9,5368),(21,3495),(24,1292),(34,5254),(54,962),(66,4266),(78,4213),(91,3277)]	22.012834
614	[(3,2689),(6,5260),(28,706),(32,482),(37,4005),(46,4193),(48,4365),(58,4843),(69,754),(91,5515)]	22.885648
615	[(3,5188),(9,5460),(16,978),(24,1201),(41,2795),(67,3100),(74,4837),(75,759),(85,4704)]	38.164283
616	[(17,5752),(19,554),(57,2796),(67,3378),(73,1233),(87,706),(92,1948)]	20.779123
617	[(2,5008),(5,2414),(7,2353),(25,5029),(29,4520),(44,3411),(46,638),(52,2356),(60,4667),(63,75),(67,1421),(90,3321)]	20.531540
618	[(10,827),(27,3913),(29,1077),(30,2360),(39,1021),(51,798),(60,1460),(79,687),(87,3726),(89,2087)]	21.099456
619	[(4,5472),(6,1895),(12,1272),(39,2782),(55,822),(61,1781),(68,4653),(72,4920),(85,4726)]	20.314065
620	[(6,4349),(37,4224),(52,361),(54,2001),(64,5594),(85,4010)]	26.902479
621	[(4,5330),(14,436),(28,538),(33,293),(42,5484),(43,5527),(53,3396),(54,3285),(59,3657),(71,198),(72,4226),(91,3928)]	20.691642
622	[(3,4321),(29,3554),(39,2676),(48,4592),(51,5301),(62,3071),(87,4181)]	20.340764
623	[(6,1979),(12,3829),(18,5237),(23,3794),(46,164),(49,4223),(72,5303),(89,5587)]	20.124413
624	[(1,3032),(12,4590),(15,5534),(23,1053),(25,2205),(32,4824),(72,4500)]	20.669559
625	[(3,603),(17,5491),(50,4639),(70,5119),(83,2081)]	20.567221
626	[(9,4829),(22,2882),(24,3701),(37,4404),(53,4572),(55,2377),(58,3790),(60,1146),(63,5754),(74,1322)]	20.146278
627	[(28,4757),(34,2984),(35,2699),(41,4896),(47,322),(75,4333),(77,5672)]	20.718225
628	[(0,4302),(1,467),(4,5066),(10,5661),(27,1078),(30,4424),(33,2295),(63,1501),(81,2872),(83,3643)]	20.377146
629	[(45,723),(49,4733),(50,1980),(56,4915),(57,4063),(82,1835),(85,4104),(87,1128)]	23.392748
630	[(47,3379),(55,3365),(88,1901)]	20.609310
631	[(14,2637),(16,4372),(56,3973),(60,2440),(61,1020)]	20.550611
632	[(5,2779),(20,460),(27,1847),(36,2942),(50,1963),(81,2661)]	20.520221
633	[(6,462),(14,1271),(19,3441),(38,2843),(53,1960),(62,3343),(74,1509),(75,58),(87,331)]	20.515477
634	[(17,1689),(20,5639),(29,2272),(54,1176),(55,2973),(56,2691),(82,1800),(87,1346),(90,2920)]	20.098699
635	[(4,5192),(12,5644),(17,2040),(35,4948),(39,1513),(40,3117),(43,1099),(46,3576),(47,3060),(54,4396),(77,1721),(80,2360)]	20.816504
636	[(6,2022),(18,2269),(19,2477),(51,1527),(65,313),(82,5699)]	20.252694
637	[(7,3518),(8,4683),(20,2331),(27,5214),(56,4367),(63,1508),(66,122),(78,1074),(80,3215),(83,850)]	20.155021
638	[(8,3110),(21,302),(27,5550),(35,2598),(50,4946),(65,3443),(69,489)]	20.373966
639	[(6,575),(22,925),(23,4227),(24,1775),(26,2888),(38,3097),(39,1),(46,1361),(61,431),(66,5056),(77,3344),(78,3882),(92,1068)]	21.246711
640	[(16,5323),(42,5266),(46,3096),(47,325),(50,2250),(55,3314),(56,2405),(59,1240),(89,4049)]	21.008793
641	[(14,4963),(17,4939),(23,1878),(24,2244),(47,4428),(48,3167),(59,2317),(60,1861),(87,4323)]	21.379200
642	[(24,9),(50,4004),(71,4560),(81,1968)]	20.766471
643	[(22,3979),(66,5117),(73,900),(85,3289),(87,1911)]	20.387717
644	[(2,2764),(35,478),(36,5090),(43,4376),(49,1823),(53,1404),(57,1652),(62,2637),(68,4020),(70,2016),(71,4395),(77,5707),(79,941),(83,5379),(89,3325)]	27.329676
645	[(48,568),(59,398),(60,1820),(62,1180)]	22.512145
646	[(7,1127),(34,3417),(42,4977),(44,5677),(48,1789),(50,4484),(58,5307),(64,703),(65,5364),(66,1622),(68,3446),(71,1757),(80,1684),(86,215)]	20.577016
647	[(11,5266),(21,1358),(41,2011),(43,2584),(56,28)]	20.569309
648	[(32,403),(52,4730),(59,3673),(84,3263),(92,1989)]	23.496990
649	[(15,2771),(21,5617),(27,3721),(39,5055),(52,1300),(64,3735),(69,1720),(79,1665),(85,1522),(88,5099)]	22.949669
650	[(10,2573),(14,473),(24,5709),(27,3837),(30,528),(58,3528),(62,3814),(63,4947),(64,4129),(65,586),(88,4482)]	21.704594
651	[(11,4393),(16,706),(24,2065),(33,1850),(42,462),(45,2285),(59,3786),(78,771),(87,4540),(89,5147)]	21.295284
652	[(53,1423),(69,4760),(77,4204),(89,2050)]	20.744908
653	[(4,3184),(25,2966),(79,37),(83,5737),(86,4556)]	20.521205
654	[(4,2848),(19,1567),(61,1207),(71,5600),(84,4247)]	20.821703
655	[(1,844),(3,98),(5,4290),(57,2485),(74,2850)]	20.698928
656	[(0,1983),(1,173),(18,3677),(47,979),(54,2844),(92,4763)]	20.713750
657	[(4,1245),(5,2813),(9,817),(12,1706),(15,4529),(16,1248),(19,5730),(26,1628),(33,1975),(86,2753),(90,4892)]	22.067805
658	[(3,3055),(48,1127),(49,3332),(73,3309),(74,1695),(77,1892),(78,377),(79,1036)]	21.598799
659	[(21,1539),(35,5081),(45,4736),(46,1165),(47,4439),(48,4247),(64,2072),(72,1568),(91,3369)]	23.382669
660	[(5,233),(7,2448),(9,497),(12,773),(13,3199),(16,5447),(28,5565),(39,2203),(80,3553)]	20.731003
661	[(2,1984),(6,3184),(16,3789),(34,1808),(38,3092),(47,2404),(50,4418),(51,447),(62,3933),(75,434)]	20.924551
662	[(5,5475),(9,4048),(14,10),(25,2585),(32,1162),(36,375),(54,3753),(55,5074),(65,3557),(66,5534),(68,1433),(73,5471),(78,2814),(90,4481)]	28.392542
663	[(10,5075),(12,3912),(26,3187),(40,3027),(52,2839),(56,1482),(83,3311),(92,1872)]	36.400597
664	[(15,1039),(50,1505),(57,5104),(77,1176),(78,2973),(92,2478)]	20.570916
665	[(15,1798),(28,3743),(33,4700),(36,3250),(38,5153),(40,1352),(87,3902)]	20.624459
666	[(13,3342),(17,1330),(18,550),(38,588),(48,2724),(53,2449),(78,1579),(82,1357),(86,3536)]	21.254892
667	[(0,5031),(4,2441),(6,1047),(9,4091),(40,3203),(49,5254),(53,5272),(72,2769),(73,5017),(77,1340),(88,1006)]	20.480619
668	[(3,874),(8,1002),(12,2608),(20,2945),(29,405),(33,1866),(35,2638),(40,651),(66,4038),(68,1628),(70,3210),(76,1223),(89,4361)]	20.339887
669	[(0,3469),(8,295),(26,2994),(81,320),(82,1162)]	20.183078
670	[(10,668),(21,1662),(31,2717),(38,453),(67,1768),(77,119),(83,1333),(85,2129)]	20.409548
671	[(6,1193),(10,799),(19,3476),(20,5645),(25,1508),(44,2257),(47,3110),(80,4643)]	20.247893
672	[(51,3761),(53,5147),(63,2038),(76,4137)]	20.562327
673	[(33,1661),(49,205),(73,1662),(78,1509),(79,58)]	21.328400
674	[(13,2327),(18,2283),(24,286),(28,5622),(36,4987),(40,3728),(46,3413),(47,3007),(48,2536),(52,1244),(62,5199),(68,1580),(88,560)]	21.156168
675	[(0,3647),(4,2329),(12,4426),(17,1501),(20,3529),(27,4783),(42,5764),(49,4848),(52,67),(63,2399),(66,5748),(68,2147)]	21.306025
676	[(1,3789),(9,5748),(11,2147),(31,2914),(34,2262),(36,560),(41,5419),(47,3405),(53,2618),(67,3748),(69,586),(73,3440),(89,3272)]	20.730162
677	[(14,1423),(30,3941),(42,4369),(48,787),(59,2605),(71,4903),(73,983),(82,346)]	20.679518
678	[(0,422),(5,2751),(9,2436),(32,109),(33,2672),(34,2950),(47,3856),(51,252),(73,3583),(80,2027),(83,184),(85,4307),(86,3123)]	20.661429
679	[(1,193),(5,3042),(17,4347),(28,1794),(33,5360),(44,3800),(47,2811),(55,1748),(57,3546),(64,1620),(66,1151),(70,3521),(74,2922),(83,1476)]	20.337647
680	[(6,1156),(57,2477),(65,1785),(69,2740),(79,5571),(88,5727)]	20.371825
681	[(5,473),(7,2882),(11,50),(20,2392),(35,5341),(55,657)]	20.878783
682	[(10,3800),(12,550),(18,3071),(25,1512),(36,3554),(52,1540),(55,137),(65,752),(73,712),(84,448)]	20.697151
683	[(33,561),(38,5063),(39,1523),(54,5696),(61,2566),(73,1973),(75,132),(79,4634)]	20.680013
684	[(4,4398),(23,983),(52,115)]	20.384763
685	[(19,1747),(22,5564),(36,4317),(39,5081),(64,1703),(66,92),(68,2605),(69,5433)]	21.329789
686	[(2,4934),(4,5205),(59,3501),(60,3493),(68,1848),(84,3202),(88,5417)]	21.703572
687	[(2,2245),(7,4309),(29,2557),(30,4253),(49,5460),(52,4373),(58,1048),(88,5015),(90,1412),(92,3968)]	20.968128
688	[(0,2612),(26,4681),(51,3771),(55,5607),(61,1437),(66,5323),(72,1621),(73,2800),(90,4751)]	21.013216
689	[(19,1621),(27,5014),(45,4957),(46,5486),(54,2090),(60,200),(72,5004),(75,404),(85,5739)]	20.249967
690	[(10,4636),(17,5528),(25,3180),(49,50),(71,3456),(79,1426),(92,3511)]	25.601213
691	[(7,2943),(18,215),(22,5648),(43,3875),(45,4424),(58,2844),(65,3577),(85,832)]	22.926244
692	[(5,104),(49,2830),(52,2777),(53,4326),(55,37),(61,4170),(91,1476)]	20.439790
693	[(1,3941),(22,504),(24,397),(27,4489),(33,2371),(73,5356),(80,744)]	21.079208
694	[(25,5453),(31,4373),(46,1838),(49,5609),(61,318),(64,2638),(72,4609),(74,2984),(79,5009),(83,2518)]	20.411206
695	[(14,2268),(23,833),(34,1200),(43,4423),(59,2201),(72,4417),(81,645)]	20.040176
696	[(24,1191),(32,5065),(49,3209),(73,1425),(76,2543)]	23.384824
697	[(5,72),(6,159),(7,4778),(18,2872),(31,5402),(35,5107),(61,1335),(66,3336),(92,4443)]	20.102664
698	[(7,1254),(15,5660),(20,3333),(52,2282),(53,3230),(85,2692),(88,4034)]	21.553710
699	[(27,1700),(28,1440)]	21.089165
700	[(32,3725),(35,3004),(44,3700),(47,1905),(51,4582),(56,5099),(87,1579)]	22.167275
701	[(2,5548),(6,803),(39,2757),(43,1780),(47,2898),(58,4001)]	20.560146
702	[(13,5034),(14,2754),(22,405),(29,3121),(35,4918),(47,2624),(52,470),(66,3374),(73,1408),(75,2089)]	20.212876
703	[(15,964),(16,1439),(24,4662),(39,2570),(62,2080),(66,4372)]	20.616372
704	[(4,2753),(20,4278),(53,3720),(60,3059)]	20.461142
705	[(14,20),(17,3816),(21,1411),(32,1429),(59,4886),(74,63),(75,1117),(82,4638),(89,777),(92,1203)]	21.929317
706	[(6,5212),(26,1518),(36,391),(54,3062),(79,1002)]	20.925120
707	[(2,2297),(3,2804),(10,2951),(17,1375),(28,4482),(44,2797),(61,3834),(62,4628),(78,465),(82,5607)]	20.417117
708	[(0,2985),(9,5269),(12,4188),(13,4739),(14,4498),(43,587),(52,4023),(62,3580),(86,4651),(92,1782)]	20.484435
709	[(6,884),(7,2624),(19,5468),(32,2581),(36,704),(41,2960),(57,431),(69,550),(72,5296),(77,886),(85,2574),(86,1796)]	21.274918
710	[(29,1149),(30,4117),(48,5322),(52,1926),(62,256),(69,1248),(74,337),(77,2369)]	22.088791
711	[(7,4735),(27,1881),(85,4790)]	42.312358
712	[(23,3561),(36,148),(38,1340),(40,1544),(46,1847),(62,4922),(72,186),(73,1813),(85,1636),(88,5),(92,5124)]	21.544677
713	[(4,722),(6,1299),(40,5674),(71,2870),(74,2830),(90,4795)]	21.097744
714	[(31,1267),(41,280),(54,5753),(55,49),(63,745),(86,1105)]	20.645758
715	[(6,3389),(60,3653),(64,2211),(74,5355),(79,4342),(84,2150)]	20.260687
716	[(7,3457),(13,5503),(26,5233),(47,4316),(67,1066),(69,5072),(89,1757)]	31.239399
717	[(19,5247),(25,4399),(28,153),(49,2205),(51,4463),(66,5425),(79,651),(89,3139),(90,2417)]	20.849415
718	[(8,3110),(16,875),(25,4784),(38,2716),(49,372),(52,5030),(58,2860),(67,2442),(73,3503),(85,5020),(87,415)]	20.413818
719	[(10,2589),(35,3206),(40,3240),(71,2474),(76,2203),(79,3588),(83,4545),(84,2075)]	21.330169
720	[(0,3657),(16,1471),(44,3287),(48,793),(53,3098),(56,2314),(63,668),(75,5156),(76,242)]	21.595343
721	[(41,4349),(45,4163),(51,4597),(52,2530),(55,1995),(73,1085),(77,3223),(83,2285),(89,3266),(91,834)]	20.613486
722	[(19,5409),(20,3723),(36,3148),(38,3327),(52,3558),(61,504),(63,5015),(65,4689)]	22.111361
723	[(6,69),(19,182),(21,3287),(26,4132),(29,1243),(37,4948),(47,608),(57,5374),(59,2672),(60,2950),(75,1699)]	29.630301
724	[(0,1763),(38,4760),(63,5648),(69,4486),(90,5387)]	20.329771
725	[(18,1668),(40,3051),(42,395),(55,4041),(69,968),(71,190),(74,1114),(80,2131),(87,4543),(91,648)]	20.433795
726	[(4,2251),(7,3967),(10,1737),(14,855),(22,716),(25,4092),(34,448),(45,1597),(51,4996),(52,4748),(59,2239),(62,362),(76,481),(91,3104)]	20.648897
727	[(17,4647),(34,2037),(57,2023),(74,1429),(77,1472)]	20.421034
728	[(5,4332),(13,232),(14,2495),(18,1179),(27,1220),(32,1885),(34,1532),(43,1906),(47,4060),(72,3071),(91,3329)]	20.363119
729	[(5,2401),(15,5495),(28,352),(45,3758),(52,1971),(74,2763),(78,1066)]	20.349458
730	[(9,2505),(29,4272),(42,68),(46,4716),(50,3772),(56,3501),(70,537),(76,4996),(77,5291),(88,3878)]	28.362575
731	[(11,4538),(34,2437),(51,293),(54,0),(64,3412),(71,3113),(73,3871)]	43.250130
732	[(6,818),(10,2726),(42,2069),(43,1075),(54,2963),(56,1081),(84,4656),(89,4329),(91,3225)]	21.343895
733	[(5,4192),(11,4773),(28,4397),(45,5364),(51,2279),(78,3572),(83,258),(87,533)]	20.530282
734	[(6,5504),(17,1247),(40,2550),(66,1972),(76,2654),(86,3646),(90,1473)]	26.008978
735	[(25,1642),(33,441),(59,2651),(74,3316),(76,1876),(83,718)]	23.977851
736	[(2,1504),(6,5288),(9,3908),(11,4075),(36,2473),(50,335),(59,5118),(76,1924)]	21.208225
737	[(8,5535),(10,2667),(21,1284),(38,2195),(67,430),(68,4918),(75,3612),(86,609)]	20.428759
738	[(2,5535),(13,382),(39,1260),(43,1203),(44,3498),(50,2790),(57,1264),(63,1090),(72,2207),(78,2915)]	20.971886
739	[(10,4176),(32,2367),(41,4490),(55,5164),(76,5600),(81,199),(83,3488)]	32.290675
740	[(30,1094),(42,4381),(53,1981),(72,4261),(78,5328),(82,5367)]	21.895677
741	[(26,3207),(39,2131),(70,3398),(80,3728),(83,1627)]	20.405886
742	[(0,5363),(9,5112),(17,76),(19,3442),(20,88),(31,1255),(33,3446),(36,5514),(42,4058),(51,4234),(69,5650),(89,1606),(91,5556)]	20.422013
743	[(15,606),(17,4493),(18,2429),(61,3812),(72,3820)]	21.002749
744	[(3,238),(9,2005),(17,2926),(40,4488),(55,1629),(56,1302),(77,3712),(81,92),(85,5108),(91,5716)]	20.574910
745	[(4,1239),(17,1615),(23,4019),(28,1865),(44,3562),(50,448),(53,2133),(75,5347),(88,2284),(89,4138)]	20.262622
746	[(1,3880),(2,3468),(10,1656),(27,269),(36,4283),(71,4634),(76,2960),(92,5144)]	20.335034
747	[(10,4034),(27,2948),(39,125),(42,4226),(48,5728),(54,4553),(56,4486),(60,1495),(78,2093)]	32.595735
748	[(7,3600),(28,5639),(54,2671),(64,3513),(91,3786)]	45.168524
749	[(14,3720),(34,1459),(43,5142),(55,584)]	44.631309
750	[(1,394),(18,4158),(20,4136),(26,3009),(28,4155),(33,3340),(48,4825),(53,1187),(90,1378)]	45.675117
751	[(0,2131),(9,2142),(52,4185)]	57.437863
752	[(2,1776),(3,3132),(14,2357),(24,2505),(32,2119),(50,3070),(75,4743),(81,404),(82,4834)]	35.880213
753	[(1,3041),(30,1257),(44,3789),(55,3365),(65,5642),(73,5473),(75,2479),(80,3279)]	20.782685
754	[(14,4072),(21,2912),(23,3471),(26,3977),(45,4732),(47,3897),(65,4590),(67,1280),(78,1376),(82,5141),(83,437)]	20.437906
755	[(25,4585),(63,2151),(68,2368),(84,2543)]	21.027413
756	[(27,2158),(36,2153),(42,3530),(48,376),(53,4542),(62,3306),(66,5132),(67,5501),(85,4299),(88,3746)]	20.895720
757	[(6,1242),(13,2637),(18,1232),(25,2847),(30,2056),(33,4741),(45,109),(46,2672),(47,2950),(58,5360),(73,2402)]	20.971458
758	[(1,5597),(3,3721),(20,3640),(33,3927),(66,3684),(79,2535),(89,2601),(92,2742)]	20.690991
759	[(29,2591),(55,1878),(86,4407),(89,1817),(91,2357)]	20.236856
760	[(1,1518),(4,1157),(16,1050),(23,611),(28,1754),(33,1971),(48,3720),(53,1100),(58,1780),(64,1388),(69,1932),(79,1103),(90,2947),(92,2311)]	20.332823
761	[(18,782),(55,4761),(78,3160),(81,1363),(90,353),(91,1787)]	20.703604
762	[(4,2190),(29,104),(35,105),(41,3148),(42,3528),(47,1337),(63,3098),(67,3159),(73,2707)]	21.285751
763	[(1,1846),(9,1418),(24,5278),(29,2966),(60,713),(68,2422),(72,3955)]	20.619302
764	[(2,1207),(8,2133),(33,653),(34,3851),(47,759),(64,1651),(87,2601),(88,5308),(89,4617)]	20.269095
765	[(2,5426),(20,5457),(30,345),(41,3504),(42,3168),(60,3346),(78,3337),(79,4810),(90,1863)]	20.354698
766	[(2,4999),(20,3235),(25,4409),(30,4512),(33,1803),(48,3477),(61,3989),(86,4329),(88,4003)]	22.720464
767	[(2,1290),(12,1003),(49,4378),(66,1105),(79,5452),(87,2006),(91,4251)]	20.142197
768	[(0,4533),(14,1534),(15,1329),(27,1201),(45,1022),(49,1178),(63,3305),(67,163),(82,1053)]	20.335472
769	[(8,1758),(46,3587),(50,3354),(53,5502),(60,3875),(70,3240),(76,2804),(90,5655),(92,2069)]	20.862513
770	[(0,5567),(59,5015),(81,5188)]	20.728386
771	[(7,2715),(8,4429),(19,1179),(20,543),(52,2786),(72,3593),(74,1441),(89,5728),(91,1033)]	20.539394
772	[(6,2756),(40,67),(42,143),(45,4260),(53,3820),(66,962),(73,3029),(83,5637)]	23.548927
773	[(6,1426),(14,2297),(24,79),(32,1294),(44,2993),(47,444),(51,4098),(74,444),(77,3508),(85,3491),(92,1470)]	20.306926
774	[(19,3677),(24,4121),(64,3281)]	22.013569
775	[(17,4342),(37,1737),(71,4628),(85,434),(91,2884)]	27.860012
776	[(2,3577),(8,3282),(22,5189),(34,378),(42,2862),(49,3367),(53,3140),(56,3882),(58,1289),(62,1252),(66,1687),(75,2425)]	28.149255
777	[(2,2024),(7,5438),(16,4469),(31,4926),(35,994),(36,5693),(40,2160),(46,2082),(82,2285),(92,2422)]	21.343449
778	[(2,5254),(13,4825),(19,2293),(30,452),(36,639),(37,3679),(43,3698),(72,5735),(87,5200)]	20.919717
779	[(70,4857),(71,2385),(86,3441)]	20.313074
780	[(2,4248),(23,919),(73,2788),(74,949),(79,3350),(87,1660),(92,4651)]	23.282837
781	[(1,1161),(7,4105),(27,5257),(33,750),(35,555),(39,4338),(63,3774),(66,4428),(69,3697),(71,4356),(76,1424),(77,3311),(89,2065)]	21.237040
782	[(7,1801),(20,293),(42,2252),(49,5659),(68,4759),(72,4019),(80,5722),(83,1422),(87,974),(92,1607)]	20.249081
783	[(3,2960),(6,452),(22,4479),(43,1959),(47,2523),(57,1618),(65,3564),(74,1913),(82,3396),(87,770)]	20.287236
784	[(30,5081),(43,2970),(54,2898),(67,819),(74,650)]	20.271854
785	[(8,4719),(26,4746),(34,4628),(51,363),(58,4230),(59,1743),(64,1421),(65,3846),(71,2621),(75,4088)]	20.889665
786	[(1,3636),(5,69),(42,3536),(50,2550),(74,339),(75,4142)]	20.487090
787	[(5,8),(9,4370),(48,4710),(53,5148),(55,3897),(62,2121),(74,2301),(88,5014)]	20.221146
788	[(13,3411),(46,5161),(48,5590),(70,778),(73,1000),(75,4738)]	20.362532
789	[(2,1590),(30,3115),(36,3300),(43,1095),(68,1702),(78,4066),(85,3170)]	20.192425
790	[(2,4828),(14,3318),(40,4260),(70,28),(87,3247)]	22.484758
791	[(20,5330),(26,1856),(32,4777),(36,108),(45,5764),(69,3367),(83,2809),(84,4334)]	20.097755
792	[(7,4045),(19,667),(37,877),(51,5269),(55,3436),(67,206),(69,1072),(74,5520),(78,5107),(82,970),(91,1869)]	21.263313
793	[(10,4931),(11,303),(20,501),(29,28),(37,3359),(42,1170),(82,170)]	20.464036
794	[(11,5250),(27,4826),(30,5602),(34,535),(45,4826),(46,5613),(50,4209),(66,31),(67,4563),(74,1887),(90,2364),(91,515)]	20.348062
795	[(13,5371),(22,1369),(28,3311),(34,2032),(44,1261),(54,2392),(88,2241),(90,3583)]	20.428793
796	[(38,4101),(55,1610),(56,620),(73,4978),(89,2686)]	20.342202
797	[(2,1501),(28,3551),(50,1521),(77,2550),(79,2630),(91,1864)]	20.232023
798	[(2,4696),(9,4893),(12,4350),(32,2620),(34,4717),(80,5089),(91,3276)]	22.131854
799	[(21,1824),(40,3658),(42,3625),(43,5111),(65,5669),(71,3104),(88,4034)]	24.446170
800	[(2,3655),(4,3631),(16,2000),(34,5089),(46,5253),(55,3190),(76,2830)]	36.249831
801	[(14,5702),(20,4892),(27,565),(30,761),(32,2664),(46,1099),(58,3694),(63,150),(74,2613)]	20.827256
802	[(13,2896),(15,3311),(18,4017),(22,493),(44,1716),(62,5296),(69,4216)]	20.959150
803	[(13,5548),(25,4540),(26,4242),(27,2428),(31,4008),(45,1089),(53,5184),(69,2447)]	20.722744
804	[(2,4204),(8,4824),(21,1639),(23,4335),(24,2008),(29,5361),(36,3066),(42,4682),(66,5371),(72,566),(73,2122),(86,4126)]	21.499196
805	[(5,1744),(27,1785),(37,692),(47,3180),(58,3064),(60,0),(62,1341)]	20.398082
806	[(2,698),(9,4491),(56,3493),(66,1650),(68,4360),(84,1534),(87,5528)]	20.056687
807	[(0,1166),(21,745),(26,2648),(41,4515),(46,1343),(60,2340),(86,5540)]	20.385204
808	[(11,5749),(27,1341),(41,911),(88,3377)]	21.183097
809	[(0,4461),(4,5343),(14,4564),(37,4950),(46,4811),(53,5596),(54,354),(61,2971)]	24.577107
810	[(1,3394),(11,2148),(14,2344),(16,4144),(20,704),(41,5714),(54,246),(58,3041),(67,4485),(76,5105),(78,4219),(80,4301)]	20.066934
811	[(3,2947),(4,366),(7,3450),(16,2811),(24,5298),(29,200),(54,5506),(69,5566),(71,2250),(75,5229),(80,315)]	20.342714
812	[(0,3884),(17,1941),(22,1506),(35,3326),(45,3621),(52,1006),(54,5182),(58,562),(60,1465),(69,1408),(73,4563),(89,170)]	20.746579
813	[(19,3466),(22,1899),(42,2218),(49,1300),(60,1462),(75,5684)]	20.178814
814	[(4,2600),(17,5245),(26,2132),(51,4162),(66,172),(85,281),(88,5045),(90,5561)]	20.966169
815	[(3,2343),(4,5333),(12,4736),(13,1165),(22,4072),(25,3308),(34,480),(36,4929),(43,4940),(53,203),(83,4797),(90,941),(92,884)]	20.908160
816	[(1,5012),(6,0),(36,5196),(37,4415),(63,1322),(67,2021),(74,4465),(87,2441)]	20.969935
817	[(6,4011),(7,4392),(11,5157),(37,1280),(41,2355),(52,2468),(53,1051),(56,1301),(72,5453)]	21.055584
818	[(38,1540),(44,3109),(45,3333),(46,5497),(50,3513),(58,1822),(60,3376),(67,3592),(69,5577),(70,1607),(71,506),(76,1004)]	20.882212
819	[(8,1643),(10,2),(31,4249),(34,767),(36,136),(41,3171),(43,250),(44,1245),(45,2813),(48,1727),(84,2202)]	20.837047
820	[(11,2732),(32,1455),(34,5069),(46,4577),(48,4977),(53,4047),(57,5563),(60,2503),(81,1843)]	20.098669
821	[(4,998),(29,3164),(55,172),(72,1357),(79,5483),(80,3664),(87,3416)]	27.537839
822	[(6,1677),(7,5246),(8,4626),(19,2293),(40,3992),(41,3480),(42,2665),(47,5137),(48,4108),(76,3376),(80,5544)]	22.348510
823	[(15,40),(30,2400),(38,5204),(41,4470),(59,1832),(60,1616),(67,3238),(74,3904)]	20.115588
824	[(2,1748),(56,3150),(66,433),(86,5471),(87,820),(89,1124),(90,1196)]	20.408820
825	[(16,577),(29,769),(33,2557),(44,3938),(61,4777)]	20.474229
826	[(28,3321),(57,1149),(67,4153),(77,1280)]	21.214494
827	[(10,3876),(14,4912),(28,4108),(32,1573),(54,4886),(68,2117),(80,578),(82,3475)]	23.129431
828	[(4,4140),(8,1785),(58,1919)]	20.812629
829	[(1,4933),(33,305),(34,2468),(55,3080),(69,4855),(71,3483),(83,4389),(91,615)]	20.346374
830	[(10,4295),(15,1526),(24,685),(33,350),(55,2911),(65,5064),(71,3096),(72,325),(75,4372),(77,800),(82,565),(91,3900)]	21.352882
831	[(23,4310),(30,592),(41,255),(79,423),(81,4017),(86,5723)]	21.174900
832	[(13,791),(20,237),(23,5503),(32,4152),(61,2933),(64,1976),(86,3183),(92,19)]	20.551483
833	[(9,1762),(11,3636),(17,4816),(28,869),(41,654),(45,5683),(52,568),(59,1046),(71,400)]	20.345849
834	[(17,2628),(40,2284),(41,4138),(45,33),(62,5252),(78,1651)]	21.804071
835	[(5,3840),(18,107),(31,1982),(39,5080),(55,1677),(66,4494),(68,3075),(75,2189)]	20.791695
836	[(4,2321),(16,2880),(27,4188),(42,4917),(44,2373),(49,5355),(71,3414)]	21.575562
837	[(13,3071),(33,1792),(49,574),(64,5300),(70,2792),(88,1791),(92,2091)]	22.472485
838	[(2,2715),(7,5281),(8,1585),(20,5394),(30,4),(56,972),(71,2375),(82,5199),(87,1174),(92,5225)]	21.465063
839	[(13,5016),(32,789)]	21.118858
840	[(14,4397),(20,5767),(33,5414),(55,908),(57,1902),(76,1155)]	20.210075
841	[(0,4578),(5,946),(22,4534),(36,3355),(40,1631),(42,4397),(68,3533),(70,4320),(89,1465)]	20.328851
842	[(13,2785),(20,1012),(34,5676),(41,5691),(44,4796),(54,5189),(62,5126),(64,2423),(65,61),(67,1717),(88,5453),(92,4752)]	20.219625
843	[(10,1496),(17,4322),(23,4584),(25,5097),(29,2660),(62,303),(72,2026),(78,1703),(81,3182),(88,3304)]	20.283224
844	[(0,359),(4,2305),(6,5568),(7,4856),(19,3411),(24,5680),(37,3642),(54,840),(73,3490)]	20.235880
845	[(28,1390),(31,1235),(51,2534),(63,1533),(86,1345)]	20.510396
846	[(10,4024),(16,317),(17,4916),(24,5467),(51,638),(54,3195),(65,4227),(81,85),(88,810)]	21.398887
847	[(3,3660),(10,4864),(15,4928),(25,3251),(45,1987),(49,3991),(57,4146),(69,578),(71,517),(72,3967),(75,2296),(83,4989),(85,5059)]	21.195953
848	[(9,3993),(11,4226),(20,382),(24,5565),(47,805),(57,5676),(58,1865),(66,1737),(70,2513),(80,4892)]	39.856731
849	[(22,1816),(55,1920),(56,3419),(59,2862),(63,1216),(70,1072),(75,4422)]	21.134209
850	[(18,2242),(22,1225),(23,292),(37,1537),(51,916),(64,713),(80,1564)]	20.616775
851	[(2,1360),(14,1938),(15,4484),(19,1432),(25,585),(35,3147),(48,410),(51,4962),(58,5430),(64,1977),(74,4743)]	20.706584
852	[(21,451),(32,3296),(39,4476),(47,3281),(63,4031),(69,2047),(71,1439),(79,3541),(90,2765)]	20.449234
853	[(7,2599),(24,778),(27,1872),(36,4224),(47,2118)]	20.293593
854	[(5,5),(13,1927),(21,4559),(30,3819),(36,5149),(45,4681),(46,3898),(64,2420),(73,1452),(88,5675)]	20.222126
855	[(15,600),(18,3625),(19,3248),(20,5060),(34,4496),(38,897),(42,4872),(55,1689),(59,605),(78,4904),(81,298)]	20.610076
856	[(3,5060),(16,4821),(44,1457),(48,1373),(50,966),(51,4419)]	20.654965
857	[(5,4944),(20,2926),(23,4581),(29,667),(35,2747),(39,3992),(45,3203),(63,1245),(64,2813),(71,2282),(73,270),(77,3475),(84,71)]	20.147683
858	[(1,3314),(12,327),(13,3313),(22,661),(37,4023),(39,207),(40,1889),(47,4039),(49,706),(69,1058),(71,4901),(73,3615),(77,1822),(78,297),(85,250),(92,4751)]	20.863831
859	[(1,3613),(2,4639),(24,419),(29,1897),(54,4916),(65,2067),(66,4235)]	20.392261
860	[(11,1997),(22,3345),(30,4652),(37,2321),(45,5649),(52,3062),(62,107),(65,2707)]	20.245589
861	[(2,4408),(6,2878),(15,2651),(17,2279),(42,3356),(75,4607),(83,2684)]	20.552523
862	[(9,531),(29,5077),(66,2394),(76,85),(81,506),(91,839)]	19.952444
863	[(4,1339),(14,464),(20,448),(21,4910),(46,3874),(61,1775),(63,2888),(68,1011)]	20.971132
864	[(1,2546),(11,209),(18,3186),(26,4950),(53,5682),(68,4305),(87,545)]	20.622972
865	[(1,1624),(37,1082),(44,783),(48,3121),(88,5103)]	21.798624
866	[(28,1461),(31,5387),(35,5126),(52,1895),(54,3854),(62,4448),(72,4609),(91,1144)]	20.278946
867	[(7,899),(8,4915),(14,2490),(20,2989),(36,3735),(60,2559),(63,1906),(76,4817),(79,4489),(84,5435)]	20.479076
868	[(1,241),(27,2585),(30,5703),(42,700),(49,5041),(54,289),(63,4147),(75,1057),(80,2477),(81,3899)]	27.989094
869	[(24,1651),(35,5560),(63,1451),(84,2396),(90,3185)]	21.671725
870	[(14,494),(38,2278),(46,1337),(54,512),(72,2262),(81,4168)]	20.227779
871	[(0,4407),(6,5093),(8,5086),(9,396),(12,4101),(25,3676),(28,1949),(31,1734),(57,727),(92,2889)]	21.846203
872	[(0,4313),(17,3009),(29,2960),(46,4344),(49,2053),(53,3321),(77,1053),(85,5651)]	21.683892
873	[(3,5386),(24,1116),(31,5152),(37,3704),(47,388),(50,3947),(78,1018)]	20.761196
874	[(2,278),(7,1777),(11,1710),(14,2906),(31,5566),(44,1011),(52,4110),(60,2571),(71,2926),(76,3475)]	23.308651
875	[(10,2813),(19,2152),(21,714),(34,5665),(36,376),(47,5345),(56,5086),(57,396),(60,3701),(63,379),(64,501),(78,1023),(79,776),(85,2579),(92,1847)]	20.771486
876	[(17,3700),(30,3156),(33,1561),(35,4964),(37,1610),(38,620),(48,3304),(76,2148),(79,4532)]	20.700615
877	[(3,3782),(21,2678),(29,2663),(51,3338),(65,1496),(68,3007)]	20.490795
878	[(2,2357),(5,4174),(7,4715),(34,1184),(44,3541),(45,4625),(71,4668),(74,4181),(92,1044)]	20.578435
879	[(8,5140),(21,4734),(31,488),(54,4778),(77,1009),(78,5113),(85,127)]	20.610436
880	[(15,4403),(21,5327),(61,3781),(76,1484),(80,2508),(81,1238),(88,3494),(89,1901)]	20.535662
881	[(6,880),(16,3156),(19,1823),(22,4173),(24,3299),(37,3821),(67,4297),(69,5449)]	20.630274
882	[(8,1763),(17,1805),(21,3534),(25,3),(34,3595),(42,5518),(49,1095),(59,5495),(66,1065),(72,2528),(73,2140),(80,4738),(81,3129)]	21.560558
883	[(0,4830),(23,3092),(84,4715)]	21.296219
884	[(4,4375),(13,4096),(15,4940),(23,2582),(28,2733),(43,131),(55,4141),(59,2817),(72,4488),(79,1106),(90,2522),(92,1805)]	22.248453
885	[(13,5180),(32,4421),(88,1897)]	21.079021
886	[(7,4720),(9,2979),(14,3987),(36,5754),(39,3999),(40,5485),(55,4411),(73,2929),(74,872),(86,2463)]	20.912655
887	[(0,1254),(21,199),(38,4133),(42,5109),(51,855),(61,4583),(65,5218),(75,3028),(80,5359)]	20.404567
888	[(19,4033),(23,3214),(48,4753),(51,2812),(54,4833),(62,3632),(64,5268),(88,3560)]	20.616057
889	[(2,1547),(10,1313),(31,3963),(34,4146),(59,1854),(77,4002),(91,4711)]	20.206027
890	[(8,682),(24,737),(36,1399),(54,131),(59,4193),(71,1673),(90,2678)]	20.427713
891	[(2,855),(17,5198),(24,4757),(26,3889),(40,4608),(47,2239)]	20.583708
892	[(20,5695),(54,2892),(70,5356),(89,4116)]	20.685188
893	[(12,1520),(38,3731),(41,2654),(47,2326),(54,5463),(57,1247),(58,5479),(68,2303),(82,2191),(85,5016)]	20.498067
894	[(14,952),(22,94),(32,1926),(52,1512),(55,576),(73,1638),(85,5153)]	20.823159
895	[(32,3922),(57,2486),(83,5299),(84,4699)]	21.462890
896	[(2,3837),(18,4210),(26,1359),(29,4920),(58,282),(90,3773)]	29.858761
897	[(21,1876),(23,411),(33,1379),(40,3490),(60,2103),(63,771),(81,1662)]	31.857381
898	[(17,4443),(39,1559),(40,5275),(62,2069),(67,495),(88,4767)]	20.473544
899	[(20,4974),(25,1457),(46,437),(53,2484),(70,2027),(72,3943),(75,2276),(84,4996),(87,2821)]	20.358793
900	[(10,5507),(16,1817),(18,2357),(49,3043),(61,23),(67,2954),(84,2599)]	21.517406
901	[(2,1435),(14,2132),(17,5516),(22,3115),(30,2770),(45,5762),(53,1842),(57,3706),(74,4889),(76,3923),(78,4688)]	20.413301
902	[(0,3549),(7,3444),(9,4417),(28,2360),(79,204),(82,4784)]	20.637363
903	[(2,2041),(29,4161),(45,3517),(47,4300),(58,3010),(73,3566),(90,2995)]	21.884158
904	[(5,5161),(7,5590),(14,2545),(16,1520),(25,5283),(45,2089),(49,5427),(58,3524),(61,4293),(62,5623),(73,1668)]	20.565647
905	[(4,3174),(15,2794),(16,3512),(21,3313),(33,930),(66,5096),(71,4929),(72,5294)]	20.763160
906	[(14,5131),(21,5266),(35,4491),(56,5462),(74,2381),(82,3598),(90,4386)]	20.941946
907	[(4,4726),(6,278),(35,681),(36,254),(44,2987),(47,5718),(57,4109),(77,1871),(80,1930),(81,4253)]	20.523009
908	[(3,697),(11,1074),(13,3215),(15,4241),(44,1447),(49,1852),(68,1758),(80,2063)]	20.537554
909	[(77,3645),(92,2695)]	21.124264
910	[(24,4892),(43,696),(46,3664),(51,830),(53,2796),(56,2874),(67,4159),(75,929)]	22.994166
911	[(28,2744),(30,4988),(41,4743),(61,3167),(69,2654),(72,2901),(87,1565)]	24.648412
912	[(21,893),(24,4008),(43,1906),(49,4052),(57,3884),(62,4731),(89,5637),(92,705)]	21.286228
913	[(22,979),(29,3057),(55,4193),(62,5748),(83,1069),(91,3077)]	20.178059
914	[(13,4933),(17,1164),(34,2295),(37,1795),(41,4295),(44,1756),(52,3214),(60,3263),(61,3698),(81,416)]	27.688770
915	[(58,2777),(61,5247),(66,5317)]	22.875155
916	[(5,2992),(6,2003),(10,4067),(30,1977),(55,2017),(60,5284)]	20.777950
917	[(23,3596),(40,957),(47,1456),(78,3137)]	21.335305
918	[(4,897),(8,5154),(41,2420),(43,391),(46,3224),(79,4289)]	21.261602
919	[(16,607),(21,4004),(30,3049),(34,1365),(48,4446),(56,5573),(73,4621)]	20.686657
920	[(6,2252),(52,3088),(63,800),(86,3371)]	21.432515
921	[(0,4604),(2,2941),(17,2193),(33,4157),(44,5000),(47,5146),(62,4982),(64,3070),(67,3460),(71,620),(89,2811),(90,1644)]	22.690083
922	[(0,5734),(8,1453),(25,5652),(27,2115),(64,3278),(81,3370),(90,4210)]	20.137065
923	[(21,3708),(22,4151),(49,4514)]	20.583159
924	[(4,2447),(22,187),(29,4422),(60,2666),(64,2012),(70,4277),(83,5278),(91,304)]	20.230432
925	[(15,1951),(22,3125),(34,3501),(49,958),(56,3146),(60,4915),(71,3403),(78,5651),(85,3058)]	21.060441
926	[(6,392),(9,879),(23,5097),(30,3157),(37,1941),(70,3649),(73,4424),(78,5733)]	20.580972
927	[(15,5555),(16,1040),(28,934),(41,4919),(56,692),(75,5483),(76,3664),(86,3066)]	20.076216
928	[(14,4494),(59,4705),(60,3044),(61,4070),(85,3220),(88,3150)]	20.866128
929	[(3,4388),(15,5136),(85,4561)]	20.706366
930	[(4,5480),(35,3400),(56,1544),(61,193),(86,1862)]	22.573379
931	[(44,3806),(71,465),(82,4971),(83,3423),(90,5750)]	20.298173
932	[(17,234),(48,2744),(49,4368),(75,3558),(78,426),(82,949)]	21.311367
933	[(10,3551),(13,2741),(37,2593),(56,5145),(73,4537),(76,633),(81,540),(90,1289)]	21.014862
934	[(3,5434),(30,5443),(67,825),(69,3138),(81,3375),(89,1924)]	21.313098
935	[(12,4854),(19,1121),(20,910),(28,1792),(32,417),(40,3515),(43,3348),(46,4832),(55,1139),(63,2967),(67,2051),(70,369),(77,46),(82,4512)]	20.762313
936	[(1,1953),(24,3769),(28,3890),(37,905),(51,749),(58,1455),(64,1679),(77,4170)]	20.482611
937	[(0,2722),(1,3710),(27,4591),(47,3061),(84,2791)]	21.308436
938	[(0,185),(4,4336),(6,1376),(12,5719),(45,1977),(50,1488),(61,3069),(73,5232),(79,2479)]	20.596632
939	[(4,506),(11,449),(14,1601),(15,4294),(23,5299),(24,4699),(41,1263),(65,676),(83,1132)]	20.562175
940	[(3,1698),(12,2212),(13,4691),(41,2254),(42,514),(48,540),(51,1182),(61,5016),(73,1831),(89,2614),(92,1947)]	20.636846
941	[(11,4652),(17,1091),(21,1511),(33,5259),(56,698),(61,1427),(65,4622)]	20.987318
942	[(13,2272),(21,2592),(22,3462),(24,4825),(25,1815),(30,4558),(36,4895),(39,1048),(53,1351),(60,2190),(63,3634),(67,4334)]	20.909804
943	[(6,2334),(34,103),(47,1998),(55,2938),(63,2148),(81,259)]	20.332049
944	[(10,2609),(24,710),(44,3707),(71,4058),(79,3408),(82,5490),(84,91),(90,1434)]	28.641844
945	[(17,5562),(22,1470),(31,1009),(32,5113),(38,4261),(50,893),(66,5122),(79,2754),(89,1422)]	31.800922
946	[(9,3041),(24,157),(25,5380),(29,5104),(35,4880),(54,400),(56,41),(65,5755),(73,5461),(87,3107)]	20.370485
947	[(13,493),(65,4817)]	20.941509
948	[(5,1287),(13,5028),(17,5465),(22,1537),(34,2114),(49,3700),(61,4467),(63,1484),(79,4870),(81,858),(83,70)]	20.872563
949	[(9,5597),(13,1736),(21,4320),(32,1680),(36,451),(39,5006),(46,3002),(65,5721),(66,5250),(77,839),(78,3563)]	20.748615
950	[(4,954),(5,5767),(7,4229),(20,201),(22,3868),(29,913),(33,2841),(47,1153),(67,5085)]	20.183882
951	[(14,3962),(30,4451),(39,5137),(40,4108),(50,2453),(65,3555),(67,3609)]	20.624975
952	[(0,748),(11,1285),(14,3060),(47,1641),(60,1030),(80,3860)]	20.736287
953	[(3,2698),(20,2476),(21,4384),(22,5073),(53,5144),(78,2774)]	20.183587
954	[(0,2690),(13,3944),(30,1460),(55,1118),(56,3846),(58,254)]	20.268103
955	[(4,3990),(12,2666),(28,2411),(42,765),(47,50),(59,5096),(63,5221),(67,3943)]	20.634835
956	[(26,703),(36,3613),(37,4639),(42,5181),(47,368),(55,4258),(68,1147),(81,5333),(84,5522)]	20.891816
957	[(15,1676),(18,2259),(21,462),(32,3700),(52,5213),(64,2077),(67,5238),(79,1367),(85,1704),(91,853)]	21.141196
958	[(14,1271),(22,3441),(48,1247),(56,4110),(80,2704)]	22.023143
959	[(15,5204),(17,5271),(18,3229),(53,3680),(58,4191),(62,2172),(65,5504),(73,4863),(92,5528)]	20.520831
960	[(7,2384),(12,2604),(47,1693),(49,3933),(60,621),(66,1295),(85,4300)]	21.308216
961	[(24,3773),(26,3925),(27,907),(42,3757),(44,23),(49,5159),(53,1995),(60,3201),(78,104),(88,2157)]	27.472505
962	[(3,1028),(12,65),(20,5370),(51,875)]	23.785618
963	[(35,1937),(38,5632),(40,3472),(79,1263),(85,5701)]	20.718688
964	[(0,3571),(2,178),(34,1193),(44,3056),(56,2708),(60,1960),(64,3984),(68,2796),(75,450),(87,1158)]	20.079244
965	[(28,3566)]	20.195815
966	[(0,4677),(18,1953),(30,2452),(46,1896),(61,2092),(78,4605),(83,2373),(88,2323),(92,2855)]	20.039782
967	[(2,4920),(20,2186),(25,5531),(48,1901),(60,2902),(85,3181),(91,433)]	23.582726
968	[(11,2671),(18,2118),(29,1429),(31,4029),(43,3648),(46,4773),(66,4002),(72,4015),(74,2035),(76,3502),(83,208)]	20.947357
969	[(21,5391),(27,5323),(54,5478),(73,5767),(89,2204),(92,2886)]	24.311055
970	[(6,3416),(25,3289),(35,4098),(44,694),(50,4097),(52,1998),(55,4239),(68,1655),(73,3007),(74,2536),(82,426)]	21.356805
971	[(60,1873),(71,3250),(76,2805),(78,635),(89,1850)]	20.216658
972	[(1,4795),(5,1145),(8,5115),(10,925),(20,1378),(24,3416),(30,3100),(38,3709),(55,3540),(70,4562)]	20.647916
973	[(23,1918),(31,3442),(34,5454),(57,5190),(58,1539),(74,5165),(85,2647)]	21.562455
974	[(1,4302),(7,3121),(20,2896),(71,5638),(76,2061),(79,504),(92,4700)]	20.816595
975	[(0,1145),(4,3978),(6,196),(11,2198),(14,979),(33,577),(41,3967),(61,3808),(72,2932),(78,3323),(85,1723),(88,2430)]	21.133653
976	[(2,4934),(6,3771),(34,2437),(39,4265),(72,3456),(73,3508),(88,5027)]	21.973633
977	[(5,4656),(9,4883),(13,3073),(19,4659),(38,3214),(54,1665),(65,2163),(76,2396),(82,1085),(87,4733)]	22.541167
978	[(4,1487),(5,1563),(23,3323),(31,3082),(49,5027),(55,3239),(59,4618),(85,5549),(91,302)]	21.164495
979	[(45,779),(63,4252),(72,3195),(80,3941),(89,2054),(92,3820)]	20.937959
980	[(26,3865),(32,2853),(47,920),(49,1094),(68,2749),(76,3979)]	20.906882
981	[(4,3432),(6,5170),(17,4497),(18,4886),(24,4854),(31,4781),(47,3473),(49,5168),(63,4988),(86,532),(91,5621)]	21.389393
982	[(7,1218),(19,5641),(22,1366),(24,4057),(55,60),(63,493),(68,3695),(85,1445)]	20.875643
983	[(6,1225),(26,5475),(38,3001),(54,494)]	20.755465
984	[(11,4881),(15,4903),(18,2395),(44,3445),(49,5722),(52,473),(63,450),(69,1827),(77,1958),(83,706),(88,3913)]	20.730606
985	[(1,179),(37,3283),(46,4214),(66,2842),(71,5274),(78,3731),(86,5438),(88,1879)]	21.191429
986	[(10,2129),(41,3085),(53,2663),(55,1025),(56,5339),(59,3590),(65,1320),(92,1031)]	20.838275
987	[(1,4599),(8,4367),(11,1022),(17,4977),(26,1398),(28,2179),(29,2526),(44,4037),(72,3893)]	20.498859
988	[(5,1285),(21,112),(30,2179),(42,164),(52,4063),(73,4504),(92,3398)]	23.790862
989	[(37,3620),(39,5423),(44,4488),(66,258),(69,5584),(92,2652)]	20.441286
990	[(19,5437),(26,1874),(28,1812),(36,2452),(49,5225),(50,3710),(52,1086),(53,3107),(58,1857),(63,5263)]	20.271161
991	[(2,4312),(67,4244),(74,4609)]	20.581380
992	[(14,3423),(21,3994),(22,1536),(24,3771),(26,5544),(31,3153),(45,1953),(48,2654),(59,4856),(80,5110),(91,5277)]	30.219707
993	[(8,757),(9,1974),(20,4895),(37,87),(56,5450),(66,911),(79,2508),(80,389)]	30.166163
994	[(1,3985),(2,1893),(16,1709),(21,1799),(23,4897),(30,2521),(64,642),(79,1748),(81,3546),(85,844),(87,98),(89,978)]	20.326566
995	[(19,1788),(25,151),(29,4338),(58,374)]	20.350497
996	[(6,3346),(37,3349),(45,4205),(55,887),(75,2575),(91,1124)]	20.389583
997	[(26,5096),(31,1203),(32,174),(33,62),(36,2031),(45,1243),(54,4482),(63,234),(70,3606),(73,2631),(83,531),(87,3813),(91,2913),(92,1936)]	20.769246
998	[(13,1549),(39,2618),(40,3805),(41,3944),(44,1485),(52,3344),(53,328),(57,776),(58,2648),(88,4844)]	21.272365
999	[(14,1861),(19,2488),(28,4981),(36,703),(41,141),(42,2866),(48,4807),(51,2481),(66,5289),(70,3836),(75,123),(80,1934)]	21.659963
