ruleset_index	matches	time_ms
0	[(9,1286),(38,2321),(74,547),(75,1229),(83,988),(92,1364)]	17.048837
1	[(40,1628),(53,1745),(73,628)]	17.001163
2	[(13,2535),(49,24),(69,2957),(74,2770),(90,200)]	17.144513
3	[(25,1352),(53,2618),(57,1796),(63,728),(66,122),(82,2377),(87,1426)]	16.571113
4	[(9,394),(22,2330),(53,2331),(54,1115),(87,650)]	17.099963
5	[(17,2573),(34,494),(86,1379)]	15.059903
6	[(15,1830),(32,387),(60,2224),(74,1965),(76,2422)]	15.705769
7	[(1,677),(28,2454),(72,1281),(75,1120),(78,1888)]	15.875580
8	[(24,2679),(29,244),(48,2984),(49,2566),(73,1022),(75,2297),(77,158)]	15.026490
9	[(72,1787)]	16.968168
10	[(0,14),(9,1991),(20,1937),(39,2095),(58,3092),(78,1423)]	15.600261
11	[(11,2990),(23,2006),(31,2849),(47,203),(53,2989),(55,2580)]	15.022757
12	[(26,2104),(56,628)]	15.003203
13	[(1,3005),(2,264),(6,1656),(29,841),(41,476),(44,1974),(69,3049),(75,1611),(82,1310),(84,2999),(86,496),(88,2592)]	14.781056
14	[(68,619),(84,1908),(92,1753)]	14.802933
15	[(69,551),(79,40)]	15.658843
16	[(4,869),(45,2382),(53,204)]	15.216282
17	[(5,2372),(12,1584),(47,1446),(59,797),(74,1508)]	14.848699
18	[(7,1052),(28,2182),(87,411)]	14.899048
19	[(8,2351),(23,147),(79,1680)]	15.358060
20	[(29,1208),(37,2622),(61,920),(68,936)]	15.908987
21	[(19,343),(30,1903),(77,2013),(90,1267),(91,506)]	14.826106
22	[(16,854),(21,25),(51,1435),(63,437)]	15.179588
23	[(32,2685),(62,1897),(74,2950),(92,1578)]	16.997291
24	[(50,3047),(65,1421)]	14.812573
25	[(12,1751),(55,2008),(60,2691),(91,1931)]	15.426386
26	[(7,104),(27,3116),(51,703),(54,1313)]	16.019246
27	[(10,1843),(79,2653)]	15.450153
28	[(42,1870),(48,2401),(61,82),(62,2894)]	15.276087
29	[(12,153),(39,1291),(52,532),(85,1854)]	15.236919
30	[(22,1582),(32,2090),(33,333),(37,1971),(79,418)]	15.159314
31	[(3,1009),(9,1074),(21,2172),(42,1185),(48,21)]	15.038448
32	[(2,1770),(51,2896),(75,2264),(88,371)]	15.035375
33	[(84,757)]	14.646321
34	[(41,1923)]	15.309970
35	[(1,2560),(8,2143),(17,2042),(21,1504),(47,1793),(67,1625),(82,1143),(89,550),(90,88)]	15.217228
36	[(7,1152),(56,3022),(72,1216)]	15.487596
37	[(15,1310),(44,2929)]	15.408358
38	[(17,718),(27,75),(92,1584)]	14.604984
39	[(1,1642),(26,1226),(35,3033),(87,727)]	14.785411
40	[(39,1228),(66,650),(79,1812)]	15.183512
41	[(19,1410),(28,690),(61,1922)]	15.705779
42	[(10,203),(12,1147),(14,2449),(16,1290),(26,2898),(43,1423),(45,3030),(53,3018),(64,1347)]	17.650305
43	[(31,2663),(57,2153),(63,2407)]	15.025044
44	[(22,2576),(29,3037),(36,392),(48,1658)]	16.940485
45	[]	15.639613
46	[(17,2709),(22,755),(51,158)]	15.141757
47	[(23,467),(28,1514),(34,2667),(64,2811)]	15.410134
48	[(3,367),(12,2086),(18,1789),(40,373),(56,2321),(70,27)]	15.634982
49	[(0,2044),(11,1931),(48,2586),(79,2319),(84,2556),(86,496)]	15.484774
50	[(4,485),(27,186),(34,2761),(38,2557),(67,1253),(85,545)]	15.060185
51	[(2,338),(26,1583),(44,2573),(71,1055),(76,523),(84,79)]	15.007442
52	[(31,2159),(53,2459),(73,573),(74,1641)]	15.464681
53	[(1,1367),(5,1303),(25,2692),(49,2707),(70,430)]	14.710954
54	[(68,3121),(90,3059),(92,1128)]	14.857814
55	[(16,1249),(26,650),(28,2263),(40,2332),(44,3002),(46,1586),(48,1347),(82,2929)]	14.974747
56	[(9,316),(38,3082),(54,1284),(79,1206)]	15.769254
57	[(5,784),(62,828)]	14.870058
58	[(8,1006),(39,209),(45,572),(48,690),(77,1197),(86,2683)]	14.866165
59	[(16,1845),(41,2156),(60,33),(74,613),(83,2531)]	26.906326
60	[(5,2973),(18,1839),(35,2975),(39,1178),(45,2781),(80,2775)]	25.652515
61	[(16,1991),(36,1166),(44,75),(62,2162),(74,2735),(86,276),(89,1437)]	14.986687
62	[(13,1282),(17,1997),(22,107),(48,310)]	15.172316
63	[(32,2229),(58,2169),(73,1850),(76,2870),(91,574)]	15.429665
64	[(3,662),(12,2229),(24,1680)]	15.646511
65	[(11,1449),(24,1027),(35,256),(46,601),(58,2320),(61,2694),(89,2767)]	14.916504
66	[(56,2136),(68,168),(76,396),(89,2502)]	15.877973
67	[(15,1218),(75,2853)]	14.964957
68	[(16,834),(21,3084),(39,2948),(59,2594),(74,1135)]	14.605707
69	[(4,1015),(30,585),(39,734),(66,1528)]	14.771604
70	[(18,1265),(45,1883)]	14.836426
71	[(8,956)]	15.038625
72	[(2,677),(9,1662),(22,2531),(26,1259),(32,802),(49,2955),(51,1119),(54,1589),(57,800),(63,1538)]	15.016259
73	[(30,2057),(40,2808),(81,354)]	16.649442
74	[(3,70),(9,267),(18,2509),(63,760)]	15.204824
75	[(4,2639),(26,1455),(48,1310),(57,2281),(80,221)]	14.877440
76	[(16,2033),(43,2065),(84,382)]	14.928479
77	[(20,1866),(47,1222),(73,2727),(85,2210)]	14.887698
78	[(6,1331),(23,2704),(36,955),(41,682),(82,860)]	14.981131
79	[(14,2795),(20,2960),(26,460),(70,2154)]	14.593563
80	[(13,2663),(60,779),(84,1128)]	15.120645
81	[(11,2484),(15,2690),(28,2701),(44,2539),(58,2138),(90,625),(91,973)]	16.168495
82	[(3,3068),(10,924),(15,256),(22,2252),(54,499),(69,489)]	15.392232
83	[(7,111),(60,2729),(78,2389),(86,1106)]	14.962301
84	[(7,1860),(58,2009),(77,2283)]	14.941079
85	[(34,3036),(49,2015),(54,2636),(67,2943),(91,60)]	15.027708
86	[(7,1877),(18,1449),(26,2693),(30,636),(43,1153),(45,2660),(54,485),(58,1612),(62,2153),(80,1652)]	14.900542
87	[(3,464),(16,2287),(21,2757),(45,730),(58,1878),(60,110),(72,2755),(74,1244)]	14.703107
88	[(22,3033),(39,2226),(57,1679),(74,2741)]	14.542933
89	[(8,1669),(65,906),(70,157),(81,2841)]	15.048393
90	[(28,2056),(77,586),(89,816),(91,2098)]	15.220970
91	[(8,1798),(55,368),(82,2061)]	15.241876
92	[(2,1586),(26,46),(47,1046),(67,138),(85,2538)]	14.881493
93	[(18,2782),(21,2913),(56,236)]	14.809047
94	[(18,2422),(60,1464)]	14.690280
95	[(4,1564),(12,82),(34,1673),(51,2624),(53,2128)]	14.924040
96	[(0,1996),(7,869),(26,1018),(28,1499),(55,644),(78,371),(81,2661),(86,679)]	15.031497
97	[(5,1066),(12,2110),(30,727),(74,910)]	14.875306
98	[(7,2910),(31,2627),(32,2002),(80,2517)]	14.773157
99	[(15,41),(68,421)]	15.587668
100	[(16,2093),(27,1638),(29,2498),(33,1686),(82,1204),(92,2833)]	15.512411
101	[(45,3015),(63,2076),(75,1999)]	15.044727
102	[(34,2558),(40,2086),(70,1177)]	14.802791
103	[(2,2731),(16,2565),(23,570),(50,254),(54,91),(88,1703)]	14.938402
104	[(35,1273),(57,1376),(60,165),(83,499),(88,910)]	14.768949
105	[(35,1556),(49,2994),(57,2923),(61,570),(81,756),(84,2262)]	14.768955
106	[(2,1498),(33,2018),(47,858),(73,2608)]	14.718451
107	[(8,1504),(10,1906),(57,2230),(60,2829),(71,2864),(85,1059)]	18.172869
108	[(43,1375),(56,1483),(65,798)]	15.094052
109	[(29,2816),(35,2444),(44,1390),(80,566)]	15.303727
110	[(11,3105),(29,359),(36,295),(46,798),(48,96),(65,2412),(87,2287)]	14.920340
111	[(37,533),(53,907),(71,2715),(82,1293)]	15.253331
112	[(1,1463),(26,711),(40,408),(43,641),(45,716),(50,2082),(59,504),(63,1977)]	15.116916
113	[(5,1955),(77,2301)]	15.681450
114	[(59,1695),(83,2876),(84,2814),(92,2867)]	15.845703
115	[(7,148),(18,1705),(68,440),(77,498)]	15.915342
116	[(12,240),(32,1754)]	17.361782
117	[(42,906),(54,2310),(86,1270)]	16.395658
118	[(10,564),(39,354),(92,1058)]	15.074731
119	[(37,2102),(38,2247),(81,720)]	16.844584
120	[(0,449),(5,280),(45,1178),(60,2943)]	14.906557
121	[(11,2252),(23,430),(26,2643),(73,2513)]	15.182756
122	[(26,584),(57,520)]	15.114179
123	[(12,2632),(41,2986),(43,1079),(44,2226),(45,2618),(52,375),(60,728),(61,194),(84,1190),(85,3068),(87,1345)]	17.747114
124	[(31,2365),(57,1401),(76,2312),(87,1514),(91,1351)]	20.452936
125	[(10,2312),(34,1677),(72,1964),(92,875)]	20.029253
126	[(38,2926),(49,40),(58,187)]	29.105196
127	[(25,1964),(38,2605),(71,2747),(78,870)]	15.690449
128	[(19,2966),(75,2912),(91,2606)]	15.280171
129	[(5,353),(27,1767),(49,2246),(56,1304),(60,2744),(73,1506)]	16.352405
130	[(20,284),(36,404),(61,2524)]	16.201695
131	[(15,1316),(33,1835),(47,983),(62,1178)]	15.142472
132	[(61,606),(88,590)]	15.162347
133	[(10,681),(43,519),(61,2056),(84,410),(90,1741)]	16.198266
134	[(34,2504),(38,368),(43,882),(54,3020),(55,2749),(58,3046),(88,707)]	16.069697
135	[(20,1217),(57,1866)]	15.104469
136	[(0,2509),(10,1334),(46,2067),(51,863),(54,1001)]	15.615583
137	[(14,1896),(59,1665),(79,45),(87,155)]	17.204165
138	[(44,311),(61,3099),(71,130),(85,2809),(88,2577),(89,1346)]	15.025309
139	[(21,1036),(35,2302),(58,2046),(86,1873)]	15.019612
140	[(0,2100),(36,1293),(37,1811),(64,112)]	15.459975
141	[(44,428),(51,1074),(59,664),(80,2480),(91,2785)]	16.747772
142	[(2,191),(24,427),(26,2207),(66,191),(67,1288),(90,572)]	15.314591
143	[(6,1633),(20,2617),(41,3032),(42,419),(44,2400),(47,2377),(63,3029),(66,2553),(76,1615),(80,1090)]	15.869053
144	[(8,2864),(29,972),(44,1713),(65,1378),(72,1534),(79,491)]	15.263672
145	[(57,2832)]	16.733578
146	[(18,1729),(23,3090),(78,1141)]	16.472421
147	[(21,2144),(27,920),(49,2604),(91,562)]	16.055862
148	[(2,691),(31,1841),(54,1856),(55,799)]	15.294295
149	[(16,128),(23,706),(60,184),(76,2883)]	15.470228
150	[(26,37),(88,1262)]	14.961313
151	[(24,3123),(26,1824),(66,3099),(67,2390),(71,492),(86,1882),(91,2193)]	14.972750
152	[(4,2058),(9,2992),(17,2393),(19,2311),(25,2274),(51,466)]	15.521280
153	[(21,1975),(45,2658),(70,33),(78,2805)]	15.216937
154	[(12,1989),(34,2045),(72,634),(90,231)]	16.034068
155	[(4,2937),(9,764),(29,66)]	15.069529
156	[(11,2744),(32,1690),(75,2360)]	15.109780
157	[(30,1330),(46,3078),(53,633),(70,898)]	15.441272
158	[(16,1772),(45,492),(62,852),(86,2942)]	15.319761
159	[(26,1830),(53,733),(64,2277)]	14.908167
160	[(17,301),(46,2342),(53,2905),(60,2007),(81,844),(91,598)]	15.196964
161	[(2,2931),(14,984),(17,1705),(20,137),(40,2079),(42,2591),(47,469)]	15.544470
162	[(7,2457),(38,356),(39,2243),(46,2623),(58,69),(70,302),(72,1663),(76,1237),(87,1176)]	30.497746
163	[(5,1292),(46,1160),(68,613),(85,464),(86,2863)]	31.686135
164	[(1,1394),(8,509),(32,3045),(33,26),(65,1603),(82,2945)]	31.053153
165	[(26,940),(38,2653),(61,2482),(87,35)]	32.146786
166	[(77,752),(84,2518)]	31.600750
167	[(3,2135),(46,562),(85,1607)]	30.091927
168	[(0,2150),(13,3029),(28,1736),(42,1645)]	31.117377
169	[(18,3126),(62,677),(85,2715)]	25.049095
170	[(10,177),(37,203),(38,2452),(44,751),(90,511)]	29.235933
171	[(8,3028),(53,1601),(54,2596),(67,2372)]	29.046316
172	[(10,3107),(11,1959),(23,2560),(26,807),(29,2118),(42,473),(50,2059),(86,1626),(88,2529)]	31.578026
173	[(21,2657),(26,1311),(36,2825),(42,1687),(78,1351)]	27.533018
174	[(15,125),(33,2632),(43,2152),(45,45),(48,1042),(56,222),(77,1699)]	32.133602
175	[(10,2600),(19,794),(33,2542),(68,2260),(85,189)]	29.987770
176	[(2,327),(23,2992),(36,2886),(72,2918),(90,924)]	29.951012
177	[(14,918),(71,9),(76,2241),(90,239)]	37.208310
178	[(8,830),(47,1250)]	35.626300
179	[(2,2755),(21,1774),(23,2146),(36,384),(44,3083),(90,2975)]	30.663567
180	[(10,1253),(32,1668),(35,1138),(40,1725),(50,1954),(78,3073)]	30.011002
181	[(0,2557),(2,2086),(7,1070),(13,2255),(28,1233),(48,689),(62,452),(81,329),(92,1606)]	31.264766
182	[(14,1485),(31,1283),(32,1379),(63,1569),(86,638)]	30.036842
183	[(45,1738),(75,2289),(79,2037)]	30.123371
184	[(20,2643),(35,1220),(39,768),(42,2),(51,1577)]	30.422428
185	[(20,2470),(39,2066),(40,2240),(78,1661)]	29.768727
186	[(13,994),(64,1805),(85,781)]	29.573438
187	[(27,1422),(36,748),(41,2749),(63,740),(65,2413),(77,1391),(87,2263)]	29.596765
188	[(23,489)]	29.017060
189	[(7,2231),(18,1404),(23,1569),(25,992),(36,1713),(55,2585),(65,317),(70,2469),(80,1850),(85,2686)]	29.300459
190	[(5,2578),(16,1772),(22,510),(27,1120),(58,2133)]	29.191296
191	[(1,393),(68,2071),(69,1694)]	29.125094
192	[(8,2215),(58,2232),(83,1328),(88,1047)]	28.369914
193	[(2,1675),(4,267),(48,2093),(60,485),(63,863)]	28.301802
194	[(23,2917),(28,740),(39,1880),(58,1775),(67,217),(72,2198),(86,1358)]	28.635592
195	[(6,21),(22,1618),(56,216),(62,2270),(84,2629)]	28.694840
196	[(27,1482),(60,1720)]	29.890123
197	[(10,1583),(19,93),(23,1563),(36,2327),(88,2750)]	30.046053
198	[(19,1346),(49,2004),(76,923)]	28.577871
199	[(48,2392)]	30.385541
200	[(39,110),(92,1159)]	29.002320
201	[(1,3052),(11,2067),(63,837),(88,561)]	28.664098
202	[(0,1465),(47,1697),(52,1785),(73,1306)]	28.605070
203	[(73,2061),(86,2004),(90,1807)]	28.620590
204	[(5,57),(11,1342),(20,719),(23,1243)]	29.321958
205	[(30,1818),(48,303),(79,1123),(80,2341),(89,241)]	28.859069
206	[(3,2055),(9,2566),(31,682),(41,471),(51,1237),(62,1705),(69,1626),(71,2529),(84,2506),(89,1002)]	28.678293
207	[(2,2775),(20,2456),(35,3030),(38,118),(44,120),(71,1677),(76,2660),(92,2675)]	31.963027
208	[(18,106),(21,2594),(26,2079),(69,1729),(77,2704),(80,1311)]	34.726191
209	[(7,1832),(9,373),(26,2478),(33,2704),(82,2080),(87,3100)]	31.726382
210	[(1,2421),(3,827),(15,2200),(21,2806),(28,2977),(60,2448),(63,2859),(70,1141),(73,1061),(79,2959),(81,1570)]	32.083313
211	[(2,2116),(45,471),(51,2834),(86,358)]	29.904982
212	[(7,754),(11,1183),(29,2002),(64,1032)]	29.663738
213	[(0,2201),(81,156)]	33.550848
214	[(2,1807),(14,2616),(20,1121),(86,810)]	30.515255
215	[(67,292)]	30.540129
216	[(45,1600),(50,1627),(62,1142)]	31.085138
217	[(5,232),(33,919),(40,833),(41,613),(49,1200),(87,2426)]	28.019188
218	[(13,1255),(35,1175),(42,1350),(43,2252),(57,2867),(63,3009),(72,2995),(89,2179)]	33.050060
219	[(62,2510),(79,1715)]	29.925025
220	[(9,985),(12,2779),(28,731),(58,484),(86,884),(91,544)]	29.542625
221	[(13,1319),(20,1421),(46,1976),(49,2792),(66,865)]	29.551884
222	[(30,723),(89,1981)]	28.922116
223	[(11,92),(15,578),(20,285),(35,1714),(64,663),(67,3082),(89,1359)]	28.618406
224	[(54,1736),(87,235),(90,2825)]	29.507116
225	[(11,2669),(20,136),(48,2475),(57,2327),(87,1041)]	28.783941
226	[(10,1049),(50,34),(70,1091)]	29.773801
227	[(39,2586),(44,58),(52,863),(82,1533)]	30.020053
228	[(0,3046),(13,1238),(28,2260),(72,343),(75,2690),(86,3013)]	30.201507
229	[(3,2873),(7,76),(8,2998),(25,2347),(61,1859),(66,353),(74,2294)]	29.578489
230	[(12,2965),(17,647),(27,1394),(28,2181)]	29.666251
231	[(11,1224),(17,1249),(31,532),(53,8),(68,3094),(80,1477)]	29.479466
232	[(46,65),(65,2024),(67,2373),(75,443)]	29.799433
233	[(4,2655),(8,2434),(23,2383),(29,1107),(41,2725),(51,2428),(54,1718),(56,2494)]	31.202145
234	[(1,2723),(10,1529),(12,2313),(46,3063),(63,682),(85,1659),(90,2746)]	29.873835
235	[(18,2211),(32,128),(44,2895),(52,2181),(62,240)]	34.070630
236	[(5,2080),(6,2404),(18,474),(20,1351),(63,2660),(74,2811)]	29.533253
237	[(12,1298),(17,1814),(47,1592)]	29.662938
238	[(16,86)]	30.360425
239	[(5,725),(10,2272),(20,535),(31,2066),(35,2270),(92,1815)]	29.600422
240	[(8,2401),(25,225),(33,2220),(40,2245),(57,2423),(62,1116),(88,236)]	29.719346
241	[(6,2117),(49,2463),(65,1005),(66,738),(71,2108)]	31.389265
242	[(60,146),(71,76)]	29.938988
243	[(20,1981),(37,2478),(65,231),(74,20)]	29.491207
244	[(25,379),(41,1941),(71,725),(78,55)]	29.777580
245	[(24,1727),(35,409),(38,22),(44,886),(58,451),(59,2868)]	35.986405
246	[(34,357),(86,1328),(87,334)]	28.894171
247	[(8,3092),(47,2134),(54,518),(55,1003),(62,1669),(82,1059),(87,2929)]	29.798247
248	[(30,2530),(72,2462),(81,1546),(87,924)]	37.210642
249	[(4,3065),(16,859),(41,1547),(43,1226),(92,1340)]	30.978808
250	[(27,2217),(29,896),(33,190),(58,2362),(87,218)]	30.130994
251	[(48,1216),(63,772),(81,201)]	34.280233
252	[(0,2544),(28,706),(81,690),(85,556)]	28.495493
253	[(28,817),(42,1261),(86,2692)]	28.667135
254	[(11,956),(19,2061),(58,181),(67,2771),(68,1749),(79,182),(86,1448)]	29.247917
255	[(0,1955),(1,384),(33,310)]	29.177952
256	[(2,2214),(3,2403),(7,285),(16,18),(25,2741),(41,1616),(54,2221),(60,2500),(77,1913)]	28.424376
257	[(10,514),(64,1107),(65,224),(73,122)]	28.168782
258	[(22,1002),(24,1649),(44,2824),(51,795),(61,890),(69,2891),(75,1466)]	28.584456
259	[(14,374),(38,2240),(64,764)]	28.223962
260	[(19,1401),(20,1691),(69,1669),(79,1530)]	37.278553
261	[(14,2015),(35,2961),(66,712),(69,1236)]	28.924552
262	[(62,2046)]	28.981449
263	[(3,2310),(36,2018),(38,2568),(73,364),(79,768)]	29.690466
264	[(32,1919),(57,2128),(71,126),(92,2234)]	37.548955
265	[(0,2242),(11,994),(29,1604),(41,217)]	30.466916
266	[(34,696),(47,72),(59,691)]	32.620033
267	[(5,1225),(25,1429),(30,4),(37,1829),(58,542),(59,47),(64,125),(91,1695)]	29.466952
268	[(7,2242),(10,2811),(29,1049),(47,550),(76,1894)]	31.757313
269	[(37,276),(54,2160),(56,737),(84,2399),(90,1149)]	33.657000
270	[(3,2875),(5,2637),(17,1580),(79,2015)]	29.725040
271	[(64,2599)]	30.759875
272	[(46,1143),(74,2144),(80,735)]	30.380378
273	[(35,287),(41,649),(71,1361),(75,3049)]	30.598832
274	[(13,2225),(18,2089),(60,1772),(92,2101)]	29.067203
275	[(1,2185),(42,773),(79,1415),(88,3034)]	29.165328
276	[(0,3104),(6,1044),(20,2802),(30,261),(49,1646),(54,3105),(62,2346),(86,1226)]	30.957089
277	[(48,762),(73,2677)]	31.263866
278	[(8,926),(13,607),(32,225),(41,3012),(45,2805),(51,1492),(67,2629),(71,1591)]	30.722376
279	[(0,2857),(1,1156),(4,2905),(24,2876),(28,1067),(47,526),(70,2378),(84,2258)]	31.450215
280	[(1,373),(4,429),(8,518),(15,2568),(20,2583),(24,324),(63,416),(91,415)]	29.958228
281	[(1,368),(20,1475),(32,975),(33,2005),(71,2976),(87,1581)]	28.645047
282	[(7,2431),(64,2107)]	29.433231
283	[(8,2133),(10,1899),(50,316),(63,1559)]	34.470695
284	[(39,2868),(45,2003)]	40.416442
285	[(20,1442)]	33.958494
286	[(9,2108),(28,921),(34,3093),(50,718),(54,2439),(55,2878),(60,2858)]	30.330642
287	[(12,794),(30,2742),(38,2311),(76,2113),(83,2703)]	29.837635
288	[(6,2007),(17,1707),(28,375),(38,118),(55,1816)]	30.100413
289	[(15,2790),(29,2243),(41,1837),(55,2697),(78,520),(86,1006)]	30.118935
290	[(7,992),(55,2654)]	30.601423
291	[(3,1436),(59,2664),(61,688),(69,2499)]	30.076355
292	[(1,2427),(21,2967),(52,523)]	30.643774
293	[(1,2622),(3,806)]	30.982518
294	[(7,353),(38,376),(46,3026),(82,1930)]	33.150488
295	[(12,2931),(52,2387),(54,161),(66,2410),(91,550),(92,1511)]	33.490218
296	[(0,2932),(2,1927),(34,2255),(85,2289),(92,2759)]	30.340349
297	[(0,1036),(6,2301),(35,733),(37,3121),(44,1516),(74,2597)]	23.407006
298	[(16,2051),(52,1469),(83,2781),(89,1971)]	15.216791
299	[(28,424),(46,1293)]	17.715052
300	[(8,319),(21,2397),(66,2224),(75,2857)]	15.693535
301	[(23,2615),(43,2835),(60,2061),(89,3083)]	36.747311
302	[(4,2315),(44,1619),(73,966)]	22.954403
303	[(16,2161),(29,735),(30,3048),(48,1965)]	15.376505
304	[(1,2686),(16,1953),(21,1469),(36,658),(50,2388),(62,2053),(66,1548)]	15.066163
305	[(9,1011),(26,3106),(28,1275),(31,71),(51,2662),(80,1097)]	14.754088
306	[(7,340),(32,348),(78,1023),(82,2746),(84,2796)]	14.872791
307	[(2,1370),(64,149),(89,2319)]	14.777757
308	[(3,2832),(29,191),(48,1887),(66,2801),(76,2706)]	14.569838
309	[(19,1499),(40,505),(47,2806),(66,438),(81,1774),(83,2146)]	14.958456
310	[(15,1709),(21,2606),(32,2148),(44,1617),(46,3009),(74,1137),(85,737)]	14.885410
311	[(6,2013),(20,976),(47,956),(56,1669),(63,2797),(76,885)]	23.398968
312	[(14,2692),(42,2210)]	16.929105
313	[(28,2546),(75,2360),(79,275)]	14.666576
314	[(3,1139),(16,1884),(44,2597),(61,1269),(76,2334)]	14.707379
315	[(19,2008),(38,2554),(67,2646),(77,644)]	14.678822
316	[(27,686),(28,670),(39,309),(44,2286)]	15.601427
317	[(46,1030),(49,850),(54,2494),(71,2088)]	15.443388
318	[(49,2744),(52,1036),(54,1368),(57,2231)]	14.833059
319	[(13,2032),(17,2744),(28,586),(34,2589),(36,667),(56,430),(60,184)]	15.297419
320	[(4,2780),(14,1703),(15,737),(24,1467),(28,2468),(29,1745),(39,1281),(50,2291),(73,1361)]	14.916782
321	[(18,1298),(36,2089),(71,2325),(82,2597)]	15.061600
322	[(10,28),(37,2920),(74,348),(79,1873)]	15.252796
323	[(57,1415),(68,2619),(79,340)]	17.156485
324	[(7,513),(8,2607),(38,1508),(53,3044),(76,1183),(80,1558)]	14.943385
325	[(49,788),(75,1076)]	15.975785
326	[(0,775),(4,1836),(14,1825),(20,1239),(26,1858),(73,934)]	15.128654
327	[(28,77),(30,2351),(54,163),(72,1205)]	16.140199
328	[(2,1837),(6,902),(70,1934)]	16.519919
329	[(34,847),(65,2614),(81,3091)]	15.143737
330	[(20,2632),(30,3031),(36,126),(91,1767)]	14.817132
331	[(18,3016),(20,1767),(58,2012),(92,929)]	14.936807
332	[(7,205),(42,1153),(44,2398),(46,1674)]	14.869283
333	[(1,2948),(17,1783),(25,1868),(36,1650),(80,1620),(89,2266)]	14.931441
334	[(75,2085),(76,2812),(82,516)]	17.027469
335	[(6,1469),(14,673),(68,659),(80,135)]	30.275799
336	[(25,354),(61,762),(88,1507),(91,2083)]	17.849592
337	[(1,417),(46,1948),(48,3006),(73,771),(81,1611)]	14.760768
338	[(26,2074),(27,720),(38,1886),(42,358),(45,2180),(69,639)]	14.915605
339	[(4,567),(7,208),(62,1274),(75,1601)]	14.640729
340	[(66,8),(75,1496)]	24.549304
341	[(12,2473),(32,1588),(47,2642),(73,1816),(74,1725)]	14.720826
342	[(0,2792),(9,1692),(10,1651),(22,2823),(26,2044),(40,1425),(77,164)]	15.285199
343	[(7,2118),(21,1642),(42,1039),(44,2444),(49,2247),(72,35)]	14.786455
344	[(23,441),(66,128)]	14.748414
345	[(3,601),(21,1582)]	14.858436
346	[(49,2454),(53,2774)]	15.577719
347	[(8,483),(90,1696)]	14.817092
348	[(4,2761),(5,1096),(22,2735),(46,3093),(62,468)]	14.767838
349	[(14,2727),(33,739),(46,2767),(57,2064),(61,1795),(62,1368),(85,1487),(86,185)]	15.094077
350	[(43,2009),(49,2659),(61,496),(78,3050)]	22.412730
351	[(15,1973),(22,406),(25,1844),(37,2561),(48,2971),(85,1161)]	14.731723
352	[(11,2629),(23,359),(32,2932),(33,76),(34,2998),(64,732),(80,1678),(84,1085),(85,1503)]	15.172789
353	[(5,1661),(16,2726),(36,1218),(41,1748),(74,1132),(84,2671)]	14.778513
354	[(41,1676),(42,1053),(91,2215)]	14.713782
355	[(51,2794),(84,2085)]	14.631595
356	[(23,156),(51,445),(63,3044),(81,648)]	14.856227
357	[(25,3100),(45,1706)]	15.358343
358	[(10,880),(17,1768),(68,2186),(90,1025)]	15.700373
359	[(21,2721),(24,766),(33,509),(75,2942)]	15.080936
360	[(14,3008),(28,2382),(48,97),(51,1698),(78,1385),(81,3119)]	31.162289
361	[(2,3009),(21,2030),(33,990),(36,1160),(39,239),(65,425)]	31.596264
362	[(5,2257),(59,659),(79,3109)]	15.685643
363	[(1,200),(15,3080),(44,1986)]	14.793503
364	[(5,756),(29,2212),(33,2910),(46,739),(68,2544)]	14.944080
365	[(18,452),(87,387)]	15.033077
366	[(12,1415),(33,2923),(37,2775),(51,413),(63,1773),(88,3098)]	14.942018
367	[(3,346),(15,2841),(26,112),(32,1277),(64,2553),(72,756),(87,2543)]	14.838156
368	[(4,1903),(17,2328),(66,816),(81,1265),(91,1028)]	16.046496
369	[(13,2792),(46,2614),(80,592)]	14.823170
370	[(25,959)]	14.839316
371	[(13,3042),(22,1667),(53,356),(59,2947)]	15.246405
372	[(12,1185),(16,827),(54,2902),(70,3030)]	25.531115
373	[(3,293),(9,1922),(24,120),(26,1839),(39,84),(54,813),(78,2694),(86,1303)]	20.330924
374	[(30,3032),(31,419),(39,921),(41,541),(42,2669)]	14.780081
375	[(14,1848),(19,459),(26,1273),(31,1432),(38,2082),(55,803),(57,3054),(65,509),(75,999),(89,84)]	14.874244
376	[(9,675),(26,1830),(38,2029),(66,2585),(81,422)]	15.088483
377	[(45,1605),(48,21),(86,1813)]	18.711948
378	[(31,1187)]	14.952907
379	[(5,1634),(13,960),(46,1822),(63,1072),(71,1234),(85,1402),(89,1978)]	15.014050
380	[(18,1047),(48,1468),(69,1977),(82,169)]	14.701824
381	[(6,2159),(54,1297),(62,1334),(64,1340)]	17.569080
382	[(10,3089),(48,1642),(59,2974),(78,2886),(86,1199)]	31.711010
383	[(1,155),(30,1740),(39,1987),(57,1374),(75,1211)]	32.850724
384	[(27,2513),(29,2109),(85,114),(86,1905)]	32.364093
385	[(60,573),(61,1641),(70,1763)]	33.962477
386	[(64,1780),(80,1851)]	16.008411
387	[(4,403),(20,897),(31,1784),(64,3036),(71,1582),(80,1971)]	14.743546
388	[(4,2008),(26,2941),(51,1151),(57,1711),(61,1836),(74,1781),(77,986),(85,2591),(86,1522)]	15.213325
389	[(3,1531),(6,957),(22,2758),(46,354),(88,146)]	14.648627
390	[]	15.176924
391	[(37,1357),(56,871),(62,2798),(70,695),(87,1908)]	15.331442
392	[]	15.214813
393	[(41,662),(44,1218),(64,2580),(85,882),(87,1717)]	27.646455
394	[(14,2658),(25,718),(52,2891),(80,2430),(83,1794),(84,2650),(88,756)]	22.762720
395	[(3,952),(23,1698),(49,2097),(63,2839)]	15.127728
396	[(7,2576),(24,233),(39,1294),(62,251)]	14.902936
397	[(38,3027),(62,2054),(63,2245)]	15.551421
398	[(70,1735),(72,2202),(86,2797)]	15.792654
399	[(0,1286),(5,707),(6,637),(12,2694),(28,1893),(64,2408),(74,679)]	16.303148
400	[(2,1002),(10,2144),(23,841),(31,2713),(41,2485),(69,433),(80,1958),(87,1532)]	17.688144
401	[(41,2857),(58,2679),(60,2205),(74,1835),(88,1697)]	15.671049
402	[(19,2726),(37,2959),(45,2047),(83,576)]	15.090602
403	[(36,2907),(90,2240)]	14.825762
404	[(9,1609),(27,2117)]	15.340079
405	[(16,1797),(25,65),(28,1078),(32,2174),(44,512),(62,2784)]	15.347110
406	[(30,2658),(31,3101),(56,3127),(85,2061)]	14.798474
407	[(19,928),(26,1413),(67,3036),(86,448)]	15.537518
408	[(25,1948),(86,2755)]	19.341057
409	[(27,614),(90,456),(92,1775)]	14.890788
410	[(22,2990),(33,1809),(41,1997),(49,179),(51,1703),(61,1300),(89,2590)]	14.928046
411	[(3,2026),(4,558),(48,1758),(76,211)]	14.840433
412	[(3,1298),(6,2292),(11,1258),(17,3093),(22,493),(71,2158)]	14.709530
413	[(5,1830),(14,1870)]	16.681334
414	[(14,2391),(16,2233),(28,2559),(31,325),(78,2999),(80,1238)]	15.965311
415	[(42,165),(82,1637)]	18.421240
416	[(0,1066),(4,1786),(8,2835),(44,952),(59,783),(62,721),(82,1401),(83,1691),(84,1755)]	17.654556
417	[(42,923),(48,2885),(92,966)]	15.287697
418	[(52,2780),(74,1871)]	14.701926
419	[(4,608),(9,2697),(63,1485),(64,1599),(77,2116)]	15.353211
420	[(2,593),(17,2772),(27,2241)]	15.237931
421	[(56,114),(57,1905),(59,590),(63,353),(71,2623)]	15.923078
422	[(1,2439),(47,2292),(69,1530)]	15.252367
423	[(32,2592),(33,1182),(48,2103),(52,614)]	14.913690
424	[(29,2151),(61,2911),(67,310),(70,1628)]	14.904240
425	[(2,652),(6,1817),(37,569),(53,2200),(54,3006),(67,1053),(79,1880)]	15.114839
426	[(18,1872),(49,1080),(51,1825),(56,1775),(60,304),(65,397)]	14.989768
427	[(30,128),(43,2631),(45,635),(64,1688),(77,2898),(91,1887)]	15.453450
428	[(16,1257),(17,548),(23,392),(28,2831),(39,385)]	15.479284
429	[(71,1472),(92,255)]	18.111038
430	[(22,2689),(24,2749),(25,234),(34,717),(49,2026),(59,65)]	19.705727
431	[(4,721),(5,655),(7,1201),(10,2464),(19,2973),(46,2164),(84,94)]	15.097304
432	[(1,2586),(24,2932),(61,107),(75,818)]	14.907737
433	[(11,2205),(49,1227)]	17.462205
434	[(30,3109),(67,1310),(92,791)]	15.773440
435	[(66,839),(86,2014)]	15.801062
436	[(6,2494),(12,298),(32,2232),(85,2549),(86,1622)]	14.711939
437	[(12,2802),(18,1393),(40,2249),(46,3070),(57,2447),(71,1227),(75,1912),(78,2815),(81,1596),(86,76)]	15.523633
438	[(12,2230),(27,1268),(48,2288),(61,1450),(74,2087)]	14.777036
439	[(7,1483),(8,2020),(11,2724),(83,1424),(90,291)]	16.231524
440	[(30,713),(71,2466),(92,2121)]	14.602224
441	[(29,2168),(30,2379),(32,1435),(78,1907),(90,2491)]	15.488912
442	[(28,2126),(29,1030),(36,758),(40,646),(63,408)]	16.846771
443	[(1,1389),(11,2489),(25,2233),(49,1974),(67,127)]	15.871364
444	[(4,2297),(69,177),(88,806)]	16.995870
445	[(50,2516)]	14.802196
446	[(8,1819),(12,1880),(34,1766)]	17.054326
447	[(53,1316),(67,2469)]	15.039937
448	[(0,2844),(3,1025),(89,2569)]	15.777499
449	[(0,3095),(8,3011),(11,1961),(13,2813),(24,2065),(85,1892)]	16.465796
450	[(3,2652),(9,1159),(16,2337),(18,1188),(32,1569)]	16.138310
451	[(6,2975),(21,2611),(40,783),(52,2885),(56,2396),(67,1496)]	15.937715
452	[(8,654),(53,661),(61,1214)]	15.351413
453	[(7,2497),(48,609),(52,1948),(80,2985)]	15.053496
454	[(86,740)]	15.479196
455	[(9,1079),(15,2362),(18,385),(21,2019),(32,2465)]	16.622603
456	[(10,242),(11,724),(79,596),(85,3126)]	15.841196
457	[(31,1823),(35,746),(41,2030)]	20.598431
458	[(12,1603),(22,2894),(44,766),(55,2332),(59,283),(71,2906)]	29.320827
459	[(3,279),(52,3040)]	15.650650
460	[(9,1588),(21,881),(47,1991)]	15.328365
461	[(4,885),(20,2000),(29,537),(31,1036),(33,527),(76,2791),(90,1869)]	14.879501
462	[(18,2893),(29,2906),(58,2874),(77,589),(85,2812)]	16.152347
463	[(15,2614),(52,2309),(74,161),(77,2895)]	14.954426
464	[(4,2290),(14,1433),(34,2374),(43,2686),(63,669)]	14.583416
465	[(38,2480),(87,3051)]	14.773692
466	[(2,447),(8,1101),(31,351),(50,822),(51,698),(76,2564),(86,2571)]	14.776667
467	[(13,3028),(14,2133),(25,58),(28,2389),(75,2668),(79,1642)]	15.128146
468	[(1,3113),(3,2239),(11,1694),(29,2389),(54,1104)]	14.666957
469	[(1,2047),(26,1311),(30,2634),(77,1625),(83,1074)]	15.489974
470	[(37,751),(91,1728)]	16.430539
471	[(2,2897),(5,1980)]	15.138221
472	[(4,1146),(7,1458),(63,393),(88,2455)]	15.637222
473	[(17,1181),(47,3016),(88,380)]	15.164294
474	[(1,853),(11,1235),(23,886),(38,1722),(60,53),(65,860),(74,2308),(75,2982)]	15.243286
475	[(11,1457),(15,1358),(16,2269),(19,1038),(40,1404),(41,2498),(71,562),(87,2013)]	16.386794
476	[(19,2828),(83,1510)]	14.912196
477	[(20,2634),(46,491),(49,1255),(54,231),(78,1637),(82,1244)]	14.923503
478	[(1,1810),(22,2937),(36,1674),(39,1249),(67,2032),(71,2705),(79,2955),(80,1879),(86,949),(87,1305)]	14.846446
479	[(4,2009),(39,1263),(48,2902),(53,2300),(54,2110),(76,2898)]	17.649793
480	[(4,866),(18,992),(22,2617),(57,693),(63,1865),(70,2948),(82,517),(86,1894),(90,143)]	16.014660
481	[(23,3009),(44,2390),(50,735)]	17.297316
482	[(1,913),(30,655),(44,3034),(52,738),(63,433),(77,1765),(79,2937)]	15.169877
483	[(0,475),(11,1146),(19,2410),(20,2446),(41,2298),(81,131)]	15.009752
484	[(21,2907),(32,1452),(47,55)]	14.829164
485	[(70,267)]	15.011552
486	[(24,2659),(34,2710),(58,646),(87,645)]	14.639402
487	[(27,2353),(39,2545),(40,3081),(42,3040)]	15.653843
488	[(0,1588),(18,1944),(50,1141),(56,3022),(67,1522),(77,1498)]	16.131538
489	[(1,1615),(64,1597),(65,1491),(66,1394),(76,1447)]	14.871627
490	[(2,2156),(9,658),(16,958),(55,2538),(58,1910),(65,2343),(69,651),(80,414)]	15.162578
491	[(37,1580),(42,570),(45,1681),(60,1787),(74,326)]	15.163521
492	[(52,1668)]	20.205022
493	[(2,1814),(4,1399),(6,2481),(14,2514),(17,1630),(61,46),(64,2963),(79,157),(89,50)]	18.022134
494	[(3,1676),(4,3014),(19,1258),(26,3041),(46,3062),(48,1580),(70,2923),(85,2126),(92,2647)]	15.263862
495	[(11,141),(37,1037),(44,2500),(63,719),(83,2928)]	15.848417
496	[(13,2549),(14,1622),(24,2023),(35,367),(54,2312),(82,3094)]	15.704719
497	[(39,1699),(68,824),(69,990),(74,2529),(80,618)]	15.157127
498	[(11,376),(52,3064),(61,601)]	15.537905
499	[(33,1215)]	14.822579
500	[(7,462),(43,148),(60,3039),(86,1759)]	16.201871
501	[(19,1806),(39,1575),(57,1754),(59,1587),(67,2646),(68,1937),(72,259),(83,400)]	14.931110
502	[(2,1886),(12,1634),(37,1743),(61,2090),(66,434),(68,2187)]	15.711795
503	[(69,965)]	15.717273
504	[(4,1259),(6,2445),(14,627),(59,2950)]	15.048665
505	[(4,1778),(30,2744),(58,1279),(67,2841)]	14.865427
506	[(63,58),(74,2719)]	15.656306
507	[(38,181),(70,1466),(76,1479),(80,670)]	15.795101
508	[(33,1367),(56,388),(87,1990),(92,1253)]	14.701425
509	[(37,766)]	16.624738
510	[(12,1774),(22,1825),(64,3106)]	14.931275
511	[(4,890),(5,1246),(19,455),(53,638),(85,2972),(86,2302)]	15.012840
512	[(20,276),(42,2011),(47,901),(78,1963),(81,461),(87,3084)]	15.525431
513	[(7,2054),(58,1420),(59,1045)]	17.171494
514	[(30,921),(74,2330)]	16.044379
515	[(16,1693),(19,96),(35,1086),(62,303)]	17.410844
516	[(12,1747),(17,34),(20,2338),(48,616),(84,3029)]	16.784018
517	[(1,564),(45,1626),(51,2197),(65,152),(67,1747),(79,2113)]	16.019486
518	[(21,247),(29,56),(38,1565),(42,110),(49,1473),(54,782)]	16.738809
519	[(47,1890),(51,264),(79,795),(85,1297),(91,2416)]	15.827180
520	[(21,1380),(25,3029),(32,169),(35,745),(58,2506),(78,1738),(83,443)]	14.746221
521	[(4,1345),(13,2597),(17,1145),(33,63),(66,917),(69,937)]	16.556047
522	[(27,2573)]	20.193371
523	[(23,1701),(35,49),(36,737),(37,36),(44,1500),(54,2225),(56,468)]	29.627966
524	[(7,467),(19,765),(22,1128),(34,589),(61,1210),(63,1428),(83,1134),(91,833),(92,613)]	15.297488
525	[(6,1192),(15,2577),(51,224),(60,40)]	14.994883
526	[(11,135),(44,1522),(80,1851)]	15.079558
527	[(0,2309),(4,1344),(12,1194),(14,1473),(38,2176),(63,624),(83,1451)]	15.065257
528	[(19,2261),(61,2331),(62,1115)]	14.822805
529	[(16,2114),(21,16),(64,627),(66,1291),(69,535),(70,1988),(72,205)]	14.778199
530	[(12,390),(28,1631),(34,2255)]	16.135301
531	[(24,2193),(33,2354),(56,913),(67,2073),(76,2511),(89,1990)]	14.921227
532	[(13,2148),(25,719),(34,1792),(38,2103),(53,2999),(71,3127),(78,1760),(85,1363)]	15.123882
533	[(4,977),(37,2577),(76,901),(88,844)]	15.770493
534	[(2,2636),(15,3084),(30,2289),(40,2189),(54,1961)]	16.161548
535	[(3,2699),(27,1640),(52,2205)]	16.766006
536	[(6,2501),(17,1960),(25,932),(35,545),(38,2725),(82,2964),(87,573),(88,1641)]	15.282714
537	[(17,1948),(41,561),(68,141),(88,2531)]	14.777976
538	[(3,736),(13,2998),(37,1563),(61,2766)]	15.812584
539	[(18,2412),(28,1094),(53,1298),(57,2069)]	15.516088
540	[(43,1484),(55,2815),(85,781),(88,2205)]	14.755822
541	[(36,1284),(48,326),(51,1377),(67,573)]	15.247109
542	[(12,2361),(21,277),(52,295),(81,619),(86,1979)]	18.146373
543	[(4,890),(5,1246),(13,2761),(14,1096),(23,345),(28,3013),(60,699),(62,1126),(76,2949),(92,369)]	15.004515
544	[(16,998),(20,1225),(40,2414),(82,2680),(91,1969)]	14.954888
545	[(44,3095),(47,1845),(60,2208),(75,2133),(84,710),(91,823)]	15.123504
546	[(3,2041),(42,2008),(52,988),(60,894),(88,767),(89,993)]	15.252119
547	[(44,2078),(53,2333),(87,2544)]	14.926915
548	[(19,521),(51,1985),(59,2131),(67,1090),(80,2873)]	15.189933
549	[(50,2730),(51,1449),(63,2623),(77,906)]	15.852255
550	[(52,165)]	15.950454
551	[(5,392),(23,2932),(31,1979),(45,663),(67,1441)]	15.872931
552	[(21,424),(23,1806),(38,2487),(41,2504),(63,639)]	15.781555
553	[(68,1485)]	14.875403
554	[(80,2525)]	17.406556
555	[(2,2982),(12,2538),(28,9),(29,1796),(37,2776),(40,373),(64,2655),(81,2808)]	20.114460
556	[(1,267),(19,2415),(49,295),(55,27),(60,1555)]	15.365108
557	[(19,1493),(52,518),(53,1003),(55,545),(75,516)]	14.564039
558	[(5,661),(41,2156),(80,643)]	15.478804
559	[(67,1727),(71,2238),(72,123),(77,1291)]	17.263240
560	[(12,3055),(24,1572),(28,953),(40,2310),(67,2343)]	14.924978
561	[(3,2299),(9,1260),(72,1815)]	14.893867
562	[(30,1209),(40,1164),(41,522),(47,1363),(53,2121),(77,1120)]	14.608205
563	[(6,66),(9,712),(43,1719),(53,2494),(81,2075)]	16.681087
564	[(11,1623),(42,1367),(73,1473)]	16.591352
565	[(81,2681),(85,1974)]	15.159350
566	[(22,137),(53,1215),(61,2531),(66,2476),(75,277),(77,247),(80,1872),(90,1750)]	14.850766
567	[(10,1557),(11,2163),(17,268),(49,1656),(51,649),(53,2961),(63,612),(69,3048),(89,2867)]	16.041898
568	[(2,1970),(4,1515)]	14.822574
569	[(24,779),(48,1642),(60,1039),(62,344),(71,2606),(73,992)]	15.380770
570	[(51,1128),(68,2144),(91,1369)]	14.748158
571	[(19,112),(59,824),(60,990),(74,2854),(82,969)]	14.831906
572	[(2,2366),(7,1136),(41,441),(87,2128)]	16.763732
573	[(8,783),(64,509),(88,2176)]	14.607901
574	[(29,1023),(35,1640),(36,2070),(51,1460),(83,1726)]	15.009834
575	[(15,2092),(35,852),(63,1630)]	14.760810
576	[(21,1770),(66,2260),(71,2955),(72,1879),(79,2165)]	14.754658
577	[(42,136),(61,10)]	14.593284
578	[(5,371),(10,776),(14,2528),(16,2945),(47,3008),(62,664)]	14.839189
579	[(57,988),(76,1426)]	14.974565
580	[(2,2369),(4,2939),(52,2523),(62,2810),(72,1356),(82,329)]	14.913327
581	[(26,477),(41,2614),(50,1525),(52,450),(65,48),(75,1587)]	15.932237
582	[(29,1706),(30,2567),(67,3022)]	15.520286
583	[(8,1520),(17,460),(27,1698),(35,1804),(55,1717),(56,2415)]	15.548803
584	[(52,413),(61,2713)]	15.198890
585	[(3,1395),(28,1160),(37,2889),(64,3094)]	15.072162
586	[(0,1975),(12,2711),(33,1584),(53,422),(54,2720),(68,1796),(70,2492)]	14.985347
587	[(1,2956),(7,2899),(34,343),(40,141),(42,259),(67,1009),(76,16),(88,2240)]	14.932639
588	[(57,442),(65,2058),(74,2554),(92,1981)]	20.307651
589	[(13,2705),(36,967),(64,2072)]	28.756680
590	[(0,546),(45,2068),(68,2451),(76,818),(83,1911)]	16.530669
591	[(26,1660),(49,593)]	15.093418
592	[(5,482),(20,1641),(24,2635),(37,1122),(39,2032),(65,470)]	15.395954
593	[(13,1806),(51,736),(59,538),(67,756)]	15.651449
594	[(3,3098),(12,928),(20,1592),(24,603),(35,2394),(39,2743),(65,136),(83,2700)]	15.541526
595	[(10,458),(11,2648),(30,1667),(67,1318)]	15.564203
596	[(3,1265),(16,2884),(36,2034),(67,1271),(82,670)]	14.908091
597	[(12,1432),(49,2429)]	14.885048
598	[(22,1054),(40,3002)]	14.878760
599	[(9,1861),(27,1409),(37,1259),(40,1867),(54,397),(57,2324),(60,146)]	14.912782
600	[(31,1645),(64,2724),(70,2131)]	15.243463
601	[]	15.639278
602	[(7,1329),(8,1274),(10,1127),(57,1110),(72,2204),(91,1149)]	15.715881
603	[(14,3031),(20,1841),(68,1844),(74,2046),(77,2757)]	15.508193
604	[(16,648),(22,1365),(42,920),(51,2733)]	15.950423
605	[(24,2313),(28,407),(29,2218),(40,770)]	15.563779
606	[(29,997),(30,1348),(50,244),(76,542),(77,47)]	17.485701
607	[(35,587),(53,2086),(72,1967)]	15.069975
608	[(23,2336),(40,562),(49,841),(54,1917),(86,2394)]	15.028478
609	[(2,849),(15,1445),(38,286)]	15.619936
610	[(3,2645),(9,2080),(12,2027),(24,2806),(84,1216)]	14.736512
611	[]	14.941989
612	[(2,116),(10,2769),(15,2406),(53,1792),(55,1401),(60,1261),(63,2496),(69,2113),(72,1416),(74,1318)]	14.612135
613	[(50,963),(59,1075),(61,1298),(86,1705)]	16.621271
614	[(30,443),(34,1147),(37,1579),(42,1903),(55,419),(62,81),(77,1205)]	16.223705
615	[(17,309),(19,991),(37,166),(51,819),(52,1386),(65,2181)]	17.259541
616	[(38,1894),(41,3053),(51,1001),(57,1673),(80,531)]	15.976639
617	[(22,2686),(25,2353),(31,411),(79,2861)]	16.518792
618	[(16,2356),(40,2441),(85,364)]	20.865770
619	[(2,2901),(9,2717),(20,1605),(32,2858),(45,786),(56,562)]	16.641335
620	[(20,835),(23,424),(26,1587)]	14.717491
621	[(38,1155),(40,2090),(41,333),(75,1531)]	14.879484
622	[(6,1043),(39,235),(60,2544),(73,2412),(92,1436)]	14.777479
623	[(7,2394),(11,2623),(15,2118),(17,1174),(39,105),(42,381),(81,1265),(83,1333)]	15.942485
624	[(13,933),(26,2381),(56,1110),(87,2575)]	14.915521
625	[(7,18),(30,2167),(62,512)]	14.758265
626	[(29,800),(60,1475),(84,2174),(87,639),(89,2995)]	14.647449
627	[(14,1945),(50,998),(56,1047)]	14.534996
628	[(30,286),(54,865),(57,1140),(70,2725)]	14.737210
629	[(53,449)]	15.140545
630	[(7,1558),(10,1967),(20,1864),(27,2548),(70,752),(71,1577)]	14.979068
631	[(12,2030),(71,1380),(73,260),(85,2719)]	14.756065
632	[(17,985),(30,2455),(72,105),(74,1661)]	15.153482
633	[(17,956),(47,503),(69,1967),(72,982),(78,1243)]	14.804195
634	[(22,1218),(24,2038),(55,2681),(67,1240),(72,1058),(90,2640)]	14.626693
635	[(34,2222),(48,2331),(49,1115),(52,2204),(75,1259)]	14.716611
636	[(13,3105),(17,1555),(24,2595),(78,242)]	17.233795
637	[(2,2958),(9,391),(35,2234),(45,2636),(48,2826),(63,389),(67,443),(71,2999),(87,491),(92,1716)]	15.134375
638	[(21,1649)]	14.598388
639	[(5,2094),(15,2163),(21,50),(40,493),(52,2372),(66,896),(80,488)]	14.915367
640	[(1,102),(18,3112),(28,2621),(67,1428),(82,1063)]	14.628438
641	[(1,2230),(42,3046),(52,1590),(59,1891)]	15.580554
642	[(14,1482),(15,877),(46,2779),(64,3021)]	15.059048
643	[(41,803),(77,495)]	16.177502
644	[(6,1971),(33,1498),(70,5),(76,2243)]	15.045582
645	[(25,2364),(35,771),(51,1643),(54,396)]	15.193055
646	[(32,398),(38,1509),(62,136),(81,751),(88,3115)]	15.530246
647	[(20,10),(37,1749)]	14.838701
648	[(36,239),(40,2330),(52,2616),(86,1319)]	14.728367
649	[(37,2806),(41,2804),(49,941),(58,2984),(61,1002),(79,3064),(89,1327),(91,1768)]	15.011427
650	[(10,92),(17,2864),(19,1106),(30,3092),(46,2183),(49,435),(58,2794),(72,2159),(85,2585)]	14.801916
651	[(3,2926),(86,1155),(87,1481)]	14.696053
652	[(10,1957),(27,1095),(30,380),(33,965)]	15.824928
653	[(8,1161),(11,2239),(65,1567),(91,1226)]	14.907318
654	[(8,1256)]	19.892959
655	[(4,2130),(36,3065),(46,2157),(50,1935)]	28.492206
656	[(35,1859),(43,1030),(61,902),(79,1915)]	15.504276
657	[(1,1144),(43,1455),(54,2212),(59,924)]	15.211856
658	[(3,3058),(43,2986)]	14.786652
659	[(7,2833),(17,675),(30,20),(40,2714),(73,26),(81,2219),(82,1838)]	15.074087
660	[(2,2895),(8,2094),(15,1520),(31,664),(50,2045),(88,3021),(90,2915)]	15.071867
661	[(9,1150),(18,3113),(28,2982),(32,1822),(54,1312),(70,1234),(82,2300),(90,469),(92,915)]	14.959965
662	[(9,796),(64,1240),(71,536),(84,3053),(89,1747)]	14.676869
663	[(15,1805),(27,2481),(52,466),(57,2305),(67,2680)]	14.617067
664	[(10,590),(17,1821),(32,201),(47,637),(78,2681),(89,630)]	14.912233
665	[(1,1995),(14,846),(30,540),(73,1971),(77,2376)]	15.007807
666	[(30,2611),(37,1715),(61,14),(63,214),(69,2263),(74,1582),(81,33),(89,217)]	14.842749
667	[(7,505),(17,1355),(33,809),(68,1831),(70,195),(77,458),(87,2126)]	14.563950
668	[(17,1607),(36,2799),(54,761)]	14.629061
669	[(2,2484),(10,521),(36,1500),(40,2638),(75,2664),(78,1104)]	14.727996
670	[(4,714),(29,736),(34,3026),(54,2220),(91,2582)]	17.424484
671	[(22,2164),(25,389),(31,1263),(35,1909),(43,2547),(80,1235)]	14.923589
672	[(1,3079),(55,536),(89,512)]	14.687878
673	[(7,1320),(9,1927),(36,2994),(37,2250),(38,1266)]	14.848111
674	[(16,88),(26,2108),(83,1273),(85,1329)]	14.580305
675	[(16,1192),(38,2195)]	14.728162
676	[(87,2231)]	14.432924
677	[(31,2140),(72,393),(85,862)]	14.923395
678	[(18,1258),(69,976)]	15.406818
679	[(25,1404),(27,1837),(50,2953)]	14.709052
680	[(61,1197),(86,379)]	15.002413
681	[(3,729),(26,2807),(45,2384),(79,513),(85,2256)]	14.610441
682	[(9,2159),(58,1181)]	17.937279
683	[(4,1423),(14,1317),(36,1441),(38,3005),(41,1699),(57,2481),(76,792)]	20.285382
684	[(6,987),(21,114),(57,894),(70,1860),(82,2293)]	15.036421
685	[(15,2566),(41,810),(48,1623),(71,1399),(77,2300)]	14.929209
686	[(11,1025),(25,1629),(67,2741)]	14.845437
687	[(43,697)]	15.181044
688	[(24,129),(29,1737),(31,2203),(36,2630),(60,1840),(92,1865)]	14.785412
689	[(50,830),(84,2372)]	14.846750
690	[(16,750),(33,2557),(67,1986),(82,875),(84,1473)]	19.046507
691	[(21,2092),(30,814),(38,2144),(45,286)]	15.889887
692	[(10,1788),(22,2252),(63,3025)]	15.226581
693	[(91,1572)]	15.129069
694	[(30,2751),(65,2799),(80,2883),(83,2147),(89,1191)]	15.110474
695	[(2,2676),(15,1508),(38,1895),(72,120)]	14.902543
696	[(5,60),(26,2722),(77,1650),(81,1197),(86,2235),(90,1638)]	14.934874
697	[(13,2401),(28,2401),(59,406),(86,2493)]	15.259751
698	[(23,669)]	14.963342
699	[(24,1439),(30,281),(40,2946),(47,1932),(59,1744)]	14.944733
700	[(0,446),(3,1232),(18,2460),(30,2012),(42,2458),(55,2843),(57,1327),(67,2886),(82,2067),(83,946),(90,1799)]	17.355712
701	[(20,1334)]	15.051958
702	[(4,1195),(23,361),(33,1920),(46,2427),(68,3087),(72,958),(84,73)]	15.103062
703	[(9,2977),(13,2369),(19,2197),(32,511)]	15.225481
704	[(3,665),(34,2826),(47,3009),(52,3063),(68,55),(85,1831)]	15.001650
705	[(53,2161)]	14.578437
706	[(7,2760),(13,1448),(19,1592),(41,1845)]	15.555731
707	[(13,1222),(41,2220),(46,618),(62,1304)]	14.972314
708	[(8,1583),(35,2828),(43,321),(86,994)]	15.020613
709	[(42,1596),(46,976),(51,2699),(67,2356),(71,1362),(77,2003),(81,3078)]	15.606692
710	[(35,1373),(48,529),(82,2569)]	14.987071
711	[(7,1632),(13,2120),(25,303),(55,849),(65,1551),(66,474)]	14.633519
712	[(30,140),(38,458),(52,2382)]	14.707333
713	[(8,910),(22,888),(23,1601),(24,2596),(62,313),(73,593),(78,1729),(79,1183),(80,2534)]	15.400177
714	[(1,1706),(10,974),(40,1615),(41,315),(42,12),(45,1769),(48,2153),(62,2607),(87,1335)]	15.951321
715	[(12,2511),(22,2017)]	16.199380
716	[(21,1768),(53,989),(70,1904),(86,635)]	18.057544
717	[(2,303),(9,3066)]	14.940237
718	[(88,2271)]	15.846358
719	[(17,193),(25,3003),(30,2430)]	14.936208
720	[]	14.884619
721	[(27,1734),(75,1691),(76,1755)]	29.507883
722	[(9,184),(26,1525),(33,2763),(50,1042),(84,1059)]	20.623293
723	[(7,136),(13,2308),(14,2982),(33,2636),(67,2013)]	15.028526
724	[(14,837),(17,844),(22,129),(62,2092),(73,2591),(74,1522)]	15.562699
725	[(17,3066),(51,695),(73,1964),(77,1847),(78,603),(88,1120),(91,1888)]	14.965310
726	[(25,2499),(54,2482),(65,3108)]	14.678956
727	[(14,2666),(47,2210),(55,2871),(57,2433),(59,1535),(70,2718),(82,456),(87,368)]	14.561903
728	[(1,1137),(20,1737),(45,479),(50,2262),(69,528),(85,2583),(86,2067),(87,946),(89,1016)]	14.682814
729	[(15,2783),(33,3090),(55,719)]	14.823765
730	[(1,628),(27,60),(71,968)]	14.580956
731	[(6,912),(9,2318),(13,2295),(19,2602),(38,1875)]	14.673292
732	[(27,2738),(83,916)]	15.142439
733	[(5,2367),(14,721),(23,792),(37,1836),(43,1699),(61,1180)]	15.025154
734	[(0,573),(30,1033),(48,2846),(52,2712),(56,852),(67,1480),(88,1058)]	17.291920
735	[(0,798),(34,2567),(42,298),(57,1749),(74,1857)]	15.039628
736	[(17,2021),(29,228),(49,1904),(84,2387)]	14.578607
737	[(7,1729),(22,2274),(32,2157),(46,1562),(49,1258),(65,371),(86,1451)]	14.859530
738	[(1,1729),(21,682),(56,747),(61,981)]	14.603620
739	[(2,1998),(6,3125),(14,1131),(15,565),(30,667),(37,1432),(64,2403),(75,381),(89,1973)]	15.906931
740	[(63,51)]	15.151655
741	[(26,979),(28,1132),(48,702),(50,2946),(52,281),(54,2266)]	14.653592
742	[(25,1650),(45,1544),(58,209),(79,2054)]	17.004552
743	[(28,2145),(78,206)]	15.840458
744	[(7,844),(72,2234)]	14.738652
745	[(0,1843),(28,1489),(41,656)]	15.065371
746	[(7,386),(17,250),(18,2163),(21,2266),(30,2506),(74,1293),(77,1596)]	19.750803
747	[(1,2970),(48,1452)]	18.140060
748	[(11,2359),(24,2073),(27,11),(51,2735),(57,1965)]	14.787047
749	[(13,3063),(27,2284),(28,921),(30,541),(36,1194),(55,612)]	15.469694
750	[(1,934),(41,2124),(56,1809),(77,536)]	15.127784
751	[(37,736),(53,2418)]	15.398798
752	[(46,103),(66,2408)]	14.747544
753	[(28,933),(39,1910),(46,3113),(62,307),(70,29),(73,1376),(74,2618),(79,1927),(89,868)]	14.625849
754	[(11,970),(39,2812),(56,1064)]	14.742197
755	[(16,81),(52,799)]	15.181537
756	[(16,828),(59,1972),(60,1125)]	14.838408
757	[(2,1456),(17,2180),(18,95),(34,1505),(52,67),(82,954)]	14.722143
758	[(5,423),(20,2800),(23,2114),(33,1052),(45,999),(66,1087)]	14.866260
759	[(0,55),(23,1703),(88,1294),(90,2774)]	14.834699
760	[(18,2365)]	14.441426
761	[(21,2675),(27,3126),(28,910),(52,3088),(56,1347),(67,527),(72,1328)]	15.205788
762	[(15,546),(42,2794),(80,2439),(83,2578)]	14.693719
763	[(14,2575),(35,2744),(69,2710),(74,2477),(77,2947),(82,1323)]	14.654342
764	[(11,165),(36,2018),(85,2021)]	14.906148
765	[]	16.502965
766	[(2,2990),(24,1169),(35,2212),(81,2173),(87,377),(91,2406)]	15.564362
767	[(3,659),(6,1123),(7,2341),(22,419),(29,347),(45,2598),(63,1611),(67,1335),(76,1288)]	15.058724
768	[(31,845),(32,2672),(50,2747),(91,2005)]	15.497955
769	[(7,893),(8,2218),(44,2465)]	14.506385
770	[(21,852),(23,2853),(44,1344),(92,773)]	14.951010
771	[(5,1121),(25,2368),(31,2368),(65,1680),(81,2476),(89,1452),(92,1699)]	14.754303
772	[(9,916),(10,2903),(11,1471),(23,2241),(42,1899),(52,2772),(79,2676),(88,1509)]	15.168981
773	[(36,2194),(41,2736),(71,488),(76,1456),(86,1576),(91,482)]	14.964096
774	[(4,2214),(5,2403),(29,725),(51,301),(63,1958),(69,1250),(82,2803)]	16.433742
775	[(1,2335),(38,1402),(44,2839),(55,264),(68,2598),(71,1304),(89,1328),(90,334)]	17.580874
776	[(21,1471),(34,2962),(55,1599)]	16.766057
777	[(3,1973),(19,2088),(31,861),(39,1850),(54,1762)]	16.433553
778	[(7,1336),(21,2979),(50,2110),(55,1311),(79,1149),(90,1592)]	16.994517
779	[(17,410),(30,87),(51,1265),(68,1041),(69,2295)]	16.775788
780	[(11,3061),(14,1397),(26,680),(55,4),(61,957),(92,994)]	16.417685
781	[(0,897),(38,2026),(53,2907),(78,1076)]	15.375419
782	[(10,1450),(33,2779),(61,359),(86,327)]	14.837659
783	[(0,2601),(12,833),(13,613),(27,1462),(60,1824),(78,1550),(84,392)]	14.702913
784	[(24,395),(28,2986),(49,2620),(81,1866),(87,3023)]	14.936735
785	[(7,3063),(9,815),(12,2250),(13,1266),(34,1304),(44,1524)]	14.588551
786	[(29,1846),(55,1860),(58,2099)]	16.433534
787	[(18,936),(19,367),(21,23),(25,2210),(52,685),(77,759)]	26.289732
788	[(22,585),(42,319),(71,1845),(85,2371)]	23.385046
789	[(3,2604),(35,554),(39,240),(52,2719),(53,1517),(81,1024),(89,799)]	15.380514
790	[(6,1155),(53,24),(87,1566)]	15.511754
791	[(43,827)]	14.811297
792	[(4,1025),(29,2787),(50,1583),(77,1182)]	14.910691
793	[(42,442),(44,1878)]	14.675287
794	[(32,2958)]	14.719406
795	[(13,2906),(16,2844),(29,1076)]	14.674664
796	[(24,2984),(55,679),(78,2133),(85,2299)]	14.627730
797	[(1,1192),(5,1641),(39,1950),(48,2946),(59,468),(81,1677),(84,675)]	15.151503
798	[(9,2766),(15,2669),(34,2047),(47,944),(71,484),(78,1739),(84,456)]	17.873290
799	[(20,1568),(22,291),(60,2442)]	15.040185
800	[(31,1329),(47,972),(62,2301),(67,452),(75,593),(89,9)]	15.814356
801	[(53,249),(54,674),(66,2303)]	15.007688
802	[(6,2078),(24,998)]	15.894222
803	[(7,1589),(25,1481),(31,189),(43,2423),(44,2438),(61,2068),(75,1320)]	15.405894
804	[(6,1919),(12,1227),(66,2906),(88,383)]	16.237913
805	[(21,2541),(59,870),(62,2512),(75,996)]	14.923499
806	[]	14.742630
807	[(0,610),(19,513),(20,2607),(24,1491),(25,1344)]	14.734737
808	[(2,1851),(27,2512),(74,2467),(83,892),(91,1213)]	14.624658
809	[(14,1072),(20,2772),(53,147),(60,2534),(74,164),(86,883),(88,1048),(89,2846)]	16.968045
810	[(12,849),(53,2462),(67,1038),(71,2469),(73,786),(87,1980)]	20.502382
811	[(5,1861),(20,2428),(21,69),(26,1842),(66,935),(70,271),(80,622),(92,1720)]	15.305981
812	[(0,2466),(14,374),(39,1701),(44,782),(47,3025),(51,2126),(70,1713)]	15.029832
813	[(21,2506),(39,274),(73,1442),(78,1393),(89,2022)]	15.738630
814	[(4,672),(22,1653),(26,1591),(34,1434),(48,1731),(78,263)]	15.441205
815	[(2,889),(24,2101),(29,1601),(32,1506),(74,2215)]	17.638778
816	[(29,2989),(31,2580),(50,2444)]	15.711827
817	[(9,401),(19,863),(92,2974)]	15.034354
818	[(0,1092),(13,797)]	15.117138
819	[(10,3084),(32,900),(72,2200),(83,413)]	14.704954
820	[(9,179),(39,485),(79,1798)]	14.781925
821	[(49,850),(54,1552),(68,2040),(89,176)]	14.704837
822	[(5,160),(12,1197),(22,2620),(31,693),(46,3041),(88,851),(91,2797)]	15.777014
823	[(28,2823)]	14.609287
824	[(47,1914),(63,3110),(67,1347),(77,1587),(88,733)]	15.030131
825	[(48,2397)]	14.790526
826	[(3,129),(15,2506),(49,1265),(51,1333)]	16.194621
827	[(32,1079),(33,2226),(43,319),(61,735),(62,3048),(64,1390),(80,1652),(87,798)]	15.253101
828	[(33,2955),(34,1879),(49,2211),(53,2379),(77,2504)]	16.686237
829	[(16,121),(62,601)]	14.859959
830	[(5,292)]	14.746218
831	[(3,2335),(30,1465),(44,1175),(72,794),(74,1849)]	14.725359
832	[(52,1152),(57,289),(69,2450)]	15.196196
833	[(9,35),(21,2865),(44,1265),(47,1180),(80,2638),(89,3029)]	15.235450
834	[(4,463),(7,2105),(21,1813),(59,2858)]	15.084158
835	[(4,279)]	14.885849
836	[(22,111),(50,90),(79,1880)]	14.873661
837	[(3,1983),(64,145),(84,1404),(88,908)]	14.683031
838	[(31,2495),(35,2696),(84,3015),(92,2286)]	17.263130
839	[(23,1338),(39,636),(54,392),(58,1527)]	17.346596
840	[(62,2246),(66,1920),(87,2029)]	15.862303
841	[(14,2579),(78,1578)]	14.927841
842	[(37,1061),(50,2022),(84,208),(92,589)]	14.814390
843	[(13,800),(14,1164),(71,2287),(85,1785)]	14.853156
844	[(22,2343),(40,2425),(86,1133)]	15.157155
845	[(23,1772),(33,1685),(75,853),(77,266),(78,2961),(90,533)]	14.730195
846	[(13,2941),(23,2642),(45,3111),(50,410),(86,1080)]	14.733089
847	[(8,475),(69,1652),(73,1693),(78,2179),(83,1617)]	15.278297
848	[(27,413),(45,3017),(48,2645),(56,3060),(58,1489),(67,1402),(79,2206)]	14.686507
849	[(8,2622),(58,1117)]	15.347121
850	[(34,671),(37,1787),(90,489)]	14.908739
851	[(14,1521),(44,1509)]	15.080829
852	[(0,2666),(15,2146),(21,2713),(29,166),(46,1958)]	14.896019
853	[(8,2371),(29,3071),(46,2826),(69,1609),(80,657),(88,1558),(92,2472)]	22.104243
854	[(42,2113),(77,152)]	26.249879
855	[(16,2602),(30,2622),(34,1827),(42,1752),(49,310),(64,1455),(70,658)]	15.023154
856	[(30,3046),(32,1127),(42,402),(63,1460)]	14.789980
857	[(3,2365),(18,1284)]	15.010240
858	[(29,1018),(69,2137)]	14.704893
859	[(38,1809),(48,1704),(78,252),(90,2706)]	14.631876
860	[(1,437),(40,2638),(43,2967),(44,273),(59,1068),(64,991),(73,2298)]	14.698339
861	[(9,1384),(10,1368),(60,1311),(64,1620),(71,2771),(72,1749),(76,2236)]	14.847553
862	[(16,2767),(28,1577),(42,2871),(88,2082)]	17.255139
863	[(6,1852),(69,1011),(71,2155),(92,1756)]	14.914077
864	[(31,1977),(63,2675),(73,2765)]	14.901559
865	[(2,2032),(11,1610),(75,1809),(86,349)]	16.205359
866	[(10,1606),(81,313)]	15.821109
867	[(85,318),(87,1472),(91,1488)]	14.806779
868	[(3,1484),(21,2350),(67,2297),(69,158),(90,156)]	14.583302
869	[(0,2476),(13,1091),(44,1303),(70,1331),(74,893)]	16.035740
870	[(1,1262),(24,1316),(55,3057),(62,741),(87,30)]	15.431781
871	[(16,1015),(33,1957),(79,2140),(92,2867)]	14.784933
872	[(19,1737),(32,976),(37,2074)]	14.760812
873	[(9,2975),(38,1046),(77,1740)]	17.385409
874	[(3,2808),(7,1429),(14,2761),(16,1247),(53,639),(57,2229)]	19.413472
875	[(5,1742),(23,1680),(66,1394),(69,1785)]	15.040135
876	[(37,679),(43,2043),(49,548),(87,626)]	14.520429
877	[(2,1042),(17,2260),(27,347),(50,2484),(70,1806)]	15.237085
878	[(1,2774),(11,1171),(24,2771),(33,2667),(41,2389),(61,2067),(81,309),(83,991)]	14.780762
879	[(10,1059),(31,1618),(37,2136),(69,810),(83,1039),(85,344)]	15.083027
880	[(32,561),(34,1146),(47,1894),(75,505),(77,991),(82,2885),(85,88)]	14.934088
881	[(0,2779),(3,2920),(13,916),(14,2903),(37,1532),(40,2263),(73,114),(74,1905)]	16.017659
882	[(7,2379),(10,1306),(59,2783),(68,1088)]	14.795756
883	[(17,2787),(36,1538),(78,2745)]	14.689577
884	[(10,1466),(18,1683),(32,1217),(34,960),(43,992),(46,1368),(48,2266)]	14.831411
885	[(6,1170),(11,2166),(81,103)]	14.618834
886	[(3,167),(8,2488),(9,1107),(10,31),(24,1755),(34,2462),(47,736),(49,1166),(62,860),(78,1010),(88,1177)]	15.529298
887	[(42,2874),(64,1410),(76,872),(83,1656),(92,3034)]	14.637365
888	[(7,2682),(11,502),(16,1484),(17,2123),(45,624),(92,618)]	15.133175
889	[(9,712),(11,2569),(36,52)]	14.804179
890	[(20,2954),(40,2576),(46,55),(48,2212),(54,992)]	14.942506
891	[(15,1128),(44,2467),(60,415),(72,1209)]	14.457526
892	[(16,534),(55,2167),(66,187)]	16.155708
893	[(7,535),(24,1454),(47,1372),(68,2781),(84,58)]	16.025782
894	[(18,1842),(36,1253)]	14.652522
895	[(16,2593),(23,652),(27,859),(29,3095),(36,2051),(38,9),(39,1796)]	14.866982
896	[(22,2172),(28,1983),(38,1184)]	14.565712
897	[(44,2115),(90,3043)]	15.209339
898	[(20,639),(41,2255),(54,1601),(60,54),(65,2859),(85,1426)]	14.495713
899	[(20,1083),(48,1140),(54,193),(58,2341),(74,783)]	15.250623
900	[(10,2936),(14,2803),(17,2774),(53,2530),(71,171),(79,2154),(85,2371)]	16.329866
901	[(14,1591),(29,416),(41,2438),(42,3097),(43,2614)]	14.801973
902	[(9,120),(13,3070),(23,575),(39,1528),(48,2260),(65,651),(77,1534),(85,525)]	14.937115
903	[(9,1202),(38,1900),(58,2473)]	14.649518
904	[(8,2822),(82,1847)]	14.591327
905	[(1,101),(44,2210),(54,966),(65,3107),(72,881),(78,2741)]	14.730416
906	[(7,1095),(38,779),(91,533)]	15.021145
907	[(7,2808),(19,1856),(29,2651),(39,254),(74,1221)]	14.518256
908	[(14,926),(23,438),(28,928),(31,279),(33,1835),(37,2269),(39,304),(67,893),(68,2218),(85,2219),(90,481),(91,2945)]	14.692227
909	[(3,236),(7,70),(11,1502),(20,1422),(42,756),(49,2804)]	14.904702
910	[(10,1419),(15,1868),(32,1515),(37,2462),(50,2349),(52,243),(53,1673)]	15.265160
911	[(15,890),(30,1536),(83,1556)]	14.608569
912	[(24,189),(45,479),(47,2623),(57,2466),(64,790)]	15.040395
913	[(0,1865),(3,1763),(44,2839),(64,318),(89,2368)]	15.107786
914	[(3,1354),(8,1884),(55,255),(57,1674)]	16.522315
915	[(25,2198),(59,1210)]	15.215659
916	[(0,1325),(5,2830),(38,1067),(45,1595),(54,2479),(66,2220),(70,1754),(84,2232),(91,2949),(92,1457)]	17.403545
917	[(56,1023),(80,2203),(86,1802)]	14.561931
918	[(9,141),(49,1751),(67,1957),(74,2298)]	14.518796
919	[(0,1858),(4,1206),(28,2546),(58,860),(74,2189)]	14.907049
920	[(35,176),(61,2714),(66,762)]	24.806768
921	[(7,2853),(11,1273),(18,3102),(86,1421),(90,316)]	32.897797
922	[(80,791),(82,2629)]	32.561070
923	[(3,1423),(31,3100),(33,1470),(36,1972),(55,1474),(77,1773),(79,2937)]	28.250964
924	[(14,2457),(23,1957),(31,206),(63,447),(71,1953)]	32.295907
925	[(15,2929),(37,379),(86,1403)]	31.434366
926	[(11,1086),(60,563),(68,2457),(73,286)]	29.348115
927	[(22,52),(58,78),(88,2538)]	32.558935
928	[(0,2064),(12,3097),(36,1436)]	29.369724
929	[(2,1176),(20,1209),(41,319),(43,1809),(45,970),(51,2141),(53,489)]	27.780308
930	[(5,2749),(26,2366)]	29.667507
931	[(3,2172),(8,1811),(16,3069),(23,236)]	29.146461
932	[(19,2312),(31,290),(58,1659)]	33.210582
933	[(0,1345),(5,2703),(38,296),(52,1144),(54,3068)]	28.178548
934	[(26,737),(42,1892),(45,1123),(48,928),(54,3053),(55,33),(63,2527)]	29.651178
935	[(4,2913),(8,2568),(26,1073),(39,2418),(68,2109),(76,2044),(83,1095),(85,766)]	29.306640
936	[(25,252),(31,2667),(92,2511)]	29.979819
937	[(27,372),(28,2450),(65,2236),(73,2219)]	29.527961
938	[(52,2325),(78,2618),(81,1174)]	29.242658
939	[(11,2413),(29,163),(67,750)]	29.544490
940	[(17,722),(29,1143),(31,1091),(32,508),(42,267),(60,58),(87,1123)]	29.296054
941	[(2,3007),(58,868),(69,1931)]	30.217705
942	[(35,515),(37,480),(72,2200),(79,3055),(88,1718)]	29.663112
943	[(2,1454),(4,864),(42,2825),(73,1990),(75,1310),(77,2999)]	29.956894
944	[(53,604)]	29.356379
945	[(12,984),(21,1522),(63,1639),(72,2548)]	29.632705
946	[(40,447)]	29.448768
947	[(47,2049),(61,872),(77,1558)]	29.177358
948	[(22,1787),(29,769),(64,991)]	30.215502
949	[(10,2778),(36,2713),(65,1523),(70,403)]	30.404547
950	[(1,2742),(19,1875),(32,1841),(67,1049),(70,212),(80,2551)]	29.705841
951	[(12,2950),(15,12),(52,2025)]	31.068115
952	[(1,1991),(30,2873),(45,1830),(64,778),(91,2813)]	27.763602
953	[(23,2117),(42,2336),(46,2670),(72,401),(78,418)]	29.186630
954	[(14,709),(27,1850),(69,2231),(82,1373),(90,1159)]	28.761476
955	[(50,1220),(76,154)]	31.528227
956	[(8,1147),(17,2675),(41,2745)]	29.242424
957	[(39,590),(56,2029),(89,1768)]	30.209984
958	[(2,887),(20,956),(40,1044),(50,1164)]	34.221149
959	[(16,1873),(53,2383)]	29.720564
960	[(26,1776),(71,516)]	28.966683
961	[(18,2894),(38,2311),(46,2948),(85,1367),(87,2166)]	29.157518
962	[(0,1495),(34,1642),(50,1286),(67,2386)]	28.148333
963	[(9,1320),(22,244),(48,2098),(63,2064),(85,346),(91,913)]	30.690598
964	[(18,3002),(37,1835),(41,1757),(51,2121),(57,1365),(68,1673)]	29.458861
965	[(39,1594)]	37.127223
966	[(62,2758),(82,436),(92,2339)]	48.734069
967	[(4,2358),(13,953),(15,2768),(42,4),(69,971),(82,2842),(92,2080)]	37.941320
968	[(16,1014)]	39.417719
969	[(26,2980),(30,2856),(37,1510),(62,2420),(71,3116)]	33.047544
970	[(29,2597),(68,3049)]	30.398658
971	[(30,2966),(83,2126),(84,1030)]	27.875252
972	[(28,2181),(60,2080),(77,527),(84,753)]	33.495054
973	[(2,3076),(52,604),(69,496),(83,484)]	31.707275
974	[]	30.732213
975	[(22,878),(26,817),(39,2255),(75,300)]	31.286646
976	[(28,1199),(29,1966),(74,3056),(86,1504),(88,205),(92,2260)]	28.957065
977	[(40,2025),(54,3064),(58,51),(85,2424)]	32.512666
978	[(36,1760),(49,205),(85,427),(91,1649)]	27.000886
979	[(0,151),(10,2307),(15,857),(26,1667),(50,1109),(57,2179),(64,2683),(77,379)]	31.186106
980	[(28,258),(31,1986),(54,791)]	30.634228
981	[(5,2963),(35,2695),(63,1536),(69,674),(92,1057)]	33.551248
982	[(37,335),(54,1260)]	54.873549
983	[(49,2472),(61,1622)]	73.036880
984	[(8,2807),(54,2397),(56,2028),(68,496),(90,2459)]	52.873268
985	[(14,986),(17,723),(21,2890)]	31.416610
986	[(34,1540),(35,2054),(36,2245),(60,1395),(68,903),(82,2494),(85,2164)]	29.866027
987	[(0,950),(33,298),(41,2108),(44,611),(48,2897),(49,785),(57,1149)]	41.178325
988	[(44,2859),(74,473)]	33.138718
989	[(10,154),(67,1229),(86,1900)]	30.661995
990	[(49,2286),(59,1094)]	30.081901
991	[(1,2258),(25,2206),(30,138),(48,89),(80,1415)]	36.908371
992	[(43,2013),(58,2898)]	32.336299
993	[(4,686),(6,656),(31,1182),(60,87),(71,1952),(84,1056),(91,2487)]	30.568300
994	[(31,2600),(35,325),(46,613),(49,757),(58,1539),(63,2980),(71,1656)]	30.390836
995	[(12,1471),(28,2237),(56,1407),(60,1239),(66,1110)]	29.567746
996	[(13,925),(16,1976),(19,1728),(29,222),(41,2355),(54,2653)]	29.538253
997	[(4,2227),(70,2655),(82,1762),(87,507),(91,1418)]	30.282280
998	[(7,1657),(43,2957),(55,723),(85,195),(88,587)]	30.224959
999	[(3,926),(34,136),(37,715),(52,646),(54,2455),(62,499),(64,1973),(75,592)]	42.180845
