ruleset_index	matches	time_ms
0	[(59,2534),(70,5005),(71,910),(87,2119)]	37.498381
1	[(11,4544),(44,2744),(45,4397),(55,2369),(69,3168),(89,4811)]	19.689324
2	[(9,1254),(16,4375),(27,339),(39,3993),(76,1150),(79,917),(82,3779)]	18.813334
3	[(3,2758),(11,135),(22,1897),(35,1614),(53,3777),(88,974),(91,3889)]	19.231010
4	[(4,2038),(23,4236),(34,2731),(56,2020),(57,1887),(65,3921),(70,1649),(84,3155)]	22.559556
5	[(5,4883),(44,2756),(89,3888)]	25.560720
6	[(7,3081),(27,3072),(31,3807),(33,2888),(38,1398),(49,3182),(61,2854),(62,4777),(64,1167),(71,1631),(89,3289)]	20.148949
7	[(2,1933),(12,5059),(16,728),(20,1169),(23,3096),(26,1097),(33,4874),(90,3055)]	19.590842
8	[(8,2565),(24,1757),(30,4315),(48,95),(51,647),(61,313),(64,4424),(74,3407),(78,5011),(87,3830),(92,192)]	21.259491
9	[(21,2037),(27,1277),(32,1604),(47,4914),(55,98),(69,3478),(78,3912),(92,5105)]	20.904169
10	[(3,3122),(80,1324),(81,5085)]	20.132779
11	[(1,3245),(2,2089),(7,3194),(18,2246),(27,3735),(53,2801),(68,2914),(74,2612),(76,1689)]	18.824360
12	[]	19.036242
13	[(0,1452),(15,871),(18,1586),(23,5023),(32,3274),(88,2959)]	19.425099
14	[(5,93),(20,2602),(29,1418),(37,4980),(49,4002),(82,3796)]	19.978681
15	[(1,4651),(4,4600),(41,4387),(48,2095)]	20.465935
16	[(4,4825),(11,3570),(24,1213),(35,389),(51,2064),(67,3149)]	19.889675
17	[(4,3852),(52,3120),(84,3994),(90,5036),(91,644)]	19.683703
18	[(0,4716),(4,3618),(8,1001),(44,4015),(46,1148),(54,4067),(66,188),(70,1571),(74,4959)]	19.123519
19	[(6,1135),(9,790),(10,2221),(22,1007),(30,3610),(31,2381),(38,1031),(39,2933),(53,2769),(59,1855),(66,3165),(74,2401),(86,1579)]	19.266538
20	[(11,85),(17,3115),(64,4220)]	19.915303
21	[(4,1209),(8,516),(11,4169),(14,2155),(15,2228),(31,4167),(42,2360),(53,2732),(64,4069),(75,282),(76,4559),(84,4358),(89,2819)]	20.071478
22	[(3,2417),(10,2883),(15,505),(19,3287),(37,728)]	20.949047
23	[(15,2684),(22,2981),(34,1827),(36,81),(51,3563),(59,903),(66,2028)]	19.238861
24	[(4,2633),(18,3096),(22,4363),(35,1794),(43,4346),(45,692),(49,2139),(58,2469),(60,1777),(92,3099)]	21.318258
25	[(34,2454),(47,3813),(61,839),(70,4692),(75,1044)]	19.324013
26	[(0,1958),(3,4828),(6,3894),(10,568),(14,4577),(33,5074),(34,1445),(37,1461),(39,1477),(83,3230)]	19.600622
27	[(4,3611),(5,2951),(6,4455),(23,810),(26,991),(50,2748),(68,1837)]	19.542992
28	[(7,1529),(11,621),(82,4811)]	19.169653
29	[(2,391),(4,2872),(13,1180),(28,46),(40,2432),(59,168),(66,2598),(76,660),(77,1240),(78,441),(80,4653)]	19.436506
30	[(8,3346),(15,1003),(18,468),(21,933),(23,926),(46,2994),(47,5049),(74,1714),(75,5084),(79,2585),(86,5099),(91,956)]	19.238732
31	[(27,4755),(41,3606),(59,858),(88,2322),(89,372),(92,869)]	19.221110
32	[(9,2529),(13,141),(43,3119),(65,1178),(67,981),(69,3726),(75,3226),(89,2223)]	23.482476
33	[(4,4571),(18,4301),(20,1020),(28,3094),(32,4242),(35,2245),(40,2775),(41,3550),(42,4766),(68,252)]	19.656286
34	[(1,2925),(8,1138),(42,232),(61,570),(75,4110)]	19.201447
35	[(10,4830),(54,115),(67,2452),(72,3714),(73,2219),(75,1688),(90,4284),(92,2821)]	20.374694
36	[(35,576),(54,1057),(81,382),(83,816)]	21.513002
37	[(9,1451),(13,160),(17,1392),(18,4070),(61,4662),(62,2120),(74,4408)]	19.868239
38	[(8,3716),(19,72),(26,2283),(30,1444),(32,3604),(42,1015),(50,1226),(61,457),(63,4147),(89,1636)]	19.579643
39	[(15,1545),(24,4834),(39,3330),(50,4596),(73,4583)]	19.964718
40	[(7,1066),(30,2251),(31,4714),(49,4756),(76,2081),(77,3501),(90,3265)]	19.647238
41	[(0,4388),(2,4346),(6,2086),(18,5081),(34,2099),(44,2489),(50,3398),(62,2777),(75,1740),(77,1632),(87,1544)]	20.162266
42	[(19,3287),(31,3510),(32,4407),(33,5084),(53,4932),(65,2663),(75,3506),(80,1745)]	19.160725
43	[(14,425),(28,2739),(34,1753),(64,324),(81,864)]	18.902186
44	[(1,1025),(2,3819),(4,4530),(5,2047),(45,3961),(55,5036),(56,644),(67,1717),(73,2955)]	19.562179
45	[(21,2382),(23,5102),(25,3452),(28,2449),(29,3475),(62,1699),(80,291),(89,4227),(90,2661)]	20.294474
46	[(0,4798),(36,4868),(40,3652),(48,3274),(59,96),(65,1894)]	18.744736
47	[(3,4611),(15,3303),(25,4122),(40,784),(48,720),(53,157),(56,2819),(66,4484),(70,731),(75,916),(81,2327),(86,3421)]	19.006965
48	[(2,4011),(3,1105),(28,4216),(35,935),(63,2150),(69,4181),(85,5005),(86,910)]	18.718176
49	[(28,1380),(33,1290),(41,4625),(43,3054),(51,2008)]	19.107137
50	[(31,801),(36,2757),(64,3002),(70,145),(75,3302),(82,231),(88,3662)]	20.231892
51	[(13,290),(19,1789),(26,823),(27,902),(49,3912),(87,208)]	37.720240
52	[(1,1),(7,3928),(15,1894),(33,1940),(47,979),(57,2324),(58,3121),(65,1735),(68,4200),(72,1847),(86,3974)]	20.048670
53	[(1,2186),(50,3411),(51,1473),(54,4645),(59,4573),(65,4891),(68,5093)]	23.200311
54	[(8,4049),(21,2171),(34,5065),(42,3917),(55,4358),(58,1606),(76,1964),(80,4370),(91,2306)]	26.453418
55	[(16,3044),(23,3436),(40,961),(69,2021),(90,4122)]	20.845308
56	[(3,1305),(34,3479),(52,4652),(67,4693),(84,1140)]	21.301560
57	[(5,2118),(23,3449),(54,4516)]	20.818845
58	[(10,1062),(27,1873),(33,1314),(41,282),(42,4559),(44,2339),(65,54),(92,804)]	20.221465
59	[(10,4030),(11,189),(14,3112),(19,1132),(21,57),(27,3152),(30,2451),(44,4496),(65,3925),(86,3294),(89,5029)]	19.911164
60	[(46,3712),(61,4529),(76,858),(77,2862)]	19.504212
61	[(25,310),(30,4223),(32,1050),(43,2283),(52,2284),(59,2634),(70,333),(73,3193),(85,997)]	19.832599
62	[(3,5076),(72,426),(83,2885),(91,708),(92,2978)]	19.101539
63	[(63,3512),(77,144),(82,1961)]	19.050754
64	[(35,868),(45,402),(59,2467),(62,4630)]	19.017427
65	[(2,1499),(16,486),(18,4360),(27,1660),(39,532),(62,3171),(84,3005)]	20.237032
66	[(11,506),(22,2565),(28,970),(43,3075),(59,24),(67,1124)]	19.086957
67	[(14,3387),(15,1042),(21,2059),(51,3499),(57,1352),(86,58)]	18.687154
68	[(20,5088),(39,1662),(47,1509),(49,3955),(64,5020),(81,4138)]	19.136141
69	[(4,1924),(7,2185),(9,4698),(10,3285),(13,1472),(32,2099),(44,3336),(50,3023),(56,1402),(70,3321),(74,1952),(75,526),(76,598),(92,3319)]	19.753584
70	[(3,1605),(17,359),(40,1974),(42,226),(67,3377),(75,2415),(77,404),(87,3613),(91,2677)]	20.394215
71	[(0,3393),(22,4509),(31,763),(68,1971)]	21.214317
72	[(0,1310),(30,3222),(44,1461),(67,2908),(75,3153)]	20.500978
73	[(6,3802),(27,4043),(38,1396),(39,2558),(61,486),(63,4360),(65,3878),(80,1639)]	19.045801
74	[(2,4665),(24,2579),(25,1453),(32,87),(49,4170),(51,763),(60,3219),(77,3581),(81,964)]	19.381657
75	[(6,1217),(23,1679),(31,1784),(36,3150),(55,3944),(75,799),(83,1279),(86,898)]	20.266941
76	[(6,1686),(11,1952),(12,526),(20,3113),(26,935),(36,1085),(49,4845),(57,4207),(59,3953),(64,2739)]	19.352531
77	[(15,2570),(29,975),(30,3001),(40,1535),(42,623),(45,3425),(46,2086),(87,527)]	19.000999
78	[(9,21),(10,167),(13,1578),(33,2867),(34,1537),(37,3677),(38,2179),(58,944),(59,3695),(67,4959),(68,3273),(69,2616),(74,718),(87,2656),(91,2355),(92,1464)]	22.090301
79	[(0,2164),(13,1930),(31,2540),(48,3855),(54,538),(91,3499)]	20.484973
80	[(9,2156),(10,2879),(34,40),(35,2044),(49,2010),(88,2419),(89,4777)]	19.897947
81	[(12,2226),(31,2909),(33,4550),(60,4981),(89,3705)]	21.727498
82	[(0,2537),(5,1428),(27,3024),(28,1568),(29,5023),(36,3026),(39,785),(57,4044),(84,173),(86,4003)]	19.803143
83	[(12,2047),(49,3034),(84,4144),(91,2982)]	19.052644
84	[(5,1584),(7,7),(17,4272),(69,623),(74,3205)]	19.555701
85	[(15,3211),(30,1110),(31,4321),(42,2113)]	20.219062
86	[(26,2855),(37,2766),(67,3858),(73,1332),(77,1969)]	22.932710
87	[(17,3813),(59,701),(75,817),(78,3982)]	19.277431
88	[(9,3510),(30,2165),(32,626),(72,2249),(74,210),(84,249),(87,2163)]	19.914161
89	[(21,4515),(26,849),(27,4311),(29,5012),(78,1665),(80,847)]	18.915025
90	[(31,3103),(36,1451),(54,2586),(59,724),(60,1939),(64,3307),(66,471),(85,2750)]	18.872039
91	[(4,1915),(17,3598),(45,4448),(47,150),(51,371),(70,1192),(75,2481),(78,386)]	18.873808
92	[(9,5061),(34,163),(37,4059),(61,411),(83,4552),(86,2533)]	18.816773
93	[(8,364),(14,3203),(19,1134),(25,4844),(44,719),(48,1741),(61,3592),(79,904)]	19.309967
94	[(2,2243),(21,3520),(42,3236),(51,5038),(57,4287),(69,1162),(77,178),(86,1581)]	20.771628
95	[(0,4478),(3,1242),(5,3468),(9,3531),(18,4187),(20,2101),(23,4676),(31,2245),(53,4088),(57,4030),(78,1820),(85,1073),(87,1172),(88,3381),(91,2357)]	20.649870
96	[(7,4825),(17,4569),(76,1803),(77,849),(79,2223),(89,4285)]	19.518312
97	[(7,2255),(17,4688),(23,2789),(44,2828),(45,2797),(46,4691),(60,694),(65,5069),(67,850),(72,1976),(74,2922),(82,1338),(84,2466)]	19.098345
98	[(39,1235),(46,3937),(58,4125),(82,2372)]	19.850074
99	[(26,2756),(32,83),(43,614),(47,4285),(54,4274),(55,2056),(74,1480),(91,350)]	20.491381
100	[(18,3545),(23,4044),(26,2800),(46,4993),(57,3400),(58,3686),(61,4512),(66,3794),(84,1535),(87,3931)]	21.004759
101	[(60,4698),(61,3285),(62,1458),(63,2973),(69,1354),(77,5089),(81,1516),(82,4696)]	31.045732
102	[(8,3424),(13,3943),(38,2146),(44,4504),(48,1969),(59,146),(61,1261),(75,2761)]	33.921304
103	[(1,4971),(11,3220),(28,1402),(59,2085),(61,2581),(73,1555),(92,1334)]	23.330903
104	[(2,2079),(9,2154),(26,3417),(28,2530),(38,3140),(44,2007),(66,2178),(68,2901),(88,2922),(90,1998)]	19.974832
105	[(3,4210),(13,937),(18,2468),(24,2907),(28,2394),(34,4748),(37,3157),(40,2668),(49,1542),(56,1169),(57,4255),(59,4904),(66,1802),(79,2053)]	20.738506
106	[(2,1318),(12,3757),(18,1396),(19,2558),(23,5026),(26,4310),(30,1513),(83,1357),(87,4144)]	19.519785
107	[(15,393),(17,1903),(34,3019),(53,133)]	19.289765
108	[(17,2427),(21,2262),(37,3624),(39,4401),(52,1802),(63,4186),(64,2728)]	19.025553
109	[(4,5025),(8,2159),(11,3789),(20,4861),(30,662),(40,4684),(47,4379),(51,1581),(57,2278),(69,3812),(90,3526)]	21.281934
110	[(7,486),(15,1124),(24,3344),(52,4723),(66,1505),(81,3058)]	20.467184
111	[(17,3938),(23,4438),(31,3072),(39,960),(50,3889),(61,3250)]	22.495321
112	[(6,1327),(31,4763),(47,2315),(88,1758)]	18.714865
113	[(5,962),(28,3404),(32,3202),(34,2706),(61,4992),(65,3365),(86,4644),(87,223),(90,2729)]	19.049100
114	[(5,4061),(6,3554),(22,1972),(30,598),(63,1759),(86,4660),(91,2256)]	19.677415
115	[(1,2447),(7,3798),(16,3484),(31,603),(70,3576),(78,3304)]	18.692628
116	[(4,238),(36,1469),(42,4068),(65,3977),(69,1052),(77,4679),(87,2715),(92,719)]	19.128419
117	[(8,4864),(62,508),(85,1139),(91,4322)]	18.738713
118	[(2,3637),(26,2925),(28,1479),(38,2839),(46,534),(51,222),(60,4806),(67,1359),(71,5106)]	18.957822
119	[(15,1432),(25,3198),(35,2404),(47,4855),(54,449),(75,2749),(78,1644)]	19.560650
120	[(0,4812),(3,596),(5,908),(12,3494),(21,1284),(50,2694),(83,2598),(84,5087)]	21.436899
121	[(28,966),(30,2251),(31,4430),(34,4814),(38,115),(57,4562),(60,2142),(62,1341),(65,2605),(72,2556)]	19.185027
122	[(7,11),(8,803),(11,2560),(38,4486),(41,4719),(46,2232),(87,3628)]	18.975721
123	[(4,2014),(13,3398),(28,1177),(41,4278),(45,3777),(47,3867),(50,2464),(73,5095),(74,4050)]	18.982678
124	[(15,4162),(20,1406),(55,4324),(67,2157),(69,2546),(79,746)]	24.246251
125	[(5,3844),(8,1119),(31,4540),(47,1267),(50,974),(54,1968),(55,2090),(80,3669)]	22.174801
126	[(2,3424),(10,4014),(13,3453),(41,1557),(47,3938),(53,2008),(55,1221),(62,2002),(65,3625),(67,1424),(81,1611),(86,2540)]	38.836573
127	[(12,2990),(52,4917),(88,1874)]	37.733795
128	[(26,4560),(39,1480),(51,2235),(85,1758),(91,4172)]	41.090080
129	[(5,2695),(7,1680),(19,2038),(20,2792),(29,3578),(32,2482),(47,528),(51,213),(56,1540)]	34.500630
130	[(15,1766),(40,4234),(41,2290),(52,3826),(53,903),(59,4313),(88,431)]	38.775493
131	[(16,2737),(19,3477),(22,4128),(24,4981),(30,3646),(48,3854),(54,936),(60,1840),(68,469),(80,154)]	40.072739
132	[(27,658),(36,860),(37,2069),(45,4934),(48,1411),(59,1438),(63,2064),(75,2019),(92,556)]	34.659310
133	[(1,2198),(46,2495),(50,3560),(52,2468),(57,3181),(79,2235),(80,1423),(84,4749)]	37.693030
134	[(15,143),(21,1733),(54,1736),(89,706),(91,4213)]	37.282040
135	[(3,4074),(17,2961),(20,2636),(73,734),(91,2787)]	37.872883
136	[(2,1729),(11,1638),(17,52),(32,3337),(52,2098),(65,1249),(69,2562),(70,3733),(74,3750),(77,46)]	37.646146
137	[(0,4400),(14,4910),(15,4164),(31,2321),(43,3537),(46,4220),(48,892)]	38.095810
138	[(6,3285),(7,1458),(10,1643),(28,3661),(45,1796),(55,4448),(78,2108)]	37.674927
139	[(31,1312),(37,837),(50,1566),(55,4688),(78,3913),(87,863)]	42.918370
140	[(2,2521),(3,279),(4,2348),(20,2280),(26,1731),(29,1094),(71,4102),(83,4782)]	51.820914
141	[(10,2273),(12,3803),(16,718),(60,408),(78,977)]	49.464553
142	[(14,1643),(16,3864),(39,906),(42,1603)]	37.697567
143	[(6,4977),(15,475),(26,1310),(35,4412),(36,1611),(37,4744),(40,1108),(41,3474),(42,4426),(43,531),(57,1557)]	38.717418
144	[(2,1142),(5,611),(20,3142),(58,2667),(63,4853),(80,3156),(85,287),(92,2114)]	38.356402
145	[(6,1365),(7,4803),(20,4103),(22,4806),(87,3699),(88,4423)]	39.014668
146	[(6,301),(10,3076),(13,4383),(15,1875),(18,185),(22,1237),(23,552),(29,2058),(33,639),(45,4418)]	38.106717
147	[(5,1016),(31,2079),(64,2751),(65,1068),(82,4560)]	37.884450
148	[(4,2192),(10,3495),(26,4595),(38,4024),(42,3242),(47,4793)]	40.715343
149	[(4,3642),(21,3042),(28,4119)]	35.406446
150	[(28,2725),(63,4752),(67,3076),(73,2653),(82,1460)]	36.486055
151	[(27,1970),(31,3740),(49,3702),(84,4873)]	36.376274
152	[(0,4005),(2,3605),(3,1045),(10,80),(19,3909),(22,292),(65,1714),(84,92),(86,372)]	37.308977
153	[(26,598),(28,243),(35,4189),(43,2150),(49,4806),(53,3438),(56,261),(75,1611),(86,542)]	37.321901
154	[(4,4279),(5,567),(17,4810),(27,2569),(47,368),(49,1031),(57,2495),(58,553),(77,3188),(86,159)]	38.277004
155	[(3,946),(11,3236),(23,2107),(59,1637),(63,871),(77,4001),(79,3439),(82,2399),(90,1771)]	36.677981
156	[(1,4320),(5,3978),(17,239),(22,3809),(27,3133),(34,1027),(44,488),(60,1890),(77,2240)]	36.388781
157	[(7,4220),(29,2301),(34,2546),(40,5127),(61,4871),(84,5101),(87,3714)]	36.365287
158	[(24,1774),(34,2899),(41,2153),(70,3808),(77,2087),(81,1865)]	36.833296
159	[(0,1708),(13,2666),(16,726),(22,2064),(34,2894),(45,4992),(53,1165),(63,4674),(89,893)]	36.217434
160	[(1,3605),(4,1851),(16,4873),(20,4517),(24,4676),(31,3908),(54,3550),(91,2988)]	35.918795
161	[(6,4246),(24,4946),(30,1864),(82,784)]	36.307745
162	[(28,119),(32,1946),(34,3804),(37,103),(45,2672),(68,590),(79,2000),(86,3110)]	36.637098
163	[(24,2680),(38,3256),(56,221),(65,3901),(92,1088)]	39.314130
164	[(5,4205),(59,2285),(61,385),(81,4816),(82,447),(84,2346)]	39.016086
165	[(5,2129),(12,30),(25,1196),(27,3742),(52,1617),(53,2127),(55,2102),(57,4916),(61,4224),(66,2100),(71,382),(88,38)]	41.134275
166	[(16,3743),(26,2397),(34,4727),(52,1192),(79,4947),(80,3001)]	37.254122
167	[(8,1235),(21,1516),(22,4696),(31,1610),(53,3360),(75,4871),(91,4033)]	37.837653
168	[(17,4355),(26,2267),(37,2560),(42,3135),(56,251),(67,2931),(76,3564),(86,898)]	52.451383
169	[(2,2127),(13,315),(33,437),(58,4763),(63,1933),(64,1812),(69,3731),(79,2599),(80,3707),(82,4628)]	42.709745
170	[(3,2450)]	38.326313
171	[(13,2538),(42,282),(46,2002),(57,4190),(59,3074),(73,1738),(87,3959)]	38.673587
172	[(3,4981),(5,818),(19,4437),(26,3971),(50,3056),(67,3522),(88,1308)]	37.104962
173	[(3,266),(48,947),(51,1671),(52,4632),(53,1075),(80,3582)]	38.834118
174	[(5,1686),(12,473),(28,1169),(34,3398),(40,2931),(55,1938),(77,3445),(85,2935)]	37.163046
175	[(5,3028),(41,2372),(54,1502),(57,454),(74,2522)]	39.466445
176	[(8,3660),(12,4490),(18,2963),(20,1472),(28,3508),(32,2067)]	37.219472
177	[(18,1527),(21,1591),(41,79),(45,4162),(78,100),(87,1823)]	37.417580
178	[(6,1526),(9,1163),(16,1383),(20,564),(77,4358)]	37.670071
179	[(16,2618),(39,1946),(66,1455),(73,4231),(85,1873)]	41.705643
180	[(6,876),(30,3355),(49,4386),(61,1457),(81,1794)]	40.375645
181	[(6,1347),(20,4308),(24,2952),(56,4872),(59,2411),(62,171),(64,2870),(70,3450),(87,1834)]	37.957659
182	[(28,3716),(31,3179),(54,3997),(91,4420)]	37.178333
183	[(13,4876),(19,1994),(56,2345),(61,56),(63,3250)]	37.683278
184	[(8,2099),(22,966),(30,4563),(37,5070),(38,1586),(50,876),(56,978),(58,1807),(75,2197),(79,2366),(85,2324)]	37.356697
185	[(2,86),(10,3368),(29,3190),(37,2324),(45,4416),(75,4171),(86,2954)]	38.221887
186	[(2,4239),(8,3245),(29,4629),(37,3504),(60,1941),(82,4593)]	37.822813
187	[(8,1550),(9,2330),(15,5072),(26,4434),(56,3456),(78,2279),(80,151),(84,211)]	38.386449
188	[(4,4929),(6,140),(13,3504),(24,458),(39,3955),(49,428),(58,282),(71,482),(73,850),(92,1841)]	39.180310
189	[(35,4809),(58,3987),(59,1771),(78,3906),(91,3846)]	37.292583
190	[(6,4962),(7,2833),(19,3734),(23,5032),(41,1577),(42,2119),(44,4991),(77,3567),(81,2490),(92,2327)]	36.848198
191	[(6,629),(16,2089),(24,4581),(27,2290),(42,3028),(49,3860),(65,666)]	38.601417
192	[(12,720),(21,4428),(32,4447),(35,3614),(43,2882),(61,218),(82,2587),(83,3910),(88,245)]	37.580659
193	[(7,3358),(8,4971),(11,4435),(17,344),(41,1208),(42,2354),(47,3857),(50,3545),(52,798),(64,2098),(75,3780),(82,1437)]	37.064098
194	[(0,702),(25,4243),(29,4045),(60,3907),(70,4131),(82,2082),(88,2361)]	36.887553
195	[(9,783),(19,2823),(40,417),(61,656)]	38.591341
196	[(20,4962),(28,4298),(34,4761),(55,4879),(60,2316),(65,3313),(84,2589),(88,4123)]	37.698603
197	[(0,1218),(1,3785),(2,4143),(5,3203),(10,823),(38,104),(45,2421),(62,2708),(72,4256),(82,548)]	39.542748
198	[(11,3104),(13,4386),(40,4988),(43,2593),(53,4720),(71,4473),(92,3796)]	38.584572
199	[(9,48),(12,973),(27,2050),(31,1658),(47,2167),(62,4842),(82,4301),(84,1020),(87,2981),(90,3852)]	36.370504
200	[(11,4578),(15,4302),(22,478),(23,1948),(24,1280),(37,3914),(47,4592),(71,1218),(78,1237),(87,3261)]	36.263698
201	[(3,3952),(16,4218),(30,3803),(39,3319),(62,4137),(64,122)]	37.599120
202	[(0,3017),(21,2283),(25,3061),(48,2828),(88,1846)]	36.475083
203	[(22,2353),(42,1696),(89,3387)]	36.441963
204	[(3,617),(6,3013),(10,4099),(29,1731),(38,162),(41,3607),(52,3810),(66,559),(78,4369),(85,1963),(86,1580),(87,3466)]	36.113573
205	[(1,3427),(6,2071),(8,920),(13,657),(47,4463),(48,1028),(49,4404),(66,576)]	41.700777
206	[(2,2352),(23,2873),(24,483),(29,2210),(37,825),(66,745),(71,1308)]	38.431677
207	[(3,1690),(14,3263),(23,1191),(28,212),(29,4155),(31,4129),(41,1335),(43,55),(48,761),(49,4532),(63,237),(66,134),(72,89),(80,3940),(89,182)]	40.453863
208	[(17,1897),(23,2603),(42,1205),(55,3694),(65,1122),(69,185)]	40.307757
209	[(0,916),(22,1223),(51,4937),(66,4548),(70,4422),(88,3013)]	40.477829
210	[(2,4008),(19,711),(22,2180),(25,369),(36,4204),(39,1606),(55,1089),(68,2719),(71,3799),(77,1461),(92,2736)]	40.004182
211	[(9,2983),(12,717),(39,3379),(61,4695),(68,208),(69,3572),(87,1768),(89,1363)]	42.742493
212	[(4,4909),(27,4858),(36,4125),(39,2083),(42,929),(46,4171),(51,3097),(52,4632),(70,4144),(72,2704)]	42.063393
213	[(3,3614),(12,2602),(20,554),(22,670),(23,1173),(29,2358),(53,3242),(71,2043)]	41.737366
214	[(1,3387),(9,3997),(36,1492),(37,2713),(52,2606),(76,1052)]	43.147213
215	[(34,702),(39,4898),(42,3040),(59,968),(76,2474)]	47.041128
216	[(11,4974),(17,282),(21,4891),(82,4270)]	45.562123
217	[(3,3013),(25,1336),(39,4487),(42,136),(46,364),(64,3098),(72,1775),(75,1254),(81,4899)]	41.749223
218	[(2,2448),(14,1352),(21,1975),(32,1371),(59,3678),(62,3250),(69,3634),(87,438)]	37.959646
219	[(12,2318),(18,3319),(32,1428),(35,3349),(38,2999),(67,1507),(72,1261),(75,2056)]	36.994823
220	[(8,1842),(40,4741),(51,1977),(58,677),(59,4953)]	40.526417
221	[(3,1178),(32,3950),(47,2121),(48,1613),(71,374)]	41.681278
222	[(15,4518),(18,3999),(19,4275),(37,2315),(42,1076),(45,3222),(49,4538),(71,2405),(78,2313),(86,4577),(87,3540),(91,2390),(92,342)]	39.301952
223	[(11,4602),(14,1),(59,2609),(75,2015)]	48.647668
224	[(1,149),(2,2386),(59,2691),(65,2448),(75,4628),(76,4637),(91,2985)]	45.558111
225	[(26,1218),(28,191),(64,203),(76,1523),(82,3939)]	39.219981
226	[(6,2781),(14,2647),(33,327),(47,4559),(83,440),(86,1612),(92,3930)]	42.342932
227	[(3,4125),(12,2407),(13,2308),(29,2723),(31,4891),(46,2929),(56,2586),(87,4875)]	40.565941
228	[(6,2080),(29,911),(30,3430),(31,783),(40,594),(41,3765),(44,1371),(65,4453),(67,615),(70,1457),(88,534)]	40.706128
229	[(0,2297),(35,248),(56,353),(66,2695),(89,2243),(92,1904)]	38.772789
230	[(12,2103),(14,621),(16,3143),(25,3479),(42,3358),(43,4971),(58,515),(84,3975),(89,1108)]	23.305056
231	[(17,3044),(25,3328),(38,67),(53,1475),(82,4937),(92,3686)]	18.480010
232	[(16,526),(17,598),(23,1167),(31,4007),(33,681),(46,4843),(54,4517),(57,396),(74,1107),(83,2923)]	18.685443
233	[(21,3760),(23,1091),(27,2247),(53,1979),(70,3895),(74,2759),(85,838)]	22.322864
234	[(10,3518),(12,2264),(16,4658),(19,3422),(26,981),(28,2722),(29,3558),(33,2236),(51,1852),(66,3792),(71,784),(79,407)]	19.138754
235	[(15,867),(34,2139),(44,4927),(86,3588),(92,3812)]	19.829933
236	[(7,2503),(24,2561),(28,3730),(76,4484),(83,682)]	18.737761
237	[(1,2939),(6,2192),(22,170),(26,3278),(29,4398),(38,2315),(50,2273),(54,5087),(74,4330),(75,117),(80,126),(82,829),(90,1823)]	19.733871
238	[(3,182),(5,4512),(18,82),(28,2088),(42,814),(56,1452),(65,2206),(66,2282),(78,534)]	18.964499
239	[(15,2178),(34,591),(40,4959),(56,2987)]	19.144874
240	[(4,1943),(12,992),(18,4704),(20,976),(38,1575),(68,731),(71,146)]	19.247379
241	[(4,3722),(28,968),(45,2235),(46,1423),(57,4523),(73,4776),(80,3431),(87,1955)]	18.539456
242	[(3,2396),(5,4525),(27,283),(41,1946),(50,1585),(79,3055),(85,4339)]	18.851800
243	[(10,3484),(17,774),(30,310),(32,1003),(61,4775),(67,3657),(68,1587),(69,3701),(70,2756)]	20.124918
244	[(28,3658),(31,2956),(37,2890),(48,1622),(54,4660),(61,1218),(62,3785)]	18.731605
245	[(16,899),(29,181),(42,2663),(47,4380),(48,4188),(49,2291),(55,1670),(62,1441),(83,4472),(85,307)]	18.692324
246	[(31,3127),(32,2802),(33,16),(72,2615),(74,1796),(79,3623),(85,2587),(86,3910),(87,5056)]	19.632375
247	[(2,1646),(7,134),(13,4432),(33,1652),(47,2470),(56,2892)]	18.993074
248	[(5,3729),(17,137),(24,113),(40,513),(47,277),(57,4945),(59,367),(78,887),(80,2700),(90,68),(91,4058)]	19.546742
249	[(0,4090),(3,3103),(7,3405),(40,3759),(58,1922),(80,3930)]	23.464102
250	[(5,2645),(38,3503),(46,2037),(57,5074),(68,1441),(78,2384)]	19.877797
251	[(15,4984),(17,3848),(19,2609),(33,1981),(47,2069),(50,2141),(87,2434)]	19.047065
252	[(27,4084),(45,1591),(59,374),(67,3802),(85,3187)]	22.740402
253	[(14,2728),(21,1843),(38,2183),(51,198),(75,4227)]	24.106089
254	[(5,3316),(36,2525),(37,1463),(52,477),(70,2660),(72,3597),(78,4061),(88,2883)]	19.092925
255	[(0,962),(80,1349)]	18.904245
256	[(25,210),(51,1703),(67,4399),(69,1441),(76,2287),(82,2063)]	18.924839
257	[(41,3282),(45,3213)]	19.888841
258	[(1,3287),(6,413),(13,1751),(19,1548),(31,1241),(69,3214),(74,2900)]	18.772582
259	[(0,4618),(18,3984),(36,3025),(42,4864),(53,1459),(61,4979),(66,3236),(69,1038)]	19.859945
260	[(21,2306),(27,5081),(31,2243),(51,224),(53,2829),(58,2402),(62,5026)]	18.614780
261	[(27,4740),(39,2065),(62,3840),(63,732)]	18.936579
262	[(4,4928),(12,1040),(20,1544),(59,4904),(75,65),(81,3439),(91,893)]	19.882699
263	[(0,671),(24,3983),(68,693),(78,1586)]	18.945829
264	[(2,2119),(4,4991),(10,2765),(17,264),(21,4068),(46,2078),(57,4088),(62,4354),(80,4815),(84,3707)]	19.866875
265	[(28,575),(69,341),(73,2260),(80,3064),(89,3258),(90,3109)]	19.386671
266	[(12,452),(14,4628),(20,2408),(22,4631),(44,4945),(50,2419),(55,2634),(56,3790),(71,4049),(72,746)]	19.965686
267	[(11,215),(29,3831),(46,3665),(49,4515),(58,3903),(62,1732)]	18.825961
268	[(1,187),(25,3896),(32,93),(37,1130),(59,713),(78,4173),(87,4819),(92,469)]	18.860984
269	[(13,1281),(19,4240),(26,2370),(38,581),(48,2370),(51,2920),(52,573),(54,2023),(77,4789),(84,1673),(86,4531)]	20.430797
270	[(9,3769),(18,4196),(20,111),(22,3957),(69,2549),(89,4644),(90,223)]	36.124363
271	[(6,314),(12,1355),(19,3548),(34,3340),(63,880),(69,4739)]	21.030216
272	[(3,1633),(12,450),(23,4177),(35,2525),(36,1857),(57,277),(75,642),(79,1665)]	19.238631
273	[(10,3234),(16,2793),(54,3702),(65,3229)]	18.482274
274	[(9,1715),(23,3946),(36,4984),(38,3848),(45,3400),(46,3686),(65,1571)]	22.354052
275	[(3,1307),(8,2810),(14,4982),(24,4867),(32,1670),(37,4306),(57,1722),(65,3693),(79,2208),(88,2701),(92,1405)]	27.159739
276	[(18,4842),(64,4368),(75,984)]	19.869662
277	[(2,4700),(38,4575),(50,3000),(51,4669),(53,1541),(57,4920)]	19.512558
278	[(8,680),(41,5100),(42,4771),(66,28),(77,763)]	18.764082
279	[(32,236),(40,5113),(60,4344),(71,3228)]	18.790234
280	[(11,5025),(12,2303),(18,950),(29,3722),(31,3265),(41,4363),(87,2955)]	20.067103
281	[(5,4773),(26,3957),(42,3801),(54,3221),(66,3157),(75,151),(77,1554)]	21.366444
282	[(8,4917),(16,2734),(20,3638),(26,5084),(27,3869),(30,2781),(39,3287),(41,4145),(48,2407),(75,4037),(80,4402),(81,4446),(85,977),(92,1588)]	20.920563
283	[(36,1603),(61,2277),(76,102)]	20.932668
284	[(34,2437),(44,1744),(69,3216),(74,2633),(76,4320),(77,4542),(92,329)]	18.756392
285	[(7,4058),(22,4716),(23,1623),(30,139),(40,47),(56,362),(68,2319),(77,1605),(79,4444),(92,2230)]	18.985976
286	[(33,4707),(36,4702),(37,3773),(74,384)]	19.188448
287	[(27,1014),(38,3909),(50,4055),(72,3162),(76,3996)]	18.820133
288	[(3,4998),(9,2640),(51,601),(53,1588),(63,570),(82,2571)]	18.786403
289	[(4,3560),(26,195),(32,1651),(36,4619),(49,3993),(60,2275),(62,2167),(76,1429),(84,2290)]	18.804390
290	[(6,883),(10,797),(47,316),(49,1764)]	18.906196
291	[(8,4101),(21,1866)]	18.827304
292	[(1,4206),(9,4864),(15,3708),(16,127),(37,3896),(57,4679),(86,4894)]	19.146041
293	[(6,3108),(24,150),(30,542),(33,34),(44,3136),(86,360)]	18.994208
294	[(2,2098),(7,2695),(11,3049),(21,1664),(32,1788),(76,450)]	18.858784
295	[(9,4392),(18,1085),(28,2222),(39,4208),(40,4506),(62,3612)]	18.851213
296	[(0,1049),(2,1879),(6,3622),(16,4290),(22,2508),(31,1934),(33,2510),(35,421),(46,3183),(65,1469)]	18.829860
297	[(15,578),(35,1165),(36,1556),(43,4022),(60,1928),(73,3036),(83,2696)]	18.796800
298	[(2,1734),(23,134),(39,5126),(63,4687),(92,904)]	19.189700
299	[(4,424),(7,3046),(8,5085),(11,2631),(24,4243),(35,1389),(39,3694),(40,1306),(54,2535)]	19.182509
300	[(2,2065),(3,780),(33,395),(34,1088),(36,2505),(45,4362),(47,2689),(52,1199),(57,4371),(62,2073),(64,1150),(70,1876),(86,4476)]	19.450640
301	[(2,3899),(6,2442),(7,3264),(13,2320),(29,4469),(36,1313),(40,2693),(48,2061),(63,1336),(64,752),(76,2927),(78,1705)]	18.639509
302	[(21,2423),(37,1150),(55,3925),(65,1900),(66,202),(67,3895),(69,5025),(80,4194),(85,2987),(89,4009)]	25.135267
303	[(1,4721),(4,4546),(17,2376),(21,1044),(24,3189),(43,2049),(53,2584),(62,2280),(63,3262),(74,3327)]	22.254705
304	[(0,2161),(6,747),(28,4166),(33,3477),(36,995),(62,4152),(71,3481)]	18.705359
305	[(21,1538),(39,2648),(43,1893),(47,2683),(57,1523),(72,2340),(85,4362),(90,414)]	76.293084
306	[(12,632)]	19.763175
307	[(14,237),(36,3511),(43,3679),(50,3259),(54,101),(75,1559),(82,4856),(92,3145)]	21.824428
308	[(0,2476),(16,3036),(23,4271),(35,4974),(41,1775),(43,4082),(49,4849),(53,1015),(54,148),(56,4092),(57,1768),(67,3190)]	25.159795
309	[(27,4754),(32,1130),(66,3027),(85,3332)]	44.102196
310	[(1,2849),(3,3231),(5,3784),(21,4172),(24,2206),(25,195),(33,1410),(34,4427),(45,2019),(57,1925),(69,4304)]	32.636514
311	[(11,2957),(15,2931),(26,4607),(33,1637),(49,2310),(79,4935),(90,658)]	19.999668
312	[(6,4689),(9,2819),(29,2520),(34,2333),(36,4455),(44,1300),(50,4076),(53,4427),(66,564),(71,4520),(80,1534),(81,4115),(84,506)]	18.766503
313	[(22,2191),(54,4351),(70,4062),(81,1578)]	19.671081
314	[(6,2767),(47,746),(56,1160),(59,1206),(68,2383),(80,4402),(82,2658)]	18.740991
315	[(0,2610),(12,1161),(25,1747),(37,2853),(38,3881),(53,1523),(78,149),(79,2386),(89,1469)]	18.941069
316	[(16,3229),(31,4147),(45,2171),(52,4294),(70,5053),(90,1606)]	33.135930
317	[(3,4174),(11,239),(31,5046),(51,3241),(52,2624),(56,1671),(59,1641),(72,2483),(74,2831),(75,3765)]	34.608099
318	[(3,1777),(5,3066),(8,4832),(11,2478),(14,1160),(32,4368),(42,3232),(74,2484),(92,4716)]	18.987679
319	[]	19.594650
320	[(6,1345),(7,4666),(9,4528),(10,2993),(19,1483),(28,1415),(31,2369),(49,3335),(51,2846),(59,3717),(68,3155)]	19.544235
321	[(23,324),(33,3714),(34,2219),(50,4808),(64,2883),(79,1595),(86,4330),(88,3331)]	20.285866
322	[(17,2818),(43,2432),(80,863),(89,393)]	21.198300
323	[(43,973),(57,2208),(71,2447),(81,4782),(85,3217)]	19.567780
324	[(0,1574),(43,466),(48,4527),(70,4758),(78,4230)]	19.598934
325	[(26,1533),(28,3885),(33,3750),(51,1171),(70,2987),(72,4118),(86,4509),(91,1639)]	18.996686
326	[(14,2377),(18,4820),(22,2677),(28,176),(30,4038),(54,711),(76,1290),(77,884)]	18.918256
327	[(6,4759),(25,966),(28,2836),(62,1067),(65,3692),(73,3227),(81,1625)]	22.529063
328	[(32,3840),(48,259),(51,1809),(54,4756),(68,3652),(74,3206),(76,4393),(77,1698)]	32.344080
329	[(6,3706),(21,2429),(35,3976),(57,2814)]	38.460301
330	[(9,5080),(22,1805),(30,4502),(39,2049),(52,2787),(60,3440),(61,5064),(74,2197),(82,1145)]	18.980615
331	[(7,4562),(16,3038),(24,2371),(26,3923),(27,4142),(33,3024),(36,683),(75,2488),(81,4448)]	19.292879
332	[(19,82),(35,2209),(38,4653),(61,285),(62,808),(69,3587)]	18.778101
333	[(1,1662),(4,1780),(25,4817),(55,5066),(81,3316)]	18.914505
334	[(8,2468),(26,2521),(46,1544),(62,3008),(64,2060),(80,4517)]	20.028711
335	[(5,1583),(26,960),(59,716),(77,4920)]	19.527005
336	[(13,1649),(17,4159),(24,2839),(29,3087),(40,2253),(58,4387),(68,1439),(69,1157),(74,2327),(75,452)]	20.378427
337	[(17,2687),(40,1555),(54,3117),(64,476),(91,3623)]	29.561312
338	[(11,3313),(16,2372),(33,4292),(37,2379),(41,3480),(43,1768),(51,3776),(61,289),(77,4171),(90,2211)]	19.558248
339	[(16,2595),(29,3592),(38,4548),(60,2517),(68,4664),(86,641)]	19.373642
340	[(41,530),(43,1349),(66,1475),(79,676),(80,1431),(86,1359)]	21.110803
341	[(12,1436),(17,3697),(19,3508),(28,3263),(35,2691),(44,2601),(47,4513),(48,968),(56,1464),(59,2752)]	22.434095
342	[(4,2821),(6,3605),(13,1381),(30,3130),(48,2838),(70,4486),(71,1036),(73,1553),(84,3068),(91,1881)]	19.160314
343	[(0,1329),(3,4755),(8,3648),(18,584),(24,2120),(40,14),(57,241),(68,2738),(70,811),(74,3141),(82,1110),(83,4321),(84,1676),(90,3520)]	19.299352
344	[(11,1432),(21,3939),(46,3856),(57,4424),(69,3177),(86,4948),(89,1345)]	34.280137
345	[(20,3298),(31,2029),(35,767),(46,59),(52,4780),(57,3441),(62,4529),(90,2557)]	41.683654
346	[(21,4906),(38,3949),(47,3962),(70,1432),(71,4776)]	41.814949
347	[(16,3118),(31,1057),(41,3772),(46,2411),(48,673),(70,4306)]	42.200568
348	[(20,4515),(26,4136),(39,4879),(74,2357),(83,2255)]	42.450984
349	[(1,1538),(8,4514),(11,17),(27,643),(32,3544),(50,3031),(55,4251),(63,3366),(67,4790),(72,3125),(73,703),(78,1136)]	29.859388
350	[(2,331),(14,4002),(23,2651),(29,2799),(44,3117),(76,586),(81,0)]	19.670292
351	[(6,4712),(39,4669),(62,612),(71,2844),(78,2492),(90,2530)]	20.583034
352	[(14,4283),(24,4231),(32,1049),(42,4780),(44,1125),(54,3941),(81,1026)]	18.962921
353	[(8,3121),(17,2158),(32,2530),(36,1042)]	18.760898
354	[(0,5046),(8,1645),(10,4344),(13,3408),(31,426),(43,2880),(45,2992),(47,1914),(54,2494),(60,1086),(68,4488),(72,124),(89,998)]	18.871702
355	[(10,4274),(64,1146),(70,4427)]	18.668929
356	[(1,4182),(6,1671),(11,5087),(30,935),(31,829),(35,2607),(59,1698),(64,5031),(74,3360),(82,3753)]	19.668641
357	[(20,135),(27,446),(47,349),(55,1355),(57,192),(66,2240)]	18.936910
358	[(0,2042),(38,4298),(46,4965),(48,5068),(56,3325),(66,3975)]	18.900028
359	[(2,263),(17,3051),(35,4995),(36,1098),(37,892),(39,887),(47,2343),(83,725)]	27.242720
360	[(9,4192),(11,1147),(34,1857),(50,39),(66,4636),(71,1855),(91,1949)]	34.166659
361	[(1,3250),(13,4270),(23,744),(28,3153),(33,2193),(85,1936),(86,3177),(88,3946),(90,4715)]	19.357257
362	[(9,402),(13,4475),(65,3735),(85,5123)]	18.993631
363	[(0,433),(7,3878),(13,565),(16,285),(36,2578),(62,1016)]	20.516160
364	[(1,3020),(14,4348),(17,4634),(84,3300)]	19.442680
365	[(2,3371),(9,3950),(18,171),(29,3943),(47,3912),(49,1296),(51,642),(52,879),(56,1078),(57,298),(61,1195),(62,797),(64,2582),(70,4884)]	21.371625
366	[(8,1504),(9,514),(10,2900),(12,2208),(24,1583),(27,2726),(30,1050),(33,4255),(36,2686),(52,1802),(62,2556),(71,949)]	19.496114
367	[(47,3528),(59,4202),(85,3136),(88,5040)]	20.009274
368	[(8,2956),(18,4576),(20,2658),(21,979),(27,4871),(41,1939),(56,364),(64,3041),(92,585)]	19.985813
369	[(21,576),(49,2110),(85,2209),(88,4586)]	23.077422
370	[(13,1052),(33,1001),(37,1766),(66,3712)]	19.673052
371	[(16,422),(23,25),(25,3269),(63,411),(77,3775),(89,3730),(92,4398)]	19.114903
372	[(29,4174),(38,2891),(47,3232),(54,4332),(90,3939)]	19.257014
373	[(2,2625),(4,1728),(15,3665),(23,55),(56,556),(57,4309),(59,4105),(80,3),(92,3258)]	19.075269
374	[(2,4218),(5,4583),(20,3447),(30,3474),(31,4426),(32,3894),(43,173),(50,69),(59,456),(66,2638),(74,5016),(87,2162),(89,3451)]	18.739153
375	[(20,3645),(40,1723),(46,3373),(47,2500),(49,594),(50,4150),(74,1469),(79,3345)]	19.051896
376	[(23,3407),(33,3356),(34,2027),(39,1613),(48,1284),(63,4884),(75,4125),(77,1522)]	18.726346
377	[(12,453),(34,2433),(39,4090),(44,721),(45,403),(47,3681),(59,4505),(72,45),(76,4294),(90,1284),(92,2318)]	18.953080
378	[(0,2424),(22,2998),(51,550),(73,3632)]	19.663873
379	[(27,133),(33,3357),(51,2188),(79,629)]	19.034640
380	[(18,245),(21,3458),(33,3635),(43,3080),(46,1722),(64,3562),(71,2000),(80,50),(81,2199),(85,1501),(92,821)]	18.958591
381	[(10,560),(45,4412),(47,5110),(57,1975),(61,4519),(63,1638),(68,2758),(71,1327)]	18.667616
382	[(3,4131),(10,2259),(42,1851),(55,2964),(56,3674),(57,507),(60,5048)]	19.133372
383	[(62,1101),(77,3958)]	19.311103
384	[(23,4678),(34,2754),(46,3108),(92,1031)]	19.036210
385	[(26,4568),(28,5048),(39,3533),(65,2592),(67,442),(75,83),(85,4387),(92,505)]	18.960900
386	[(19,1877),(22,4801),(49,1518),(82,3665),(84,2226),(90,2542),(91,4223)]	19.269841
387	[(6,5046),(20,2564),(21,2822),(29,4795),(31,4736),(46,630),(55,2280),(68,825),(70,933),(90,1286)]	19.353626
388	[(9,209),(24,1938),(25,3984),(35,4832),(42,1155),(48,1294),(50,406),(56,3928),(58,182),(67,5015),(80,2201),(83,2358),(86,2274)]	25.165880
389	[(7,3033),(21,3887),(31,466),(41,3404),(45,1639),(49,3115),(62,1312),(70,74),(83,1946)]	22.398362
390	[(14,5057),(22,1716),(46,619),(63,728),(67,1377),(88,203)]	21.170826
391	[(4,1411),(29,2656),(39,2995),(45,5124),(71,4031),(77,4463),(81,978)]	19.321156
392	[(9,605),(17,3459),(18,1068),(44,24),(61,3740),(69,4353),(82,4566),(90,418),(91,3329)]	19.342619
393	[(1,259),(10,3604),(19,1793),(21,1222),(40,1748),(42,911),(44,1042),(48,4668),(67,2823)]	18.852000
394	[(7,1503),(13,3394),(22,2627),(39,1635),(48,4203),(52,3214),(65,3893),(75,4072)]	19.185945
395	[(1,4299),(4,3208),(5,2872),(21,76),(32,3145),(37,3735),(43,3622),(45,2660),(49,846),(57,1181),(60,3629),(80,4836),(92,3756)]	19.318122
396	[(26,3330),(29,4983),(40,430),(46,3568),(49,3041),(55,1180),(81,3981),(88,1488)]	19.080406
397	[(0,3612),(1,2951),(5,4331),(7,4035),(35,1576),(41,3557),(53,4187),(76,3499)]	18.793182
398	[(10,1563),(17,2882),(22,3666),(35,2692),(60,4285),(63,1078),(73,4261),(80,1869),(81,2188)]	19.018407
399	[(13,3171),(14,2798),(29,261),(45,4029),(68,3870),(76,4143)]	18.911819
400	[(3,4818),(12,2463),(24,2008),(32,2574),(44,160),(50,4762),(66,61),(82,4539),(88,4986),(89,1980)]	19.778487
401	[(2,1303),(3,1604),(58,1757),(89,2828)]	19.690949
402	[(46,2876),(60,1499)]	18.818452
403	[(42,4449),(46,1334),(52,3084),(57,4411),(63,4765),(77,1434),(84,2265)]	19.527595
404	[(3,2707),(19,1653),(26,3201)]	19.724035
405	[(9,2668),(22,3644),(25,4843),(44,896),(62,1725),(69,375),(79,4484),(84,2246)]	18.978996
406	[(2,4548),(4,2897),(17,1177),(29,3394),(45,4353),(92,266)]	18.929100
407	[(11,23),(30,165),(33,3722),(46,128),(71,3344)]	19.574736
408	[(43,463),(69,318),(74,569),(79,1038)]	19.302566
409	[(52,4303),(55,3690),(76,4730)]	21.017673
410	[(16,4577),(27,2489),(37,3125),(38,2148),(47,4511),(48,1111),(58,889),(62,3286),(75,1413),(77,3011),(90,2487)]	19.422921
411	[(5,1520),(30,1802),(66,3722),(79,4881),(90,1084)]	29.388948
412	[(10,4645),(48,3675),(50,2420),(61,2976),(69,3814),(79,3323),(89,3152)]	33.189395
413	[(18,2984),(19,400),(22,743),(30,2136),(37,2547),(40,2153),(46,1030),(52,1002),(56,3540),(58,1929),(69,4802)]	19.027748
414	[(9,440),(34,2931),(38,4448),(51,1115),(83,4685),(85,2200),(86,3209)]	18.886976
415	[(20,1164),(31,4815),(34,4140),(54,907),(71,4125),(74,2623),(83,1448)]	18.761282
416	[(7,5047),(10,1815),(15,4373),(16,122),(25,3667),(32,2159),(42,3478),(45,3208),(47,2850),(77,5080),(79,4510)]	18.953356
417	[(5,1241),(20,5125),(37,80),(39,154),(44,1278),(60,2818),(61,651),(63,4601),(70,2514),(78,1692)]	19.557804
418	[(18,102),(36,543),(63,1570),(73,4572),(77,1589)]	19.766215
419	[(3,4440),(15,436),(18,4560),(47,3498),(50,1573),(51,4485),(52,1714),(54,329),(69,2703),(83,462)]	21.508792
420	[(2,3739),(13,5000),(33,4548),(50,4553),(61,1192),(65,648),(83,1245)]	19.704912
421	[(12,1959),(25,1750),(36,183),(40,4590),(43,1819),(63,2695)]	18.926994
422	[(22,3080),(33,564),(37,5120),(45,3186),(48,4664),(60,2611),(83,4866),(84,1440)]	19.664952
423	[(4,2873),(5,483),(6,975),(18,4363),(19,3189),(21,3902),(32,2959),(34,1366),(39,4028),(61,4548),(84,4954)]	19.157380
424	[(35,4161),(37,4755),(50,1735),(64,4062),(69,4217),(71,3715),(73,2508),(88,5071),(89,2536),(92,4436)]	19.362933
425	[(35,3926),(59,63),(65,1980),(75,3425),(83,4788),(86,3793),(87,4611)]	19.069756
426	[(17,319),(34,1915),(50,22),(51,2377),(61,4179),(65,1113),(85,2124)]	18.683255
427	[(6,1976),(19,5082),(20,4789),(32,1819),(75,1480),(82,178),(85,2994),(86,5049),(92,2518)]	19.021305
428	[(3,454),(11,3867),(39,3791),(56,951),(65,4803),(77,3705),(86,1158)]	19.457181
429	[(18,82),(22,3071),(32,2995),(39,2273),(46,4656),(62,4028),(83,1052),(87,1901)]	19.254528
430	[(11,1966),(20,3453),(22,1697),(25,4822),(45,4348),(56,3644),(59,4843),(61,4788)]	18.710316
431	[(10,2877),(15,4379),(30,1190),(35,4112),(51,3611),(58,4705),(81,515),(89,4165)]	19.345435
432	[(5,1941),(11,1185),(21,3184),(24,1049),(31,4195),(45,3297),(67,1846),(69,920),(90,4771)]	19.536125
433	[(32,3048),(38,3311),(46,2920),(47,2465),(64,3434),(66,4857),(86,812),(89,4231),(90,1511),(92,3015)]	19.329497
434	[(17,544),(38,2177),(51,2110),(60,899),(62,3876),(65,160),(73,1810),(77,3334),(88,2677)]	19.438162
435	[(0,3942),(13,3377),(30,3317),(45,3773),(72,3182),(80,718)]	21.491192
436	[(10,4442),(20,1371),(23,353),(59,3814),(62,40),(72,1933),(80,3222)]	18.949528
437	[(6,463),(24,1938),(25,3984),(40,4800),(67,4461),(83,89)]	18.777009
438	[(3,3265),(17,1014),(21,3993),(46,3092),(81,1089),(86,3097)]	24.556560
439	[(0,2735),(12,2419),(13,106),(34,2500),(63,534),(78,1993),(84,119)]	21.849914
440	[(3,817),(19,3355),(37,1477),(39,3299),(66,4763),(85,1337),(89,2185),(90,407)]	19.663070
441	[(35,2015),(40,4349),(51,4935),(52,4010),(67,4755),(78,4018)]	19.633413
442	[(30,2509),(53,1513),(69,4177),(84,2970)]	19.754269
443	[(13,923),(23,4453),(38,534),(40,3253),(46,439),(47,1259),(69,262),(75,469)]	19.749125
444	[(11,1179),(26,316),(37,799),(85,2255)]	19.683949
445	[(14,3796),(36,4918),(49,561),(52,890),(55,2714),(59,4989),(85,2925)]	20.618270
446	[(2,3096),(10,1718),(32,1714),(49,432),(58,3925)]	19.253902
447	[(2,682),(25,3330),(27,1001),(30,1193),(35,187),(43,2722),(63,2811),(74,3436),(82,2449),(83,3475),(89,4045)]	18.969917
448	[(4,5046),(15,3291),(16,1377),(52,3147),(55,3114)]	18.872107
449	[(0,4106),(5,1326),(81,4564)]	19.168641
450	[(26,4063),(30,354),(35,3984),(59,3034),(62,1941),(85,228),(90,4973)]	19.315448
451	[(11,1947),(32,3994),(33,1943),(57,807),(71,1496),(75,4312)]	22.817238
452	[(27,56),(38,1795),(39,4510),(48,3515),(52,6),(53,4699),(80,396)]	19.870961
453	[(2,1969),(34,836),(44,1881),(68,2664),(70,3181),(88,3889)]	19.096681
454	[(34,2035),(43,1653),(49,763),(78,5071),(79,2536)]	19.953020
455	[(7,2879),(18,3791),(25,4083),(48,1513),(52,724),(53,1939),(61,3629),(78,3007),(82,1132)]	19.118837
456	[(20,3846),(26,1221),(30,2305),(40,195),(46,567),(69,2215),(84,2617),(92,727)]	18.823705
457	[(8,2448),(39,4721),(44,838),(48,2383),(61,2611),(67,1282)]	19.365581
458	[(3,294),(51,3902),(55,961),(60,503),(70,3706)]	22.705061
459	[(26,2920),(27,573),(53,1493),(55,4741),(70,2021)]	19.700906
460	[(8,2046),(20,5027),(21,1608),(82,1090),(90,2622)]	19.083179
461	[(5,2547),(35,2887),(42,1219),(54,3437),(63,395),(64,1088),(66,2867),(74,3542),(79,4778),(84,301)]	19.086995
462	[(12,3694),(13,1306),(25,2196),(49,2076),(56,1193),(72,5023),(80,2914)]	19.910269
463	[(37,1413),(65,2520),(67,3579),(77,4927),(85,139),(89,1203),(91,3191)]	31.154594
464	[(0,4639),(18,1454),(41,4780),(42,2161),(45,950),(46,2339),(55,3628),(78,2244)]	26.648217
465	[(13,4790),(24,4677),(34,2443),(42,3748),(83,3982)]	20.900263
466	[(1,2139),(19,3183),(20,2942),(39,301),(41,577),(42,64),(43,1468),(56,4527)]	19.904650
467	[(7,3745),(12,3723),(30,2768),(32,621),(34,1225)]	18.759058
468	[(26,4062),(40,332),(69,917),(80,3692),(89,4906)]	19.417965
469	[(46,4775),(57,2896),(67,575),(77,2452)]	21.734538
470	[(16,144),(25,510),(59,702),(67,3038),(72,139),(79,2625),(91,4156)]	19.312686
471	[(11,4939),(16,5018),(18,624),(19,1011),(22,3939),(41,3119),(44,3693),(66,4704),(74,683),(83,3107),(85,612)]	18.621363
472	[(0,2033),(13,2424),(25,1190),(54,4655),(58,3670),(72,1404),(78,4965),(80,5068),(82,3047),(87,4025)]	18.755298
473	[(6,2505),(27,1450),(46,4326),(58,4135),(87,3857)]	18.949854
474	[(9,2437),(16,4664),(27,2373),(36,1500),(38,831),(39,800),(56,2084),(57,4753),(87,4256)]	18.905188
475	[(28,388),(38,2881),(42,54),(59,2598)]	19.776325
476	[(2,820),(13,2820),(24,724),(25,1939),(91,2341)]	18.911808
477	[(14,1174),(35,2734),(40,2491),(41,5029),(44,3723),(50,1352),(67,1011),(79,1448),(83,2871),(89,3281)]	19.093028
478	[(14,1663),(18,2504),(21,946),(39,3044),(63,3514),(76,1705)]	19.881739
479	[(10,4808),(40,299),(48,4332),(55,3963),(56,1768)]	21.566031
480	[(8,796),(12,2620),(35,631),(43,738),(45,4467),(70,1662),(78,3289),(89,1482)]	18.850053
481	[(2,4011),(4,17),(10,3785),(18,4199),(19,4814),(22,2019),(25,1278),(33,2740),(41,1956),(49,1665),(60,248),(86,3869),(89,564)]	19.257332
482	[(4,3678),(6,1836),(37,1808),(44,2701),(45,3804),(48,77),(54,1008),(70,4503),(78,946)]	19.068635
483	[(3,612),(25,4627),(37,4900),(38,4848),(41,1425),(47,1432),(68,339),(70,2866)]	19.721398
484	[(3,546),(38,1675),(46,1467),(65,3957),(68,122),(69,1429),(83,166)]	19.440917
485	[(9,2985),(15,4544),(23,1778),(36,321),(39,3060),(40,2309),(45,751),(83,2734)]	18.703413
486	[(30,4629),(33,119),(40,4080),(42,943),(56,338),(71,1316),(75,3451),(81,3608),(86,504),(88,2654)]	19.118910
487	[(4,945),(18,2578),(25,4134),(33,2165),(35,626),(54,3554),(56,4600),(59,586),(63,875)]	22.786321
488	[(36,472),(43,3813),(52,3369),(67,2274),(77,1318),(91,1398)]	26.984926
489	[(7,4764),(9,4670),(15,3047),(16,4030),(17,189),(53,3002),(55,3602),(61,3126),(78,2332)]	19.689340
490	[(0,1667),(9,995),(17,371),(26,646),(29,316),(31,1682),(38,2748),(45,3165),(53,4655),(70,3998),(72,3546),(76,4634),(88,3001)]	19.633250
491	[(7,2322),(9,4888),(26,2772),(41,3409),(81,2923)]	19.349196
492	[(0,405),(19,4517),(26,2992),(56,4649),(84,5048),(85,2016)]	18.965140
493	[(5,3459),(16,2105),(48,1225),(54,587),(75,3395),(84,1087),(90,1302)]	20.060935
494	[(16,2956),(22,24),(29,4020),(45,2795),(69,4051),(70,4255)]	19.340473
495	[(15,316),(59,1796),(67,2650),(69,361),(70,3745),(72,5006)]	19.984292
496	[(9,2319),(18,4412),(26,2694),(29,2709),(35,1105),(76,2823),(84,2129),(90,4577),(91,3540)]	18.923337
497	[(39,3445),(44,3266),(49,4693),(51,2505),(55,3955),(58,4703),(69,2193),(71,4),(74,1308),(87,2734)]	20.500168
498	[(13,4604),(15,2049),(27,1953),(34,2956),(45,1742),(47,4824),(63,1078),(69,526),(84,4429),(92,2197)]	19.441022
499	[(47,3136),(49,5112),(53,3730),(58,139),(77,2712),(80,265)]	20.314387
500	[(13,4285),(14,772),(18,3888),(43,3798),(48,304),(49,5126),(51,3369),(55,3734),(72,2068),(76,1507),(90,4530)]	22.422132
501	[(16,764),(29,465),(34,2235),(35,1423),(37,4572),(65,1677),(73,450),(75,136),(82,3615),(83,1317)]	18.976584
502	[(1,2379),(43,2379),(71,4036)]	18.861981
503	[(1,984),(26,556),(27,4309),(30,2555),(92,649)]	19.231104
504	[(51,1759),(54,2325),(55,1742),(65,3847),(92,956)]	20.503772
505	[(0,1360),(42,4326),(52,4155),(54,1802),(59,518),(61,4213),(65,256),(73,3610),(81,1717),(82,2366),(86,119)]	19.688448
506	[(1,485),(21,4101),(22,3029),(30,3922),(35,4340),(36,4012),(58,2192),(65,2929),(84,200)]	18.886450
507	[(25,1627),(32,669),(48,4740)]	19.637185
508	[(7,545),(8,3646),(18,2967),(33,2186),(38,2678),(53,1718),(64,1850),(70,697)]	22.164800
509	[(5,1991),(21,2021),(36,2774),(44,4680),(46,3423),(48,2635),(50,704),(58,4897),(78,5076)]	18.944189
510	[(8,10),(10,2229),(22,2377),(62,3363),(71,4056),(83,508),(85,2458)]	20.432294
511	[(18,3830),(57,3303),(73,3012),(78,489)]	20.610179
512	[(0,214),(3,565),(6,903),(12,1048),(37,3799),(43,2324),(60,5036),(62,4593),(69,4253),(86,5088)]	23.190654
513	[(15,3450),(56,4),(81,3106)]	19.145941
514	[(13,1284),(36,4298),(50,2757),(59,1489),(72,1168),(86,324),(92,2744)]	31.095511
515	[(1,3206),(9,3535),(45,4898),(57,975),(61,4463),(62,1028),(75,1294),(85,3540)]	28.009363
516	[(40,3652),(62,94),(82,2919)]	19.358320
517	[(8,1874),(11,676),(36,1370),(57,353),(65,3014),(76,2657),(79,3996),(86,432)]	20.767011
518	[(4,3449),(5,617),(20,2673),(38,1096),(51,1090),(54,3032),(61,3213),(64,267),(75,1723)]	18.849557
519	[(3,3469),(33,2932),(37,3363),(49,1418)]	22.167759
520	[(12,5039),(31,2199),(36,3467),(82,1107)]	18.893994
521	[(2,2457),(23,4061),(31,3724),(32,1115),(66,2966),(68,912),(92,3828)]	19.195762
522	[(8,599),(15,1442),(34,4622),(36,4744),(55,4947),(59,2309)]	19.281753
523	[(0,698),(14,4145),(15,1878),(40,2214),(42,254),(59,1118),(65,263),(82,337)]	18.879773
524	[(6,467),(13,5076),(64,2104),(84,81)]	19.002493
525	[(3,4236),(20,4015),(31,1534),(32,4115),(46,4499),(63,742),(71,3711)]	19.101882
526	[(21,950),(23,4571),(26,264),(34,3955),(38,2133),(44,2274),(49,3326),(55,3774),(62,3088),(63,2806),(77,670),(90,221)]	19.352351
527	[(2,3479),(8,832),(15,4280),(18,2109),(26,554),(34,3824),(42,1464),(49,1568),(63,1898),(71,2094),(78,773),(85,4001),(87,3439)]	19.844176
528	[(29,1270),(42,1175),(63,814),(81,3730)]	20.036621
529	[(3,572),(67,2432),(82,3412)]	19.183618
530	[(38,14),(42,2115),(46,4424),(56,1999),(77,4178),(82,4772)]	18.841868
531	[(21,2116),(33,1888),(46,1621),(59,127),(71,1815),(75,4764),(81,292)]	18.917132
532	[(14,1410),(27,3551),(40,1094),(44,4321),(54,4506)]	20.221066
533	[(32,5033),(46,2932),(50,289),(53,1900),(58,4260),(68,174),(78,4970)]	19.386564
534	[(16,4896),(35,317),(37,3217),(41,363),(44,2260),(67,3060),(68,2309),(75,2687),(78,2469),(89,3146),(92,4798)]	21.875441
535	[(4,4447),(38,370),(44,887),(50,5088),(59,4142),(82,1767),(90,414)]	19.252077
536	[(14,4249),(53,2887)]	20.419391
537	[(7,1323),(12,3557),(20,3392),(25,564),(26,2910),(45,4077),(47,443),(54,2125),(69,3100),(70,2563),(90,1346)]	26.424665
538	[(1,1990),(11,4283),(18,543),(19,1020),(24,4708),(27,1429),(53,4689),(81,1031)]	19.905645
539	[(5,327),(87,220),(88,3102)]	19.003841
540	[(13,3714),(22,1434),(47,182),(57,4238),(65,2824),(72,2774),(75,3786),(79,4641),(84,1372),(86,4046)]	19.809981
541	[(7,3057),(14,4950),(25,419),(32,4811),(34,4652),(40,1054),(47,4646),(53,3994),(56,2109),(60,3057),(66,1847),(69,2851),(91,331),(92,1704)]	20.313498
542	[(17,4196),(51,994),(53,3635),(60,2960),(72,323)]	18.812528
543	[(10,4527),(22,3532),(24,3953),(29,4911),(55,451),(58,4350),(65,3337),(72,3436),(83,933)]	19.559650
544	[(25,3030),(26,2989),(33,1215),(74,4780),(75,2161),(87,1971),(91,3295)]	19.095488
545	[(3,4397),(5,56),(6,2278),(10,2506),(13,1288),(34,2148),(44,4106),(48,3481),(80,87)]	19.116963
546	[(8,1805),(16,2968),(21,1689),(26,2211),(35,2048),(40,82),(73,1547)]	18.612762
547	[(34,4182),(41,3406),(50,359),(51,2238),(67,3031),(70,2481),(92,505)]	20.235187
548	[(21,136),(29,496),(32,2829),(38,3980),(46,3912),(53,2294),(85,3612)]	19.974201
549	[(30,2231),(59,3276),(68,2319),(86,2997)]	19.926570
550	[(1,2750),(5,1481),(24,3158),(37,1565),(41,1187),(43,3402),(49,4223),(58,4233),(89,3716)]	18.684561
551	[(4,894),(23,1049),(28,775),(33,2741),(38,1478),(50,2687),(62,3578)]	22.746507
552	[(0,580),(10,3882),(26,2732),(33,5034),(34,4734),(49,1130),(50,2252)]	18.769266
553	[(7,4362),(9,2689),(13,5117),(15,2366),(22,1128),(27,1154),(29,1383),(33,1777),(52,4674)]	20.464416
554	[(2,3663),(19,1808),(29,664),(33,359),(68,4753),(70,4243),(89,3990)]	19.055508
555	[(11,2813),(15,4391),(22,3535),(31,2468),(34,3660),(76,4341)]	19.022999
556	[(4,3358),(27,3289),(40,4689),(73,4309),(92,612)]	18.657433
557	[(9,2460),(20,3875),(46,2571),(47,1695),(54,2892),(83,4127)]	20.614029
558	[(3,4785),(4,6),(5,4699),(67,4522),(70,4895),(79,48),(81,2030)]	19.915797
559	[(3,1485),(25,192),(41,4811),(74,888),(76,3375),(82,4916),(84,2094)]	19.342902
560	[(0,2727),(2,3899),(11,4112),(19,1379),(21,3726),(56,2183),(60,3480),(74,477),(86,2184)]	19.384066
561	[(7,2936),(18,267),(37,3355),(58,1881),(64,3655),(76,4433),(81,3948),(82,2768),(84,621),(88,4753)]	18.781856
562	[(10,362),(18,2809),(20,1739),(32,880),(33,3393),(51,2613),(75,4573)]	18.997465
563	[(27,1784),(84,4285),(85,772)]	19.026988
564	[(30,3002),(38,129),(42,2186),(45,295),(53,803),(58,764),(63,4198),(67,1817),(68,1839),(70,1672),(89,4962)]	18.994228
565	[(2,2313),(9,844),(15,4072),(19,2694),(21,1358),(52,1972),(77,3103),(78,607),(79,3274),(82,413),(88,1181),(92,3644)]	19.287413
566	[(11,30),(21,5061),(28,2300),(63,2648),(65,2848),(67,921),(73,3490),(85,2619)]	37.671033
567	[(6,1056),(71,4358),(75,2799),(88,2266)]	21.549758
568	[(0,4164),(15,621),(22,935),(29,575),(81,2514),(85,3815),(87,4155)]	19.509440
569	[(6,1265),(21,4834),(32,2312),(71,4172),(85,1630)]	21.236551
570	[(12,782),(13,4037),(64,2069),(69,642),(70,879),(87,3728)]	18.913129
571	[(0,1411),(23,859),(25,4388),(30,1389),(52,3297),(60,2193),(84,4753),(89,2670)]	18.774694
572	[(8,744),(16,2407),(34,2875),(49,3130),(79,3084),(83,4163),(87,4088),(90,4686)]	18.717468
573	[(19,2052),(61,1666),(67,3169),(84,2588),(92,662)]	19.139099
574	[(17,2510),(27,817),(32,1742),(47,3740),(62,860),(67,3716)]	18.573935
575	[(1,838),(3,2101),(21,1456),(41,567),(62,2105),(68,3930),(75,702),(87,2094)]	18.841777
576	[(10,2006),(33,1918),(34,1279),(46,4937),(48,3346),(62,1418),(88,1159)]	19.005717
577	[(1,743),(15,1224),(19,2427),(24,3757),(28,43),(29,727),(36,91),(38,713),(67,2671),(71,3398)]	19.515588
578	[(16,447),(19,1301),(30,5042),(31,5055),(59,4801),(60,4781),(67,1918),(68,1279),(92,360)]	19.479034
579	[(3,4631),(13,3047),(24,4572),(32,2038),(35,2878),(45,77),(49,4871),(73,1203),(75,3191),(84,4096)]	18.607895
580	[(15,1610),(20,1465),(44,4468),(46,4032),(47,1120),(55,75),(66,3802),(67,4768),(72,776),(88,489)]	18.761624
581	[(12,2746),(13,468),(16,4748),(44,1723),(90,4377)]	19.551635
582	[(1,3519),(2,42),(8,1282),(11,3108),(13,1278),(21,2820),(24,4936),(25,3682),(33,3509),(46,2174),(62,4680),(74,2679),(75,2960)]	19.286033
583	[(12,4887),(15,1557),(46,845),(52,440),(74,267),(81,2423)]	18.847930
584	[(2,2484),(10,4095),(13,2284),(17,4050),(26,2388),(28,4637),(30,582),(31,1326),(57,4014),(62,3397),(75,4081),(80,3165)]	18.918315
585	[(19,2158),(49,249),(55,2370),(71,3365)]	19.507912
586	[(25,1936),(26,3177),(50,966),(63,4666),(79,4914),(83,3193),(92,4396)]	19.597354
587	[(48,4796),(56,3710),(79,4597)]	26.123846
588	[(19,1967),(27,406),(55,75),(67,2443),(74,3881)]	19.984731
589	[(32,3539),(59,5105),(75,2383)]	19.000923
590	[(1,3641),(2,3072),(40,588),(61,1275),(91,3444)]	19.268596
591	[(19,1646),(26,4378),(49,3739),(69,2926),(78,3340)]	19.011387
592	[(46,2941),(57,4776),(79,2832)]	20.831424
593	[(11,1288),(27,620),(36,3299),(55,1834),(72,1393),(81,1952),(88,1843)]	19.521327
594	[(23,4441),(31,1901),(54,2000),(66,892),(78,215)]	19.389245
595	[(5,1612),(16,561),(17,2476),(76,4769),(77,813)]	19.728793
596	[(2,359),(19,543),(43,646),(63,2160),(74,4241),(81,4113),(84,2609)]	18.847137
597	[(4,1079),(10,2473),(18,3165),(30,643),(31,2371),(32,5112),(36,23),(46,150),(50,4443),(56,2127),(75,2847),(76,3542),(81,883),(91,2231)]	18.774774
598	[(12,2384),(15,792),(53,1248),(77,1214)]	18.965961
599	[(3,894),(10,4417),(16,2430),(25,1143),(54,1113),(56,989),(62,461),(72,3757),(89,3978),(92,4340)]	19.219152
600	[(0,3049),(18,2780),(31,3135),(39,1305),(51,4068),(55,4493),(67,4048)]	20.961603
601	[(7,1647),(23,3224),(32,422),(43,2450),(67,834),(77,4),(81,950),(82,2339)]	18.978430
602	[(5,1114),(12,1603),(28,2602),(45,4147),(56,3729)]	20.188699
603	[(14,4502),(34,4694),(56,85),(73,3980),(92,994)]	20.664505
604	[(1,484),(12,3093),(27,1804),(29,2204),(43,4067),(64,2431),(80,1250),(81,3371)]	19.261490
605	[(24,2264),(42,374),(45,732),(80,362),(83,1112),(89,613)]	19.295568
606	[(1,3521),(2,3054),(17,3810),(31,5004),(48,2373),(51,4315),(69,1377),(76,3903),(84,783)]	19.078669
607	[(0,1684),(4,4935),(5,4010),(24,1350),(25,2317),(39,2273),(51,3751)]	18.817721
608	[(1,1437),(2,4236),(17,3396),(24,608),(30,828),(37,2265),(42,129),(44,3552),(56,2597),(78,4298),(83,1687)]	21.250841
609	[(6,3704),(11,3332),(32,3072),(48,1665),(49,159),(61,1461)]	19.047973
610	[(25,2180),(48,369),(51,1341),(64,4697),(79,2749),(80,1176)]	21.656998
611	[(33,1293),(43,1439),(80,611)]	20.338153
612	[(8,3783),(10,2577),(13,193),(15,1871),(22,615),(35,299),(52,4135),(64,252),(69,3996),(75,2550),(76,4646)]	20.056671
613	[(0,695),(3,1439),(8,4472),(11,2888),(15,841),(16,387),(64,2172),(67,3720),(75,857),(79,112),(88,1546)]	19.777475
614	[(3,1603),(4,3951),(21,1665),(24,4914),(29,1107),(33,2246),(35,47),(43,4167),(45,801),(48,1794),(50,4754),(55,4426),(56,531),(59,3816),(60,890),(70,973),(81,2906),(86,907)]	19.163835
615	[(10,1434),(18,1101),(29,787),(31,4294),(36,4445),(53,28),(58,508),(62,88),(68,2810),(69,2828),(73,4060),(85,5032)]	20.052247
616	[(3,3721),(12,116),(14,411),(21,4725),(34,3441),(43,5116),(46,3818),(79,4398)]	18.915800
617	[(27,3543),(33,2461),(85,3841)]	19.099892
618	[(1,4485),(3,4838),(17,435),(18,2389),(20,3926),(24,3199),(26,4187),(36,3463),(44,3995),(54,1421)]	38.030663
619	[(20,403),(23,3628),(36,3194),(40,3970),(73,1141)]	22.325291
620	[(0,1480),(4,2597),(12,1927),(18,1639),(31,850),(40,1944),(55,3007),(75,2835),(77,650),(79,85),(89,189)]	18.763244
621	[(7,3344),(12,1938),(13,3984),(28,826),(36,257),(39,2131),(47,4252),(54,439),(55,1259),(57,317),(65,1252),(80,4233),(90,3504)]	18.638888
622	[(27,3677),(28,2179),(84,1237)]	18.765178
623	[(1,3364),(16,3648),(29,1293),(37,3377),(77,4679)]	18.903932
624	[(7,689),(24,321),(25,4412),(32,909),(48,963),(73,2278),(88,1271)]	18.593263
625	[(10,2532),(41,3061),(44,4323),(54,1863),(60,3281),(62,896),(67,3758),(69,1640),(91,2423)]	18.806834
626	[(8,2685),(12,6),(25,1568),(46,1011),(92,1208)]	18.966400
627	[(2,2849),(12,4032),(36,3611),(42,764),(45,1240),(56,245),(60,1632),(66,4030),(67,189),(81,484),(85,1683)]	20.181001
628	[(0,915),(11,3542),(15,4233),(21,4517),(37,916),(57,5109),(72,1066)]	18.770511
629	[(7,147),(31,1351),(49,4285),(50,772),(53,4812),(54,1521),(71,2575),(74,2299)]	18.767866
630	[(8,1002),(16,4012),(50,1496),(60,470),(65,514)]	19.002780
631	[(20,2496),(21,4238),(27,3075),(41,3408),(65,4472),(76,172)]	18.577707
632	[(5,1094),(8,1612),(10,2889),(13,4752),(51,1718),(56,4592),(67,3018),(68,4834)]	18.866867
633	[(31,1328),(62,4113),(88,4154)]	18.671624
634	[(2,2078),(3,3538),(6,92),(10,925),(20,297),(22,1042),(23,1023),(25,1109),(33,5079),(56,4121),(67,4951),(79,4862)]	25.058004
635	[(25,2849),(32,3061),(44,4348),(53,2648),(56,2031),(63,4439),(68,3882),(73,2842)]	21.512302
636	[(26,1981),(30,4530),(31,2047),(37,4894),(52,5117),(64,3282)]	25.293301
637	[(47,3083),(59,3098),(64,2357),(79,1870),(82,4345),(85,4340),(86,4012)]	26.322098
638	[(31,3623),(41,2162),(85,3853)]	19.079909
639	[(5,1908),(34,3181),(39,4607),(56,3672),(57,886),(67,227),(90,2311),(92,1832)]	20.093562
640	[(27,2901),(30,1283),(35,2895),(43,1117),(65,3602),(68,2104)]	19.398990
641	[(56,4906),(79,782),(80,4037)]	18.987311
642	[(31,4640),(40,2589),(50,1339),(66,2267),(87,2441)]	19.154689
643	[(23,3037),(34,1795),(39,4845),(58,1752),(62,728)]	19.645612
644	[(17,550),(18,959),(28,3638),(33,1318),(36,3188),(42,3930),(44,5103),(56,4637),(69,1450),(71,1451),(72,4745),(73,2315),(90,3125)]	18.978893
645	[(9,4167),(16,1092),(33,4964),(39,5101),(52,226),(57,3517),(60,796),(85,4144)]	19.793291
646	[(2,4614),(4,739),(9,1269),(26,193),(34,4289),(43,593),(48,3832),(69,535),(74,2426),(91,1615)]	20.612068
647	[(16,453),(39,1001),(53,3012),(63,1767),(78,2799),(87,1405),(89,4823),(90,4076)]	19.218615
648	[(1,4862),(10,3916),(24,1916),(41,4236),(60,2015),(73,430),(76,3313),(79,1711)]	19.910303
649	[(38,878),(44,2250),(57,2815),(58,95),(73,3434),(76,2074),(78,2418)]	20.456625
650	[(0,470),(10,4602),(18,2742),(31,4373),(74,1313),(90,3564)]	21.639084
651	[(10,4716),(21,4243),(60,2333),(82,833),(88,3301)]	19.152691
652	[(3,2916),(4,3708),(18,4276),(32,4375),(36,4054),(44,1512),(67,2495),(83,957)]	19.786113
653	[(20,2345),(34,1078),(35,298),(46,3333)]	19.365478
654	[(9,39),(11,3549),(17,2028),(25,2090),(37,1289),(41,3298),(45,3593),(73,4189),(83,396)]	18.616740
655	[(16,1801),(46,4826),(58,3799),(75,2774),(89,3689)]	18.758281
656	[(5,2936),(21,4439),(23,4431),(24,16),(25,4154),(31,3718),(47,3902),(54,3297),(92,2048)]	19.292111
657	[(21,3380),(45,1225),(53,1465),(68,4299),(83,1243),(86,4425)]	21.408220
658	[(19,4368),(31,234),(43,4278),(53,1965),(70,1584),(72,1368),(76,1307),(87,3251)]	19.414984
659	[(20,3026),(28,1324),(36,4638),(45,3764),(54,4480),(60,1620),(64,2155),(75,1196),(82,1361)]	19.313969
660	[(2,4927),(8,1908),(37,3899),(41,134),(58,4814),(62,2654),(65,1846),(75,82),(92,2413)]	19.173395
661	[(9,3643),(14,993),(22,4746),(26,1220),(37,4787),(40,2798),(48,1127),(64,4343),(69,4042),(77,4579)]	19.952696
662	[(13,2397),(17,1642),(19,3858),(24,2827),(28,3723),(58,4306),(64,4951),(78,4093),(81,434),(82,5099)]	19.039662
663	[(7,3383),(9,3788),(30,2860),(32,4013),(62,4597),(75,3533),(87,4874)]	18.805820
664	[(7,2627),(52,3861),(68,1903),(76,1253),(79,413)]	19.710125
665	[(0,946),(9,3567),(35,1303),(42,4306),(58,1929),(66,4511),(69,1373),(90,4452)]	19.133583
666	[(8,2532),(11,1931),(36,3488),(42,4556),(44,302),(48,2899),(53,4140),(64,4734),(87,1452)]	18.742257
667	[(21,3424),(25,2926),(71,4961),(82,804),(89,5114)]	19.168080
668	[(22,3126),(26,2516),(27,1711),(29,1300),(33,1249),(35,2550),(47,3596),(58,4867),(62,87),(74,783),(79,4247)]	18.628178
669	[(20,2153),(28,348),(49,1319),(56,1046),(63,2442),(79,5021),(90,3806),(92,2909)]	31.814878
670	[(0,239),(17,4913),(27,1969),(38,2999),(45,3627),(50,4608),(51,84)]	27.844647
671	[(28,4219),(50,3757),(51,3473),(56,2496),(57,4238),(60,254),(63,5120),(84,4837),(85,2710)]	20.053709
672	[(11,343),(12,3098),(13,161),(37,2943),(46,2943),(65,871),(68,3947),(89,896)]	18.931427
673	[(2,3303),(8,34),(9,1879),(11,3404),(33,1904),(36,1542),(57,489),(70,474)]	18.987700
674	[(12,2383),(16,4284),(17,603),(19,4505),(20,1232),(35,705),(48,660),(49,1240),(70,3159),(74,4973),(91,3157)]	18.674874
675	[(7,218),(31,4775),(41,2113),(58,3540),(73,1886),(87,3751)]	19.217205
676	[(37,2127),(39,300),(63,4301),(71,935),(76,3478),(84,3817)]	19.646116
677	[(20,587),(26,490),(28,3023),(29,3411),(42,4930),(53,1501),(57,1061),(79,1025)]	19.141568
678	[(17,4645),(35,1382),(43,1869),(52,1997),(67,3499),(71,2953),(87,2298)]	19.073263
679	[(8,4996),(12,2388),(57,4780),(60,1402),(76,2940),(83,4095),(84,508)]	18.646115
680	[(18,783),(21,2304),(29,704),(39,1219),(44,3454),(46,1309),(49,2443),(52,377),(54,2162),(85,3422)]	19.168793
681	[(14,1817),(17,2923),(33,4319),(42,1016),(72,147),(91,1128)]	19.411775
682	[(5,2844),(8,1805),(11,435),(59,2098),(65,797),(66,471),(74,4662),(75,2120),(81,4890),(87,3528),(89,4315)]	18.954670
683	[(1,197),(3,2430),(18,1495),(20,1013),(26,4547),(27,1983),(28,4377),(37,1452),(41,3445),(56,3459),(61,3927),(62,2821),(81,4851),(92,4635)]	18.792161
684	[(0,241),(7,4644),(33,3863),(34,3507),(41,1405),(44,445),(51,3065),(62,2200),(70,7)]	19.421517
685	[(3,1996),(17,1759),(22,572),(26,2437),(38,187),(40,4638),(52,4676),(58,621),(72,1830)]	19.846518
686	[(21,3323),(22,2548),(23,4726),(65,3337),(67,210),(72,4651),(78,199),(91,2662),(92,21)]	24.610975
687	[(1,2720),(19,557),(28,791),(32,217),(33,3268),(42,1207),(50,1434),(54,114),(70,609),(75,2387),(78,3963),(79,1768),(92,5124)]	23.840951
688	[(12,2709),(22,4725),(24,2568),(62,1801),(69,2111),(88,1222)]	19.712146
689	[(16,1465),(23,3814),(36,41),(51,1163),(55,636),(56,3853),(65,2416),(71,4504),(73,4199),(79,1929)]	20.727194
690	[(1,3349),(18,3737),(24,4520),(52,2721),(72,1290),(86,1090),(91,2982)]	20.057509
691	[(28,645),(39,642),(41,1135),(48,3),(55,2369),(58,3297),(65,685),(67,2627),(76,2666)]	20.236963
692	[(5,3578),(10,3585),(35,4599),(36,3900),(75,766),(78,4115),(91,4095)]	19.382425
693	[(0,3411),(28,4888),(37,86),(38,258),(44,1886),(84,2153)]	19.154641
694	[(48,477),(64,2550),(70,4972),(84,4016)]	19.022072
695	[(2,225),(30,2188),(43,1669),(53,3087),(61,3519),(64,4388),(87,3123)]	18.755529
696	[(19,5079),(45,44),(52,2853),(67,1441),(68,4544),(85,2028),(89,2800)]	19.208931
697	[(4,4455),(41,3583),(68,3341),(70,2714),(71,1246),(74,4892),(87,2311),(89,926)]	19.115872
698	[(14,1866),(37,883),(54,2331),(67,4440),(86,1244)]	19.342882
699	[(13,1306),(28,942),(33,1195),(48,4327),(70,4950),(71,1051),(75,3436),(92,143)]	21.668604
700	[(38,2722),(41,1013),(44,358),(62,4562),(88,2768)]	20.628110
701	[(13,892),(18,4393),(26,1541),(35,1052),(51,1032),(56,4544),(88,3556)]	19.352976
702	[(11,2150),(16,4167),(17,5067),(20,4507),(22,1300),(28,818),(32,218),(33,1420),(46,4206),(82,3858)]	19.065270
703	[(1,3493),(7,2142),(14,3738),(22,2991),(31,3456),(33,98),(46,228),(53,3086),(71,4031),(73,562),(78,284)]	19.052140
704	[(4,4425),(8,4498),(23,1110),(24,4321),(31,2198),(41,4658)]	19.050045
705	[(3,1981),(38,33),(43,3887),(44,288),(46,1623),(54,2376),(59,2009),(69,977),(76,1717),(77,2366)]	18.985677
706	[(0,3282),(21,3851),(34,793),(36,4218),(47,389),(61,2321),(78,1643)]	19.341271
707	[(17,1352),(30,4187),(35,1901),(47,2026),(62,1540),(73,3866),(75,2661)]	21.288537
708	[(2,3511),(8,823),(9,902),(18,3796),(23,355),(48,4848),(75,98),(80,4860),(81,4330)]	19.310372
709	[(34,4558),(61,1763),(68,435),(85,1047)]	19.942176
710	[(0,348),(2,2425),(17,4911),(19,1401),(29,839),(38,2366),(45,3541),(65,2396),(87,1406)]	20.714253
711	[(25,1028),(27,3217),(29,172),(47,1552),(57,250),(62,1735),(92,1360)]	20.897694
712	[(17,1822),(34,2122),(35,3502),(36,5105),(47,3332),(55,340),(57,551),(65,3389),(75,1136),(86,3023)]	22.794982
713	[(6,1976),(8,2922),(42,1103),(50,4588),(53,1751),(66,3573),(73,3739),(76,1581),(78,185),(84,4946),(87,4688),(91,3359)]	19.231879
714	[(0,2998),(5,3850),(9,2423),(52,3155),(59,1159),(66,4479),(88,1765)]	36.574462
715	[(1,3029),(6,2114),(10,2673),(44,4228),(45,3273),(75,3408),(79,165),(89,1254),(91,3040)]	44.720054
716	[(15,2578),(23,3333),(25,5078),(39,1499),(45,1840),(64,3304),(79,3991),(82,3669),(87,535)]	43.777902
717	[(2,1028),(16,3682),(37,1427),(40,2382),(46,1729),(48,321),(49,4412),(73,590)]	50.440117
718	[(18,4876),(51,2102),(56,1305),(74,2067),(76,4214)]	37.093944
719	[(3,2108),(13,1350),(79,438),(92,2739)]	39.675532
720	[(2,1651),(19,1204),(22,2583),(55,3905),(56,4827),(67,1342),(90,1907)]	35.222980
721	[(1,3756),(2,736),(31,2466),(56,70),(59,3098),(84,792),(89,3729),(90,5051)]	36.500575
722	[(0,2845),(3,4162),(21,5052),(37,2557),(41,3240),(60,898)]	39.339974
723	[(8,892),(16,4619),(35,2563),(41,4497),(64,4035)]	39.640481
724	[(0,4729),(12,4226),(13,4137),(15,4177),(22,2568),(59,4997),(74,2274)]	38.274727
725	[(20,3529)]	43.877637
726	[(6,3890),(9,3195),(13,451),(39,4122),(46,1781),(47,4019),(54,4224),(62,280),(79,3793)]	39.217800
727	[(0,2536),(12,3563),(21,427),(38,1597),(54,989),(57,142),(73,906)]	37.882325
728	[(55,2663),(90,1321)]	38.107197
729	[(0,3197),(4,1332),(8,4249),(17,4479),(32,1237),(33,552),(62,2538),(89,4718),(91,4082)]	38.212107
730	[(11,3317),(40,3451),(53,3223),(70,899),(92,1866)]	37.979729
731	[(11,541),(17,1137),(24,2640),(33,4061),(34,3554),(37,3231),(45,870),(82,2343),(86,5069)]	38.015659
732	[(7,1605),(13,4894),(18,1836),(35,3157),(66,4480)]	37.808617
733	[(11,1036),(19,3037),(21,1445),(43,3445),(65,3467),(69,4322),(85,3982)]	38.384977
734	[(2,2851),(9,3429),(51,592),(74,1050)]	37.495614
735	[(3,2074),(8,1255),(17,2435),(20,2202),(30,4661),(41,4659),(45,4326),(83,3461)]	37.568440
736	[(7,191),(18,1734),(30,4619),(37,4845),(38,3159)]	38.422287
737	[(4,4648),(7,185),(15,1149),(29,4323),(32,4826),(66,4468),(73,374),(78,1918),(82,4741)]	38.939058
738	[(1,185),(11,2824),(49,2486),(62,1289),(70,2884),(77,557),(91,2491)]	36.379319
739	[(13,1854),(19,3989),(24,1640),(49,4633),(53,3141),(54,3466),(60,2168),(66,59),(91,2358)]	37.132538
740	[(15,2607),(24,825),(50,663),(69,3460),(92,2771)]	37.931785
741	[(32,1646),(45,2332),(57,2446),(76,2610)]	37.998420
742	[(7,2753),(11,1880),(34,535),(70,1777),(73,4001),(75,301),(77,1825),(88,1053)]	38.092205
743	[(3,4741),(24,2473),(31,289),(42,4560),(54,801),(91,3351)]	37.137446
744	[(2,3415),(4,4373),(5,4177),(22,2355),(23,1464),(29,1816),(43,2359),(58,3968),(59,3620),(68,4436),(91,4379)]	47.657275
745	[(54,2472),(71,3429),(81,1665),(82,159),(83,5121)]	42.037172
746	[(2,759),(14,1758),(33,4702),(34,3773),(48,2632),(65,3130)]	38.936676
747	[(12,4365),(15,2952),(60,1579),(63,2145),(68,3262),(76,4511),(77,1111),(83,3734),(87,781)]	36.524486
748	[(0,2431),(9,2804),(15,4511),(17,4208),(28,297),(38,3922),(84,1310)]	38.026046
749	[(1,4648),(48,4040),(59,974),(62,3510),(80,441),(81,203),(82,1116)]	39.503769
750	[(3,4766),(21,853),(23,4451),(53,3101),(58,5023),(59,4537)]	40.831187
751	[(3,4531),(30,375),(33,4499),(58,216),(62,1534),(63,4115)]	38.783316
752	[(0,496),(35,1191),(39,3436),(52,1469),(85,3463)]	42.307571
753	[(6,2583),(18,3363),(74,3777),(79,1879)]	41.706556
754	[(9,1881),(11,1910),(13,266),(15,52),(20,2092),(34,1210),(45,4153),(50,2860),(56,2045),(60,3443)]	37.595982
755	[(1,819),(9,4034),(20,4810),(42,1086),(51,3399),(81,85)]	38.758457
756	[(8,4117),(11,56),(23,768),(50,2343),(67,2320),(69,806),(89,2420),(92,2698)]	38.294373
757	[(7,3140),(21,652),(33,4222),(70,829),(75,2859),(81,1374),(90,2572),(91,2272)]	41.414590
758	[(8,3548),(16,3907),(17,274),(27,4428),(28,3553),(29,1330),(30,2829),(36,3650),(54,4144),(61,3110),(71,3830),(76,2468),(87,2541),(90,3201)]	37.960456
759	[(31,3138),(36,4200),(62,3432),(67,2750)]	37.848861
760	[(7,3233),(32,236),(65,258),(88,818)]	36.971832
761	[(6,2171),(8,1710),(12,921),(15,2705),(28,2922),(31,3547),(33,302),(43,1546),(51,1884),(57,2663),(64,3780),(71,2587),(72,3910),(75,4348),(78,4634),(86,2141)]	39.713522
762	[(16,3641),(17,3072),(21,1288),(24,232),(25,4871),(29,3578),(56,3945),(65,3905)]	39.220527
763	[(1,3921),(3,4330),(4,117),(19,277),(21,144),(52,1493),(55,636),(56,2739),(64,4273),(75,2381),(91,787)]	39.243564
764	[(25,3522),(51,682),(56,4256),(57,2058),(92,3364)]	40.356925
765	[(0,3416),(2,538),(9,5068),(16,1244),(18,479),(29,4702),(53,906),(66,3436)]	38.207877
766	[(10,2356),(34,1267),(49,2396),(54,4189),(60,4815),(73,111),(75,3957),(82,1960),(84,2553),(91,1871)]	53.189249
767	[(0,141),(18,4054),(22,4426),(23,3495),(26,1530),(29,4168),(36,3140),(49,1722),(55,2349),(77,2201),(88,93),(92,1169)]	39.722171
768	[(19,4769),(23,1278),(42,4921),(60,3750),(63,408),(73,4807),(78,1151)]	43.819062
769	[(12,3182),(14,3311),(18,2707),(28,881),(40,5089),(47,5126),(48,4141),(66,1323),(72,2940),(84,3519),(85,42),(88,4877)]	38.305509
770	[(14,2543),(18,2821),(25,2079),(49,1369),(50,2711),(64,1310)]	52.787886
771	[(2,3537),(22,3891),(26,5076),(49,1141),(63,2502),(68,3561),(77,4023),(78,2581),(80,2848),(92,3445)]	50.475907
772	[(5,3666),(63,3232),(70,2681),(73,4041),(79,225)]	61.008207
773	[(0,585),(19,2050),(48,4554),(61,1485)]	57.084043
774	[(23,2565),(39,311),(48,2804),(57,4737),(76,2981),(89,3454)]	39.814899
775	[(16,5107),(17,165),(52,1899),(61,134),(65,2748),(71,1540),(89,3910),(90,5056)]	41.048364
776	[(2,685),(50,4955),(81,4720)]	38.175809
777	[(20,3329),(35,4394),(87,3740)]	39.336369
778	[(11,483),(17,1351),(40,4055),(51,3963),(85,3449)]	49.634674
779	[(5,3861),(17,4749),(40,860),(46,3697),(48,3508),(50,359),(56,3590),(60,2603),(64,50),(72,4221)]	38.092574
780	[(0,3036),(3,4613),(6,2169),(25,474),(28,1070),(30,1262),(34,224),(50,4440),(54,2085),(62,3033),(73,2140),(78,1136)]	40.331403
781	[(0,2564),(34,4667),(46,1000),(88,4100)]	36.790080
782	[(1,3),(35,511),(39,2726),(56,4150),(68,1261),(80,4125),(90,2256)]	36.712284
783	[(30,2329),(59,2960),(66,4385),(80,3560)]	52.068418
784	[(12,2752),(16,3048),(20,1184),(28,4278),(29,187),(46,2854),(56,3848),(64,4298),(67,1419),(77,2993)]	62.485909
785	[(2,2968),(10,4730),(19,1728),(27,3633),(29,1995),(31,3307),(33,654),(34,1540),(39,1929),(42,1090),(55,1219),(76,2587),(77,4080),(81,2507),(88,525)]	61.935956
786	[(19,532),(39,3140),(43,1452),(55,7),(63,1946),(70,528),(80,4110),(84,4637)]	47.848016
787	[(12,2372),(19,1105),(29,1294),(47,4223),(53,4314),(68,159),(81,525)]	48.900958
788	[(9,5045),(24,2099),(46,2004),(49,1716),(50,3526),(87,636),(88,3853)]	50.028422
789	[(11,4001),(17,4741),(18,1156),(32,773),(88,3399)]	57.299020
790	[(4,3252),(11,3734),(18,2361),(32,3319),(58,4044),(68,1897),(91,927)]	61.717092
791	[(9,1585),(23,108),(37,1541),(47,453),(48,2093),(62,4805),(75,393),(78,3289),(79,458),(89,3254)]	71.999574
792	[(5,916),(20,4370),(33,2109),(42,56),(50,823),(51,902),(55,3030),(72,596),(75,3672)]	57.138891
793	[(17,4633),(19,1087),(40,75),(55,4028),(59,1286)]	52.697547
794	[(7,426),(12,450),(21,4890),(24,963),(41,4621),(55,2075),(63,2527),(79,2312)]	47.636836
795	[(0,500),(15,4990),(35,2265),(39,1862),(41,494),(47,2508),(52,1349),(62,4653),(78,4683),(87,3721)]	44.335649
796	[(8,4542),(24,95),(45,4807),(82,3107)]	38.308462
797	[(37,3694),(38,1828),(73,1988),(80,3617)]	41.233568
798	[(8,1180),(14,2793),(52,3995),(62,3679),(63,1386),(71,677),(72,4953),(90,3993)]	35.618634
799	[(29,2154),(33,521),(50,1037),(73,2993)]	37.471954
800	[(9,2191),(18,134),(26,3888),(49,3898),(53,668),(67,171),(75,3739),(78,3161)]	41.680477
801	[(9,1345),(23,1074),(31,469),(34,3266),(39,1189),(41,3235),(42,1259),(59,2509),(68,2295),(73,1743),(76,4441),(91,3439)]	41.429908
802	[(10,4895),(12,4408),(20,997),(21,1545),(29,810),(34,4180),(49,4794),(52,1938),(59,551),(65,1063),(73,737)]	44.318524
803	[(6,1548),(11,3251),(21,4174),(22,5059),(53,3005),(76,34),(90,4326)]	44.497727
804	[(8,909),(39,1481),(40,3840),(41,732),(59,2976),(65,3706),(72,4861),(76,405)]	36.109902
805	[(2,1324),(3,5085),(7,910),(13,2414),(29,3877),(31,4068),(58,2611),(64,3481),(67,2800),(78,3703),(81,3108),(87,5038),(90,277)]	49.189710
806	[(9,2247),(23,3249),(46,3752),(53,628),(81,2184),(88,3737),(91,4274),(92,2056)]	46.089128
807	[(0,2362),(4,1273),(15,4228),(36,640),(44,3007),(54,4515),(60,808),(75,4340),(89,1853)]	40.816224
808	[(17,3133),(18,4505),(41,3122),(49,1084),(55,3514),(67,3398),(90,2915)]	39.943085
809	[(6,3807),(26,2047),(37,4430),(42,4231),(46,686),(52,709)]	40.429740
810	[(0,4649),(13,597),(16,5025),(44,230),(52,3375),(57,3567),(85,4949),(91,4895)]	41.835702
811	[(9,2209),(17,978),(32,3699),(61,674),(92,2316)]	42.903265
812	[(42,3165),(44,3032),(49,560),(55,3714),(67,1474),(68,3871),(71,787),(86,2336)]	39.789437
813	[(2,406),(22,2537),(30,2655),(40,2878),(80,3782),(82,3593),(92,1504)]	39.494343
814	[(4,1395),(6,3823),(9,1063),(14,362),(31,2493),(43,1965),(73,1619),(76,2411),(83,3036)]	39.187962
815	[(0,3251),(3,4295),(12,3764),(21,3035),(69,1399)]	40.122890
816	[(4,2915),(15,711),(28,2857),(29,2801),(75,4272)]	27.093134
817	[(5,1978),(18,4751),(41,1143),(44,1742),(46,4824),(65,4043),(66,1547),(78,4503),(83,3240),(86,2072)]	20.073942
818	[(2,318),(3,1497),(8,1017),(15,3824),(42,1616),(48,3021),(56,4318),(60,2400),(84,1639),(91,2101)]	22.981659
819	[(9,5088),(22,1524),(39,2647),(41,1187),(92,239)]	20.624382
820	[(8,1111),(16,1835),(26,2604),(53,2352),(58,3833),(82,1852),(92,4226)]	20.899187
821	[(0,2720),(14,2574),(23,4947),(29,8),(40,4459),(45,989),(52,1964),(58,2532),(63,1690),(84,294)]	26.117232
822	[(17,1351),(40,1446),(51,1296),(53,642),(55,1135),(56,2047),(67,1870),(69,3691),(76,2400),(86,2369)]	26.530117
823	[(16,1919),(20,2656),(43,326),(52,930),(54,3229),(57,2561),(59,1912),(62,3434),(66,1509)]	32.523513
824	[(1,2530),(10,4748),(11,1646),(22,4547),(23,1983),(24,4377),(29,316),(49,363),(80,2778),(88,1165),(89,1556)]	19.960604
825	[(3,3114),(16,3384),(42,3433),(46,2284),(49,1170),(56,5034),(57,4734),(67,1092),(75,3635),(79,635),(80,1899)]	19.746093
826	[(3,2568),(6,3719),(30,4684),(34,4358),(37,4003),(57,839)]	20.287088
827	[(4,5111),(9,3115),(17,4631),(24,2757),(31,602),(40,4141),(54,2009),(56,5),(60,1665),(70,1086),(86,2728)]	18.857096
828	[(32,1677),(44,372),(46,3049)]	19.614460
829	[(21,2492),(31,2025),(36,3228),(44,4988),(49,2539),(70,1948),(90,3195)]	20.498924
830	[(11,3931),(43,4524),(45,2916),(47,4395),(48,832),(66,2426),(74,638),(87,2093)]	22.216518
831	[(8,4900),(26,3503),(30,3017),(37,3414),(53,90),(54,2207),(63,3245),(70,1309)]	20.238318
832	[(15,5101),(18,3092),(28,3200),(59,1169),(62,381),(68,1367),(71,4078)]	20.414386
833	[(25,2207),(68,4254),(73,5042)]	20.224571
834	[(0,4804),(15,3778),(34,167),(49,4651),(85,3905),(87,963)]	19.011772
835	[(2,1731),(21,3781),(26,4080),(31,827),(35,4100),(38,2323),(58,2481),(61,386),(66,3176)]	19.246411
836	[(32,1186),(36,1051),(57,2442),(66,1676),(68,3320),(87,3223)]	20.255603
837	[(1,1994),(17,74),(18,30),(25,1578),(41,3476),(46,1806),(58,3750),(63,4783),(71,3268),(90,982)]	19.104597
838	[(3,478),(33,4475),(52,147),(56,3870),(81,3104)]	20.066319
839	[(2,512),(8,2738),(10,3951),(20,3945),(32,2826),(35,958),(45,2341),(53,894),(72,368),(84,4440)]	19.956089
840	[(10,920),(22,4413),(66,1420),(72,1409),(75,221),(78,412),(84,858),(85,2862)]	20.147715
841	[(17,242),(25,4874),(29,2514),(36,53),(38,781),(74,1791),(77,1137),(87,119)]	21.012767
842	[(14,768),(30,2072),(57,2152),(62,1784),(68,440),(80,4549),(89,89)]	22.387020
843	[(12,4836),(22,1773),(37,513),(39,3580),(58,402),(72,4509)]	20.025877
844	[(29,4597),(42,2741),(58,157),(76,3621),(84,1595)]	19.032560
845	[(9,2605),(34,126),(43,4600),(54,4346),(59,578),(68,1184),(84,2488)]	18.897485
846	[(23,4513),(46,2581),(50,4749),(76,3347),(77,143),(87,22),(88,174),(90,1891)]	18.900391
847	[(0,999),(18,2562),(39,1508),(46,2626),(67,1868),(70,1894),(82,4496),(84,2019)]	18.597745
848	[(0,10),(14,5024),(15,2486),(31,183),(86,2354)]	19.619079
849	[(12,4135),(23,4190),(50,4346),(83,1933),(84,1812)]	19.925079
850	[(6,3080),(16,2683),(17,2295),(32,2082),(78,5029)]	19.705019
851	[(9,231),(30,2741),(32,3501),(65,2655),(81,4739),(92,3272)]	20.177233
852	[(11,3790),(19,2659),(28,1630),(51,2671),(59,1234),(67,262),(72,1643),(79,2248),(83,1366)]	19.746679
853	[(10,636),(11,3853),(63,1158),(89,4756)]	20.007607
854	[(7,4793),(35,687),(42,3996),(49,4117),(77,3014),(78,4138),(81,4260),(91,2943)]	19.712256
855	[(10,461),(20,1592),(21,4143),(66,1225),(70,995),(79,693),(81,3267)]	20.329620
856	[(3,1592),(4,4143),(14,1257),(15,4744),(75,361)]	23.355926
857	[(13,3238),(30,4370),(38,2784),(39,1446),(40,4307),(84,1358)]	20.364829
858	[(4,3690),(21,4411),(31,1142),(52,2398),(73,122)]	19.073563
859	[(1,3078),(10,3336),(34,4574),(41,3842),(56,3196),(59,3193),(75,970)]	19.045367
860	[(2,1247),(21,2668),(57,3224),(73,1425),(75,5043)]	19.264833
861	[(5,1311),(6,4610),(11,3366),(48,4071),(76,4258),(80,4962)]	20.327057
862	[(2,2919),(19,959),(25,3768),(29,3009),(45,4474),(59,813),(67,109),(85,1198),(92,2427)]	22.037404
863	[(8,404),(10,1921),(25,3439),(53,3638),(67,4968),(92,2117)]	19.424481
864	[(8,2271),(25,2251),(26,4430),(28,793),(32,1504),(42,2540),(60,4739),(61,4489),(66,2713),(85,2682)]	19.896239
865	[(8,3667),(35,4310),(50,2718),(51,4361),(52,810)]	19.917073
866	[(1,3423),(22,1471),(28,2261),(35,1784),(39,1798),(53,2282),(66,2771),(84,411),(86,4054),(87,810),(90,4721)]	19.481045
867	[(26,271),(45,4990),(77,92),(80,4888),(88,132)]	19.195123
868	[(6,4002),(33,2812),(40,4240),(46,847),(54,3961),(66,304),(85,4626)]	18.829971
869	[(1,921),(53,3629),(66,1387),(89,2433)]	21.562272
870	[(0,661),(10,2148),(13,4238),(15,2345),(25,2737),(27,794),(40,3523),(55,2918),(65,3418),(67,4888),(74,214),(77,4030),(82,0),(91,992)]	24.999110
871	[(8,1691),(16,1924),(37,2502),(77,1222),(91,2266)]	18.996988
872	[(45,4100),(55,1186),(81,3766),(85,1721),(86,2797),(89,2069),(92,2790)]	19.027750
873	[(2,4026),(25,4838),(33,3804),(41,3882),(48,2816),(74,1589)]	30.696947
874	[(11,4527),(27,1563),(39,335),(41,4001),(42,3620),(78,1659)]	28.339153
875	[(1,1939),(18,4454),(21,706),(49,3694),(56,1691),(61,1568),(71,4587),(89,1812)]	18.948974
876	[(6,1716),(8,2028),(17,358),(20,2949),(21,61),(39,4143),(51,4660),(59,1195),(65,4498)]	18.810357
877	[(0,2513),(15,72),(27,4168),(51,2226),(53,3889),(61,3947),(63,2591),(77,2297)]	19.299556
878	[(20,1916),(39,2655),(44,2248),(55,530),(57,1349),(76,2418),(82,1101),(90,2412)]	19.685650
879	[(8,3994),(35,1959)]	18.978361
880	[(4,4469),(14,3015),(30,2897),(33,1271),(66,322),(68,2612),(74,325),(80,264),(81,491),(85,4284),(91,1847)]	19.398808
881	[(10,1266),(27,4478),(30,2063),(33,2286),(68,3371),(86,4779)]	21.698173
882	[(8,4729),(11,5080),(29,1861),(39,2943),(46,3837),(71,2513),(87,3546)]	21.032953
883	[(1,3609),(63,5086),(68,1656),(76,4975)]	20.482843
884	[(12,5112),(18,260),(32,2636),(53,2791),(62,4011),(76,3873),(79,1454)]	20.095745
885	[(15,4260),(35,4541),(48,4011),(52,2689),(70,1866),(77,3694),(78,1306),(84,4179),(87,380)]	20.845001
886	[(11,4264),(25,3512),(27,1844),(28,3657),(29,1587),(31,3315),(35,1873),(38,1880),(52,3974)]	18.762352
887	[(28,2177),(54,2592),(57,2555),(92,2701)]	18.813732
888	[(45,1898),(57,1194),(73,1918)]	19.932329
889	[(43,3757),(51,4942),(56,1199)]	20.089657
890	[(6,3610),(31,4650),(41,4990),(47,1465),(58,801),(70,3806),(86,3416),(89,913)]	22.087863
891	[(1,451),(10,588),(11,4648),(53,741)]	21.738078
892	[(16,3956),(17,4804),(44,4178),(54,1153),(76,3070),(84,2142)]	19.951608
893	[(8,3613),(29,2055),(30,1869),(31,2188),(46,4483),(49,2152),(58,265),(63,3347)]	20.521405
894	[(14,235),(19,4022),(20,3953),(25,819),(28,2462),(42,575),(47,3658),(49,4062)]	20.192004
895	[(29,4106),(46,2530),(48,1897),(65,4902)]	20.720809
896	[(8,1513),(14,5119),(18,864),(44,765),(47,2491),(48,5029),(75,3925),(83,3951)]	19.807360
897	[(0,471),(2,786),(91,3368)]	20.009935
898	[(0,828),(6,4578),(25,81),(40,2485),(58,4239),(82,2980),(86,974)]	19.287731
899	[(6,3733),(17,1953),(21,4760),(22,3007),(37,370),(48,5109),(51,1569),(56,1645),(60,799),(78,2336),(87,2776)]	21.877833
900	[(2,2297),(24,194),(35,2525),(36,374),(51,1560),(80,1507),(87,636),(88,3853)]	20.340455
901	[(7,3690),(34,4759),(39,2755),(48,1217),(50,4945),(58,605),(82,3768)]	18.968760
902	[(2,3745),(49,911),(55,2405),(66,3998)]	19.557075
903	[(2,2458),(11,816),(19,4532),(23,1728),(33,300),(37,1492),(58,1436),(92,4114)]	18.878268
904	[(5,2004),(30,1516),(31,4696),(43,3043),(67,2059),(75,3529),(83,2257),(85,3583)]	21.893502
905	[(1,4317),(11,2297),(15,1043),(36,3447),(39,164),(48,386),(55,2831),(56,3765),(72,1608),(78,210),(85,4356),(91,1193)]	23.350137
906	[(2,1870),(6,498),(8,2354),(12,1102),(22,1117),(31,448),(35,2247),(40,4651),(49,3244),(69,3437),(84,3850)]	20.505326
907	[(18,4783),(31,2010),(46,2462),(52,2128),(56,4501),(59,4769),(60,813),(73,4899),(76,4661),(84,3689),(87,345)]	20.647890
908	[(12,1870),(14,680),(19,5001),(23,3027),(34,180),(58,518),(60,385),(70,1460),(75,648),(77,1779),(88,1702),(89,1360),(91,447)]	21.174673
909	[(9,2533),(17,4592),(26,1469),(34,745),(51,5077),(55,917),(61,4640),(62,752),(78,1077)]	20.544583
910	[(2,4381),(3,311),(7,3801),(13,376),(15,4817),(23,2897),(38,1873),(57,4995),(58,1098),(59,892),(83,413),(86,2902)]	20.682633
911	[(12,3509),(24,4389),(26,330),(67,4890),(68,2985)]	22.063858
912	[(3,1447),(18,2386),(27,3649),(30,1267),(53,3892),(74,450),(86,2035)]	22.422967
913	[(11,4487),(17,4796),(22,3902),(35,4998),(73,994),(77,3761),(85,237),(90,5076)]	19.408390
914	[(29,2182),(32,4130),(42,3931),(46,1021),(53,3203),(54,2624),(69,1816),(73,3965),(82,1050),(86,2997)]	19.776218
915	[(15,4201),(47,2291),(92,3443)]	25.336820
916	[(14,4870),(15,2066),(55,1185),(75,4253)]	20.397419
917	[(16,596),(28,862),(36,907),(55,3654),(58,1021),(63,2934),(83,478),(84,1948)]	25.863096
918	[(36,2222),(39,1346),(43,4218),(45,2289),(54,3211),(74,1425),(78,1286),(80,987),(89,4110),(90,1919)]	24.496185
919	[(20,1850),(21,1339),(38,1874),(46,262),(50,4434),(72,5020),(83,3712),(89,3718)]	19.092643
920	[(10,5111),(25,2865),(51,2039),(57,2466),(68,3000)]	20.038431
921	[(2,4196),(14,5015),(23,4365),(31,3410),(36,2673),(41,4058),(44,4242),(50,2111)]	19.813315
922	[(1,111),(3,3957),(35,2657),(55,2480),(64,2353),(71,63),(76,714),(81,350),(83,3374),(88,2752),(90,864)]	20.065318
923	[(2,2430),(22,4339),(27,2338),(29,504),(34,4665),(55,948),(72,2623),(83,503),(85,1297),(86,4287)]	37.515076
924	[(6,2837),(7,1275),(11,3396),(15,266),(69,2759)]	20.441690
925	[(29,2669),(45,3141),(46,3466),(78,1721)]	19.765999
926	[(5,940),(7,3532),(45,744),(62,2844),(89,4588)]	20.809279
927	[(18,2260),(29,2523),(65,2351),(78,774),(87,2813)]	19.138026
928	[(1,4954),(8,143),(14,3176),(42,1306),(44,1632),(74,874),(75,2746),(87,1741)]	19.633523
929	[(10,456),(27,2347),(39,1979),(45,1910),(63,1414),(69,4110),(72,4165),(83,3937),(88,2820)]	20.364799
930	[(12,2874),(34,2569),(47,2059),(82,3331)]	19.470279
931	[(29,4737),(42,3373),(53,3525),(54,10),(84,2623),(89,4482)]	19.085969
932	[(17,1503),(40,4484),(45,1760),(50,3360),(87,1913)]	19.198029
933	[(23,1109),(24,4907),(26,4737),(28,2715),(35,2895),(73,2326)]	19.203399
934	[(6,1145),(9,1256),(18,3979),(40,2992),(46,4344),(51,434),(52,5099),(73,2161),(79,1024)]	22.501582
935	[(1,1698),(19,1843),(26,18),(32,2005),(33,1761),(37,1868),(53,4256),(60,3004),(62,3444),(63,4821)]	20.469723
936	[(79,2948)]	19.485957
937	[(14,575),(36,3248),(37,3854),(39,2199),(41,4186),(51,3153),(60,2090),(65,4258),(92,4360)]	19.272736
938	[(2,3151),(17,3184),(39,3382),(63,3420),(64,1148),(78,3777),(92,1289)]	20.403364
939	[(2,2916),(6,2039),(12,2060),(26,425),(64,4773),(65,467)]	20.624120
940	[(2,731),(17,865),(21,1154),(43,4926),(50,139),(69,2074),(71,2418),(76,2348),(80,4479),(88,4344)]	19.535503
941	[(2,1799),(41,4483),(43,3666),(50,4935),(54,959),(55,184),(65,4680),(67,4471),(85,140),(89,5095),(90,4050)]	19.184108
942	[(4,5077),(22,4198),(30,1284),(44,3876),(45,2375),(51,1124)]	21.472465
943	[(13,4470),(37,3274),(50,1988),(57,1644),(59,2224),(69,1192),(78,4506),(80,606)]	19.247884
944	[(10,1682),(11,3172),(12,2524),(22,1243),(23,1238),(38,2540),(43,721),(74,4237),(75,3596),(82,4790)]	19.382790
945	[(4,1554),(21,2274),(29,5108),(60,1785),(68,4671)]	20.422494
946	[(1,4362),(6,1389),(8,3567),(57,860),(85,4424),(92,3270)]	19.670106
947	[(4,2884),(12,1281),(54,2283),(66,92),(68,372),(72,219),(78,1002),(88,1947),(91,4084)]	19.972851
948	[(9,4663),(10,4029),(49,358),(73,1303),(74,1604),(88,3119)]	19.039273
949	[(3,494),(4,4200),(6,978),(11,1129),(37,4334),(41,4929),(58,4432),(60,3682),(65,3619),(72,5046),(78,1966),(80,4327),(85,4438)]	20.549579
950	[(9,4965),(40,2284),(47,5003),(69,4275),(79,3373)]	20.081738
951	[(17,566),(20,2632),(25,700),(47,2739),(67,1914),(71,1909),(74,3215),(76,3866),(89,1693)]	19.265914
952	[(3,2598),(10,605),(55,1521),(60,3050),(62,41),(74,3245)]	20.221127
953	[(2,1159),(18,1601),(20,1233),(69,327),(76,395),(77,1088),(78,2585),(87,1983)]	24.082623
954	[(1,4905),(5,1378),(13,1975),(14,2863),(22,1541),(50,108),(59,3977),(60,985),(61,113),(72,331)]	19.528355
955	[(24,2960),(25,4792),(26,743),(36,4464),(43,3084),(72,932),(77,1462),(81,634)]	19.590262
956	[(1,3532),(11,4065),(13,3064),(21,3063),(36,3078),(46,3630),(65,4883),(66,3199),(92,2749)]	20.635286
957	[(11,278),(32,358),(46,4304),(52,5009),(57,1613),(64,710),(70,177),(83,2865)]	19.859977
958	[(26,3763),(35,2936),(59,4633),(63,4818),(74,3849),(79,2096),(81,2910),(86,3960)]	19.487812
959	[(3,309),(11,3666),(13,4292),(29,1338),(49,4905),(53,1091),(54,1354),(64,1883),(70,4886),(71,3260),(81,25)]	19.585575
960	[(27,2001),(48,306),(54,2511),(62,4312),(78,2153),(82,4679)]	19.367842
961	[(4,1674),(10,544),(21,3589),(29,4711),(32,4566),(38,3909),(46,1662),(78,3578),(85,2186)]	21.745122
962	[(6,4157),(30,4756),(81,1017)]	20.787562
963	[(23,4315),(25,3945),(34,1223),(35,4291)]	19.082805
964	[(0,4576),(6,630),(48,3118),(49,1838),(54,148)]	19.734501
965	[(23,4190),(32,1939),(39,1344),(54,3141),(55,3466),(56,693),(58,523)]	20.282072
966	[(27,3194),(38,2838),(47,1239),(67,4358),(71,3282)]	26.128710
967	[(3,1141),(22,1951),(33,1484),(34,857),(41,3831),(64,2135),(85,4410),(89,4516)]	22.352956
968	[(9,737),(13,3748),(16,1628),(17,2016),(28,906),(42,1084),(46,1036),(60,3808),(69,2823),(78,37)]	19.153769
969	[(56,2309),(75,4413),(79,2047)]	20.010348
970	[(26,1595),(36,1341),(42,2635),(57,4356),(74,660),(76,232),(79,1939)]	19.809438
971	[(17,737),(20,3726),(33,236),(46,3897),(58,4712),(63,2423),(70,1303),(76,382),(79,3538),(80,152)]	22.912295
972	[(39,3733),(45,4605)]	19.398033
973	[(12,3678),(34,4728),(41,2213),(47,4772),(60,2402),(64,5048),(83,677)]	33.452856
974	[(1,915),(17,4895),(19,4408),(31,5102),(35,887),(73,2628)]	25.175097
975	[(14,3902),(23,2104),(33,3384),(38,2510),(72,4798),(80,1998)]	19.216870
976	[(19,4831),(24,690),(30,361),(34,3554),(45,3567),(57,1241),(68,699),(71,1296),(79,4580)]	19.508722
977	[(0,238),(20,4692),(28,2549),(48,4209),(83,5118),(87,4285)]	19.739617
978	[(5,1122),(26,1491),(30,4382),(33,287),(45,663),(68,3282),(81,4960)]	19.298525
979	[(4,3966),(5,3600),(67,586),(75,1332)]	18.952028
980	[(3,4949),(24,1220),(28,2112),(29,1285),(57,1847),(68,2526),(77,3037),(88,606)]	18.907984
981	[(18,2009),(32,4138),(50,5113)]	19.570082
982	[(41,22),(45,1230),(46,3707),(60,1104),(62,1281),(74,2723),(77,5083),(85,388)]	19.736567
983	[(8,3560),(24,1321),(72,715),(75,4813),(76,4727),(79,2570)]	18.928679
984	[(26,2990),(32,484),(40,3223),(49,4125),(55,1170),(62,5068),(87,4187)]	18.992608
985	[(8,3404),(13,955),(33,3888),(41,3213),(48,3319),(57,5064),(73,3074)]	19.515402
986	[(6,4545),(11,1311),(31,3679),(32,638),(46,2596),(48,3402),(55,1411),(59,64),(66,5078),(80,2624)]	19.109299
987	[(18,593),(20,2862),(68,692),(87,3183)]	19.494505
988	[(4,605),(11,241),(19,2336),(39,2450),(51,4991),(54,3238),(69,1980),(84,799)]	22.014560
989	[(7,2284),(18,3553),(22,404),(28,1894),(46,4605),(64,4458),(76,129),(84,2145)]	20.157571
990	[(0,169),(20,4582),(24,3325),(25,3859),(29,3546),(91,3414),(92,1793)]	20.421003
991	[(7,377),(22,3744),(28,1817),(65,2288),(69,4413),(71,537),(80,2208),(84,4036)]	19.440188
992	[(15,3967),(50,3091),(71,2024),(76,3651),(77,3415),(81,97)]	20.213677
993	[(29,4268),(49,1189),(63,1285),(66,3122),(79,264)]	20.870900
994	[(20,1350),(21,2317),(47,136),(81,4780),(82,2161)]	19.787662
995	[(0,4028),(57,4841),(58,4820),(62,842),(80,1159),(88,4865),(91,4975)]	19.646973
996	[(13,229),(19,4156),(58,4385),(60,4601),(62,168),(66,2388),(79,3223),(83,4975),(90,1554),(91,1556)]	20.024516
997	[(8,4816),(22,2345),(46,1290),(63,1503),(68,4983)]	20.338209
998	[(10,4268),(12,4925),(18,2237),(38,3710),(41,1975),(47,1222),(63,4268),(83,4139)]	19.172439
999	[(2,2169),(3,680),(30,3717),(40,1488),(50,3520),(53,4025),(71,2405)]	19.412841
