ruleset_index	matches	time_ms
0	[(71,902),(76,64)]	10.799415
1	[]	10.696764
2	[(51,1160)]	11.067440
3	[(1,441),(3,68),(17,901),(26,1003),(72,596)]	11.549812
4	[(11,867),(21,520)]	10.845156
5	[(7,1197),(24,763)]	10.909336
6	[(33,560),(80,1060),(90,436)]	10.789626
7	[(5,45),(7,753)]	11.159457
8	[(60,97)]	11.594872
9	[(30,140)]	11.547903
10	[(57,338)]	11.690100
11	[(19,1186),(87,827)]	11.266407
12	[(0,773),(13,474)]	13.694653
13	[(85,475)]	11.204450
14	[(21,1156),(60,431)]	11.122232
15	[(85,694)]	10.941764
16	[(40,292),(61,844),(65,427),(76,13)]	10.983664
17	[(55,300)]	11.216192
18	[]	10.804794
19	[]	11.070999
20	[(24,1008),(56,1081),(68,969),(72,842)]	10.927431
21	[(49,60)]	10.744068
22	[(5,1172),(66,1181),(84,88)]	10.837990
23	[(63,478)]	11.022106
24	[(8,580),(25,447),(29,87),(70,519)]	10.743133
25	[(21,482),(28,908)]	10.899445
26	[(32,1106),(54,312)]	10.704486
27	[]	10.981437
28	[(22,888),(59,432)]	12.401331
29	[(16,285),(33,710),(73,733)]	11.083593
30	[(30,63),(48,830),(87,805)]	10.835413
31	[(6,521),(54,276),(58,110)]	11.548032
32	[(82,8)]	11.129646
33	[(6,1002)]	11.021509
34	[(38,251),(58,1066),(70,254),(84,501)]	10.988196
35	[(82,203)]	11.175958
36	[]	10.958532
37	[(85,1151)]	11.292821
38	[(88,371)]	10.924292
39	[(29,440)]	11.081166
40	[(32,1107),(57,116),(92,572)]	10.669283
41	[(22,497),(46,1012)]	10.757548
42	[(27,251),(39,260)]	10.958141
43	[]	10.681578
44	[(33,306),(54,204),(69,157)]	10.903990
45	[(3,253),(6,419),(37,926),(49,33)]	11.347425
46	[(66,979)]	10.735153
47	[(20,79)]	10.723357
48	[(36,397),(39,657),(49,1170),(61,806),(86,902)]	10.984353
49	[(26,654)]	13.027581
50	[(26,140),(57,659)]	11.193180
51	[(1,886),(3,780),(4,1045)]	10.880175
52	[(33,883),(44,50),(78,736)]	10.684156
53	[(76,367),(82,165)]	11.218845
54	[(7,918)]	13.978840
55	[(32,1132),(34,1101),(52,273),(75,743)]	22.155281
56	[(88,517)]	22.891901
57	[(21,919)]	13.229726
58	[(68,7),(89,571)]	10.797515
59	[(68,257)]	10.764256
60	[(33,325),(75,110),(88,664)]	11.230336
61	[(32,642)]	10.799203
62	[(7,378),(49,1008),(51,877),(61,248),(77,1015)]	10.821530
63	[(69,658)]	10.741447
64	[]	10.706335
65	[(86,704)]	10.900108
66	[(45,766)]	10.829749
67	[]	10.761241
68	[(49,355),(74,111),(75,1171)]	10.798092
69	[(21,56)]	10.804809
70	[]	10.953481
71	[]	11.545087
72	[(0,495),(41,308),(55,733),(61,890)]	11.910379
73	[(7,958),(9,996),(30,211),(41,772),(47,457),(56,816),(83,1030)]	11.405452
74	[(88,66)]	11.293784
75	[(12,19),(92,636)]	11.771493
76	[]	11.467808
77	[(21,956),(50,740)]	11.361428
78	[(25,963),(53,44)]	12.262588
79	[(57,1016),(61,916),(62,1006)]	11.609308
80	[(47,502),(48,439)]	10.956138
81	[(9,549),(80,887)]	10.961719
82	[(70,436)]	11.174743
83	[(22,978),(75,926)]	10.898144
84	[]	11.022145
85	[(20,632),(48,550),(88,66)]	10.797262
86	[(50,248)]	10.761565
87	[]	11.003676
88	[(21,336)]	10.964894
89	[(19,512),(24,912),(34,520),(59,1130),(71,1153)]	10.844941
90	[(8,208),(15,147),(70,662),(74,1160)]	11.126944
91	[(49,1108)]	10.839730
92	[(13,302),(36,1172)]	11.070508
93	[(43,904),(75,975)]	11.089119
94	[(66,743)]	11.216638
95	[]	10.876715
96	[(80,131)]	11.556532
97	[(50,190)]	10.900694
98	[(35,166),(53,1023)]	10.909637
99	[(9,262)]	10.885952
100	[(8,12),(11,1010)]	11.437456
101	[(24,390),(45,82),(68,553)]	10.885354
102	[(36,29)]	11.068603
103	[(18,263)]	10.871376
104	[(45,1016)]	10.997119
105	[]	10.934630
106	[(69,322)]	11.123748
107	[(41,196)]	11.319495
108	[(9,452),(46,732)]	10.830784
109	[(4,428),(71,730)]	10.937668
110	[]	10.896382
111	[(65,180)]	10.910260
112	[(88,175)]	10.885561
113	[(79,705)]	10.788177
114	[(46,768)]	10.923397
115	[(15,631),(54,16),(59,253),(74,733)]	10.924307
116	[(17,19),(91,904)]	12.487549
117	[(31,1049)]	11.288759
118	[(25,416),(56,988)]	11.677261
119	[(8,145)]	12.289944
120	[]	11.063792
121	[(49,959),(70,662)]	11.183093
122	[(81,790)]	13.072394
123	[(83,330)]	10.787457
124	[]	11.207337
125	[(0,1062),(66,804),(73,92),(79,672)]	10.975972
126	[(68,911),(76,366),(78,264)]	11.369281
127	[]	10.748357
128	[(10,1182),(61,1109),(85,175)]	11.109064
129	[(76,904)]	11.175489
130	[(27,1195),(39,423),(58,283),(88,505)]	10.861790
131	[]	10.983702
132	[(71,816),(88,980),(89,722)]	10.986770
133	[(38,984),(40,826)]	10.649985
134	[(4,1012),(6,278),(82,369)]	10.766487
135	[(77,28),(82,590)]	11.482934
136	[(24,921),(34,821),(46,1028)]	10.773515
137	[(19,1034),(63,463)]	11.155547
138	[]	10.714613
139	[(30,298)]	10.836495
140	[(34,1112),(44,1011),(74,387)]	11.472326
141	[(45,848),(81,40)]	12.497743
142	[(79,388)]	14.656920
143	[(26,495)]	12.688380
144	[]	10.784121
145	[(17,845)]	13.276151
146	[]	18.681532
147	[(90,1201)]	21.269918
148	[(27,327),(32,836),(65,850),(91,612)]	14.415439
149	[]	11.271724
150	[(18,454),(59,503)]	10.828295
151	[(22,497),(33,126),(57,1089)]	10.768513
152	[(4,472),(33,1047),(89,44)]	10.680656
153	[(80,437)]	10.849152
154	[(7,1127),(9,561),(43,1175)]	10.796752
155	[(13,119),(20,897)]	10.623240
156	[(69,807)]	11.402023
157	[(56,69),(64,1088),(74,38)]	10.929686
158	[(26,1071),(28,1049),(34,737)]	10.824932
159	[(31,208),(51,271),(67,452),(79,405)]	10.812700
160	[(38,361)]	11.341255
161	[(56,869)]	10.862402
162	[(50,830),(91,875)]	11.203270
163	[(11,64),(21,155),(57,947)]	10.969704
164	[(39,296),(59,536)]	10.857019
165	[(4,1102)]	12.695641
166	[]	10.999563
167	[(82,1142)]	10.695268
168	[]	10.794696
169	[(22,1110),(53,410),(59,204)]	10.974111
170	[(15,1131)]	10.698454
171	[(24,656)]	16.084152
172	[(66,910),(76,810),(78,961)]	11.706769
173	[(6,704),(73,957),(75,857),(76,949),(85,1151)]	10.968636
174	[(21,156),(75,467),(83,7)]	11.864669
175	[(44,725),(69,173),(91,326)]	10.796853
176	[(6,296),(18,1001),(40,424)]	10.601293
177	[(16,995),(38,92)]	10.988514
178	[]	10.721894
179	[(34,252),(51,1103),(79,1112)]	10.696105
180	[]	10.875819
181	[(24,1196),(38,859)]	11.178237
182	[(77,1048)]	10.855534
183	[]	10.946294
184	[]	10.679144
185	[(2,177),(4,608),(15,627),(64,404)]	11.173953
186	[(63,419),(83,232)]	11.757675
187	[(14,56),(62,1088)]	10.828209
188	[(39,355)]	10.692295
189	[(77,265)]	10.787978
190	[(25,417),(87,640)]	10.898126
191	[(62,890),(83,110)]	11.011454
192	[]	10.718414
193	[(36,583),(45,1098)]	10.774348
194	[(27,1088),(35,273),(59,748)]	11.159897
195	[(2,1101),(70,624)]	11.055647
196	[]	10.742476
197	[(3,1113),(49,235),(63,1046)]	12.040837
198	[(69,357)]	11.711022
199	[]	12.515715
200	[(51,827),(72,545)]	12.079185
201	[(11,1028),(28,806)]	10.926917
202	[(36,1060),(43,1118)]	10.746091
203	[(64,1157)]	12.311917
204	[]	11.054184
205	[(85,1185)]	10.764839
206	[]	10.800409
207	[(19,616)]	10.756617
208	[]	10.732497
209	[]	10.702484
210	[(54,819),(74,619)]	10.731773
211	[(61,10)]	10.988560
212	[(30,771),(73,558)]	10.879086
213	[(13,1156)]	10.625947
214	[(28,821),(45,94)]	11.187451
215	[(89,506)]	10.697461
216	[(84,1039),(89,623)]	10.730163
217	[(4,386),(5,37),(11,356),(34,1125),(84,152)]	10.734898
218	[(1,753),(8,256),(71,228),(85,470)]	12.203652
219	[(42,1008)]	12.829730
220	[(31,342)]	11.074020
221	[(57,689)]	11.196865
222	[(67,895)]	13.255965
223	[(10,689),(25,84),(84,512)]	10.795552
224	[(1,6),(39,59),(64,753)]	10.889850
225	[(67,933),(79,76)]	11.010079
226	[(27,888)]	10.778586
227	[(73,554)]	10.939289
228	[(15,920)]	12.609444
229	[(19,482),(68,569)]	15.263654
230	[(92,348)]	12.717871
231	[(42,1167),(57,625)]	10.962949
232	[(68,896),(84,400)]	13.713128
233	[(1,949),(46,393)]	12.001988
234	[]	10.833201
235	[(20,446)]	10.712751
236	[]	12.361290
237	[(0,894),(15,994),(56,616)]	21.330284
238	[(64,1166)]	20.179977
239	[(42,605)]	11.331961
240	[]	10.611557
241	[(5,850),(52,1101),(62,187),(63,878),(64,878)]	11.114553
242	[(75,1179),(78,275),(83,233),(88,864)]	10.829902
243	[(9,631),(17,449)]	11.544064
244	[]	11.853453
245	[]	11.276431
246	[(25,320),(27,335),(65,708)]	12.310950
247	[(50,304),(52,962)]	11.670740
248	[]	11.548752
249	[(56,830),(72,25)]	10.861223
250	[(18,379),(19,579),(20,1181),(50,293),(65,635)]	11.340859
251	[(34,939),(58,46),(86,727)]	11.160615
252	[(15,370)]	10.789943
253	[(30,877)]	10.934157
254	[(14,928)]	11.142296
255	[(66,41)]	11.176009
256	[(13,918)]	10.809975
257	[(8,479)]	12.448303
258	[(21,924),(74,1169)]	11.997335
259	[(14,1116),(16,22)]	12.381137
260	[(46,1125),(88,133)]	14.238822
261	[(41,102),(87,891)]	12.568968
262	[(29,198),(88,185)]	11.800707
263	[]	12.640183
264	[(31,851)]	10.965875
265	[(20,953),(62,341),(74,790),(83,918)]	12.169838
266	[(36,12),(70,918)]	12.052650
267	[(40,267),(62,202)]	11.757058
268	[(34,298),(65,501),(80,977)]	11.785050
269	[]	11.778407
270	[(49,115),(62,847),(78,550)]	11.622021
271	[(8,27),(63,1188)]	11.255326
272	[(46,203),(66,523)]	11.616933
273	[(5,429),(62,279),(73,1135)]	12.126514
274	[(27,1056)]	10.966091
275	[(2,682)]	10.669776
276	[(68,500)]	11.076833
277	[]	10.821668
278	[(55,701)]	10.671617
279	[(45,756)]	10.898821
280	[(6,962),(11,428),(54,283)]	11.798649
281	[(43,1079)]	11.476097
282	[(92,1203)]	11.930217
283	[(65,953)]	11.183930
284	[(70,849),(77,21),(89,629)]	11.087652
285	[(17,997),(52,1165),(71,691)]	11.059141
286	[(45,1068),(62,885)]	10.781379
287	[(84,38)]	11.268198
288	[(53,1203),(79,489)]	11.001980
289	[(73,508)]	12.854292
290	[(9,1053),(40,718)]	11.022373
291	[(3,108),(5,90),(17,547)]	10.980554
292	[(31,185)]	10.761683
293	[]	10.867841
294	[(4,722),(54,429),(88,1081),(92,625)]	10.989321
295	[(13,770),(76,183)]	10.795849
296	[(10,217),(27,1019),(58,823),(62,105)]	10.881538
297	[(40,863)]	11.149048
298	[(90,1033)]	10.973607
299	[(19,253),(44,1112),(76,1094)]	10.981604
300	[(9,16),(12,340),(61,684)]	11.387168
301	[(12,916),(13,98),(27,421),(47,4),(48,726),(80,552)]	10.978316
302	[(17,586),(44,215),(69,428)]	11.193858
303	[(31,744)]	14.366386
304	[(17,747),(83,1190)]	10.983395
305	[]	11.707794
306	[(15,720),(51,352)]	10.713801
307	[(30,730),(43,913),(48,921),(50,221)]	10.767294
308	[(21,392),(59,720),(79,1097)]	11.784080
309	[(39,5)]	12.073937
310	[(84,160)]	11.548161
311	[(10,501),(19,140),(57,807),(81,1193)]	11.380754
312	[]	10.798306
313	[(38,554)]	12.979644
314	[(13,987)]	17.032787
315	[(78,6)]	12.952649
316	[(21,1011),(25,1119),(29,736)]	11.487396
317	[]	13.968293
318	[(40,451),(58,191),(75,351)]	12.038200
319	[]	11.261359
320	[(75,1135),(80,664)]	11.007308
321	[]	14.105079
322	[(5,1119),(7,906),(13,1182)]	11.304516
323	[(4,75),(52,1191)]	11.129711
324	[(55,1090)]	10.681137
325	[]	19.872093
326	[(61,674)]	21.613837
327	[(20,903)]	13.181897
328	[(91,760)]	11.588968
329	[]	10.744941
330	[(55,100)]	11.649685
331	[]	10.949666
332	[(23,50),(43,460)]	10.832191
333	[]	11.077887
334	[]	11.013720
335	[]	10.758403
336	[(73,970)]	10.745617
337	[(43,944)]	10.807473
338	[(1,1117),(13,220),(57,27),(65,1015)]	10.723663
339	[(47,876),(57,271)]	10.913945
340	[(84,1010)]	11.175396
341	[]	10.683481
342	[]	10.726768
343	[(42,1059),(68,537)]	11.463637
344	[(28,841),(41,138),(71,131)]	10.618334
345	[(13,880),(34,684),(43,319),(60,456)]	10.775846
346	[(86,136)]	10.833097
347	[]	10.564665
348	[(47,589)]	11.473537
349	[(63,881)]	12.583716
350	[(63,789)]	12.998544
351	[(13,145)]	11.201481
352	[(0,377),(35,606),(37,793),(69,813)]	10.762353
353	[]	10.806099
354	[(62,94),(72,259)]	10.653072
355	[]	10.870734
356	[(29,742),(58,26),(62,927),(91,708)]	10.778969
357	[(3,335),(10,728),(85,708)]	10.689658
358	[(61,1147),(78,299),(90,301)]	10.883567
359	[(79,1143)]	11.147971
360	[]	11.922787
361	[(24,839),(50,1023)]	10.826527
362	[]	11.113053
363	[]	11.827205
364	[]	11.443404
365	[(36,480),(42,880)]	11.190812
366	[(10,1169),(18,870),(30,642)]	11.966832
367	[(34,523)]	10.837127
368	[]	11.074689
369	[(15,356),(56,426)]	14.778767
370	[(22,948),(59,7),(70,963)]	10.798975
371	[(73,248)]	10.936062
372	[(11,338),(15,756),(45,225),(46,908),(52,669)]	10.968144
373	[(49,727),(60,922),(62,399)]	10.637946
374	[]	10.761359
375	[(14,593),(27,637)]	13.352266
376	[(2,962),(3,570),(43,806)]	11.632433
377	[(23,1106),(69,1106),(87,767)]	10.827371
378	[(26,300),(62,961),(92,754)]	10.728796
379	[(7,78),(44,630)]	10.768980
380	[(34,1123)]	11.639670
381	[(10,856),(68,68),(78,264)]	10.705774
382	[(36,189)]	11.091544
383	[(5,586),(35,863),(79,1047)]	10.802224
384	[(14,1199),(20,631),(57,577)]	10.717713
385	[(0,142),(29,997),(87,594)]	10.743395
386	[(18,377)]	10.706513
387	[(81,1033)]	10.903979
388	[(6,1050),(42,831)]	10.680318
389	[(5,1110),(73,405)]	10.966748
390	[(31,518),(75,149)]	10.658373
391	[]	10.675915
392	[(63,906),(91,1176)]	10.697376
393	[(52,517),(76,1163)]	11.619772
394	[(34,606)]	10.926594
395	[(80,179)]	10.881680
396	[(30,368),(31,1032),(91,645)]	10.726895
397	[]	11.344103
398	[(25,774),(76,462)]	11.610262
399	[(30,1167),(89,879)]	12.013205
400	[(1,924),(32,286),(38,985),(58,212)]	14.987615
401	[(14,841),(15,1108),(29,415),(84,555)]	14.979121
402	[(53,1106)]	11.391663
403	[(55,538),(71,660)]	10.866635
404	[]	12.957661
405	[(12,279),(82,420),(85,1186)]	12.071329
406	[(39,43),(60,91)]	11.822918
407	[]	11.897526
408	[(47,181),(65,154)]	10.923704
409	[(6,549)]	10.767081
410	[(21,689),(29,1012)]	10.589809
411	[(1,66)]	12.490144
412	[(22,358)]	11.136280
413	[(23,198),(66,227),(70,313),(85,1049)]	10.834759
414	[(44,105)]	12.253442
415	[]	15.190291
416	[(68,1141)]	22.030502
417	[]	19.130101
418	[(5,758),(15,967),(87,306)]	12.580360
419	[]	13.376286
420	[]	11.829357
421	[(59,980),(60,722)]	11.365251
422	[(67,1052),(68,991),(70,197),(77,258)]	13.280605
423	[]	10.675402
424	[(17,591)]	10.888290
425	[(16,298),(83,250),(89,510)]	10.671267
426	[(74,766)]	10.765372
427	[(34,507),(72,1125),(83,795)]	10.838535
428	[(32,833),(90,914)]	10.710434
429	[(25,335),(29,547),(77,164)]	11.248376
430	[(9,720),(61,250)]	11.556414
431	[(76,508)]	12.362393
432	[(17,708),(65,432)]	12.088918
433	[]	12.276306
434	[]	12.575147
435	[(16,852),(29,870),(31,489)]	12.190320
436	[(56,815)]	12.040754
437	[(45,847)]	12.199509
438	[(48,274),(80,819)]	13.161846
439	[(38,244),(51,50),(88,747)]	12.361417
440	[(6,743),(18,231),(56,656)]	12.945155
441	[(38,204)]	11.456435
442	[(12,989),(24,152),(35,29)]	10.812446
443	[(29,69),(55,586)]	10.778653
444	[]	10.850737
445	[(19,904),(49,524),(58,1144)]	12.432325
446	[(89,119)]	12.645767
447	[(45,410)]	12.299638
448	[(3,301),(26,96),(35,278),(53,92)]	12.161519
449	[(49,1005),(65,709),(85,998)]	12.226416
450	[(11,1083),(16,176),(19,789),(48,1182),(65,1049),(66,74)]	12.410190
451	[]	12.346595
452	[(37,864),(54,742),(60,148),(87,209)]	12.025524
453	[(17,100),(92,793)]	12.163144
454	[(14,12),(26,710)]	12.638882
455	[(28,981)]	12.126231
456	[]	14.601023
457	[(13,621)]	12.108485
458	[(5,450),(58,911),(61,164),(89,313)]	12.188238
459	[(66,1065),(72,1007)]	14.114332
460	[]	12.386496
461	[(79,374),(88,568)]	12.082271
462	[]	12.105653
463	[(63,401),(83,813)]	12.236406
464	[(30,699),(82,268)]	12.057533
465	[(73,654)]	12.582577
466	[(36,432),(53,189),(85,877)]	12.181007
467	[(36,467),(51,1100),(82,663)]	12.054531
468	[(17,543)]	12.097719
469	[(49,146),(65,932),(86,736)]	11.977770
470	[(2,100),(87,967)]	12.002896
471	[(0,1095),(46,1019)]	12.257976
472	[]	12.101508
473	[(64,1111)]	12.369260
474	[(71,823)]	12.199608
475	[(70,1201)]	12.162529
476	[(13,966)]	12.282821
477	[(60,661)]	12.288420
478	[(66,115),(78,552),(89,1125)]	12.166715
479	[(25,1025),(32,1157),(77,251)]	11.990462
480	[]	12.631438
481	[]	16.793297
482	[(29,623),(75,57)]	14.591561
483	[(13,843)]	12.335416
484	[(16,298),(89,1004)]	12.009893
485	[(23,679),(78,731)]	14.387632
486	[(47,55)]	12.643398
487	[]	12.072870
488	[]	12.423779
489	[]	12.141306
490	[(11,943),(41,601)]	12.022520
491	[(23,601),(62,434),(90,63)]	18.234962
492	[]	11.582598
493	[(66,150),(84,723),(85,1040)]	11.141475
494	[(28,565),(67,1062)]	10.677757
495	[(86,731)]	11.641164
496	[(83,1102)]	12.502143
497	[(55,355)]	12.318561
498	[]	12.386200
499	[]	23.184484
500	[(14,719),(82,186)]	24.499438
501	[]	12.701760
502	[(20,1140),(39,804)]	12.432457
503	[]	12.121024
504	[]	12.821565
505	[]	11.580947
506	[(82,395)]	12.749532
507	[(91,1128)]	12.007961
508	[(12,983)]	12.154659
509	[]	12.058552
510	[(26,73)]	12.105689
511	[(41,688)]	12.373420
512	[(11,854),(40,717)]	12.184588
513	[]	11.854816
514	[(10,767),(31,417),(73,520)]	10.933781
515	[]	10.845808
516	[(3,283)]	11.922653
517	[(52,421)]	11.632642
518	[]	11.161886
519	[]	13.032841
520	[(88,1007)]	10.972953
521	[(14,863),(30,648)]	10.775720
522	[(45,149),(46,810),(48,961)]	10.744496
523	[(10,88),(42,765)]	10.754020
524	[(26,1099),(47,446),(56,838),(59,143),(85,45),(87,753)]	11.530549
525	[(62,35)]	10.725601
526	[(34,355)]	10.764764
527	[(11,194),(24,1056),(39,18),(46,1155)]	10.706026
528	[(0,285),(65,589)]	10.624439
529	[]	11.087003
530	[(16,938)]	11.922008
531	[]	10.689719
532	[(58,842),(72,817)]	10.954839
533	[(51,1104),(89,788)]	11.326011
534	[(64,208),(72,213)]	10.636828
535	[(73,743)]	10.765231
536	[(3,340),(25,846)]	10.812179
537	[(0,924),(51,553),(55,604),(77,63)]	10.694521
538	[]	18.987247
539	[(12,568),(85,20)]	25.296956
540	[(15,1131)]	22.887774
541	[(22,581),(47,834)]	21.469847
542	[(42,542),(57,93),(58,1149)]	20.982163
543	[]	21.492905
544	[(11,93),(13,1021),(49,635),(64,129),(79,1082)]	23.480916
545	[(22,1084)]	22.400955
546	[]	21.626156
547	[(18,371)]	27.741763
548	[(7,1175),(62,652),(63,1160)]	20.346310
549	[(31,478)]	21.086332
550	[]	20.708040
551	[]	21.761157
552	[(38,89),(42,798)]	24.377641
553	[(56,152),(73,899),(82,1175)]	22.833335
554	[(20,922)]	26.425172
555	[(50,486),(59,734),(82,772)]	23.541908
556	[(7,149),(14,1127),(28,436),(72,898),(76,377)]	21.276771
557	[]	21.638124
558	[]	21.523317
559	[(63,762),(86,155)]	21.225102
560	[(12,811)]	21.948942
561	[(36,231),(39,1141)]	21.626745
562	[(32,1188),(43,308)]	21.390794
563	[(14,992),(25,384),(85,719)]	22.624259
564	[(11,281)]	21.605308
565	[(32,240)]	22.145537
566	[(35,212),(38,53),(50,293)]	22.433196
567	[(38,1100),(47,189),(78,1206)]	21.506607
568	[(21,742),(23,397),(59,186)]	21.494982
569	[(60,1059)]	21.338614
570	[]	21.290387
571	[(82,941)]	21.399708
572	[(7,511),(32,1095),(88,141)]	21.501976
573	[(72,937)]	21.931507
574	[(9,457),(59,933)]	21.411211
575	[]	21.378430
576	[(61,1166),(67,173),(70,552)]	21.485155
577	[(36,528),(46,1068)]	21.514528
578	[(44,865)]	21.299794
579	[]	21.533592
580	[(25,194),(83,681)]	21.361605
581	[(1,124)]	20.594304
582	[(18,443),(21,966),(72,306)]	20.841274
583	[(6,446),(8,1178),(49,485),(77,738)]	20.592019
584	[(3,351),(86,616)]	20.942359
585	[(36,711)]	23.737755
586	[(2,1110),(20,214),(36,933)]	21.401220
587	[(22,418),(68,483)]	21.410825
588	[(65,472)]	21.280626
589	[(27,391),(57,180)]	20.618697
590	[]	20.726784
591	[(84,586),(87,39)]	21.188386
592	[(38,115)]	21.203563
593	[(28,4)]	20.996174
594	[(48,1040),(90,1201)]	20.802307
595	[(16,524),(29,258),(48,79),(59,748),(72,1098)]	20.862649
596	[(63,294)]	20.615288
597	[(25,1097),(45,1018),(54,949)]	22.076810
598	[(37,1197),(55,333),(85,198)]	21.347546
599	[(27,698),(49,1173)]	20.940511
600	[(16,711)]	21.999243
601	[(72,658),(76,156)]	22.238547
602	[(26,399),(27,716),(92,937)]	20.687090
603	[]	21.080890
604	[]	22.869407
605	[]	21.123774
606	[(14,769),(19,945),(53,102),(88,169)]	23.829435
607	[(42,200),(48,322)]	22.253852
608	[(35,79),(44,1086)]	21.298635
609	[(38,192)]	26.009596
610	[(28,166),(69,444),(72,79)]	18.849013
611	[(19,247)]	20.605101
612	[(76,834),(92,533)]	20.982247
613	[(11,560)]	19.908738
614	[(90,26)]	21.077984
615	[(33,592),(46,52),(77,130)]	26.640614
616	[(68,480)]	23.435160
617	[(9,629),(44,732),(79,1192)]	23.384083
618	[(44,360),(64,247),(66,415),(90,31)]	21.384602
619	[(65,712)]	21.212721
620	[]	21.684557
621	[(34,1098)]	21.282224
622	[(4,567),(20,1035),(40,1021),(54,1088),(75,791),(92,108)]	19.765855
623	[]	20.814036
624	[(12,540),(23,548),(32,820)]	20.794098
625	[(87,254)]	21.146267
626	[(36,273)]	20.678369
627	[(39,665)]	20.753245
628	[(24,1056),(30,192),(44,610)]	21.295142
629	[(50,719)]	22.294447
630	[(6,884),(26,30),(83,271)]	21.326926
631	[(9,153),(24,669),(77,775),(91,905)]	24.172056
632	[]	21.781537
633	[(21,993),(73,473)]	21.319541
634	[(90,690),(91,12)]	21.457756
635	[(3,188),(58,1191)]	21.367762
636	[(20,57)]	22.578011
637	[(29,448),(72,475)]	21.731913
638	[(10,152),(28,308),(55,748)]	21.921328
639	[(29,581),(40,358),(47,539)]	21.402819
640	[(26,409),(35,639),(66,964)]	21.773736
641	[(49,847)]	21.451557
642	[]	21.245976
643	[(82,769)]	22.694978
644	[(7,1033),(82,1128)]	22.662799
645	[(14,1066),(17,326),(43,254)]	21.532472
646	[]	21.238316
647	[(69,750)]	22.556259
648	[(78,220)]	24.375767
649	[(63,1051)]	21.582635
650	[(9,689)]	21.406139
651	[(62,882),(78,967)]	21.232614
652	[(20,59)]	21.993971
653	[(84,864)]	22.455917
654	[(77,224)]	20.013190
655	[(14,857),(26,614),(61,352),(77,974)]	21.193471
656	[]	21.714025
657	[(5,641),(52,1183)]	22.524924
658	[(24,900),(88,598)]	21.224237
659	[]	21.025244
660	[(15,1178)]	21.241845
661	[(12,1207),(55,533)]	20.873800
662	[]	21.274648
663	[(14,419),(41,116),(58,545),(89,823)]	24.051453
664	[(10,980),(25,567),(33,235),(40,447),(50,1177)]	21.304879
665	[(69,794)]	21.544100
666	[(48,737)]	21.781969
667	[(57,58)]	23.519022
668	[(11,264),(86,335),(88,405)]	21.684464
669	[(79,484)]	20.974782
670	[(13,1143),(35,1019)]	20.934379
671	[(60,765)]	20.824061
672	[(19,7),(85,391)]	20.817575
673	[]	20.642832
674	[(5,79)]	20.755406
675	[(11,790),(71,24),(72,922)]	20.970702
676	[(7,240)]	20.707166
677	[(11,1204),(59,988)]	20.863758
678	[]	21.700197
679	[]	20.487241
680	[(0,363),(40,352),(58,57)]	21.892517
681	[(18,400)]	21.988357
682	[(43,394),(61,722),(64,1053),(85,1026),(91,525)]	21.878364
683	[(18,199),(30,577),(66,56),(68,243)]	20.810996
684	[(29,523),(30,269),(43,1031),(49,900)]	22.004204
685	[(23,601),(48,281),(59,1040),(68,988)]	19.091597
686	[(11,301),(48,407)]	21.015121
687	[(48,707),(62,1141),(81,720)]	22.701271
688	[(6,1148),(34,1011),(90,62)]	21.386620
689	[(49,782)]	25.126312
690	[(40,810),(74,467)]	25.584120
691	[(45,192)]	22.927433
692	[(69,267)]	21.361520
693	[(37,177),(42,24),(43,922),(48,1130),(50,288),(73,891)]	20.259078
694	[(2,869),(11,808),(27,522),(56,869),(78,542)]	21.296209
695	[(17,1164),(69,462),(91,1133)]	23.543559
696	[(33,367),(58,114),(64,635)]	21.888525
697	[(48,646)]	20.998182
698	[]	23.796733
699	[(26,28),(43,437)]	23.674714
700	[(22,607),(82,1028)]	21.462754
701	[(70,658)]	23.677645
702	[(18,465),(85,112)]	21.498110
703	[(12,388),(20,421),(72,61)]	21.305770
704	[(37,1175)]	20.933312
705	[(4,939),(90,455)]	20.976485
706	[(67,191),(71,491)]	20.905382
707	[(15,193),(21,1159),(58,812),(66,243)]	21.724403
708	[]	21.256599
709	[(45,140)]	25.763567
710	[(6,138),(32,733)]	21.429333
711	[(30,775),(69,1032)]	21.473121
712	[(21,5)]	21.288042
713	[(9,986),(48,954),(58,819),(85,650)]	21.432623
714	[(8,1017),(17,263)]	26.025703
715	[(53,1050)]	21.871294
716	[]	24.204952
717	[(75,94),(83,557)]	21.680300
718	[(1,1088),(10,152)]	21.344381
719	[(20,446)]	21.408154
720	[(18,351)]	22.077898
721	[(23,983),(65,333)]	22.991187
722	[]	21.342116
723	[(42,663),(50,205)]	23.845134
724	[(18,788)]	19.721364
725	[(14,149),(24,787),(74,1000),(86,392),(92,1146)]	12.275591
726	[(14,485),(29,491)]	12.231819
727	[]	12.963585
728	[(29,709),(32,300),(40,693),(60,436),(86,1028)]	12.452198
729	[(25,1190)]	12.215126
730	[(10,870),(20,869),(29,1057),(45,725),(55,1118),(68,80),(87,462)]	11.520595
731	[(45,936),(87,407)]	10.672133
732	[]	10.696118
733	[(57,362),(72,197),(78,657)]	11.529661
734	[(3,579),(11,1185),(74,642)]	10.887478
735	[(2,925)]	10.976156
736	[]	10.860122
737	[(54,435),(60,188)]	10.638930
738	[(41,455),(69,476)]	10.783491
739	[(2,222),(43,727),(87,285)]	11.732142
740	[(30,621),(51,381)]	10.827098
741	[(15,791),(60,694)]	10.704262
742	[(19,1097),(28,410),(41,815)]	10.865324
743	[(63,79)]	12.951546
744	[(12,510),(31,730)]	15.363011
745	[]	13.522943
746	[(14,175),(17,1070)]	10.728832
747	[(13,515),(15,1196),(49,951),(55,971)]	10.642233
748	[(18,475),(84,495)]	10.927191
749	[(35,194),(38,1189)]	10.755368
750	[]	11.055385
751	[(13,782),(60,168),(89,685)]	10.788236
752	[(57,33)]	11.097394
753	[(8,1136),(12,387)]	10.791771
754	[(22,774),(61,519),(65,540)]	11.340889
755	[(4,206),(44,888),(49,1108),(51,353)]	12.527066
756	[(5,285),(66,916),(67,98)]	12.445555
757	[]	11.128766
758	[(15,748)]	12.035593
759	[(45,858),(82,592)]	10.783071
760	[(22,128)]	10.886292
761	[(30,166),(84,691)]	11.702058
762	[]	10.886904
763	[]	11.207732
764	[(13,838),(37,477)]	10.882856
765	[(21,491),(59,611),(86,268)]	10.799230
766	[(0,876),(5,851)]	11.338654
767	[(17,703),(43,3)]	11.818133
768	[(5,220),(49,710),(52,348),(82,548)]	11.689735
769	[(16,1141),(45,340)]	10.978523
770	[(28,933),(64,495),(80,509),(89,506)]	10.797591
771	[]	11.232727
772	[(13,692),(62,908)]	11.132784
773	[(51,85)]	10.926927
774	[]	11.053263
775	[]	10.921535
776	[]	10.741445
777	[(20,1176),(25,1095),(65,150),(71,51)]	10.882815
778	[]	10.981892
779	[(30,349),(43,348),(62,656),(90,803)]	10.790396
780	[(60,1110)]	11.125326
781	[]	10.717545
782	[(4,84),(17,483)]	10.810980
783	[(54,348),(90,1136)]	10.598185
784	[]	10.803700
785	[(46,940),(68,1033),(81,724)]	10.752089
786	[(46,896)]	10.784957
787	[(18,969)]	10.690617
788	[(0,287),(13,732)]	10.792840
789	[(7,910),(9,287),(70,752),(88,353)]	10.652988
790	[(15,833),(42,258),(44,3),(55,285)]	10.849364
791	[(2,815),(13,767),(38,196),(59,387)]	10.747442
792	[(4,301),(59,26)]	10.558140
793	[(9,368),(19,723)]	10.751440
794	[(53,571),(63,36),(83,1021)]	11.060922
795	[(69,173)]	10.723395
796	[(8,21),(34,668)]	11.120729
797	[(56,1056),(66,307)]	17.576776
798	[(52,360),(62,913)]	21.220011
799	[(0,189)]	14.958588
800	[(61,783)]	11.395301
801	[(14,931),(25,491)]	10.647475
802	[]	10.710009
803	[]	10.697685
804	[(5,851),(8,820)]	10.633094
805	[(7,902),(43,1151)]	10.783605
806	[(57,1037)]	10.632703
807	[(33,743),(81,243)]	10.600079
808	[]	10.685795
809	[(35,868)]	10.689759
810	[(6,1166),(16,428)]	12.214250
811	[(76,161)]	11.072111
812	[(14,1116),(49,856)]	10.734002
813	[]	10.734749
814	[(10,522)]	11.377755
815	[(14,605),(50,60)]	11.053626
816	[(40,248),(44,951),(56,336),(68,18)]	10.720428
817	[(6,702),(10,100),(17,659),(22,892),(25,894)]	10.864519
818	[(52,678),(62,1105)]	10.714834
819	[(28,403),(29,566),(45,641),(51,236),(80,1202)]	11.716652
820	[(2,446),(56,677),(72,697),(75,400)]	10.989913
821	[(14,286),(28,283),(38,1148),(39,767)]	11.077963
822	[(81,892)]	13.074882
823	[(73,553)]	10.767745
824	[(26,577),(82,741)]	10.686805
825	[(38,773),(76,1123)]	10.715334
826	[(39,158)]	10.760083
827	[(72,94)]	10.971662
828	[(30,905),(55,928)]	10.628779
829	[(73,1158)]	11.392050
830	[(40,19)]	10.906066
831	[(12,1159),(73,1041),(76,1142)]	12.110702
832	[(29,1075),(33,696),(63,114),(88,1183)]	14.933441
833	[(20,28),(79,35),(85,730)]	13.013008
834	[(9,467),(22,767),(69,335)]	11.007161
835	[]	11.168101
836	[(68,1198),(90,1111)]	11.014553
837	[]	10.953079
838	[(84,82)]	10.619821
839	[(8,537),(15,1039)]	11.375352
840	[(65,551),(76,947),(81,566)]	12.324990
841	[(63,19)]	10.811159
842	[(85,644)]	11.118151
843	[(12,179),(73,935)]	10.894282
844	[(3,940),(7,251),(19,732),(77,66)]	13.470658
845	[]	11.657946
846	[(61,181),(70,762)]	10.833332
847	[(75,906)]	10.647514
848	[(44,890)]	14.178812
849	[(62,104),(73,667)]	10.896655
850	[(69,466),(87,552)]	12.108367
851	[(46,871),(55,180),(77,120)]	11.502904
852	[]	10.888072
853	[(13,162),(59,129),(64,1068)]	10.830676
854	[]	10.930110
855	[(22,1113),(32,1),(50,1008),(52,237)]	10.879535
856	[(12,208),(40,416),(58,166)]	10.883230
857	[(64,641)]	10.786554
858	[(30,649),(79,283),(92,62)]	10.892548
859	[(37,0),(86,238)]	10.945826
860	[]	11.497772
861	[(11,881),(32,712),(58,138)]	10.934389
862	[(45,1092),(51,694),(65,31)]	10.864527
863	[]	10.765730
864	[(30,1022),(54,816),(92,574)]	10.684679
865	[(11,1042),(28,744),(80,1186)]	10.935763
866	[(25,1181)]	10.797549
867	[(35,1051),(55,269),(69,886)]	10.776577
868	[(73,249)]	10.882668
869	[(62,397),(80,826)]	10.819976
870	[(29,166),(51,412),(64,423)]	11.136023
871	[(27,930)]	11.009763
872	[(6,613),(31,140),(77,548)]	11.024490
873	[(7,325),(21,928)]	10.920043
874	[(72,808)]	11.133088
875	[(10,641)]	10.924828
876	[(40,1113),(55,503)]	10.628112
877	[(78,134)]	10.674711
878	[(61,1028)]	11.593155
879	[(71,1034),(79,733),(83,1059),(91,851)]	10.780557
880	[]	11.476659
881	[(78,740)]	10.993988
882	[(69,525)]	10.693740
883	[(1,414),(68,139)]	10.648806
884	[(0,1073),(76,779)]	11.083349
885	[]	10.750524
886	[(8,541),(57,577)]	11.643290
887	[(51,485),(61,115)]	11.034653
888	[(39,1015)]	10.795961
889	[(1,1003),(4,543),(5,11),(31,512)]	21.719936
890	[(1,502),(2,439),(28,319)]	21.075100
891	[(2,485)]	11.381728
892	[(0,133),(53,952),(61,396),(62,751),(70,891)]	10.751345
893	[(62,974)]	11.008410
894	[(57,607),(60,140)]	10.645616
895	[(78,907)]	10.816381
896	[(41,147),(62,787),(64,1129)]	10.963496
897	[(63,967)]	10.665950
898	[(15,1093)]	12.932168
899	[]	11.086945
900	[(78,712),(90,162)]	11.292458
901	[]	10.935879
902	[]	10.970996
903	[]	10.869613
904	[(1,1155)]	10.577885
905	[(2,573),(3,55),(12,134),(67,1121)]	10.942827
906	[(71,810)]	11.081211
907	[(8,772),(52,1162),(78,25)]	10.737016
908	[(4,1164)]	11.916253
909	[(38,688)]	11.897272
910	[(85,789)]	11.912790
911	[(0,836),(45,50),(72,395),(74,571),(90,149),(91,810)]	11.357144
912	[(7,824),(76,527),(81,1024)]	10.714419
913	[(13,1152),(65,605),(80,84)]	10.717946
914	[(24,919),(38,291),(82,642)]	10.986770
915	[(4,473),(52,678)]	11.369869
916	[(15,324),(17,388)]	10.724815
917	[]	10.848040
918	[(87,1017)]	11.447957
919	[]	14.050569
920	[(60,187),(92,646)]	16.659372
921	[(53,471)]	11.070807
922	[(85,52)]	11.076834
923	[(16,441),(20,1),(89,669)]	12.871378
924	[(0,1184),(12,161)]	11.014875
925	[(24,1164),(31,523),(32,269),(77,397)]	10.800588
926	[(73,192)]	10.651630
927	[(25,1022),(66,102),(68,413),(78,449),(89,739)]	11.623457
928	[(20,11),(36,108)]	10.911918
929	[(54,436),(88,966)]	10.645981
930	[(1,346),(84,174)]	11.364702
931	[]	12.276364
932	[]	11.880081
933	[(9,789),(32,904),(35,639)]	11.104103
934	[(25,160),(42,998)]	10.849453
935	[(0,26),(40,1187)]	10.662722
936	[(43,727),(55,1036),(70,33)]	11.067503
937	[(12,932),(67,35),(68,1144)]	10.967559
938	[(31,127)]	11.350177
939	[(68,257),(76,352),(86,656)]	11.095164
940	[(8,1011),(29,203),(55,780),(56,1045)]	11.091290
941	[(17,266)]	10.821685
942	[(79,811),(81,322)]	10.863899
943	[(61,697),(90,1119)]	10.797176
944	[(17,766),(24,633),(86,96)]	11.365102
945	[(13,1048),(33,733)]	10.735353
946	[(2,857),(3,949)]	10.747891
947	[(74,1022),(76,884),(84,337)]	10.666355
948	[(12,109),(42,453)]	10.687626
949	[]	10.748120
950	[(47,1137),(72,32)]	10.613740
951	[]	10.728478
952	[(81,64)]	10.684586
953	[(31,651),(90,1004)]	10.648703
954	[(2,584),(70,336),(74,86),(85,781)]	11.733340
955	[(27,198),(60,1121)]	10.784696
956	[(42,145),(84,977),(85,165)]	10.693647
957	[(39,980),(49,727)]	10.774989
958	[(5,933),(29,369),(45,1056),(84,196)]	12.348907
959	[(6,569),(8,295),(50,584)]	11.069398
960	[(46,594),(64,80)]	11.404660
961	[(37,707)]	10.822736
962	[(49,889),(53,48)]	11.222194
963	[(66,675),(88,1065)]	11.120085
964	[(15,1197),(22,596)]	10.925595
965	[(41,1130),(78,468)]	10.676389
966	[(2,466),(11,147),(39,422)]	11.056792
967	[(11,1035),(20,493),(53,1039)]	10.762090
968	[]	10.622323
969	[]	11.567927
970	[(35,85)]	10.750660
971	[]	10.940008
972	[(50,58)]	10.988103
973	[(31,1097),(56,129)]	11.446636
974	[(41,823),(52,97)]	10.795532
975	[(2,172),(30,48)]	11.677047
976	[]	10.831690
977	[(44,821)]	10.666702
978	[]	10.777901
979	[(19,1104),(28,670),(41,696)]	10.778252
980	[(33,729),(49,621),(90,933)]	16.499837
981	[(8,612),(23,197)]	21.180706
982	[(0,934),(80,718),(86,217),(91,556)]	15.712317
983	[(12,1109)]	10.967568
984	[(6,441)]	11.358153
985	[(53,802)]	11.472122
986	[(31,913)]	12.471824
987	[(58,937),(63,769)]	11.177412
988	[(12,3)]	10.866373
989	[(29,979),(78,924)]	11.064108
990	[(38,758),(56,104)]	10.714447
991	[(3,39),(31,340),(85,237)]	10.819414
992	[(7,1128),(22,1101),(59,251),(87,14)]	10.661629
993	[(60,349),(91,89)]	10.698718
994	[(37,1141),(44,5)]	10.759670
995	[(17,151)]	10.753795
996	[(46,717)]	10.627199
997	[(27,1121)]	10.808632
998	[]	10.680081
999	[(42,538),(86,388)]	10.640530
