ruleset_index	matches	time_ms
0	[(54,3262),(69,992),(77,1361)]	17.300374
1	[(8,3394),(16,860),(22,4092),(24,3645),(26,659),(71,3728)]	18.328198
2	[(12,4147),(13,1086),(35,2843),(52,2253)]	17.181436
3	[(1,604),(26,497),(30,2742),(57,1417),(92,3124)]	17.273190
4	[(16,2983),(46,3942),(78,2286),(85,853)]	17.342724
5	[(37,3171),(47,4325),(52,2957),(64,1386),(69,498),(72,216),(74,3237),(91,3327),(92,2205)]	17.832713
6	[(8,3576),(15,1595),(36,3924),(85,1312),(90,182),(91,3831)]	18.186280
7	[(22,1211),(31,4015),(32,322),(48,2139),(79,3890)]	17.511259
8	[(15,904),(18,4262),(24,1818),(26,3906),(42,3538),(58,1135)]	18.166145
9	[(20,2980),(47,1139),(56,2432),(83,1212)]	17.261645
10	[(4,4126),(9,1741),(26,1549),(35,1860),(41,1048),(42,3123),(53,2753),(80,3636),(92,1142)]	17.653731
11	[(2,126),(26,4005),(40,3952),(73,637)]	17.061600
12	[(39,4049),(54,3728),(65,1339),(82,2205),(85,2798),(90,1619)]	17.160396
13	[(13,3670),(29,3998),(49,1235),(55,2398),(69,718)]	17.442224
14	[(52,1253),(60,1192)]	17.858832
15	[(10,2687),(35,3440),(54,2082),(67,3168)]	17.990117
16	[(4,3894),(26,2211),(28,2680),(33,445),(65,3132),(71,3527),(76,2700),(79,3768)]	34.891064
17	[(5,117),(18,2768),(47,488),(92,423)]	24.907933
18	[(0,2765),(12,4118),(19,3936),(33,3124),(35,1510),(45,4235),(48,1489),(57,3969),(60,2848),(90,1084)]	24.235960
19	[(2,3147),(23,1594),(26,4182),(36,738),(50,4261),(57,1977),(58,2476),(75,1879)]	20.905858
20	[(2,3467),(4,1168),(10,5),(26,1856),(67,4169),(80,4132)]	17.353000
21	[(16,595),(25,1302),(28,925),(30,3396),(44,3814),(52,3501),(68,4311),(70,372),(71,1067)]	18.389184
22	[(12,3394),(40,1104),(79,2271),(82,1094)]	17.993167
23	[(13,366),(40,3258),(58,3020),(71,1854)]	19.119710
24	[(21,31),(32,1168),(46,1091),(53,3566),(77,3725),(79,256)]	18.175965
25	[(11,282),(20,448),(22,1369),(32,335),(35,3575),(53,1195),(63,84),(80,644),(83,3105),(87,3050)]	17.209543
26	[(15,666),(39,2723),(49,596),(55,2164),(67,3934)]	17.251233
27	[(11,2279),(54,1429),(60,2293),(79,110),(83,3696),(90,3793)]	17.514816
28	[(1,1474),(32,2948),(36,2551),(44,4242),(72,244),(91,4059)]	17.143507
29	[(3,920),(57,3651),(91,2776)]	17.149409
30	[(16,952),(18,192),(24,2174),(64,226),(68,1394),(75,1815),(83,3805)]	18.334807
31	[(6,2506),(8,4209),(29,975),(31,3797),(39,3747),(80,1017),(81,353)]	17.347990
32	[(5,2131),(14,4093),(20,1481),(40,3801),(53,1600)]	17.118065
33	[(62,1395),(74,1519),(75,4306),(81,2955),(88,2455)]	17.150407
34	[(45,3807),(49,891),(51,3177),(58,2041),(73,3733),(75,304),(79,3172)]	17.664831
35	[(14,3844),(41,1713),(57,3896),(72,1179),(77,386),(88,1102)]	18.118495
36	[(17,236),(36,2812),(48,2279),(61,2210),(85,136)]	19.121097
37	[(6,3150),(20,3150),(47,2962),(66,1712),(67,1210),(74,3869)]	17.768638
38	[(7,3488),(38,2821),(42,3424),(60,2140),(61,500),(81,1689)]	17.317303
39	[(2,383),(28,2514),(39,593),(48,3480),(50,3272),(62,3616),(66,1655),(68,1376),(87,1285)]	17.806155
40	[(29,1588),(82,3148)]	19.213332
41	[(40,3922),(48,1708),(55,680),(64,3146),(78,3341),(83,2859)]	19.098125
42	[(0,4192),(33,1815),(38,1113),(46,734),(47,2924),(56,367),(74,1070),(84,1917)]	17.728727
43	[(19,2770),(43,155),(73,3683)]	17.271073
44	[(1,4285),(4,865),(20,938),(35,2244),(36,3386),(42,2604),(49,1497),(74,522),(80,2607),(83,849)]	17.533771
45	[(17,4247),(18,2029),(25,984),(49,1560),(50,592),(58,1663),(86,1969)]	17.479665
46	[(13,2873),(52,2239),(59,3125),(61,2834),(63,3758),(65,343),(73,736),(74,2404),(80,1154)]	17.039037
47	[(1,1657),(8,1193),(14,2839),(22,349),(28,4060),(31,375),(44,4096),(63,2982)]	18.885054
48	[(1,2435),(17,3657)]	18.517279
49	[(3,1863),(34,3044),(63,3840),(66,2840),(70,796)]	17.619173
50	[(7,1416),(49,4284),(59,1459),(74,374)]	17.332886
51	[(7,2713),(30,1747),(33,2646),(40,606),(78,260)]	17.603033
52	[(15,343),(19,1956),(30,257),(31,2392),(48,3131),(54,2892),(56,885),(89,1493)]	17.193801
53	[(9,4277),(26,3074),(37,3296),(38,2500),(40,2036),(41,1475),(43,2992),(46,3999),(51,441),(53,3316),(82,693),(89,2972)]	17.740530
54	[(5,368),(6,1775),(13,1555),(48,3621),(61,1780),(87,794)]	18.052681
55	[(3,3788),(7,2924),(9,714),(12,1913),(60,524),(65,1048)]	21.347865
56	[(22,2109),(64,185),(92,4325)]	17.184498
57	[(20,4061),(24,995),(30,2397),(56,3479),(92,2497)]	17.645646
58	[(14,1602),(28,3249),(29,4068),(30,859),(45,727),(53,195),(82,1),(92,3930)]	17.159367
59	[(4,3441),(30,2539),(65,70),(78,3434),(86,1103)]	17.127910
60	[(27,1861),(30,3218),(34,2390),(62,146),(66,1599),(70,2109)]	20.762438
61	[(16,1741),(25,1456),(33,6),(52,911),(70,1431),(87,2181)]	17.399289
62	[(24,36),(40,2333),(67,1443)]	17.362913
63	[(1,1041),(2,852),(36,2535),(44,2932),(78,2599),(86,2945),(91,2928)]	17.301843
64	[(15,1857),(31,3958),(84,2951)]	18.463767
65	[(5,3859),(7,1679),(17,4118),(30,3838),(34,1682),(85,958),(92,1032)]	17.209560
66	[(9,4030),(64,3587),(72,566),(76,1538),(80,4157),(81,1237)]	17.965576
67	[(4,948),(37,2865),(42,471),(64,2063),(79,4171)]	17.369624
68	[(7,3119),(27,2575),(28,1941),(31,2847),(73,2762)]	18.360379
69	[(23,1458),(61,1297),(76,2722),(81,3707)]	17.383172
70	[(31,2528),(42,1829),(62,2969),(84,1578)]	16.999388
71	[(6,3571),(11,3650),(35,3723),(38,3838),(77,644),(82,1624)]	20.090778
72	[(4,3034),(10,177),(20,2527),(29,3328),(70,0),(85,3080),(86,1556),(90,660)]	23.811443
73	[(17,2298),(62,4118),(83,1592),(85,2842)]	34.753007
74	[(5,3867),(37,3819),(42,144),(43,958),(85,3342)]	18.153701
75	[(3,2104),(19,1887),(55,3507),(63,3147),(64,363),(82,4220)]	18.467222
76	[(4,2229),(16,4091),(57,4248),(72,723)]	17.291373
77	[(9,1226),(11,2302),(18,2237),(22,3780),(40,267),(42,2346),(85,3623)]	17.433024
78	[(15,3303),(16,3986),(23,135),(26,2817),(52,697),(57,3860)]	17.847916
79	[(2,196),(7,1328),(14,1826),(20,1264),(24,1946),(37,963),(38,2575),(49,1812),(55,3980),(65,3013),(79,1205),(81,2225),(83,930),(86,1467),(88,3238)]	17.899213
80	[(25,3762)]	17.399912
81	[(8,3647),(20,964),(23,1446),(33,320),(46,477),(55,3965),(59,2281),(89,1384)]	17.196996
82	[(7,2107),(27,793),(37,580),(41,4175),(46,2698),(55,395),(57,1749),(61,1951),(70,182),(84,3067)]	17.315657
83	[(4,1008),(43,1684),(45,2500),(51,1460),(55,1205),(60,2312),(64,3830),(78,1255),(84,1082),(89,1448),(91,2580)]	18.064466
84	[(50,1656),(56,2444),(67,3495),(69,2346),(71,660),(76,1909),(79,3318)]	18.516413
85	[(4,3343),(71,3692),(72,3556)]	17.355403
86	[(4,1666),(6,3699),(27,3440),(55,3893),(56,4283),(69,3269),(70,3053)]	17.297807
87	[(4,822),(16,1105),(19,4152),(30,3473)]	16.826033
88	[(0,3225),(5,2981),(6,3320),(14,1970),(17,3818),(18,3782),(19,306),(26,3513),(34,2719),(45,1692),(67,1918),(87,823)]	17.102645
89	[(0,1286),(6,4086),(19,3954),(54,2720),(60,2401),(67,4284),(75,177),(90,2625)]	17.043090
90	[(20,2042),(22,929),(24,457),(44,81),(55,1224),(70,2820),(71,3129),(75,2253)]	17.586531
91	[(10,2951),(13,3014),(25,3285),(40,1816),(42,141),(57,4100),(58,3332),(62,356),(92,1653)]	18.129070
92	[(4,2434),(35,2232),(75,2435),(85,3186),(86,3947),(87,2569),(88,3790)]	18.162988
93	[(6,1104),(19,316),(59,849),(62,3267),(81,310)]	17.720168
94	[(2,2008),(4,3034),(19,2665),(26,3919),(40,2327),(49,226),(82,2410),(83,1743)]	17.976844
95	[(10,3726),(26,3466),(28,1814),(29,3392),(39,69),(45,2097),(65,1478),(66,1366),(68,2184),(90,848)]	17.560667
96	[(2,766),(7,3894),(24,2159),(26,73),(36,3713)]	19.308099
97	[(5,234),(9,3290),(16,583),(23,2337),(30,1285),(34,3635),(36,2699),(38,3423),(40,1415),(50,1080),(60,1391)]	18.753378
98	[(32,3245),(34,203),(63,58),(76,3273),(78,562),(82,189)]	17.317511
99	[(3,1672),(4,2592),(13,2427),(39,1891),(50,1201),(73,3828),(84,1526),(92,209)]	17.782149
100	[(23,1749),(41,2904),(71,2282),(77,4260),(84,267)]	18.166590
101	[(12,3473),(28,822),(42,53),(43,2754),(68,652),(75,2359)]	17.747751
102	[(9,1579),(10,594),(16,776),(20,2300),(21,1903),(22,1152),(47,4309),(90,1631)]	18.106656
103	[(1,467),(6,3863),(34,275),(37,2541),(41,2856),(45,3532),(67,4096),(70,4092),(76,470)]	17.625687
104	[(0,3646),(4,633),(12,3816),(18,1293),(23,249),(34,3470),(35,969),(42,2071),(61,2852),(74,1623),(75,3040)]	17.137952
105	[(17,2530),(77,2763),(81,3874)]	17.283451
106	[(1,2282),(3,3287),(23,751),(24,810),(28,2176),(37,4008),(46,2080),(55,3444),(73,3),(75,4273),(87,1082)]	17.887696
107	[(11,1873),(14,2478),(15,2162),(47,475),(51,1174),(60,569),(64,1281)]	17.883084
108	[(35,1306),(67,3991),(68,1537),(69,1442),(73,1358),(76,4161),(85,10)]	17.754128
109	[(6,2239),(12,1677),(24,1360),(29,2118),(48,4093),(50,4085),(58,2829),(76,4171),(87,3972)]	17.617687
110	[(9,2937),(10,1988),(20,1788),(87,1105)]	17.125293
111	[(29,1174),(34,778),(37,1116),(39,4159),(51,3124),(55,2469),(72,1140)]	17.752377
112	[(27,1170),(37,505),(51,53),(64,3466),(82,4296)]	17.922032
113	[(23,4072),(29,602),(51,3470),(61,2655),(82,363),(90,1504)]	17.520098
114	[(11,458),(16,466),(30,2722),(31,4016),(42,3160),(46,3533),(71,2046),(92,3975)]	19.831631
115	[(17,2132),(19,360),(72,508),(84,417),(90,1298)]	17.137767
116	[(0,1971),(12,2308),(34,2439),(37,313),(47,851),(49,3177),(51,4278),(52,1824),(54,2366),(57,2867),(77,2357)]	17.539889
117	[(3,1644),(10,4273),(14,1174),(36,131),(51,3960),(82,1453),(86,202),(89,46)]	17.438752
118	[(2,3578),(28,747),(29,451),(31,158),(52,2783),(59,2802),(64,3906),(77,868),(79,2864),(91,3468),(92,3454)]	17.379671
119	[(34,3697),(51,3749),(53,955),(54,3165),(92,1600)]	17.149648
120	[(20,605),(27,3389),(37,1493),(48,1668),(66,1506),(82,2177),(85,3909)]	17.292228
121	[(3,1017),(15,3440),(22,3005),(56,1457),(60,405),(70,2820)]	17.072829
122	[(17,109),(30,48),(75,2914),(80,1776),(90,1825)]	17.785534
123	[(7,2552),(8,1848),(15,2657),(43,1189),(51,1292),(55,3040),(68,2929),(70,3423),(74,3257),(80,841),(91,1779)]	17.707065
124	[(5,357),(15,399),(49,237),(76,2774),(87,4060)]	17.181291
125	[(5,828),(10,2774),(19,3073),(79,3167),(82,2062)]	17.222936
126	[(3,1579),(15,2630),(17,3110),(21,1666),(29,64),(30,4191),(36,580),(50,4008),(69,1923),(91,4198)]	20.462041
127	[(3,2466),(13,2268),(27,250),(41,3030),(52,1145),(66,571),(71,4123),(90,1150),(92,3231)]	21.068767
128	[(20,2677),(27,3146),(43,1746),(56,193),(61,210),(62,2832),(81,712),(86,2304),(90,3989)]	22.180830
129	[(13,429),(18,3775),(21,2660),(44,3348),(52,943),(68,2519),(69,3443)]	35.766848
130	[(34,1009),(42,841),(49,3169)]	24.328625
131	[(25,1050),(33,767),(45,1563),(47,3916)]	18.560384
132	[(44,2074),(52,4076),(79,957),(83,3987),(89,299)]	17.566722
133	[(4,12),(57,3771),(64,2090),(85,1117)]	17.341624
134	[(21,1503),(57,671),(84,1950),(92,4119)]	17.325639
135	[(4,2752),(31,339),(37,3487),(48,384),(62,3614),(67,1687),(71,2550),(76,1310),(86,3191)]	17.163546
136	[(9,1973),(17,3551),(52,2966),(61,345),(62,1762),(67,552),(72,1058),(81,2268)]	17.088899
137	[(9,3779),(11,3055),(18,3334),(60,2092)]	18.065383
138	[(19,3238),(43,474),(44,1883),(46,2445),(62,4053),(80,2564),(81,1849),(86,3766)]	17.836437
139	[(2,4290),(27,506)]	17.547208
140	[(0,2393),(13,102),(57,982),(74,945),(79,5)]	17.869825
141	[(6,354),(35,1575),(36,1892),(59,3408),(67,3469),(79,1868),(91,1400)]	17.751529
142	[(36,3018),(90,727)]	17.216828
143	[(28,317),(61,3738),(65,3297),(76,2566)]	17.082689
144	[(3,2345),(22,1635),(27,1903),(28,1152),(34,1778),(51,1039),(57,3883),(73,1467),(92,2213)]	17.045485
145	[(21,2802),(26,3158),(45,3228),(68,1275),(74,641),(85,2858)]	17.456410
146	[(8,2488),(13,4259),(14,455),(38,3397),(49,83),(53,3506),(84,1536),(87,3338),(88,709)]	19.705510
147	[(9,2238),(22,637),(36,3859),(38,1679),(45,1546)]	18.007843
148	[(0,3683),(7,2587),(14,4158),(16,1386),(19,48),(34,1696),(43,934),(51,3232),(55,2461),(89,812)]	18.442054
149	[(13,69),(35,2734),(59,472),(62,3484),(88,3153)]	17.601280
150	[(4,4077),(16,1790),(26,3162),(54,576),(72,4064)]	17.451506
151	[(0,3854),(8,529),(46,2821),(55,4088),(73,1123),(78,2814),(84,2659),(87,630)]	19.404099
152	[(2,3312),(16,661),(23,2154),(31,3792),(37,1477),(43,4129),(49,1275),(66,3936)]	17.149784
153	[(20,885),(26,2722),(27,4016),(28,296),(37,2495),(48,2802),(55,1637),(56,3025),(60,2688),(68,2248)]	17.116707
154	[(3,3106),(12,932),(64,3858),(66,2101),(75,2518),(80,3727),(88,2019)]	17.821379
155	[(24,1957),(27,1297),(29,2718),(53,3392),(80,1164),(87,2398)]	17.023333
156	[(0,1433),(6,3495),(9,567),(24,2777),(25,2052),(32,3516),(51,2582),(61,27),(70,4175),(83,2267),(84,277),(88,686)]	17.318746
157	[(4,4075),(13,2591),(20,300),(27,879),(30,465),(87,1179)]	17.763053
158	[(0,52),(17,2399),(25,1052),(50,2479),(58,1261),(87,889),(90,3535)]	17.161304
159	[(2,4041),(21,2391),(26,1595),(29,1341),(37,3840),(42,4063),(44,617),(45,2655),(59,4002),(61,542),(73,3406),(90,2810),(92,4056)]	17.035833
160	[(1,3312),(16,2659),(27,3323),(45,1928),(57,3513),(77,2696)]	17.472988
161	[(13,429),(26,2210),(43,4211)]	17.032920
162	[(7,7),(17,822),(25,3625)]	18.645224
163	[(38,3411),(75,3677)]	17.818642
164	[(7,3881),(13,39),(48,4178),(52,328),(54,1050),(71,4234),(90,1833)]	17.788077
165	[(15,2088),(38,110),(40,2709),(44,3974),(56,166),(76,2051)]	17.086835
166	[(29,250),(63,2386),(66,466),(85,3475)]	17.182329
167	[(17,3541),(26,2271),(58,3721),(61,962),(69,2853),(73,3173)]	17.220540
168	[(23,4313),(24,3371),(33,4224),(41,3986),(48,2957),(53,142),(63,3725),(67,1793),(77,4080),(92,3829)]	17.320986
169	[(47,1065),(67,903),(69,3281),(79,2940),(86,1140)]	17.247184
170	[(10,1795),(20,883),(26,1422),(38,2515),(42,2664),(51,3645),(53,2512),(57,957)]	17.402706
171	[(12,3427),(50,2068),(67,117),(76,3765),(78,3352)]	17.156135
172	[(11,2669),(12,918),(32,759),(65,3497),(77,4321)]	17.673773
173	[(7,834),(43,4236),(84,1572),(86,2845),(89,2296)]	18.085465
174	[(7,97),(32,2606),(40,1793),(56,418),(57,4128),(82,3363)]	18.233096
175	[(6,3856),(17,1030),(41,189),(49,2225),(51,930),(85,4052)]	17.392625
176	[(15,3985),(27,1164),(61,1020),(62,39),(76,1813),(79,3979),(84,816),(87,2107)]	18.411164
177	[(6,1009),(9,556),(15,708),(45,399),(66,1276),(81,3652),(87,2585)]	18.020873
178	[(6,3584),(22,2411),(31,4012),(47,846),(48,4111),(49,2494),(78,4294)]	17.652175
179	[(0,4042),(5,3106),(14,904),(26,3111),(52,220),(58,4177),(86,3249)]	17.372495
180	[(19,19),(25,1786),(79,2336)]	17.376757
181	[(11,444),(14,4217),(24,2911),(25,775),(39,3104),(72,1955),(85,1552)]	21.099986
182	[(15,1424),(27,1228),(33,1489),(49,4173),(52,2482),(70,1899),(71,245)]	18.086569
183	[(39,838),(40,1854),(67,1058),(87,2792)]	23.178735
184	[(11,2699),(36,4172),(40,4227),(45,4208),(48,2830),(60,1426),(84,885),(90,3482)]	18.938791
185	[(21,3268),(36,885),(42,226)]	17.274963
186	[(2,3412),(14,3071),(23,2943),(28,286),(47,258),(61,2232)]	29.925130
187	[(4,4102),(15,1257),(19,3803),(39,297),(42,687),(60,4041)]	26.474916
188	[(49,3996),(52,974),(54,2073),(62,1976)]	18.119894
189	[(69,4282),(71,1624),(72,772),(86,3716)]	17.398078
190	[(6,1734),(31,322),(39,2435),(48,2370),(82,743)]	16.928717
191	[(7,2100),(13,963),(16,126),(47,1284),(85,3591)]	17.080214
192	[(1,3855),(11,2903),(13,2251),(25,1870),(54,1797),(62,303),(63,3638),(85,2344)]	17.426625
193	[(0,1636),(8,467),(27,3662),(28,1916),(45,2916),(55,44),(64,2966),(74,3818),(78,2241),(92,1185)]	17.314601
194	[(10,3204),(12,2016),(18,2661),(57,2037),(59,3995),(64,2467),(88,2044)]	17.857394
195	[(15,3307),(18,1043),(23,2684),(33,2095),(37,483),(42,3111),(50,270)]	17.316009
196	[(11,3579),(19,4263),(20,1734),(21,1977),(47,1193),(61,586),(63,3839),(72,3042),(83,521),(84,2656),(89,2898)]	17.195449
197	[(58,2791),(59,2422),(67,3875)]	16.960711
198	[(3,2994),(14,184),(33,1831),(40,917),(90,3772)]	17.443399
199	[(27,1541),(29,2464),(35,2316),(36,72),(37,3656),(38,2310),(46,3939),(75,602),(85,3056),(88,199)]	17.162846
200	[(0,2986),(21,3987),(35,3487),(54,3139)]	17.910025
201	[(16,3983),(25,2282),(65,3737),(69,2123),(74,2191)]	16.877630
202	[(3,2326),(6,959),(23,2222),(39,2492)]	17.638390
203	[(9,3798),(67,715),(77,2821)]	17.657423
204	[(16,2721),(18,2249),(19,1831),(55,2316)]	17.205739
205	[(9,1787),(18,868),(20,2864),(34,4166),(58,1296),(61,1518),(67,2812)]	17.220765
206	[(17,1861),(52,3196)]	18.889356
207	[(14,692),(36,3746),(82,3478)]	17.348800
208	[(39,3496),(54,939),(77,135)]	17.170912
209	[(18,4143),(30,2930),(33,135),(38,2328),(47,3669),(57,3889),(60,1759),(65,334),(77,919),(91,2493)]	17.645415
210	[(17,1983),(37,2274),(44,4057),(89,3880)]	17.239107
211	[(24,2775),(28,2560),(37,1266),(43,563),(62,3680),(69,2498),(71,3590),(83,686)]	19.880730
212	[(5,1184),(29,3245),(34,4205),(62,3862),(70,1082),(76,1211)]	18.101957
213	[(14,4045),(15,832),(23,1403),(26,2915),(48,4131),(54,2786),(75,2273),(80,1737),(83,2726)]	17.779450
214	[(11,3253),(35,3463),(44,2887),(69,3439),(77,913),(87,3334)]	19.715665
215	[(17,458),(21,3015),(66,455),(68,3700),(75,2382),(76,1214)]	17.468678
216	[(27,2855),(32,446),(36,3318),(68,2769),(88,3157)]	17.496291
217	[(7,193),(12,2808),(40,4087),(51,805),(72,222)]	17.048784
218	[(13,1128),(36,2505),(46,520),(49,3326),(52,1008),(56,3442),(57,3975),(69,3195),(71,229),(87,1222),(91,507)]	17.069262
219	[(0,1229),(1,2579),(26,3802),(50,249)]	16.964627
220	[(8,2631),(11,1075),(23,2418),(29,2720),(72,3882),(90,4189)]	17.114937
221	[(21,1278),(29,3721),(71,2224),(88,4226)]	17.105766
222	[(2,848),(8,2852),(61,1550),(76,3866),(78,1407)]	17.449163
223	[(16,426),(46,3465),(51,1635),(75,1640),(84,3954)]	16.899443
224	[(2,1845),(36,1721),(55,2369),(63,869)]	17.131825
225	[(14,2373),(21,2240),(68,1227)]	17.164745
226	[(3,2419),(57,3797),(61,3459),(75,1714),(82,1998),(88,2635)]	17.209121
227	[(65,3121),(66,3567)]	17.555960
228	[(7,3843),(29,2),(32,2837),(33,1269),(41,1642),(48,305),(49,1634),(74,4313)]	17.053572
229	[(2,4327),(4,3217),(8,4033),(20,1369),(29,4111),(36,516),(45,1966),(48,3019),(67,2895),(74,312),(83,1471),(89,2008)]	16.930480
230	[(9,802),(12,667),(17,362),(31,2428),(39,678),(43,467),(63,1012),(75,100),(78,2222),(86,1238),(92,1688)]	17.570311
231	[(26,4085),(30,3862)]	16.925330
232	[(2,503),(6,1784),(17,2722),(51,3841),(75,2468),(89,3555)]	16.921755
233	[(5,4113),(12,2100),(21,631),(24,240),(34,506),(39,1754),(47,3712),(62,17),(79,4099),(83,2335)]	17.047214
234	[(3,857),(4,1858),(13,1113),(24,1481),(34,2045),(36,726),(52,3485),(80,1329),(88,1250)]	17.112468
235	[(2,87),(5,4188),(30,902),(54,4205),(62,2308),(87,3201)]	19.883116
236	[(18,1871),(21,329),(24,2060),(61,3041),(70,2386),(73,2982),(77,3574),(79,2152),(88,2376),(89,3704),(92,3854)]	17.375061
237	[(23,899),(32,2422),(34,1434),(43,3405),(53,3367),(70,2050),(90,2585)]	20.095077
238	[(16,1147),(34,571),(46,54),(55,213),(62,116),(73,3078)]	20.486593
239	[(6,332),(80,3994)]	21.956518
240	[(1,1212),(6,2665),(48,1373),(54,2025),(63,983)]	17.638225
241	[(2,3311),(17,3896),(36,3557),(47,3666),(90,3136)]	17.908180
242	[(13,2246),(66,1993),(86,2738),(89,3972)]	17.427334
243	[(2,2720),(5,4166),(12,547),(16,2872),(30,1456),(44,1424),(60,2128),(73,169)]	22.471032
244	[(5,32),(9,3302),(21,542),(46,498),(72,332),(75,1034),(88,2398)]	34.052075
245	[(15,2231),(30,2495),(34,4153),(37,214),(58,4141),(80,148),(87,1367)]	17.678430
246	[(1,3945),(38,2180),(44,2734),(47,1875),(63,1750),(65,3286),(75,2445)]	16.891761
247	[(14,3854),(19,3877),(20,2826),(29,1519),(36,1294),(60,1711),(74,3032),(81,2133),(90,1671),(91,3541)]	17.473489
248	[(8,1228),(44,1148),(50,3775),(54,4253),(56,3496)]	17.950952
249	[(6,2947),(12,118),(20,4012),(31,556),(67,2874),(73,492)]	16.970581
250	[(1,3528),(3,1037),(22,3142),(42,1205),(43,950),(55,4188),(83,492)]	17.144439
251	[(0,3695),(18,3759),(30,3171),(31,954),(61,4250),(66,2368),(68,4255)]	17.620023
252	[(19,58),(38,2009),(51,3984),(59,2224),(66,1928),(77,2439),(90,1964)]	17.055737
253	[(6,801),(9,678),(21,2458),(34,845),(40,4036),(87,3074)]	16.994436
254	[(2,17),(27,3362),(42,563),(44,2649),(50,713),(84,3040)]	17.586695
255	[(32,2573),(37,261),(55,3418),(69,768),(76,16)]	17.884047
256	[(5,3464),(12,562),(74,305),(86,3814)]	20.126892
257	[(9,2185),(12,2226),(47,3325),(58,2837),(59,1269),(66,2317),(68,2190),(83,1242)]	17.116615
258	[(10,2547),(27,628),(50,2753),(51,3378),(66,393),(67,2513),(76,92),(87,2944)]	17.756833
259	[(29,1061),(48,2313),(87,3762)]	17.650782
260	[(2,731),(5,4092),(7,3870),(23,1043),(31,2008),(38,2294),(42,3783),(43,3079),(62,751),(67,4086),(80,211),(87,416)]	17.152503
261	[(11,2456),(21,2661),(41,536),(50,3146),(58,1172),(83,3527)]	17.813584
262	[(4,3210),(8,211),(18,3333),(25,1327),(40,2852),(65,738),(90,2844),(92,2810)]	18.989999
263	[(20,2524),(61,2945)]	16.839948
264	[(1,490),(9,4165),(41,1432),(47,1134),(51,1363),(53,567),(64,2692),(72,3872)]	17.665398
265	[(1,2363),(6,2033),(22,4208),(23,1950),(29,3685),(38,2467),(60,1562)]	17.148748
266	[(11,475),(31,2367),(38,600),(49,3368),(67,3258),(77,12)]	17.661578
267	[(5,3560),(31,1491),(60,1199),(72,3619),(88,1675)]	16.873634
268	[(2,3713),(8,2363),(9,628),(48,1329),(50,832),(53,1226),(55,2302)]	17.288620
269	[(4,1531),(10,686),(21,1404),(29,587),(35,3354),(71,1611),(85,3521)]	17.152747
270	[(10,3377),(22,535),(23,2013),(24,3604),(39,3174),(71,1415),(81,1513),(83,1658)]	17.547788
271	[(0,1698),(2,2793),(5,1127),(6,2388),(23,2095),(29,720),(41,1085),(48,1958),(53,147),(66,2613),(74,1186)]	16.962183
272	[(0,2677),(59,1213),(62,4205),(66,625),(72,2987),(75,3270),(85,291)]	17.226190
273	[(1,1365),(6,2364),(17,3026),(24,409),(38,48),(51,754),(63,2942),(65,1132),(75,718)]	17.275293
274	[(21,24),(28,1995),(61,2399),(79,232),(87,1468)]	17.410760
275	[(9,33),(23,2918),(36,1526),(45,1548),(63,472),(66,3540),(68,1352),(74,2901),(85,2814)]	17.004254
276	[(35,265),(53,1988),(71,2307),(79,1180)]	17.155445
277	[(6,2237),(24,4187),(40,147),(60,3797),(79,3215)]	17.084609
278	[(8,941),(24,1241),(33,3059),(63,1612),(80,869),(85,3531),(86,4193),(92,318)]	16.868375
279	[(26,3659),(33,4117),(37,1641),(45,1141),(46,3720),(62,942),(64,653)]	17.161076
280	[(3,3567),(20,385),(23,3958),(40,31),(80,868),(84,3267),(85,3857),(86,1566),(92,1108)]	17.172811
281	[(5,3099),(11,3527),(25,2167),(26,535),(27,2013),(69,1783)]	17.748711
282	[(8,1145),(26,1815),(33,3801),(43,2859),(70,1942),(86,1868)]	16.905099
283	[(12,1537),(27,3908),(30,2309),(44,100),(66,1278),(70,2939),(80,3469)]	17.957697
284	[(0,119),(43,691),(89,2158)]	17.477218
285	[(0,988),(22,2765),(26,887),(28,1553),(31,3383)]	17.298939
286	[(27,54),(33,1729),(54,1990),(61,611),(79,2949),(85,4183),(92,726)]	17.738573
287	[(3,2307),(10,1030),(51,574),(71,1203),(82,2252),(89,3240)]	17.993655
288	[(8,3925),(89,2545)]	18.544167
289	[(2,1237),(9,3971),(13,239),(16,168),(51,3714),(69,2138),(72,2378),(76,1972),(85,841)]	17.689375
290	[(39,1007),(45,3868),(52,2049),(55,403),(57,4297),(59,2220),(67,3075),(73,2550),(90,3413)]	17.206146
291	[(5,2717),(15,2075),(49,2587),(52,2017),(53,813)]	17.630388
292	[(16,2318),(22,4070),(27,1064),(43,838),(57,2357),(68,2382),(69,3896)]	20.365791
293	[(31,22),(40,2273),(50,4034),(85,3823),(91,3460)]	21.178528
294	[(2,2966),(4,299),(6,306),(45,3400),(47,1450),(48,3656),(80,948)]	23.999040
295	[(9,3661),(24,1713),(40,3967),(47,2326),(75,2960),(85,3284),(90,1102)]	18.391955
296	[(13,458),(26,3540),(28,1959),(71,3519),(75,670),(78,3271),(79,355)]	17.567588
297	[(12,1675),(26,1149),(27,2790),(62,1691),(71,4127),(85,1350),(86,1751)]	18.049458
298	[(3,43),(18,378),(37,4119),(54,561),(61,48),(73,3305),(85,998)]	17.855949
299	[(7,2931),(31,2439)]	17.528395
300	[(14,4263),(32,2824),(42,2616),(87,3840)]	18.223581
301	[(9,2999),(23,1651),(26,1206),(27,3109),(30,167),(39,967),(80,1710)]	34.365438
302	[(4,1308),(9,2175),(20,3733),(29,538),(32,280),(40,851),(43,3822),(55,70),(56,154),(64,2199)]	20.490353
303	[(12,457),(31,2813),(45,1470),(54,300),(57,3342)]	17.762588
304	[(15,2078),(45,3752),(56,3712),(89,1318),(90,2287)]	17.523088
305	[(45,3827),(61,119),(68,1263),(72,2797),(76,913),(78,2090)]	19.303300
306	[(7,3138),(16,2935),(17,3491),(23,475),(68,35)]	17.926286
307	[(12,435),(51,1989),(59,1316),(66,145),(83,4069)]	17.274487
308	[(14,3650),(23,3293),(41,222),(53,3424),(55,3429),(60,2935),(61,3491),(77,2510),(85,3969)]	17.717024
309	[(17,1697),(18,3520),(36,2814),(37,2372),(45,258),(63,841),(65,89),(70,2908)]	22.741004
310	[(5,3982),(44,2146),(81,2775),(92,3645)]	19.182553
311	[(2,1041),(15,1793),(18,1692),(25,759),(30,1324),(40,3436),(58,4175)]	17.911264
312	[(4,3630),(21,1997),(32,2104),(42,3623),(72,2296)]	20.480616
313	[(15,3091),(30,4136),(46,3141),(49,3434),(50,4007),(54,3992),(55,2214),(78,1662),(84,1663)]	17.961999
314	[(0,2004),(4,632),(5,2685),(53,996),(65,2103),(70,1438),(75,2502),(78,1215)]	18.063017
315	[(3,108),(48,413),(79,1845),(84,2801),(90,313)]	17.230890
316	[(6,622),(16,1132),(18,2035),(22,3291),(24,1572),(51,1085),(58,2279),(68,1698),(72,1322),(84,2294)]	19.496587
317	[(44,3143),(62,3297),(71,2007),(72,3543),(75,1642)]	17.228136
318	[(18,1299),(31,1774),(54,4286),(55,2094),(58,1937),(69,3223),(81,1157),(88,380),(92,2765)]	17.731939
319	[(6,1636),(8,2023),(45,120),(61,3669),(69,2639),(82,4074),(83,876)]	17.539319
320	[(1,490),(25,3071),(35,1266),(37,1856),(45,4325),(79,2630)]	17.238704
321	[(22,2598),(33,1179),(40,1985),(53,3511),(66,3394)]	17.711505
322	[(25,474),(29,3014),(46,3517),(88,1912),(89,2162)]	16.931623
323	[(7,4148),(8,1530),(14,636),(31,394),(52,1615),(65,2670),(79,3138)]	24.890806
324	[(18,4185),(45,2906),(52,373),(61,910),(75,396)]	20.585983
325	[(8,2558),(14,1345),(18,1085),(29,3358),(57,3544),(61,2025),(69,1234)]	17.647438
326	[(11,2725),(28,3298),(47,2535),(70,3711),(72,121)]	17.325984
327	[(8,2154),(15,1926),(29,1685),(42,3325),(49,4137),(72,2965),(75,3711),(88,3491)]	17.770316
328	[(19,1120),(25,1938)]	17.882229
329	[(0,2201),(9,3362),(39,3111)]	18.091091
330	[(10,2011),(53,3087),(81,1570)]	19.862353
331	[(8,2264),(33,793),(43,2808),(52,4142),(67,3395),(78,141),(90,1835),(91,2907)]	18.785957
332	[(29,952),(37,779),(75,2228),(89,3252)]	29.181451
333	[(14,1565),(18,582),(28,2702),(36,3381),(54,1506),(88,2094)]	17.552128
334	[(16,64),(34,2138),(53,997),(78,3875)]	17.119007
335	[(5,1439),(20,877),(26,4159),(54,2902),(67,238),(75,1135),(91,350)]	17.148156
336	[(4,2189),(12,1265),(27,3503),(64,2104),(80,2986)]	17.718823
337	[(36,1148),(49,3851)]	17.011830
338	[(16,189),(25,2557),(29,1083),(31,2484),(37,3784),(47,599),(74,3504),(76,2946)]	17.132823
339	[(16,3717),(27,849),(37,3525),(39,1287),(44,1157),(48,2190),(59,26),(70,1549),(85,1421)]	17.050538
340	[(6,1441),(13,2494),(16,944),(17,1245),(24,1464),(49,492),(73,1157)]	27.969118
341	[(18,1164),(28,692),(32,4246),(60,3291),(70,3201),(82,375)]	35.765254
342	[(5,2586),(6,3312),(9,101),(60,2248),(89,2622)]	17.545234
343	[(26,2794),(40,3879),(42,287),(69,242)]	16.910704
344	[(10,3639),(50,2220),(61,3920),(74,2040)]	20.735222
345	[(20,1717),(28,2160),(31,3461),(49,4029),(51,2746),(52,3959),(64,1151),(88,3940)]	23.688380
346	[(39,1895),(74,1743)]	18.311826
347	[(19,2808),(22,2371),(26,1708),(90,159)]	16.923353
348	[(9,3155),(21,2000),(33,748),(44,1698),(51,4211),(73,848),(75,443),(81,1664)]	17.838768
349	[(55,3853),(62,4286),(64,555),(70,454)]	24.758760
350	[(6,310),(21,3697),(22,1066),(50,265),(55,4006),(80,547),(84,4184),(86,90)]	20.283255
351	[(1,2868),(14,3237),(19,566),(30,2734),(33,1875),(44,298),(64,2542),(71,2588),(75,2926),(85,2331)]	17.666549
352	[(18,413),(34,4033),(42,3959)]	17.203064
353	[(20,2857),(25,2821),(33,3889),(47,2540),(53,3503),(55,283),(89,806)]	17.873345
354	[(9,3227),(14,3654),(27,4074),(40,4010),(45,2920),(64,3330),(71,2844)]	39.423768
355	[(13,3343),(34,4168),(41,2954),(64,215),(86,867),(92,1863)]	27.660890
356	[(10,3367),(13,3588),(22,1737),(89,1791),(91,3286)]	34.177511
357	[(8,3305),(58,2494),(67,4076),(78,850),(83,2663),(85,3286),(91,3288)]	42.393517
358	[(12,1760),(20,1435),(37,966),(57,1661),(62,566),(64,1536),(71,3436)]	41.964847
359	[(1,1970),(19,1899),(20,245),(48,2557),(57,4223),(61,4243),(68,2057),(71,2233),(91,1553)]	42.927337
360	[(0,644),(2,4284),(9,2377),(11,3185),(20,2713),(24,1549),(31,2421),(64,746),(73,1609),(77,855),(83,111)]	35.445103
361	[(47,2237),(59,4014),(70,3383),(83,2301)]	20.243727
362	[(21,3524),(27,2634),(28,786),(64,4005)]	17.433577
363	[(8,4077),(19,3580),(22,4263),(42,3248),(45,3000),(50,2305),(77,1078)]	18.155755
364	[(0,3206),(5,3874),(21,3758),(48,3254),(57,642),(58,3130)]	17.714770
365	[(2,4032),(6,3721),(11,2403),(15,3910),(27,4160),(51,3270),(55,2997),(60,555),(85,4202)]	17.589416
366	[(24,1439),(38,1448),(55,800),(84,331)]	17.249264
367	[(16,885),(34,625),(51,3712),(54,4076),(72,3874),(77,1631)]	18.302630
368	[(4,3396),(22,3131),(26,2964),(49,172),(59,253),(60,549),(61,528),(63,1667),(68,1008),(78,1022)]	17.784321
369	[(3,3632),(6,1044),(20,3160),(37,2376),(38,3484),(44,2206),(57,3392),(70,1540),(79,3972),(83,2419)]	17.934395
370	[(5,3718),(7,2660),(24,608),(34,3471),(44,822),(71,3073),(74,2305),(86,3216)]	17.436980
371	[(4,2450),(21,1629),(44,2638),(50,2698)]	17.278100
372	[(9,2321),(15,1141),(17,3680),(60,426),(71,734),(73,3626),(81,2330),(86,1003),(92,4040)]	17.389775
373	[(19,2439),(29,1803),(30,606),(48,4136),(50,624),(65,733),(71,682),(90,213)]	17.333631
374	[(2,3983),(29,195),(38,54),(43,3067),(44,59),(53,3247),(57,4041),(62,4239),(74,3693),(90,2110)]	17.098181
375	[(7,2793),(25,2040),(26,969),(35,3400),(45,4231),(54,176),(57,4140),(64,3881)]	17.733985
376	[(20,3466),(26,1595),(37,2039),(47,605),(53,2144),(54,3668),(89,1374)]	17.404147
377	[(42,1593),(61,1820),(80,1834)]	17.143823
378	[(6,4207),(13,84),(33,934),(61,3549)]	17.363605
379	[(18,2638),(40,2090),(58,947),(63,2087),(71,2662),(84,3699)]	17.463673
380	[(6,3536),(31,3838),(38,3675),(61,1302),(70,3466)]	17.031240
381	[(5,4028),(6,2392),(13,3845),(29,3933)]	17.554307
382	[(18,2699),(26,3370),(64,4024),(76,3128)]	17.903952
383	[(41,0),(83,1477)]	17.048509
384	[(29,4265),(33,2040),(50,2738),(52,656),(66,134)]	17.149983
385	[(12,874),(13,2629),(38,4307),(42,1702),(56,1882),(57,3436),(59,3118),(82,2688)]	17.071472
386	[(10,3301),(11,961),(16,1419),(25,2726),(34,1518),(64,4027),(71,1248)]	17.280241
387	[(27,1666),(31,4103),(35,249)]	17.115682
388	[(20,3542),(32,752),(73,1486),(74,3021),(75,1064)]	17.129525
389	[(17,2743),(33,2906),(38,520),(39,3612),(60,4090)]	17.553403
390	[(0,974),(14,3653),(31,2735),(46,1652),(56,2842)]	17.375766
391	[(15,929),(26,2473),(54,518),(79,3684),(89,2759),(92,1249)]	17.845671
392	[(10,1098),(25,4316),(27,720),(35,3695),(40,3202),(66,2556),(68,2149)]	22.145490
393	[(2,3760),(33,3810),(38,831),(42,2),(57,752),(88,2587)]	23.153837
394	[(0,1746),(6,1573),(8,3556),(17,2512),(18,1566),(22,2183),(29,1440),(56,492),(59,3469),(63,1426),(77,3810),(88,3874)]	17.863170
395	[(0,2750),(13,1095),(17,3140),(34,87),(78,369)]	17.178712
396	[(26,593),(61,291),(72,1004),(79,3971),(89,56)]	18.589299
397	[(26,144),(32,307),(40,866),(56,2559),(61,3173),(79,2804)]	32.276504
398	[(0,3773),(22,174),(39,1453),(48,340),(56,2574),(71,2789),(88,1940)]	36.437951
399	[(9,2272),(29,3025),(35,2704),(40,4041),(71,356)]	35.287141
400	[(23,3998),(36,1379),(43,824),(58,2319),(78,4136),(80,3633),(85,2714)]	37.555246
401	[(23,1195),(25,3801),(30,2423),(52,315),(58,1818),(65,2804),(74,767)]	46.941688
402	[(1,2509),(29,4057),(34,4183),(50,3615),(56,557),(57,1552),(65,2169),(76,775)]	36.760015
403	[(0,1021),(20,1122),(41,1206),(62,3924),(78,4126),(80,758),(88,1621),(92,632)]	34.953147
404	[(10,3715),(15,4117),(32,111),(41,1271),(89,2733)]	33.428113
405	[(13,1233),(22,906),(80,3574)]	38.818095
406	[(1,334),(32,2443),(33,1368),(46,28),(49,86),(53,1377),(60,3847)]	33.557712
407	[(0,2367),(19,268),(20,308),(31,4249),(34,1474),(63,1633),(68,3287),(77,3785),(86,2609)]	36.195771
408	[(1,4207),(6,2335),(33,772)]	34.596059
409	[(2,701),(15,2333),(16,2977),(21,3292),(39,1433),(40,4231),(54,673),(60,1316),(70,697),(84,212)]	37.013919
410	[(17,666),(50,722),(59,3180),(72,1909),(81,3114)]	33.950149
411	[(5,537),(46,514),(56,1997),(63,2349),(67,1474),(72,2552)]	34.076413
412	[(5,4268),(7,2937),(12,2860),(32,2614),(57,845),(69,80),(77,3483),(87,1620)]	34.917650
413	[(5,1595),(8,1017),(58,319),(61,3011),(77,1997)]	34.077476
414	[(8,1998),(18,1443),(20,352),(29,415),(34,1793),(60,2772)]	34.473225
415	[(2,2704),(11,2404),(21,3073),(62,2819)]	34.186927
416	[(0,234),(53,3366),(55,4326),(60,2449),(66,494),(69,3957),(80,1084)]	34.123291
417	[(0,2009),(4,2771),(16,2520),(28,2336),(48,4121),(51,2385),(80,3738),(83,214)]	34.137610
418	[(28,4174),(39,1859),(46,2898),(65,691),(71,1136),(77,2198),(81,3948)]	34.103107
419	[(25,2255),(27,181),(29,2091),(46,3308),(53,3936)]	34.100264
420	[(26,890),(32,3761),(39,4019),(47,1088),(70,1237),(83,672)]	34.723282
421	[(18,1860),(23,2043),(32,3474),(60,299),(62,306),(65,282),(87,4132)]	34.108782
422	[(1,1990),(18,3588),(24,2445),(46,3600),(61,4051),(62,4171),(89,3537),(90,3620)]	39.356321
423	[(9,534),(16,568),(24,1630),(34,3410),(35,129),(39,4120),(41,2019),(51,4258),(60,334),(62,1287),(64,58),(66,1603)]	33.214075
424	[(6,661),(16,2592),(22,3990),(31,3050),(43,706),(84,382)]	33.663757
425	[(40,2191),(47,2638),(49,4126),(59,262),(80,127)]	36.159904
426	[(0,2611),(6,3639),(16,2755),(25,471),(86,149),(87,387)]	33.802192
427	[(14,714),(17,2091),(28,902),(39,3561),(44,1260),(51,3225),(62,2042),(88,2674)]	34.145106
428	[(23,3386),(30,3366),(44,2265),(52,3364),(69,1684),(77,1384),(84,2554)]	33.118205
429	[(5,615),(8,3383),(14,3816),(26,2545),(27,2033),(33,1811),(50,2822),(62,4120),(69,1078)]	33.081944
430	[(0,3236),(56,906),(77,3755),(84,1303)]	33.152751
431	[(16,4093),(24,3328),(30,2648),(39,474),(62,1055),(65,318),(75,2378)]	33.196869
432	[(17,3286),(31,3319),(39,2268),(41,573),(51,3674),(59,2243),(80,3908),(81,4238),(85,3724)]	38.164535
433	[(48,1799),(54,1497),(57,235),(68,3671),(79,81)]	38.282832
434	[(1,2694),(15,3822),(37,742),(40,1955),(46,464),(47,2283),(57,1166),(69,3152)]	35.268938
435	[(1,1609),(9,1397),(43,12),(52,350),(57,2303),(61,1468),(67,803),(77,4113)]	34.766131
436	[(2,1824),(18,2557),(30,814),(43,1738),(52,2672),(56,1027),(59,80)]	34.064161
437	[(52,866),(81,3283)]	35.018346
438	[(4,3110),(24,1856),(28,1699),(37,507),(39,2098),(41,2913),(65,485),(90,2011)]	35.875371
439	[(1,3626),(20,2454),(33,1548),(43,1362),(58,1185),(77,1819),(78,2429)]	38.039715
440	[(1,4011),(34,127),(37,2723),(54,732),(62,886),(91,1329),(92,1874)]	37.161756
441	[(2,3146),(17,3813),(27,3850),(30,333),(35,1640),(49,1462),(52,3955),(76,1844),(85,4251)]	35.118647
442	[(5,1639),(19,2804),(43,1974)]	32.803560
443	[(0,1639),(9,4106)]	36.813900
444	[(10,1731),(12,2625),(66,888),(67,731),(69,1795),(77,457),(83,1664),(91,3705)]	32.684343
445	[(5,711),(32,1971),(34,2930),(59,94),(60,1611),(69,2905)]	36.497379
446	[(21,2398),(58,70),(62,2050),(91,1607)]	34.141109
447	[(5,241),(17,4263),(25,593),(61,437),(69,3003)]	34.059825
448	[(14,212),(41,3670),(44,4280),(51,3005),(67,1109),(92,3018)]	34.195555
449	[(28,763),(36,2791),(61,646)]	33.957569
450	[(3,3825),(15,1232),(43,711),(44,2891),(46,1653),(69,4037),(82,2406)]	33.592997
451	[(2,3901),(25,253),(41,2449),(45,3107),(48,4013),(52,4121),(60,1735),(66,4301)]	38.503052
452	[(5,153),(8,1272),(21,1655),(32,1052),(35,981),(38,3084),(40,1084),(83,516)]	36.686689
453	[(1,2054),(4,4241),(5,2804),(23,2133),(32,1525),(33,52),(49,2270),(50,1865),(56,256),(70,3771),(82,369)]	34.066881
454	[(32,3063),(38,2090),(64,258),(88,2265)]	34.923989
455	[(9,1189),(25,1069),(46,2176),(77,3701)]	34.744494
456	[(0,1994),(14,2856),(45,462),(54,2984),(76,2603),(90,1076)]	34.535112
457	[(21,3564),(45,976),(62,4051),(63,4171)]	34.467665
458	[(0,3807),(16,118),(21,3962),(74,1693),(85,1217)]	38.036475
459	[(2,4274),(22,2321),(49,3906),(53,3900),(64,2051),(65,3089),(76,1153),(77,3860),(80,887),(84,103),(86,1656)]	34.361541
460	[(9,4246),(47,1741),(87,2188)]	34.426225
461	[(18,2614),(39,2922),(42,905),(44,732),(46,791),(49,1873),(75,2206),(76,4009)]	36.762518
462	[(18,1047),(71,3678),(87,1148)]	34.529071
463	[(28,2004),(56,3430),(64,3861),(69,2668),(70,2431),(80,480)]	34.211845
464	[(5,4227),(13,706),(21,58),(26,2151),(28,457),(29,1948),(34,1290),(40,2746),(41,3959),(53,3180),(60,3999),(64,2448)]	41.050647
465	[(0,1223),(34,3512),(45,3190),(57,3307),(75,185)]	34.901140
466	[(6,3280),(16,223),(30,3615),(34,4221),(46,3540),(60,373),(63,3859),(78,609)]	34.983360
467	[(28,1255),(43,1186),(80,383)]	34.868746
468	[(5,3941),(6,2531),(20,501),(29,1255),(38,230),(41,3027),(52,573),(66,1438),(84,1036)]	34.246630
469	[(8,750),(31,2272),(47,3852),(63,4326)]	33.875506
470	[(0,4069),(5,297),(17,4302),(18,3229),(51,3040)]	33.891719
471	[(28,4017),(45,3540),(48,2868),(60,2918),(72,2967)]	34.426194
472	[(18,380),(25,2648),(45,1690),(67,524),(83,2228),(87,1520)]	33.163001
473	[(1,4185),(8,3779),(39,1405),(65,834),(75,332),(80,4038),(90,2541)]	35.584267
474	[(36,4055),(44,3487),(50,562),(53,1150),(67,382),(68,3053)]	37.331903
475	[(11,2127),(45,3334),(53,3944),(54,570),(58,2177),(73,1119),(74,3034),(77,2301)]	38.319738
476	[(8,2611),(48,972),(73,1234),(88,952)]	37.166379
477	[(2,4161),(21,2272),(31,3296),(43,929),(49,1128),(59,1396),(74,1009),(80,1361),(89,1013)]	34.194098
478	[(20,2175),(32,827),(58,2791),(59,2422),(63,1444),(78,1710),(80,2334),(88,3848)]	36.252258
479	[(1,1571),(3,936),(6,177),(18,4049),(27,3442),(29,1359),(69,1911),(74,520),(86,1095)]	34.831197
480	[(62,3400)]	42.007294
481	[(1,2435),(9,3266),(14,886),(28,1496),(31,1516),(61,516),(67,714),(70,1913),(82,2759),(83,2047)]	34.514549
482	[(36,864),(38,1031),(72,3525),(84,102),(92,475)]	33.938829
483	[(8,1929),(14,18),(16,607),(34,1347),(39,2019),(42,3559),(81,3791)]	35.654730
484	[(4,396),(30,670),(32,2809),(43,3345),(46,4180),(65,535),(69,1972),(76,1191)]	33.446273
485	[(30,1144),(50,4211),(60,1770)]	35.110439
486	[(0,558),(9,685),(23,486),(25,265),(29,4086),(32,2661),(38,2691),(71,729)]	35.096450
487	[(27,4164),(39,1907),(40,3234),(57,3427),(68,3699),(83,2688)]	33.692195
488	[(0,4246),(17,2926),(26,1117),(27,2508),(28,1144),(34,1120),(37,3449),(40,1265),(58,2344),(61,162),(87,4088)]	35.617204
489	[(1,2566),(8,1313),(49,1333),(68,3687)]	36.439982
490	[(19,2448),(40,786),(55,3186),(60,1511),(74,976),(83,3659)]	35.558259
491	[(12,4274),(30,2258),(71,347),(76,1704),(88,2518)]	33.798303
492	[(2,775),(16,4320),(25,3557),(26,2920),(39,1499),(43,1838),(46,1310),(63,3689),(68,3915)]	36.173176
493	[(4,4023),(16,4062),(27,4299),(59,4182)]	33.622621
494	[(2,4010),(5,3241)]	35.169575
495	[(47,3239),(62,1831),(74,3301),(81,726),(82,2941)]	38.573181
496	[(5,1796),(10,3635),(19,1363),(47,2418),(54,2774),(62,3842),(75,1043)]	55.056864
497	[(19,2959),(23,721),(35,2199)]	37.623905
498	[(23,121),(68,1518),(91,2435)]	36.730086
499	[(9,3143),(48,92),(52,2606),(63,2917)]	35.782797
500	[(22,369),(38,3389),(65,2984),(82,3834),(90,865)]	34.208028
501	[(8,2381),(10,2200),(20,3672),(45,1951),(49,3993),(61,1075),(72,13)]	36.843110
502	[(1,3784),(5,3799),(15,856),(18,519),(31,3502),(43,3784),(63,1650),(65,3971),(70,2658)]	39.046100
503	[(4,1675),(6,4303),(20,3166),(24,2043),(51,547),(53,3917)]	35.016252
504	[(5,2971),(18,1993),(28,895),(45,2756),(58,1590)]	35.507162
505	[(8,1402),(21,3604),(60,4314),(85,2661)]	35.498071
506	[(8,4059),(9,958),(46,2153),(67,541)]	47.785193
507	[(41,1797),(44,599),(49,2155)]	40.392855
508	[(0,231),(6,1869),(24,2280),(34,2870),(44,1655),(56,790),(64,2010),(68,381),(77,3811),(78,1989),(86,2730)]	37.105343
509	[(24,3843),(44,2561)]	36.574684
510	[(8,1987),(37,3401),(86,47)]	36.892327
511	[(34,4002),(48,2348),(61,1035),(73,749),(75,2394),(87,648)]	35.831769
512	[(23,4315),(55,4056),(92,581)]	32.131285
513	[(1,3539),(6,3173),(12,1997),(37,1766),(85,2386),(88,466)]	18.418660
514	[(19,184),(38,519),(43,2051),(60,878),(85,2598)]	18.018853
515	[]	17.887828
516	[(19,1665),(43,31),(45,1009)]	18.541152
517	[(18,361),(24,361),(51,247),(52,3109),(61,1663)]	17.386741
518	[(23,589),(29,62),(32,3037),(34,1110),(36,3506),(48,3332),(56,2524),(70,1509),(87,3168),(91,3565),(92,4251)]	17.358589
519	[(23,2711),(39,2490),(66,3197),(69,1553),(78,2753),(79,3378)]	17.337364
520	[(5,1448),(19,2079),(52,2652),(55,3709),(56,1554),(83,2468),(85,3000)]	17.149442
521	[(6,2328),(45,2457),(69,4196),(76,2724),(86,3755),(89,888),(90,731)]	17.934884
522	[(47,4321),(66,4318),(77,995),(84,3249)]	17.179258
523	[(27,1572),(40,2568),(50,1024),(53,3136),(64,1970),(69,298),(71,2918),(80,3341),(84,3028)]	17.667033
524	[(24,2641),(25,3269),(26,3278),(67,4012),(91,4087)]	17.378979
525	[(8,3539),(19,1012),(52,2317),(79,2307)]	17.759356
526	[(0,2445),(12,2873),(13,460),(15,2799),(59,3857),(62,1042),(66,1612),(69,2488),(74,271)]	17.696235
527	[(22,1135),(32,3422),(40,4128),(60,4252),(72,2499),(75,1553),(90,558),(92,3006)]	19.385848
528	[(2,2421),(6,898),(18,2314),(25,701),(67,3662),(68,1916),(84,2187)]	20.499070
529	[(3,4228),(24,3937),(39,525),(61,563),(63,2062),(70,2451),(83,1803),(85,2738)]	17.237320
530	[(29,2577),(35,4217),(38,3879)]	17.178641
531	[(6,2945),(23,2356),(27,3002),(49,3476),(59,2318)]	17.130911
532	[(3,3981),(9,639),(49,2549),(54,3967),(60,1778),(65,3033),(74,2890),(91,1852)]	17.033264
533	[(2,1405),(35,4126),(49,2865),(65,3171),(71,3945),(79,3189),(89,1202)]	18.480497
534	[(27,3734),(74,169)]	19.088863
535	[(22,3915),(30,3174),(41,1014),(64,4199),(70,3960)]	27.721331
536	[(1,3499),(28,3753),(47,1862)]	29.873051
537	[(19,4050),(21,3858),(22,2884),(42,1961),(51,652),(52,240),(59,2152),(70,2796)]	17.944610
538	[(5,3822),(13,4033),(16,2355),(27,1972),(41,3819),(58,866),(77,3681),(83,3836)]	17.906848
539	[(20,1792),(34,4311),(62,2904),(87,3457)]	17.233309
540	[(5,1574),(13,1179),(19,4272),(23,4126),(28,589),(38,1808),(60,2020),(62,1662),(69,315),(79,1167)]	18.055303
541	[(5,1108),(10,1032),(18,3383),(75,4098),(82,2353)]	17.497341
542	[(0,108),(16,4054),(28,517),(37,3300),(72,3562),(78,2294),(91,1489)]	17.605803
543	[(11,2336),(29,2486)]	17.252932
544	[(20,3560),(30,3816),(36,4111),(37,4178),(66,580),(74,3959)]	18.115037
545	[(77,1058),(86,2387)]	18.217772
546	[(9,2572),(15,589),(23,3824),(80,2584),(84,1443),(87,2838),(90,2578)]	17.622710
547	[(15,2405),(52,337),(54,2874),(71,2815)]	17.363497
548	[(25,2570),(50,2933),(53,3255),(61,529),(64,2253),(65,900),(79,4327)]	16.937966
549	[(7,1838),(39,1386),(50,186),(55,1406),(61,254),(89,1870),(90,2475)]	18.244938
550	[(6,629),(21,3697),(39,3939),(66,1004),(76,2547),(88,1228)]	17.350472
551	[(5,3386),(21,2541),(28,1709),(29,760),(32,48),(56,3659),(60,3561),(80,3140)]	17.482979
552	[(14,3096),(43,2537),(53,2437),(66,83)]	18.079490
553	[(19,1059),(23,2175),(41,2090),(63,783),(87,3987)]	17.306862
554	[(5,510),(9,3687),(12,2705),(13,3744),(23,2033),(40,2140),(47,471),(72,3145),(75,4156)]	17.412556
555	[(6,1832),(12,3186),(24,4007),(29,1417),(73,1066),(84,4045)]	23.296810
556	[(20,760),(28,182),(39,3122),(60,2354),(70,2422),(90,431)]	21.873271
557	[(15,3346),(19,25),(31,2418),(37,2756),(76,2055),(79,3675),(91,2235)]	17.896654
558	[(8,3728),(10,4172),(19,3699),(32,3423),(56,350),(84,1777)]	18.313341
559	[(8,4125),(19,2821),(26,4178),(36,2861),(38,1610),(50,2584),(53,3648),(81,166)]	17.183043
560	[(6,3377),(15,3792),(26,3989),(78,3710),(91,3831)]	17.758873
561	[(1,3280),(9,200),(23,2645),(50,1470),(65,1416)]	16.952784
562	[(0,3755),(12,1245),(40,3376),(53,1874),(58,205),(68,3811),(69,1989),(88,3772),(89,1177)]	17.354987
563	[(6,2718),(20,795),(59,3172),(80,3671)]	17.162082
564	[(9,3524),(12,1317),(14,1464),(17,2521),(48,2341),(63,1023),(88,4263),(89,1734),(90,1977)]	17.318526
565	[(0,3866),(2,1407),(11,462),(17,1668),(47,3753),(66,65),(71,2620),(78,544),(92,906)]	17.544086
566	[(30,1856),(35,2319),(40,2374),(48,3093),(59,2527),(79,589),(92,393)]	17.431934
567	[(21,4299),(61,2065),(72,3453),(88,2247),(89,3975)]	17.236631
568	[(7,3364),(9,64),(33,2649),(34,254),(43,3722),(59,3834)]	17.054409
569	[(33,3192),(38,3097),(57,281),(60,287),(70,3989),(87,4148)]	17.248125
570	[(3,2335),(17,1603),(69,3270),(71,2092)]	16.842978
571	[(6,520),(10,3318),(35,1270),(38,1296),(41,1650),(43,809),(70,3920),(71,447),(80,3741)]	17.171377
572	[(13,1622),(28,1079),(36,1311),(65,2457)]	16.826965
573	[(36,3550),(63,1490),(72,2129),(86,1381)]	18.280301
574	[(6,3144),(8,3873),(36,3602),(39,3716),(51,3407)]	17.080414
575	[(4,3202),(13,1732),(30,784),(31,2980),(57,3575),(62,4062),(88,2499)]	17.076712
576	[(9,4199),(27,3974),(56,642),(59,116),(70,1710),(72,2334)]	18.695374
577	[(8,2875),(32,2544),(41,1843),(74,187),(85,176),(89,1839)]	17.310527
578	[(18,4214),(62,3408),(88,228),(91,3823)]	17.350251
579	[(12,641),(66,2921),(82,342),(84,1902)]	17.024199
580	[(45,578),(46,2828),(47,1718),(73,2968),(89,3924),(91,3789)]	17.642566
581	[(0,3734),(13,192),(21,3239),(66,2211),(72,3497),(90,442)]	17.140372
582	[(1,1156),(4,3706),(62,2561),(63,4258),(88,1674)]	19.140768
583	[(21,1266),(24,2821),(41,1683),(49,2952),(58,2457),(61,972),(62,295),(88,1440)]	17.064754
584	[(7,3228),(13,911),(17,3257),(20,2537),(38,1877),(39,2279),(44,534),(53,2338),(91,715)]	17.016748
585	[(36,3526),(78,701)]	17.663213
586	[(5,1525),(31,1969),(37,1227),(44,916),(46,4276),(47,1291),(59,1090),(68,1417),(71,3936),(77,2696),(79,1139),(84,225)]	17.437254
587	[(42,13),(44,883),(53,421),(63,1970),(73,3328),(80,4255),(90,1465)]	17.207411
588	[(67,3512)]	17.028476
589	[(0,4234),(54,871),(69,660)]	17.220712
590	[(10,4073),(21,1724),(26,4125),(59,271),(62,1100),(64,2216),(82,2682),(84,518)]	17.107582
591	[(3,2484),(36,3337),(40,1231),(48,1383),(52,3451),(55,3891),(57,92),(88,1833),(91,1499)]	18.339677
592	[(13,2564),(14,1849),(18,2422),(42,596),(54,2856),(80,517),(89,330)]	18.042178
593	[(0,3627),(4,2028),(7,2921),(14,3672),(38,1),(41,509),(47,2846),(49,141),(67,3874),(84,1109),(85,1697),(88,2458)]	32.781714
594	[(5,1703),(12,268),(17,3886),(18,844),(29,3355),(33,971),(44,3168),(53,3466),(61,2924),(64,736),(92,3307)]	21.051700
595	[(10,531),(58,3422),(59,3995),(61,1256),(66,926),(67,3763),(72,2916),(91,1499)]	16.957545
596	[(15,2834),(17,2355),(23,1199),(24,4182),(45,12),(62,3240),(67,401),(70,1104),(81,21),(89,1625)]	17.146061
597	[(69,682),(73,2603)]	17.245586
598	[(54,4257),(56,3190),(59,2875),(65,1873),(92,2719)]	17.092438
599	[(18,1666),(33,4283),(90,3495)]	17.865688
600	[(16,3526),(18,1480),(28,391),(30,3986),(74,3802),(87,860)]	17.762365
601	[(5,1263),(31,3016),(54,3797),(61,1344),(91,83)]	17.490727
602	[(14,4086),(15,2681),(19,3878),(29,720),(38,2536),(62,3271),(63,355),(80,4143),(92,2129)]	17.344874
603	[(0,1865),(12,1355),(16,3244),(21,56),(27,3284),(45,1204)]	17.113979
604	[(9,168),(37,4166),(39,2987),(56,3124),(65,422),(71,4044),(81,4032),(90,209)]	19.748638
605	[(1,3239),(15,2908),(25,1113),(37,3895),(42,2224),(43,326),(62,1283)]	26.692089
606	[(37,1249),(43,1356),(53,536),(57,61),(64,2076),(73,2583),(78,1199),(92,423)]	46.985215
607	[(5,3955),(6,2160),(23,230),(35,2627),(86,2981)]	18.328928
608	[(33,4072),(49,3998),(73,1791)]	22.010240
609	[(14,10),(23,735),(44,2943),(89,1122)]	21.010096
610	[(3,1842),(35,3051),(52,2168),(61,1862),(68,1404),(70,4072)]	20.511118
611	[(0,1206),(11,2994),(15,1134),(22,1690),(29,1081),(44,3060),(63,3427),(85,389),(91,2872)]	21.249674
612	[(26,1064),(42,948),(66,2463),(73,926),(74,3763),(75,1999)]	18.590257
613	[(4,3060),(24,1372),(57,2233),(74,3045),(75,4004)]	17.491438
614	[(15,46),(24,1139),(30,2468),(42,3396),(77,2965),(78,2436),(87,308)]	16.931390
615	[(11,4126),(23,3450),(33,4279),(40,551),(51,2207),(54,209),(73,1252),(79,2248)]	17.129344
616	[(18,104),(36,0),(42,3346),(80,1673),(91,119)]	17.798470
617	[(1,577),(9,2158),(23,3716),(25,4164),(37,3142),(46,1117),(47,2508),(49,2325),(64,3481),(68,2551),(90,3361)]	17.362664
618	[(13,90),(28,3415),(33,3538),(55,3267),(62,877),(65,1291),(83,4122),(88,3953)]	18.508910
619	[(14,300),(26,4045),(41,1441),(48,3000),(50,3659),(72,872),(74,956),(87,1284)]	17.607487
620	[(11,797),(39,3059),(40,2757),(47,2398),(52,397),(54,3701),(88,3033)]	17.232095
621	[(18,3960),(34,2916),(60,2883)]	17.532156
622	[(4,1910),(16,2607),(32,1750),(41,1283),(50,2081),(66,2472),(76,3166),(77,4219)]	17.168901
623	[(14,179),(18,1037),(21,2617),(43,697),(71,2229),(77,2357)]	17.412135
624	[(33,2379),(42,2254)]	17.231248
625	[(13,3810),(32,3941),(60,1013),(90,3733)]	16.932420
626	[(3,139),(4,491),(42,3716),(62,2327),(81,241),(85,3402)]	17.263005
627	[(3,1026),(12,2828),(54,4097),(72,2492),(82,3732),(87,1780),(90,2222)]	17.126788
628	[(5,105),(6,3919),(52,2772)]	17.282422
629	[(1,4010),(52,912),(65,1984),(68,1158),(72,521),(82,798),(87,3658)]	17.865770
630	[(1,655),(35,822),(55,2335),(85,4047),(90,2411)]	17.475716
631	[(7,816),(36,3172),(63,1525),(74,2938)]	17.597871
632	[(21,2350),(33,3587),(39,3944),(40,570),(78,3849),(81,885)]	18.828325
633	[(5,3881),(22,4058),(28,2949),(41,127),(45,925),(53,1449),(62,21),(63,2233),(73,206)]	18.206034
634	[(3,4194),(4,2907),(14,2676),(33,3260),(41,2349),(71,3468),(72,3454),(81,2487),(85,951)]	17.191966
635	[(2,4193),(11,573),(45,314),(58,1615),(79,3239),(90,3511)]	19.575504
636	[(5,2011),(16,1895),(17,2354),(21,4304),(30,865),(41,2583),(45,3475),(57,1900),(88,1839)]	17.003968
637	[(26,1486),(50,3607),(54,3663),(56,4130),(57,3882),(65,443),(67,2468),(81,3356),(90,1200),(91,1577)]	17.136929
638	[(17,1756),(20,2491),(23,3538),(26,4319),(54,3422),(55,3995),(68,678),(72,3960),(77,2514),(78,445)]	17.499824
639	[(3,1953),(34,3771),(36,1960),(38,759),(47,3964),(52,117),(57,2525),(85,3751),(92,2701)]	17.074292
640	[(5,460),(22,1135),(32,45),(55,1253)]	17.063089
641	[(31,2066),(38,3474),(55,3477),(61,1282)]	17.408945
642	[(3,2301),(39,2403),(40,2656),(53,801),(58,1911)]	17.182146
643	[(7,457),(21,2339),(31,2197),(34,3084),(38,866),(48,3915),(55,3101),(67,3788),(86,938),(87,2114)]	17.015553
644	[(66,244),(89,2581)]	17.253329
645	[(2,1251),(7,3222),(14,2041),(16,553),(23,2305),(30,3783),(33,3589),(37,2979),(52,1829),(54,1538),(57,2504),(66,637),(82,1671),(83,3541),(85,1082)]	19.225942
646	[(12,1296),(18,1118),(61,736),(76,1293)]	17.493379
647	[(23,2806),(33,3127),(35,2412),(53,749),(85,2890),(86,3976)]	17.226853
648	[(21,3348),(57,3531),(60,1640)]	34.871379
649	[(4,3267),(45,555)]	19.186686
650	[(23,2821),(34,887),(37,297),(66,1294),(71,257),(72,2392)]	17.832041
651	[(10,2765),(41,3881),(47,2923),(57,4220),(71,1312)]	17.091597
652	[(37,4030),(41,3692),(47,947),(53,733)]	17.318277
653	[(8,2331),(10,1339),(16,2025),(38,3902),(49,4039),(51,1178),(79,1912),(80,3340)]	17.127396
654	[(41,1717),(47,254),(66,1274)]	16.943325
655	[(31,2082),(55,3907),(67,3484),(70,1694),(90,3004)]	18.265278
656	[(16,2444),(29,1706),(44,4006),(57,2014),(71,3002),(83,2863)]	17.091223
657	[(5,2767),(29,4112)]	16.976784
658	[(6,1157),(18,1774),(42,1648),(46,2259),(55,150),(57,2628),(58,2698)]	17.426768
659	[(0,1423),(2,3525),(21,580),(22,1608),(28,3636),(32,3476),(50,959),(60,1277),(66,1205),(69,3757),(74,1770),(79,315),(83,1830),(87,563)]	17.945462
660	[(16,3579),(18,3822),(20,3944),(21,570),(26,1768),(31,3408),(59,3042),(73,1882),(74,1355),(83,1523)]	17.798236
661	[(1,1178),(4,2737),(14,2417),(46,1924),(70,2662),(75,643),(83,378),(89,3912)]	17.692984
662	[(11,1212),(45,196),(74,1941),(87,3901)]	17.527189
663	[(2,1631),(4,930),(25,3238),(30,1093),(32,523),(63,4255)]	20.984505
664	[(7,2183),(23,1570),(25,1910),(34,2500),(53,1281),(60,3655),(64,4110),(76,620),(90,3838)]	21.802328
665	[(25,1183),(28,1221),(31,2846),(33,141),(58,319),(65,2289),(84,3529)]	19.948020
666	[(10,2353),(14,698),(35,1724),(56,942),(62,4295),(70,3510),(76,2989),(86,472),(92,4211)]	17.688714
667	[(11,1792),(19,2593),(38,528),(66,2002),(77,531),(80,1050),(82,3930)]	17.555148
668	[(1,879),(26,2409),(35,1999),(37,1182),(41,1461),(46,627),(51,4211),(56,4187)]	17.085465
669	[(17,2410),(18,4260),(21,1700),(41,568),(64,3419),(65,2975),(80,929)]	17.639016
670	[(21,3730),(22,4189),(25,1235),(72,2071)]	17.417520
671	[(0,670),(11,3487),(17,1546),(23,2116),(49,2360),(91,3085)]	17.448713
672	[(10,2607),(15,2883),(27,1074),(32,1510),(63,3670),(70,4002),(77,1389)]	17.884434
673	[(1,2839),(7,4197),(12,602),(14,761),(29,2425),(51,2903),(61,1685),(73,3730),(87,100)]	18.080188
674	[(20,1880),(24,1451),(55,2949),(73,4273),(82,2040),(83,969)]	17.639306
675	[(10,1776),(19,3163),(21,1617),(30,1667),(33,1770),(36,2020),(40,4173),(54,1058),(63,1059),(67,486),(82,2037)]	17.312950
676	[(4,1687),(10,486),(31,4320),(57,1)]	17.594060
677	[(14,733),(44,270),(79,4285)]	18.501194
678	[(12,3414),(13,1980),(19,2860),(46,3988),(48,2258)]	17.519581
679	[(1,505),(5,847),(15,1917),(21,3762),(36,684),(57,3959),(65,1708),(80,2015)]	17.265246
680	[(13,2315),(39,905),(49,3512),(55,334),(59,4304),(91,777)]	17.559093
681	[(21,2875),(40,477),(73,463),(76,1760)]	17.363722
682	[(5,2588),(9,2392),(16,2918),(31,924),(54,3130),(59,2966),(61,299)]	17.207358
683	[(12,84),(27,909),(28,442),(53,3889),(73,1778),(75,4046),(76,4144),(78,3056),(85,1997)]	17.340838
684	[(16,3488),(29,625),(55,1226),(61,2164),(77,2416),(90,1395)]	17.621616
685	[(2,4189),(6,511),(10,1182),(14,1565),(22,4228),(27,2675),(42,3334),(47,2326),(49,1317),(55,1445),(71,4023)]	17.458119
686	[(1,1274),(4,1733),(35,4209),(37,1058),(61,440),(81,344),(87,2530)]	17.676741
687	[(8,562),(10,3614),(25,3518),(42,3643),(58,3157),(61,3107),(82,2935)]	17.918559
688	[(32,1557),(54,2558),(64,1096),(67,4099),(68,897),(77,2938),(80,2732),(86,1396),(87,2634),(90,114)]	17.416394
689	[(0,3233),(13,3085),(23,80),(79,319),(82,3011),(84,117)]	17.282548
690	[(2,2654),(14,3324),(15,552),(25,3012),(65,3248),(73,3044),(75,1298),(88,1304),(91,2580)]	19.265824
691	[(2,2727),(26,4117),(39,3270),(67,2183),(72,687)]	17.814845
692	[(40,3057),(55,1912),(56,3340),(60,3652),(83,3402),(85,3373)]	17.666894
693	[(8,2569),(9,3790),(41,3732),(67,3644),(77,2033),(79,3878),(85,1700),(89,3034)]	18.871937
694	[(16,87),(19,1079),(21,1418),(24,3055),(26,2622),(32,340),(44,3147),(59,369),(64,1999),(66,1182)]	17.286078
695	[(16,295),(26,1236),(35,3108),(61,1156),(77,3048),(86,273),(88,2930),(91,1348)]	17.048175
696	[(6,782),(19,3260),(25,4081),(70,347),(77,3381)]	17.383893
697	[(1,2546),(3,3010),(31,1354)]	17.480945
698	[(24,2448),(58,3718)]	17.506898
699	[(18,3978),(22,4207),(25,2212),(32,555),(38,3723),(39,3418),(53,530),(67,2854),(73,2664),(91,2974)]	17.035122
700	[(33,2625),(46,3481),(73,2489),(77,2807),(79,2677),(85,2989)]	18.076491
701	[(23,4106),(28,1317),(39,1029),(43,1243),(68,3098),(89,456)]	19.023543
702	[(3,3489),(7,660),(57,2082),(64,3973),(65,949),(73,820)]	17.254514
703	[(7,405),(17,1281),(19,247),(20,3109),(70,2817),(75,1949),(91,2449)]	17.365083
704	[(2,1187),(9,473),(11,2310),(26,4035),(40,1606),(51,3302),(58,3769),(62,1160),(90,899)]	17.060305
705	[(0,2725),(14,3094),(28,3772),(33,2977),(35,2012),(49,3707),(56,3147),(57,363),(63,1728),(68,2227),(84,1458)]	29.618424
706	[(5,4022),(17,844),(20,2155),(36,3983),(40,175),(52,3986),(67,1937)]	24.121701
707	[(65,3861)]	17.471844
708	[(19,2273),(22,996),(76,2432),(77,1619)]	17.414757
709	[(8,18),(25,1643),(26,147),(42,3283),(44,1692),(60,4179),(74,634),(82,2432),(83,1619)]	17.226410
710	[(17,2486),(35,348),(52,600),(54,3552)]	17.990786
711	[(18,597),(21,2749),(56,1291),(57,1564),(64,2238),(66,1871),(80,1159)]	17.893475
712	[(18,2517),(25,3611),(32,64),(38,531),(53,3772),(55,875),(66,2017),(91,3258)]	22.252619
713	[(43,1742),(49,1983),(66,4190),(86,583)]	17.840933
714	[(3,1978),(21,1894),(38,4112),(40,2566),(66,3570),(67,3110),(75,3421)]	17.108213
715	[(6,2213),(8,1371),(17,1087),(20,4116),(46,4152),(55,1913)]	17.532301
716	[(4,1665),(5,2624),(17,2055),(50,419),(58,2003),(65,2266)]	17.106442
717	[(3,783),(21,1796),(28,86),(31,2752),(56,1344),(74,2887),(80,1052),(85,1600)]	17.246235
718	[(53,3173),(71,2761),(86,3958)]	22.505548
719	[(6,2453),(12,230),(44,3779),(64,3880),(66,1065),(73,2197),(79,1222),(89,1065)]	22.582245
720	[(14,3686),(47,2180),(73,964),(80,660),(86,2271),(92,4295)]	20.751372
721	[(26,1854),(29,3177),(44,3216),(51,4092),(55,2802)]	18.252223
722	[(3,399),(19,2665),(21,3748),(33,3729),(83,2133),(86,2271)]	17.244708
723	[(17,2827),(35,2796),(39,345),(57,2876)]	17.352036
724	[(18,1202),(23,1191),(25,3733),(66,9)]	17.229846
725	[(0,163),(10,3669),(45,3472),(52,3530),(68,2274)]	17.174191
726	[(1,4186),(14,2952),(15,3083),(35,717),(47,2178),(58,3158),(74,2653),(78,179)]	18.159449
727	[(19,3199),(31,1294),(33,997),(39,1654),(47,3623),(49,792),(63,922),(67,3669),(75,2977),(80,821)]	17.305708
728	[(54,328),(60,182),(61,3831),(64,233),(76,1438),(85,385)]	18.477087
729	[(17,3570),(29,1002),(53,2249),(54,1831),(76,2131),(92,233)]	18.488806
730	[(12,3148),(51,2851),(60,2616),(62,2370),(73,1574),(83,3404)]	17.747442
731	[(16,4051),(32,3080),(38,2209),(39,2113),(54,2623),(64,2132),(68,1395),(79,2343)]	17.969272
732	[(50,3611),(56,3403),(72,3810),(86,1245)]	17.968079
733	[(23,4144),(84,1011)]	17.416747
734	[(4,1903),(13,353),(42,2090),(75,6),(87,3468),(88,3454),(89,1021)]	17.215566
735	[(8,2329),(10,3284),(39,2202),(53,3127),(55,2412),(66,1737),(71,3502),(80,3388),(92,2148)]	17.157255
736	[(0,446),(10,1454),(17,289),(19,43),(32,4186),(41,1600)]	17.291738
737	[(1,908),(23,1530),(37,994),(43,2362),(54,3871),(55,2383),(57,1800),(59,4193),(67,1540),(73,2224)]	17.915426
738	[(4,1559),(29,3746),(51,3310)]	17.989882
739	[(14,842),(26,477)]	18.146122
740	[(17,657),(36,2239),(37,2896),(90,1227)]	17.906604
741	[(0,3638),(7,3683),(20,3358),(67,3464),(71,1017),(72,353),(88,1761)]	18.911694
742	[(1,1112),(3,422),(6,2524),(25,3381),(40,1195),(41,1027),(45,740),(51,3917),(54,3616),(63,3337),(83,2315),(84,1217),(86,2806)]	17.121922
743	[(13,2602),(47,2254),(77,375),(80,3233)]	17.381460
744	[(11,3785),(50,109),(89,515)]	17.143671
745	[(33,1317),(38,1038),(51,717),(54,1131),(88,2688)]	19.396494
746	[(3,19),(22,2752),(32,782),(51,2986),(57,199),(67,3725),(70,3056),(77,3283),(86,1316),(92,4104)]	17.149679
747	[(15,2911),(16,775),(48,2809),(70,3987),(75,2289),(78,2068)]	17.549283
748	[(14,2289),(49,1077),(50,2000),(65,4116),(74,1561),(81,352),(87,4066),(89,4220)]	17.161939
749	[(3,253),(18,2571),(46,3429),(73,736)]	17.425834
750	[(4,879),(13,697),(16,3968),(19,429),(57,3678),(66,827)]	17.805114
751	[(80,217)]	17.649200
752	[(9,2822),(12,4125),(14,2879),(31,1053),(57,1560)]	17.460401
753	[(12,945),(16,1785),(40,2597),(55,2335)]	17.607776
754	[(12,3169),(15,3551),(50,1093),(63,4216),(81,992),(87,4222)]	18.060262
755	[(5,1879),(52,2461),(66,3365),(80,5)]	17.199694
756	[(18,4040),(88,433)]	17.213812
757	[(12,2612),(20,173),(26,261),(28,471),(44,3300),(60,2855),(65,2847),(87,676),(88,4310)]	20.285456
758	[(1,2400),(7,4116),(15,3995),(34,2492),(54,1082),(56,3657),(59,4089),(72,3963),(75,2530),(87,3102)]	17.567157
759	[(37,3349),(48,344),(59,2947),(65,4084),(77,2531),(82,4279),(85,4071),(91,2879)]	17.744172
760	[(12,1017),(23,1260),(34,2249),(35,1831),(42,861),(54,3176),(58,1243),(76,4122)]	17.455060
761	[(42,1168),(85,755)]	35.736524
762	[(27,1887),(53,2306),(80,1990)]	28.912508
763	[(22,2599),(40,2241),(49,2131),(52,3900)]	17.348440
764	[(16,3190),(54,241),(78,3797),(83,4047),(85,289)]	17.960265
765	[(42,2973),(44,1913),(58,864),(89,2823),(92,1545)]	18.314429
766	[(11,843),(24,1986),(33,3569),(62,3024),(69,1453),(75,535),(80,2232),(82,3690)]	17.472502
767	[(2,3737),(9,416),(33,26),(57,1284),(60,1392),(70,922)]	17.483740
768	[(4,3142),(12,2798),(50,4123),(52,1688)]	18.314057
769	[(75,1712),(84,1156)]	25.085373
770	[(5,3652),(17,874),(42,2603)]	18.865615
771	[(4,3681),(6,2875),(87,858),(89,2809)]	19.125293
772	[(3,3436),(5,174),(14,321),(22,890),(27,4326),(44,1537),(45,525),(59,2180),(74,1597),(84,4112)]	24.084361
773	[(15,1210),(19,1541),(21,2464),(36,4269),(39,3828),(52,3160),(59,4257),(67,1234),(83,3383)]	19.564208
774	[(7,3464),(17,684),(30,3910),(63,3633),(69,846),(77,199)]	20.763446
775	[(34,3310),(36,2261),(50,1101),(54,376),(77,4026),(85,643),(87,3204)]	19.023153
776	[(8,3706),(11,4146),(15,1410),(41,344),(61,3918),(69,2644)]	18.258213
777	[(2,3237),(6,3962),(19,2007),(51,3777),(52,61),(57,3058),(59,480),(66,3456),(78,3691)]	21.789645
778	[(7,1295),(8,2349),(32,1211),(59,3141),(74,3352),(86,995),(89,2200)]	36.667617
779	[(6,1281),(18,3222),(43,1688),(47,1164),(65,1822),(76,2249),(81,1781)]	29.066863
780	[(20,1915),(47,2122),(49,1899),(56,1491),(88,1746)]	17.905047
781	[(27,1704),(30,3639),(60,857),(61,1858),(74,2394),(81,3536),(84,1239)]	18.657637
782	[(47,2261),(67,1867)]	17.929459
783	[(12,4087),(40,4038),(50,2595),(54,1688),(66,4108),(83,2244),(84,3386)]	17.490046
784	[(20,1207),(32,2299),(35,3465),(38,459),(39,2093),(50,1879),(60,1750),(63,966),(67,96)]	17.558463
785	[(6,3302),(39,319),(44,2751),(55,905),(57,732),(71,51),(92,1054)]	18.216645
786	[(42,472),(52,2090),(58,2137),(78,3733),(80,304)]	17.963056
787	[(12,189),(25,3623),(30,968),(34,1057),(38,2702),(42,912),(44,1657)]	17.176592
788	[(3,1844),(15,3938),(16,576),(39,2590)]	22.626480
789	[(39,2308),(51,826),(59,3939),(89,2461)]	21.856439
790	[(1,671),(18,2044),(21,3190),(22,1049),(34,1839),(39,1537),(40,525),(47,2999),(58,1749),(65,1347),(88,816)]	17.953729
791	[(2,1027),(7,2227),(34,1922),(40,1577),(59,945),(74,2478),(75,2162)]	17.309344
792	[(24,715),(25,3095),(31,2910),(66,3400)]	18.295579
793	[(11,3322),(33,1251),(36,3106),(50,4145),(55,4120),(57,2019),(77,594),(83,1649)]	19.968649
794	[(2,1906),(9,1798),(34,3035),(41,613),(47,2537),(84,1283),(88,1513)]	18.228521
795	[(42,2455),(76,3884)]	17.200275
796	[(13,3252),(52,509),(61,1499),(83,3280)]	21.742330
797	[(26,4189),(39,1218),(65,3745)]	38.346187
798	[(1,1993),(32,3547),(42,2024),(43,2063),(64,992),(69,2145),(83,138),(87,2537)]	38.409424
799	[(4,162),(31,156),(35,3364),(37,64),(39,4317),(42,2574),(61,1000),(75,3673)]	38.520198
800	[(11,859),(16,3072),(17,3126),(20,1275),(37,1313),(38,1763),(69,2903)]	39.005881
801	[(5,1302),(18,676),(19,4310),(28,1715),(51,3287),(54,1326),(86,732)]	29.371125
802	[(12,3869),(27,1300),(35,3580),(50,3241),(64,634),(65,2642),(69,1696),(90,1841)]	17.733345
803	[(31,4052),(36,68),(58,3868),(75,4197)]	18.627094
804	[(23,4017),(30,1196),(86,3382)]	17.642461
805	[(2,3636),(36,678),(44,2845),(47,3012),(60,2623),(68,1087)]	17.628895
806	[(49,3092),(54,352),(65,2856),(72,1936)]	17.653734
807	[(30,3960),(36,703),(39,1758),(45,3189),(46,358),(47,3472),(68,726),(73,3495),(80,3861),(87,3406),(92,4026)]	19.301977
808	[(30,971),(33,2731),(38,1539),(46,3785),(55,1444),(66,1746),(79,2660),(89,3738)]	17.953149
809	[(1,1219),(14,2087),(18,313),(53,1594),(56,1648),(62,34),(80,1885),(83,116)]	35.273648
810	[(7,3634),(65,2446),(74,894),(75,730)]	41.450664
811	[(13,3756),(47,0),(56,2763),(82,169),(88,2278)]	19.318653
812	[(13,1676),(35,279),(55,1179),(63,3708),(69,820)]	17.541397
813	[(6,28),(7,1618),(27,327),(43,1961),(66,3984),(70,3037),(84,3013)]	17.745104
814	[(4,496),(9,2642),(39,3842),(65,4067),(81,3508),(92,2850)]	17.832094
815	[(5,2030),(53,3501),(54,3385)]	17.116032
816	[(3,3738),(6,2623),(47,1249),(59,3453)]	20.995619
817	[(2,1273),(57,2673),(61,1706),(69,3949),(71,3055),(73,2622),(79,1137),(87,3003)]	24.504096
818	[(1,1657),(3,1492),(29,4),(51,4116),(79,822),(85,3090)]	17.213932
819	[(21,1388),(31,3956),(36,1194),(45,2767)]	20.836060
820	[(1,3957),(29,1412),(40,3893),(41,4283),(46,3224),(74,4082),(83,3485),(91,3062)]	18.775880
821	[(3,3358),(69,3149)]	17.280710
822	[(37,1065),(39,4223),(53,3270),(78,3788),(84,1169)]	17.505754
823	[(54,1132),(57,2060),(73,652),(85,1545)]	17.828323
824	[(15,4171),(23,909),(24,442),(31,863),(38,2733),(44,175),(71,317)]	17.314410
825	[(5,3741),(7,2978),(13,979),(31,514),(36,1266),(42,3387),(46,911),(58,4151),(62,3566),(67,553)]	17.600920
826	[(4,1191),(11,39),(28,3361),(29,2071),(35,3453),(89,2541)]	18.493728
827	[(25,4013),(31,2034),(32,1189),(39,2437),(44,1593),(56,3164),(67,590),(89,3991)]	17.400566
828	[(0,4016),(3,2254),(10,1650),(25,2369),(34,2334),(37,2270),(53,333),(61,315),(83,3733)]	17.145013
829	[(44,917),(57,1014),(71,168)]	17.325496
830	[(0,1825),(8,3495),(19,1241),(63,2349),(83,1715)]	17.145677
831	[(2,3311),(6,2315),(38,3762),(45,2505),(65,1074),(69,1395),(91,640)]	17.227734
832	[(57,309),(58,1143),(68,3817),(73,2779)]	17.750090
833	[(19,1310),(49,814),(60,3770)]	22.374405
834	[(32,1030),(40,2688),(46,3073),(52,1079),(74,1930),(75,721),(77,1926),(79,2600)]	21.721027
835	[(7,3484),(20,2862),(51,3795),(52,1813),(56,3927)]	17.018782
836	[(5,2477),(14,65),(53,517),(58,3419),(59,2975),(78,857)]	17.735272
837	[(27,1630),(30,2821),(39,676),(40,4310),(65,3486),(76,2520),(83,3321)]	17.350835
838	[(18,1618),(27,3510),(32,1953),(44,1860),(49,4224),(53,463),(74,4306),(78,748)]	17.270131
839	[(6,3798),(17,2306),(30,2645),(54,3386),(69,957),(86,2299),(92,4296)]	17.032029
840	[(3,3060),(11,1787),(27,3348),(33,706),(45,4098),(51,4261)]	17.101738
841	[(14,1427),(49,3135),(59,2361),(84,1231),(86,2661),(92,3714)]	17.220138
842	[(10,2691),(13,1215),(24,2460),(31,3003),(42,3033),(56,1772),(67,1998),(75,2016)]	16.877904
843	[(14,3376),(32,2951),(51,3782),(62,3322),(69,2709),(71,1105)]	19.055827
844	[(66,111),(82,3915)]	17.151122
845	[(37,2440),(40,2156),(62,102),(68,1207),(90,1116)]	17.119181
846	[(37,494),(51,1117),(55,3515)]	18.180725
847	[(1,3203),(9,3597),(42,144),(49,85),(70,343),(83,2146)]	20.862132
848	[(0,1987),(6,4227),(17,2352),(46,3902),(48,1842)]	19.768078
849	[(11,649)]	20.227725
850	[(2,301),(22,1237),(52,3061),(56,944),(58,243),(80,978),(87,1710)]	20.595795
851	[(12,2475),(18,3296),(35,3217),(37,286),(46,3393),(52,256),(62,2806),(78,2307)]	17.334495
852	[(3,1419),(24,323),(25,3969),(41,1542),(46,3633),(78,138),(79,50),(83,3410),(87,2369)]	17.442143
853	[(7,448),(25,3247),(53,1460),(61,2554),(74,2839),(79,1336)]	17.807356
854	[(13,193),(15,845),(36,4323),(38,890),(43,1602),(82,4198)]	17.492981
855	[(18,2574),(40,2399),(61,2880),(74,4135),(83,1613)]	17.269540
856	[(10,1341),(56,4002),(63,3407),(65,2987),(74,1184),(76,1465),(81,2240),(88,1008)]	17.161905
857	[(38,1890),(64,2767),(88,4185)]	17.692547
858	[(1,1253),(9,4035),(18,4203),(29,73),(47,1639),(83,867),(92,114)]	17.328192
859	[(7,3053),(33,132),(39,3678),(41,1246),(56,2866),(60,225),(69,1959)]	18.048484
860	[(7,4070),(18,3672),(34,1126),(38,2477),(41,568),(49,22),(58,1288),(63,1703),(70,2651),(74,3559),(79,3738)]	17.177690
861	[(10,4286),(12,555),(51,701),(66,1434),(67,1377),(78,4125),(80,1734)]	17.481730
862	[(0,1963),(17,558),(68,3301),(69,961),(74,1393),(80,3384),(89,53)]	17.278500
863	[(1,3294),(9,3394),(11,2787),(24,2047),(27,2330),(58,2939),(89,3877)]	17.627274
864	[(16,282),(22,590),(46,2643)]	27.092069
865	[(28,2813),(51,2186),(63,2988),(88,1579)]	28.029991
866	[(16,2794),(38,2853),(63,4204),(64,1227)]	17.279311
867	[(11,1735),(19,603),(92,684)]	17.049016
868	[(7,2293),(21,3534),(44,3032),(48,2880),(51,2604),(60,3087),(74,2936),(78,3525),(81,1837)]	17.382530
869	[(19,4042),(25,2600),(30,1973),(37,3310),(50,3070),(61,4291),(63,3609),(66,3022),(76,1626)]	17.136840
870	[(20,3231),(27,1309),(38,1366),(41,3080),(44,1806),(45,975),(47,3797),(52,5),(65,2618),(69,69),(81,547)]	19.479902
871	[(9,2991),(24,449),(52,29),(65,2606),(73,1315),(91,2247),(92,3975)]	25.243036
872	[(23,462),(26,2088),(34,44),(38,2616),(53,3361),(67,2520),(81,512)]	17.981356
873	[(8,2390),(40,3103),(47,642),(61,1017),(70,1892),(74,2198),(79,3118)]	20.147674
874	[(12,2336),(19,69),(45,506),(46,3810),(87,3783)]	18.657087
875	[(7,940),(10,2767),(24,3208),(30,2885),(57,2991),(79,3250),(86,942),(91,1897)]	19.185144
876	[(7,74),(9,1534),(27,3488),(30,2968),(43,2102),(46,2469),(52,801),(66,473),(71,581)]	18.445568
877	[(10,3450),(11,2265),(48,1186),(63,3038),(83,3135),(88,3657)]	17.180402
878	[(2,2879),(27,671),(41,1255),(43,138),(44,50),(45,1591),(86,3437)]	17.253586
879	[(0,690),(9,2133),(15,957),(32,2006),(41,191),(59,1423),(60,1137),(70,3334),(72,1118),(83,287)]	18.653983
880	[(5,167),(25,2791),(52,1753),(66,4083),(82,4121)]	17.589520
881	[(9,3770),(16,2968),(29,2779),(68,4032),(77,1945)]	17.710762
882	[(7,333),(16,2100),(19,2929),(56,1721),(68,3736),(73,3923)]	17.400698
883	[(14,1909),(26,1076),(55,3755),(59,120),(66,1499),(73,1347),(87,560),(89,2756)]	17.456858
884	[(11,92),(46,4286),(47,2094),(83,4100),(91,383)]	19.728722
885	[(6,123),(55,258),(62,3764)]	19.215372
886	[(10,3913),(50,2287),(76,251),(82,4038)]	19.486280
887	[(3,243),(9,1850),(27,742),(37,4270),(41,689),(51,2952),(72,2590),(88,365)]	19.421712
888	[(3,960),(25,712),(42,4252),(65,2917),(77,3232)]	19.204075
889	[(0,3621),(1,497),(7,998),(14,1969),(21,177),(26,2405),(31,3954),(42,2360),(58,585),(76,3398),(79,221)]	17.339024
890	[(52,3745),(60,2321),(73,2405)]	17.634393
891	[(2,2952),(3,3083),(8,548),(49,2446),(59,201),(61,1108),(74,3402)]	17.665304
892	[(2,2530),(8,238),(25,2817),(26,3530),(60,2507),(64,3120),(65,3710),(68,2815),(84,405)]	17.672037
893	[(17,3215),(43,3822),(48,3118),(55,3263),(71,1569),(91,1862)]	17.371656
894	[(24,1976),(32,600),(38,2264),(87,4039)]	17.036666
895	[(14,3254),(39,1417),(62,235),(76,2307),(81,2223)]	17.442995
896	[(11,3068),(15,4271),(29,872),(34,3836),(38,4107),(51,2646),(65,1660),(67,1614),(75,70),(76,154),(78,1182),(88,1617),(90,2126)]	17.096270
897	[(3,1314),(8,981),(10,656),(30,3826),(65,819),(75,2559),(81,3730),(82,4189),(88,1740)]	19.290879
898	[(2,741),(19,1721),(56,1258),(58,3412),(90,3801)]	17.993065
899	[(8,1058),(19,3130),(23,3189),(41,1585),(47,400),(57,3227),(68,1327)]	18.661580
900	[(18,2879),(34,2867),(36,2224),(38,2660),(64,3136),(75,2532),(84,448)]	17.998852
901	[(4,4050),(6,673),(49,3496),(61,1772),(89,2086),(90,3368)]	17.261573
902	[(20,1077),(44,3075),(49,2),(64,653),(70,1067),(86,288)]	17.628057
903	[(13,2579),(32,1048),(60,4143),(69,1332)]	17.534940
904	[(18,2571),(37,1602),(70,4231),(87,4304),(92,1735)]	18.588628
905	[(1,3069),(10,29),(23,1650),(25,3971),(40,0),(44,3623),(56,1642),(66,2750),(80,191),(82,1645),(87,2670)]	17.578696
906	[(23,1052),(65,3016),(73,3340),(78,4295),(91,1116)]	17.395889
907	[(89,349)]	17.178470
908	[(8,2054),(14,941),(28,268),(33,767),(86,2163)]	18.043747
909	[(9,3947),(14,1054),(22,2197),(27,313),(37,3705),(42,3874),(58,686),(65,520),(91,1266)]	18.000171
910	[(18,763),(40,3931),(72,1605),(84,1712)]	17.810599
911	[(52,4278),(53,1824),(56,3202),(64,3876),(77,317)]	18.127032
912	[(15,2513),(18,1845),(24,4052),(27,2358),(64,1896),(66,3502),(70,3294),(90,4112)]	18.255405
913	[(5,708),(10,1513),(25,3942),(45,3373),(77,789)]	19.654293
914	[(18,1428),(33,4069),(50,1899),(66,765),(77,1958),(83,3741)]	18.752245
915	[(2,346),(4,206),(15,2985),(23,1371),(36,3469),(45,2730),(75,2782),(89,2853)]	17.430011
916	[(10,1405),(21,1133),(35,4290),(54,1514),(64,2990),(92,2127)]	19.415430
917	[(4,276),(10,3555),(18,3258),(26,4242),(37,1033),(44,3566),(65,3831),(86,1115)]	19.509767
918	[(32,2048),(43,3983),(48,282),(89,304)]	19.839244
919	[(1,2139),(3,1002),(11,391),(20,2010),(63,3273)]	19.564768
920	[(2,685),(27,3225),(33,3147),(43,2050),(77,1545),(78,3111)]	34.110230
921	[(8,3294),(11,969),(30,1426),(33,1516),(39,1150),(48,4099),(49,897),(54,137),(81,2929)]	23.615320
922	[(3,535),(4,2013),(5,3604),(20,245),(27,4182),(29,474),(32,2511),(41,3953),(71,262),(72,2039),(83,3001),(91,1899)]	18.709345
923	[(16,604),(39,2912),(56,93),(67,3415)]	19.352055
924	[(2,2808),(8,1100),(14,7),(30,375),(34,2975),(36,1823),(58,1992),(68,2910),(79,2632)]	23.562893
925	[(13,3679),(31,625),(50,1353),(54,1144),(87,2849),(90,220),(92,2912)]	17.962861
926	[(5,1967),(26,2480),(27,163),(62,2588),(65,2462),(68,7),(88,1983)]	17.310164
927	[(5,2937),(8,3865),(50,2237),(55,678),(65,3622),(66,536),(70,1282),(77,2872),(82,68),(83,476),(88,3186)]	21.469063
928	[(5,2363),(6,628),(7,2974),(25,43),(51,1040),(52,3243),(54,761),(57,564),(68,573),(70,1361)]	17.546686
929	[(7,1126),(27,1357),(46,3169),(54,182),(57,3764),(69,304),(75,1893)]	17.734142
930	[(41,3765),(49,3664),(61,505),(71,2858),(87,849),(92,557)]	17.488226
931	[(7,742),(26,1970),(38,1838),(53,3417),(54,1987),(58,3019),(63,903),(74,3110)]	17.071969
932	[(12,1054),(19,2774),(20,3315),(41,3574),(60,3595)]	18.084239
933	[(4,2252),(59,1509),(77,651),(79,887),(81,1553),(83,3694),(92,837)]	18.548482
934	[(2,2459),(37,1777),(40,2920),(48,268),(49,1033),(58,1422),(64,3952),(66,4048),(74,663),(77,1813),(78,2447),(86,805)]	18.388949
935	[(7,3367),(13,1531),(19,2458),(27,4276),(38,1198),(41,1728),(44,2231),(60,2533),(68,4265),(72,1333)]	17.268593
936	[(5,292),(11,2278),(12,1761),(39,1760),(42,4136),(55,259),(60,519),(70,1560),(75,991)]	17.898498
937	[(31,734),(32,2924),(34,3783),(35,3079),(56,2590),(59,2832),(74,2163),(91,2077)]	17.562597
938	[(8,2299),(13,1528),(68,3931),(70,2055),(72,1732)]	17.293713
939	[(21,2223),(42,3288),(44,4272),(64,3099)]	19.064275
940	[(18,93),(20,2045),(48,1553),(73,1624),(80,3570),(90,2496)]	18.197275
941	[(7,1088),(14,2418),(16,615),(43,174),(53,2782),(65,2561),(90,3257)]	17.729431
942	[(22,1023),(26,34),(37,2415),(39,3157),(46,231),(56,443),(73,4050)]	20.297836
943	[(5,2189),(11,3891),(28,1558),(78,3967),(83,3527),(89,1572)]	18.205681
944	[(30,3986)]	19.330199
945	[(11,429),(28,1750),(45,3453),(49,1312),(62,1551),(85,2747)]	17.853638
946	[(21,1073),(37,3192),(58,139),(70,392),(79,614),(82,765)]	17.426042
947	[(11,164),(30,1077),(34,2421),(42,714),(46,2076),(84,1872)]	17.279791
948	[(27,4026),(33,4203),(53,1466),(59,1698)]	17.383773
949	[(0,1946),(9,2400),(24,494),(30,794),(61,1228),(68,883),(75,53),(89,3931)]	17.488282
950	[(17,1875),(19,2209),(40,911),(60,1513)]	19.103935
951	[(4,2028),(9,91),(11,1590),(49,3713),(61,1852),(64,1830)]	19.619516
952	[(1,1741),(2,2459),(11,1098),(15,3632),(22,2540),(27,2858),(29,1397),(45,1595),(66,2660),(73,3365)]	17.347276
953	[(53,4104),(71,2914),(86,1738),(87,909)]	18.521872
954	[(2,785),(6,373),(9,3859),(18,2048),(82,348)]	18.593319
955	[(5,1761),(16,3299),(51,4172),(52,2978),(59,2750),(68,3830),(69,1882),(70,1355),(83,3678)]	19.095776
956	[(43,979),(50,2727),(67,2672),(85,693)]	17.497769
957	[(7,271),(17,1914),(38,812),(41,2286),(53,3965),(55,3814),(76,728)]	17.930230
958	[(9,4086),(37,3844),(46,1995),(50,3376),(76,198),(78,3429),(90,2640)]	18.109062
959	[(5,2895),(11,174),(19,2807),(26,335),(38,1895),(50,785),(56,2529),(59,3806)]	17.700271
960	[(1,654),(28,1466),(44,2938),(50,4096),(57,1618),(72,2055),(75,2410),(76,4260),(81,3815),(82,2357)]	17.152059
961	[(14,3936),(24,2126),(53,2802),(68,1512),(69,974)]	17.964616
962	[(10,996),(60,2653),(63,3430),(66,407),(70,409),(71,2311),(86,1622)]	17.278671
963	[(9,4197),(83,323)]	17.236579
964	[(26,313),(37,767),(51,1874),(60,1449),(63,2081),(73,963),(92,2139)]	17.240455
965	[(22,1936),(27,4179),(50,508),(71,2305),(74,967),(81,2520),(85,976),(91,1616)]	17.677220
966	[(39,2886),(47,1726),(52,651),(84,2645)]	17.371501
967	[(2,872),(28,928),(29,3816),(34,4004),(45,3509)]	17.192110
968	[(19,3397),(68,1043)]	17.828219
969	[(35,1374),(61,3500),(70,1654),(77,3256)]	17.738484
970	[(13,3148),(31,3793),(37,2168),(44,3184),(65,1682),(68,718)]	17.177019
971	[(35,3938),(44,351),(65,3592),(73,2288),(74,3929),(79,4194)]	17.225194
972	[(15,3476),(18,3713),(22,2298),(31,2428),(33,1672),(57,3238),(81,629),(88,2475)]	18.283987
973	[(2,1479),(20,1505),(26,266),(29,577),(39,1893),(58,580),(59,1608),(65,662),(86,1120)]	17.778184
974	[(19,3869),(21,1728),(36,1711),(68,4226),(90,566),(92,141)]	17.689358
975	[(6,3591),(12,1599),(27,940),(87,3757)]	17.680819
976	[(0,1679),(10,1539),(14,3924),(21,4038),(25,800),(27,1625),(56,2771)]	29.659232
977	[(7,1245),(11,4106),(30,1415),(55,1620),(60,1968),(71,1875),(84,1062)]	25.420647
978	[(10,191),(12,1645),(32,1262),(52,2519),(58,1362),(82,1018),(90,2491)]	23.522947
979	[(61,3686),(87,224),(88,2729)]	19.325358
980	[(0,2167),(38,753),(60,649),(64,1675),(66,4303),(82,788)]	17.378584
981	[(9,1383),(25,1531),(30,1755),(34,2587),(44,3176),(51,2482),(60,907),(61,3066),(67,3660),(69,1326)]	21.705117
982	[(13,979),(25,218),(26,2555),(27,871),(54,200),(66,1584),(75,1183)]	17.465576
983	[(0,30),(2,2760),(6,1237),(12,210),(14,2090),(78,3120),(85,1653)]	17.877461
984	[(6,604),(21,4232),(24,2675)]	17.404188
985	[(10,829),(31,2361),(37,3808),(63,2270),(66,428),(67,492),(74,2914),(85,3962)]	17.159881
986	[(0,522),(4,3555),(7,455),(9,1574),(12,1569),(14,2725),(16,596),(20,1601),(70,741),(78,459)]	17.425070
987	[(8,4130),(13,937),(28,434),(35,1725),(46,1909),(50,2635),(56,3532),(58,2129),(66,332),(85,1968)]	17.085373
988	[(5,1098),(7,2366),(25,469),(30,434),(72,963),(90,2367)]	17.517143
989	[(7,911),(14,318),(28,343),(91,1450),(92,3656)]	17.986430
990	[(18,3098),(40,3174),(47,4171),(61,3921),(72,516),(73,3867)]	17.457169
991	[(4,1833),(12,4254),(56,378),(83,2658)]	17.314529
992	[(17,1643),(36,839),(54,3487),(72,3404)]	17.403195
993	[(7,3214),(24,3465),(26,2123),(28,698),(55,2033),(86,2410),(88,3892),(89,3997)]	17.317326
994	[(8,1711),(33,415),(41,2814),(42,2372),(60,2550),(81,3959),(83,663),(84,2433)]	17.266401
995	[(0,4120),(5,1661),(62,989)]	17.696287
996	[(8,3741),(29,418),(34,3837),(37,2380),(40,2472),(47,554),(54,110),(58,4108)]	17.316774
997	[(26,2750),(29,3135),(73,464),(74,2283),(88,431),(92,2671)]	17.035814
998	[(9,2788),(28,3889),(45,2536),(46,2634),(57,3250),(62,698),(71,3865),(88,2627)]	17.282156
999	[(3,941),(13,1319),(23,3082),(24,2195),(32,811),(33,736),(53,1520),(59,4001),(63,395),(74,3972),(81,3193),(88,1315)]	18.783126
