ruleset_index	matches	time_ms
0	[(3,1601),(24,783),(57,1844),(66,2683)]	17.420007
1	[(24,2533),(91,2233)]	14.650245
2	[(3,600),(21,1111)]	14.740818
3	[(2,2604),(78,2151)]	15.509173
4	[(12,1535),(40,2310),(55,2699),(56,2082)]	15.241470
5	[(23,667),(35,2251),(55,1071),(75,740),(78,2671)]	14.694404
6	[(16,642),(46,1766),(50,1773),(53,3031),(55,33),(76,2473),(88,1801)]	14.799852
7	[(17,1811),(23,1062),(34,1844),(60,17)]	14.723108
8	[(27,266),(41,2214),(45,297),(55,2507),(56,2269),(63,827),(78,2886),(88,1605)]	22.193831
9	[(4,9),(14,2361),(25,2774),(30,1656),(81,1390)]	27.468078
10	[(9,2067),(31,2898)]	15.572179
11	[(50,2767),(74,2610),(87,2278)]	15.095131
12	[(1,1054),(17,2954),(39,2795),(71,2104),(78,2219),(80,2361)]	14.859983
13	[(7,2961),(8,1591),(15,168),(28,2718),(51,1150),(85,2555)]	14.495060
14	[(21,1261),(69,83),(80,44)]	14.752043
15	[(56,2942),(63,362),(66,699),(92,1857)]	14.677455
16	[(19,2013),(35,1984),(43,909),(46,1988),(87,2051)]	14.660730
17	[(6,1579),(50,1585),(58,2319),(65,2649)]	16.011195
18	[(24,229),(38,73),(50,458),(78,1153),(87,2464)]	15.293259
19	[(73,1629),(84,365)]	14.855009
20	[(17,2456),(69,1876),(84,263)]	14.910159
21	[(41,1537),(45,618),(63,2848),(90,616)]	15.000435
22	[(22,2930),(38,1811),(66,456),(83,2345)]	15.687547
23	[(33,1599),(41,1333)]	14.841534
24	[(11,694),(18,1062),(57,2152),(59,1986),(71,2957)]	14.478209
25	[(77,2898)]	16.887712
26	[(17,1959),(35,2478),(36,1718),(75,2392),(87,744),(90,1702)]	14.705641
27	[(48,1167),(62,893)]	15.119487
28	[(59,853),(63,1577),(83,2963)]	14.483715
29	[(79,1767),(89,2741)]	14.832595
30	[(20,2962),(22,1100),(23,767),(51,1480),(83,953)]	14.504431
31	[(6,1022),(14,715),(20,2436),(23,1673),(25,1042),(87,2115)]	14.405805
32	[(47,2293),(50,2030),(83,1739),(91,425)]	14.530172
33	[(4,2895),(49,744),(52,2810),(92,1590)]	17.283035
34	[(39,1680),(47,2982)]	14.644255
35	[(55,1497),(60,593),(80,2348),(91,1193)]	14.949848
36	[(32,509),(33,1434),(44,504)]	16.777402
37	[(7,1835),(75,1831),(91,2348)]	17.245077
38	[(8,2755),(67,2939)]	15.014630
39	[(30,1870)]	16.248986
40	[(6,2315),(24,431),(64,907),(70,73),(74,1665)]	15.259147
41	[(13,2439),(43,2412)]	16.279137
42	[(0,1503),(5,1380),(9,290),(63,2259),(68,726),(90,728)]	16.488762
43	[(58,2766)]	16.624275
44	[(38,1525),(51,2932)]	16.261452
45	[(21,1299),(29,2578),(46,109),(55,1945)]	16.219640
46	[(9,941)]	16.634908
47	[(35,1211),(59,324),(92,827)]	15.916491
48	[(12,843),(14,166),(37,53),(39,2887),(42,1423)]	14.879432
49	[(24,718),(54,1992),(64,667),(71,2856)]	16.197194
50	[(15,847),(26,1656),(58,2043),(81,947)]	15.605187
51	[(2,1163),(14,1240),(31,1029),(54,2388),(57,1336),(66,377),(86,1566)]	14.720531
52	[(14,2699),(33,2973),(34,1202),(37,2129),(56,3001)]	14.597830
53	[(26,1567),(32,2385),(48,2280),(60,2146)]	15.831174
54	[(28,2002),(37,1123),(68,1002),(78,292),(79,427)]	14.879442
55	[(4,2701),(40,601)]	15.023259
56	[(6,2971),(16,1444),(17,1639),(63,2490),(82,1313),(84,1885)]	17.167527
57	[(0,1925),(44,1867),(45,2022),(55,2342),(59,2381),(82,2904)]	15.338126
58	[(8,2655),(24,2796),(49,621),(50,1798),(82,1425),(89,575)]	14.921506
59	[(10,1838),(34,2812),(42,1011),(74,2911)]	17.690672
60	[(21,1509),(24,1708),(32,486),(79,2788),(80,203),(84,1813),(88,346)]	15.624975
61	[(8,1013),(16,2067),(40,2565),(65,1928),(77,1368),(82,2949)]	19.586755
62	[(5,1637),(30,2130),(42,2077),(90,244)]	17.253874
63	[(17,73),(67,2495),(89,551)]	14.754084
64	[(47,182),(58,1805),(90,2352)]	14.802153
65	[(12,623),(22,1259),(28,1798),(63,1916)]	14.708336
66	[(1,113),(10,1353),(19,2216),(38,1869),(42,566),(51,1823),(52,425),(85,205)]	15.136500
67	[(52,1304),(79,2822),(89,2228)]	15.798137
68	[(33,1801),(39,2172),(57,571),(68,2667),(85,3030),(90,2624)]	14.728159
69	[(36,383),(68,3012),(71,1721),(77,2892),(79,2901)]	14.931587
70	[(25,1725),(26,3016),(52,2478),(57,1500),(89,1914),(91,1754),(92,2077)]	14.570919
71	[(15,1314),(86,2561)]	14.878632
72	[(68,1398),(71,691),(81,257)]	17.186945
73	[(13,545),(29,1419),(32,2709),(59,916),(75,468)]	15.458308
74	[(12,2658),(14,1149),(55,1446),(80,1208)]	27.373364
75	[(24,661),(31,938),(32,1392),(57,2184)]	23.024664
76	[(10,1780),(51,442),(79,538),(82,2048)]	14.769710
77	[(17,1140),(28,944),(33,2866),(44,3028),(57,2549)]	14.707741
78	[(33,969),(78,2736),(87,921)]	14.570642
79	[(12,1926),(33,557),(35,2851),(36,106),(37,1469),(63,2910),(74,1734),(92,1304)]	15.203384
80	[(19,112),(55,2513),(66,2785),(75,2612),(82,1227)]	16.240987
81	[(79,719),(86,1611),(87,2103)]	15.174357
82	[(32,2638),(42,1718),(56,740)]	15.464458
83	[(1,557),(9,1764),(26,2834),(42,1019),(85,2863)]	15.208177
84	[(52,2577)]	14.797421
85	[(7,1998),(28,2125),(46,2857),(57,1525),(83,1324),(91,1186)]	14.751422
86	[(0,1202),(19,623),(43,1619),(84,2436)]	15.570164
87	[(18,2316),(55,2245)]	14.942114
88	[(52,245),(55,1551)]	14.957006
89	[(59,1053),(63,1316),(66,231),(81,653),(88,2410),(89,2670)]	15.170654
90	[(31,201),(37,1627),(52,2993),(61,1703)]	14.747184
91	[(16,202),(41,1152),(57,3000)]	14.906891
92	[(5,2994),(11,1308),(20,1805),(24,2671),(48,205)]	14.896797
93	[(3,600),(4,1811),(25,2590),(34,1384),(46,600),(55,2469),(65,477)]	14.724456
94	[(18,2473)]	14.651096
95	[(10,2990),(26,16),(48,1289),(57,1838),(89,2152)]	14.764597
96	[(20,1060),(23,2609),(46,3003),(60,1079),(71,2758),(74,208)]	15.938367
97	[(20,71),(50,220),(61,622),(65,1899),(68,1943),(86,1768)]	14.818507
98	[(32,2140),(67,306),(86,724)]	14.450441
99	[(22,859),(39,379),(44,2329),(90,2495)]	14.875354
100	[(8,903),(49,1222),(58,128)]	18.332923
101	[(24,172),(26,28),(34,736),(46,1047),(52,2582),(78,2919)]	15.206781
102	[(0,1716),(15,526),(38,2100),(40,843),(57,1888)]	15.039588
103	[(2,2764),(3,1501),(10,1436),(13,642),(40,1795),(50,919)]	14.737785
104	[(9,572),(46,2480),(61,1757)]	14.757903
105	[]	15.178316
106	[(4,549),(10,11),(12,1744),(30,76),(36,2913)]	15.325342
107	[(62,116),(63,2465),(72,1858)]	14.509166
108	[(3,1364),(44,386)]	15.596583
109	[(39,2603),(47,123),(73,1531),(76,2822)]	14.742218
110	[(21,2819),(44,2983),(61,290),(72,2978)]	14.736271
111	[(4,285),(8,663),(53,3024),(68,1278)]	14.396279
112	[(0,2538),(37,2771),(49,2951),(59,1118),(64,16),(67,993),(87,226),(89,958)]	14.840104
113	[(4,283),(27,215),(41,400),(66,463),(73,153),(77,1051)]	15.553531
114	[(44,2203)]	15.742621
115	[(8,2080),(28,1657),(34,2246),(67,2659),(79,899)]	15.258012
116	[(51,721),(81,542),(82,2418)]	17.630298
117	[(12,1245),(18,1019),(28,1727),(34,1896),(41,2063),(68,2121),(70,2096),(84,1389)]	16.106682
118	[(30,1603),(51,2570),(88,660)]	15.511228
119	[(1,2651)]	14.472759
120	[(2,95),(22,425),(68,1640),(85,2804)]	14.654020
121	[(4,1658),(17,1106),(42,2078),(45,2493),(83,163)]	15.221943
122	[(26,2987),(86,2873)]	14.499060
123	[(3,935),(35,1801)]	14.602298
124	[(3,2452),(28,1530)]	14.838889
125	[(2,1110),(25,230),(55,863),(75,2541),(78,1133)]	19.233396
126	[(22,27),(46,160),(65,74),(81,1679),(84,2768)]	17.752712
127	[(18,319),(48,817),(70,1331)]	14.861260
128	[(0,2944),(3,2183),(12,1614),(40,2325),(44,3012),(53,26),(71,762),(76,1335)]	15.096623
129	[(49,1756),(55,497),(72,2741)]	15.363412
130	[(19,1056),(21,2541)]	14.748306
131	[(19,2060)]	14.711920
132	[(3,302),(5,1142),(9,2589),(22,87),(45,2374),(48,1320),(55,2861),(56,771),(72,2304),(81,1967)]	14.515845
133	[(14,2199),(18,193),(45,694),(49,2986),(87,1955),(88,142)]	15.516607
134	[(13,1269),(31,667),(67,846),(87,2439)]	14.568415
135	[(58,1943)]	14.733466
136	[(25,2390),(28,2537),(39,293),(68,260),(78,1917),(85,466)]	16.777236
137	[(49,2580),(53,2423),(62,181),(77,163),(78,1782),(81,649),(86,1064)]	15.922027
138	[(35,519),(60,61)]	14.858156
139	[(0,1704),(33,394),(73,1128),(77,1673),(85,2544),(86,598)]	14.469814
140	[(28,1386),(29,1465),(39,1658)]	15.060848
141	[(13,505),(25,27),(29,268),(44,722),(47,1441),(78,682)]	28.802595
142	[(1,761),(7,3008),(13,2465),(47,1896),(48,2337),(54,2333),(87,1131)]	19.736283
143	[(6,544),(28,672),(36,1679),(53,2360),(70,685),(85,1704),(87,1589)]	15.161194
144	[(36,324),(44,2307),(81,2251),(87,2239)]	14.721156
145	[(6,2475),(73,1182)]	14.581635
146	[(61,1602),(83,1152),(87,2296)]	15.906936
147	[(40,1467),(80,822),(87,2218)]	14.741537
148	[(22,1591),(72,135),(76,1904),(92,166)]	14.840954
149	[(27,1604),(34,1643),(39,2402),(63,2800),(77,1029)]	14.639479
150	[(72,1956),(77,1920),(87,2044)]	14.468723
151	[(9,2110),(30,1670),(32,536),(48,191),(54,177),(72,1775)]	14.508744
152	[(10,1692),(35,1400),(37,515),(39,2588),(43,1743),(75,261),(82,749)]	14.805377
153	[(3,1478),(20,3001),(21,2193),(41,1475),(75,1679),(81,2514)]	15.207838
154	[(2,431),(67,677),(87,138)]	14.367757
155	[(9,2033),(15,1839),(63,168),(66,954),(89,238)]	14.630083
156	[(3,1609),(20,1877),(23,1971),(29,2981),(35,747),(41,1472),(51,1613),(59,2138),(80,1651)]	14.679209
157	[(27,720),(64,1521)]	15.046949
158	[(11,2738),(17,732),(46,1775),(47,1087)]	14.417948
159	[(34,2999),(85,2009),(89,1355)]	14.502778
160	[(18,1816),(27,945),(32,837),(49,1436),(60,1025),(73,64),(85,1761)]	14.610977
161	[(10,14),(25,1334),(45,1283),(52,1093),(53,1842),(59,1801),(87,1955),(89,847)]	14.430357
162	[(30,1623),(87,2301)]	14.633153
163	[(43,1290),(50,1741),(58,2507),(68,2911),(90,2180)]	14.422981
164	[(39,2059),(63,191),(69,2385),(86,550)]	15.410423
165	[(39,699)]	17.486371
166	[(3,1418),(9,1013),(24,537),(78,2011)]	14.962450
167	[(10,2634),(24,966),(36,2387),(58,2062),(67,1392),(78,1651)]	14.672808
168	[(8,978),(42,1004),(52,900),(53,2114),(73,2885),(85,241)]	14.883990
169	[(11,829)]	14.543098
170	[(18,2905),(51,2533)]	14.619924
171	[(4,13),(28,302),(55,636),(68,1579)]	14.550263
172	[(38,2724),(75,1189),(80,2583)]	14.355505
173	[(2,256),(53,110)]	14.746354
174	[(16,1812),(62,2850)]	14.646059
175	[(54,2176),(66,818),(76,2576),(78,1581)]	14.749987
176	[(6,2059),(42,2141),(70,2244),(79,1230)]	14.392383
177	[(8,299),(41,1241),(54,2763)]	14.930236
178	[(4,2105),(39,1225),(60,2486)]	15.003441
179	[(4,431),(19,2091),(33,2393),(45,1924),(80,1342)]	14.468670
180	[(0,1200),(7,2011),(8,2328),(13,2360),(18,634),(19,390),(89,1417)]	14.722563
181	[(2,843),(8,2960),(10,1126),(37,2341),(61,2723),(72,62)]	15.120984
182	[(8,2930),(28,2755),(62,680),(65,273)]	14.927816
183	[(4,2364),(8,1985),(48,1963)]	19.874643
184	[(2,37),(57,625),(62,167),(84,3001)]	16.268004
185	[(11,1683),(15,1026),(36,3001)]	15.135653
186	[(9,2519),(36,2109),(53,2965)]	14.616076
187	[(22,1589),(52,3045),(54,832),(62,1521)]	14.933260
188	[(12,2109),(43,384)]	14.663731
189	[(22,680),(36,2307),(49,906),(53,2563),(60,2623),(61,2285),(64,1985),(76,1017)]	16.822540
190	[(36,254),(50,1057),(80,1690),(88,2035)]	20.787603
191	[(4,212),(13,1469),(32,2404),(48,1976),(60,1333)]	16.821176
192	[(8,1483),(22,884),(26,229),(61,1388)]	14.725019
193	[(17,452),(45,1099),(67,2270),(77,1434),(86,551),(90,2063)]	14.902059
194	[(5,58),(22,1205),(27,1521),(41,2914),(66,2622)]	14.492658
195	[(9,340),(14,309),(35,3027),(36,2884),(52,605),(55,2128),(71,1373),(77,1615)]	15.119810
196	[(14,1731),(28,1738),(32,1597),(72,2786),(83,424),(84,1203),(89,679)]	14.464174
197	[(1,2083)]	14.637970
198	[(11,141),(25,1867),(27,2254),(36,1351),(69,496),(72,1336),(84,2106),(86,275)]	18.687121
199	[(32,2122),(36,1135),(44,2042),(47,1628),(59,1287),(70,1485)]	14.584184
200	[(10,1640),(14,1474),(20,1931),(51,2278),(66,2619)]	16.019768
201	[(31,505),(42,717),(63,1723),(80,2325),(86,1368)]	16.969449
202	[(18,2565),(24,2086),(53,1864),(86,554),(91,602)]	14.820799
203	[(22,1124),(35,2837),(38,8),(39,307),(43,1779)]	15.777865
204	[(12,3020),(14,1188),(31,1386),(72,1995)]	15.480898
205	[(25,644),(37,2875),(42,2136),(56,1000)]	15.034892
206	[(28,2121),(41,2862),(44,2418),(46,715),(49,516)]	14.612580
207	[(2,203),(15,999),(16,827),(18,2814),(23,224),(89,1375)]	15.188602
208	[(3,471),(63,2856),(68,2330)]	29.615180
209	[(8,1538),(18,1769),(37,763),(45,1043),(71,1922),(72,239),(81,2259)]	18.946352
210	[(48,990),(81,2081),(87,1242),(91,3019)]	14.659725
211	[(45,2862),(66,997),(67,1566),(71,1633),(77,159),(84,614),(91,2916)]	14.767966
212	[(17,2368),(27,2417),(29,2140),(41,1317),(49,205),(64,937),(65,487),(73,1212),(78,1997),(87,605)]	15.903622
213	[(9,2054),(13,1261),(26,337),(34,716),(65,2250),(74,1209)]	15.341413
214	[(6,906),(7,728),(13,2844),(35,19),(71,3022)]	15.943486
215	[(37,990),(73,1067)]	16.875871
216	[(1,744),(25,2694),(30,1953),(31,2101),(49,324),(52,2914),(76,2267),(92,1173)]	14.787587
217	[(9,1657),(33,1981),(41,2911),(78,2576),(80,837),(86,1843),(87,296)]	15.805953
218	[(19,2094),(55,1138),(56,1596),(77,2551),(88,2731),(91,2985)]	14.881794
219	[(0,1201),(3,480),(8,305),(23,2622),(60,2760),(63,370),(81,781),(83,104),(85,1831)]	15.121362
220	[(15,2275),(44,2918)]	14.595760
221	[(27,2626),(29,2062),(38,2408),(52,1193),(72,1682),(85,2481)]	14.851355
222	[(8,1757),(10,1063),(48,2135),(53,104),(57,1977)]	14.575262
223	[(15,856),(43,526),(46,730),(63,2340),(74,944),(88,1016)]	14.650357
224	[(20,1238)]	14.653794
225	[(9,1472),(18,1077),(59,1717),(63,650),(65,1520)]	14.831474
226	[(31,1666),(36,235),(53,501)]	14.590194
227	[(13,422),(28,1059),(75,2636),(80,304),(84,1831)]	14.780512
228	[(31,340),(36,1998)]	15.708258
229	[(46,1420),(47,1214),(72,150)]	17.245874
230	[(18,1538),(57,1725),(61,2816),(70,237)]	15.008788
231	[(50,2998),(92,128)]	15.234716
232	[(6,1653),(18,1044),(79,302)]	14.781672
233	[(74,1978)]	15.356582
234	[(65,1879),(77,2158),(80,2639),(83,2046)]	16.878996
235	[(5,812),(17,2955),(28,2905),(40,257),(69,1746)]	14.749689
236	[(4,2259),(32,272),(48,2859),(56,431)]	14.786871
237	[(55,2814),(72,1257)]	14.736615
238	[(3,1375),(30,97),(83,56),(87,327)]	14.621438
239	[(16,157),(76,50)]	14.660741
240	[(55,2228),(63,41),(70,1862),(75,1470)]	14.846759
241	[(2,406),(6,1919),(15,1497),(20,593),(23,2551),(40,758),(59,1680),(78,1533),(81,756),(92,2797)]	14.611490
242	[(39,1623),(65,761),(72,1817),(88,2)]	14.738960
243	[(22,839),(42,2497),(43,1157),(53,1805),(55,2931)]	14.943778
244	[(51,2386),(62,2083)]	14.861309
245	[(26,1941),(34,1854),(36,1094),(51,94)]	14.505402
246	[(17,1219),(56,1421)]	14.618463
247	[(0,1938),(48,683),(49,2524),(68,2676),(69,1584),(76,138)]	15.690404
248	[(1,1726),(6,2124),(17,2300),(77,2580),(91,133)]	15.191305
249	[(3,201),(9,444)]	15.426415
250	[(7,2178),(20,456),(36,228),(55,812),(74,1831),(89,915)]	14.726800
251	[(38,950),(46,1350),(82,273)]	14.906611
252	[(18,2838),(56,1342),(64,1390),(73,2443)]	14.575756
253	[(4,1765),(43,961),(44,828),(63,1677),(87,1567)]	15.221486
254	[(5,1532),(22,2746),(24,2592)]	19.196419
255	[(23,2205),(26,2909),(35,2126),(44,744)]	18.272339
256	[(9,626),(15,449),(55,2723),(62,2739),(70,2546),(87,618),(88,1433)]	15.136111
257	[(1,783),(4,2513)]	15.618684
258	[(14,2038),(56,2846)]	14.503868
259	[(26,1534),(64,2033)]	15.788754
260	[(0,1806),(2,367),(41,1059),(72,576)]	15.126057
261	[(9,889),(17,2622),(18,149),(37,2495),(84,2593)]	15.496632
262	[(28,2318),(30,127),(40,1757),(44,1904),(54,781),(78,2762),(91,1355)]	14.628123
263	[(57,844)]	15.114585
264	[(33,1485),(37,1988)]	14.767332
265	[(40,2622),(53,86),(82,2831)]	16.847790
266	[(15,50),(36,903),(80,162)]	15.387446
267	[(28,1396),(61,10),(65,1812),(70,2093)]	14.901100
268	[(28,2744),(48,2639),(69,2573),(77,2498)]	14.531353
269	[(25,2333),(30,1753),(32,2734),(42,1462)]	15.482899
270	[(5,2876),(13,925),(15,1024),(68,18),(76,2857)]	14.810929
271	[(14,1417),(59,1390),(61,561)]	15.081097
272	[(47,1061),(50,833),(63,2334),(72,1973)]	14.730620
273	[(13,866),(53,191),(63,313)]	15.224024
274	[(23,1413),(46,128),(61,732),(70,1127),(86,2753)]	17.153951
275	[(2,1547),(22,343)]	29.926115
276	[(6,2600),(30,2420),(39,1114),(55,175),(69,1903)]	17.296566
277	[(5,1140),(13,2028),(37,1486),(56,2091),(65,995),(70,403),(85,934)]	14.796700
278	[(23,13),(38,678),(64,462)]	15.358799
279	[(0,1435),(5,1228),(7,2477),(18,2183),(33,814),(37,2179),(76,215)]	14.694736
280	[(49,1631)]	14.766520
281	[(5,801),(12,2593),(37,1976),(48,65),(83,372)]	14.551304
282	[(1,2712),(27,1826),(29,2283),(64,331),(66,347),(85,682)]	14.621131
283	[(5,1615),(15,1073),(43,773),(46,782),(64,2472),(78,2185)]	14.479149
284	[(2,1953),(24,106),(53,2377),(54,546),(59,2507),(69,1865)]	14.564082
285	[(7,133),(32,226),(64,2993),(68,2257)]	14.778766
286	[(22,139),(35,441),(74,1942),(86,2829)]	14.527071
287	[(47,1304),(54,626),(74,1114)]	14.722113
288	[(0,2743),(2,2673),(6,1025),(57,114),(78,1866),(83,625)]	14.466742
289	[(6,1352),(21,285),(22,2819),(62,1628),(83,557),(86,2655)]	15.813937
290	[]	14.727341
291	[(91,908)]	14.964848
292	[(1,585),(60,2972),(71,1393),(79,454)]	14.455679
293	[(15,534),(62,2225)]	15.271861
294	[(0,872),(25,1517),(83,1455)]	16.874380
295	[(4,2046),(13,2489),(17,2739),(31,1765),(52,35),(66,2010)]	15.520593
296	[(52,1379),(79,1814),(86,2126)]	14.482992
297	[(6,1051),(9,397),(11,2596),(31,446),(37,1002),(57,1906)]	14.465453
298	[(32,2685),(34,2469),(35,507),(38,1724)]	14.685633
299	[(7,664),(51,1901)]	14.755098
300	[(16,3044),(19,1439),(22,2423),(24,2452),(46,2499),(54,988),(75,1435),(90,1551)]	15.293990
301	[(0,2683),(40,2646)]	14.500319
302	[(1,398),(14,1871),(22,2852),(57,321),(70,2367),(73,2433)]	15.166867
303	[(15,2126),(44,1338),(91,1821)]	14.692969
304	[(33,2060),(67,2396),(83,1493)]	15.006903
305	[(4,2182),(5,1268),(15,1361),(30,2501),(32,854),(36,608)]	14.656788
306	[(11,700),(17,1883),(32,1473)]	15.787949
307	[(32,1464),(49,792),(54,560)]	17.622395
308	[(18,2471),(28,761),(55,2556),(61,1883),(69,956)]	14.964663
309	[(17,2229),(24,1901),(66,922),(70,702)]	15.197790
310	[(1,2026),(20,2845),(63,1516),(74,1524),(92,2533)]	14.638194
311	[(11,199),(19,1656),(26,1736),(37,871),(63,1104),(83,1657)]	15.140880
312	[(29,333),(33,925),(56,1080)]	15.165741
313	[(0,2518),(10,363),(87,1166)]	15.776046
314	[(3,2440),(5,1707),(34,794),(74,420)]	15.544796
315	[(91,171)]	18.122801
316	[(26,536),(38,2905)]	15.566362
317	[(5,1017),(33,758),(83,2339)]	14.868904
318	[(44,2058),(62,1284)]	17.205329
319	[(2,2404),(13,1449),(45,2265),(71,2180),(84,1280)]	21.735604
320	[(3,2053),(4,21),(70,2504),(76,449),(80,346)]	15.564251
321	[(14,1452),(60,1815),(70,500)]	15.241802
322	[(11,2560),(26,2408),(32,1251),(39,10),(58,127),(74,1473),(79,598),(83,1534)]	15.163624
323	[(26,1179),(92,1456)]	17.861453
324	[(24,2843),(47,2158),(51,1120),(67,1441),(80,111)]	24.003530
325	[(13,2883),(71,2756),(75,1561)]	14.979676
326	[(16,2931),(22,1754),(25,2108),(71,1142)]	15.888633
327	[(39,673),(74,1777),(88,1883)]	14.570389
328	[(21,795),(34,593),(43,1886),(75,2559)]	14.754472
329	[(5,1783),(13,2268),(46,334),(52,2266)]	17.244297
330	[(3,2299),(6,2971),(40,1338),(63,1129)]	15.926783
331	[(34,1036),(35,828),(42,959),(71,442),(77,1152)]	14.963030
332	[(1,1610),(42,1619),(43,1282)]	15.784903
333	[(1,2172),(4,739),(20,1160),(35,2118),(59,2324),(67,2353),(81,1532)]	23.717898
334	[(6,2459),(12,1563),(22,2328),(43,1087),(52,658),(72,2133),(82,1340),(91,113)]	16.574331
335	[(34,786),(76,2091)]	15.742373
336	[(37,557),(62,530),(65,925),(88,326)]	15.117209
337	[(1,3046),(5,2466),(6,769),(19,2152),(51,2782),(70,207),(75,740)]	15.376880
338	[(55,317),(62,1404),(83,2236)]	15.157672
339	[]	17.223119
340	[(39,943),(46,956),(59,2290),(80,2485),(85,1622)]	30.406176
341	[(7,1231),(23,2388),(29,999),(37,2936),(51,2583),(66,3043)]	16.937092
342	[(3,1193),(51,2763),(72,999),(73,1586),(92,961)]	29.762426
343	[(14,2719),(19,1238),(39,1982),(68,533)]	29.470998
344	[(5,356),(56,297)]	15.178973
345	[(8,1752),(21,1100),(32,1696),(50,2763)]	14.557484
346	[(33,1966),(39,2836),(41,454),(57,1264)]	15.345670
347	[(18,2078),(68,2045),(76,2181),(89,1763)]	15.196505
348	[(3,519),(60,841),(67,389),(76,2453)]	14.810167
349	[(33,461),(52,1548),(69,88)]	14.435977
350	[(0,712),(72,1373)]	14.967164
351	[(11,354),(35,1967),(62,610),(73,3019),(84,819)]	14.582311
352	[(0,657),(48,72),(59,1028),(73,1143),(79,2676)]	14.736093
353	[(10,2936),(39,405),(41,518),(58,1206),(70,1941)]	23.770384
354	[(4,966),(6,2390),(40,1989),(74,1394),(91,1483)]	18.954697
355	[(5,706),(19,1624),(21,119),(48,1297)]	15.317719
356	[(66,275),(83,2833)]	14.790441
357	[(18,550),(47,1742),(69,191)]	14.950876
358	[(4,2071),(38,1738),(46,1710),(56,2663)]	14.758950
359	[(18,1898),(21,2425),(38,2580)]	14.875831
360	[]	14.740356
361	[(24,396),(69,3013),(88,1413)]	14.662212
362	[(11,182),(30,1049),(31,1961),(53,1855),(74,1066),(82,2582)]	15.493609
363	[(10,301),(24,3044),(36,670),(38,305),(55,1946),(85,1819),(91,826)]	25.219208
364	[(18,15),(46,461),(63,2576),(91,2677)]	29.612676
365	[(6,2062),(74,1005),(91,1983)]	31.081361
366	[(25,2093),(37,203),(44,1245)]	31.780760
367	[(8,931),(15,653),(16,3001),(38,1121)]	32.091229
368	[(25,1306),(46,2449),(52,2661),(70,1805)]	16.925819
369	[(11,1602),(40,2677),(63,2021)]	14.729627
370	[(10,2971),(77,2161)]	20.352987
371	[(0,2526),(11,799),(31,1231),(41,2909),(44,707)]	15.546451
372	[(3,7),(20,2121),(48,1190),(59,2275)]	15.013506
373	[(21,2038),(53,596),(73,2918),(84,1453)]	19.445185
374	[(33,895),(53,1196),(85,1968),(86,759)]	18.297163
375	[(21,2407),(31,1349),(43,2408),(77,2846),(79,1846)]	17.429406
376	[(10,1631),(20,16),(27,642),(49,425),(81,2156),(90,1996)]	14.873120
377	[(30,1017),(46,401),(58,2577),(62,1975)]	14.590814
378	[(35,1064),(48,1877),(68,2833),(71,7),(82,179)]	14.888985
379	[(18,707),(43,1238)]	15.895350
380	[(1,2651),(9,900),(14,97),(26,3041),(28,506),(40,2409),(51,1141),(70,16),(76,2529)]	15.211107
381	[(16,1706),(48,2866)]	14.944659
382	[(2,931),(24,800),(50,2899),(66,1172),(73,2078),(82,933)]	14.624308
383	[(0,1064),(3,1794),(11,2406),(30,709),(42,691),(45,469),(64,1496),(74,264),(81,1400),(83,515),(85,2588),(88,2576)]	14.747358
384	[(7,2111),(13,176),(24,1627),(35,2904),(40,2645)]	14.673338
385	[(2,2839),(14,1807),(20,532),(27,1466),(40,2669),(48,1448),(51,542)]	19.172798
386	[(9,2564),(18,657),(44,1321),(49,1447),(68,94),(71,1970),(74,1780)]	15.026631
387	[(0,320),(11,1871),(28,27),(71,1100)]	15.164116
388	[(1,1825),(36,2289),(40,120),(58,1375),(63,1494),(73,2681),(74,3037)]	14.851600
389	[(1,2045),(40,215),(49,2456)]	14.619713
390	[(13,2469),(23,1921),(26,719),(36,114),(90,1888)]	14.546390
391	[(1,2966),(4,1320),(29,921),(39,1339),(53,563),(73,1650),(82,625)]	14.571082
392	[(8,1688),(30,46),(31,314),(51,932),(55,2328)]	15.024345
393	[(3,2955),(38,2974),(47,2678),(61,2266)]	14.693395
394	[(47,1676),(69,749),(73,1280)]	14.871557
395	[]	14.435543
396	[(4,640),(28,1938),(29,3023),(34,809),(51,451),(62,1662),(68,2063)]	14.919274
397	[(11,336),(29,2263),(38,1291),(57,1579),(70,1882),(79,1638)]	15.301332
398	[(0,1247),(24,741),(36,2969),(45,428),(67,667),(86,1104)]	19.397788
399	[(4,2439),(16,2659),(58,1033)]	29.245793
400	[(8,2834),(21,1242),(86,2925)]	15.838023
401	[(0,377),(19,113),(28,2820),(41,1435),(52,2975),(65,1638)]	14.451356
402	[(44,2667),(65,2383),(82,1772)]	14.738930
403	[(18,218),(81,1438),(89,369)]	14.457554
404	[(13,2099),(15,814),(25,2240),(27,1919),(67,78),(68,366),(77,865)]	14.935864
405	[(5,112),(10,2380),(13,2102),(48,3009),(66,335),(69,1580)]	14.467674
406	[(4,797),(20,1243),(41,1179),(44,81),(55,689),(68,971),(89,2310)]	15.265262
407	[(28,1822),(40,2046),(50,2607),(60,28)]	14.563497
408	[(45,1774),(77,772),(81,847),(88,431)]	23.127602
409	[(16,1354),(23,510),(30,1393),(87,2529)]	31.841793
410	[(26,2547),(45,91),(46,1293),(59,1271),(60,66),(68,2161),(86,272)]	30.755838
411	[(10,2884),(16,1319),(34,1889),(51,2013),(80,2111),(86,2250)]	36.434878
412	[(18,441),(30,1202),(40,2907),(44,2898),(60,2221)]	31.367546
413	[(59,1303),(72,1729)]	30.373461
414	[(29,1776),(42,823),(45,1371),(54,1170),(62,787)]	38.852651
415	[(27,446),(51,2852),(81,1136)]	26.902869
416	[(47,890),(72,2467)]	29.476229
417	[(14,2826),(22,710),(23,1634),(33,327),(37,1692),(46,2303),(53,2461),(58,661),(69,2096),(78,1559),(84,3003),(87,2483),(92,2433)]	30.000142
418	[(20,2185),(39,996),(46,679),(51,2053),(52,21)]	29.589441
419	[(2,488),(26,2288),(45,1508),(58,2250),(82,2790)]	29.331938
420	[(23,1467),(37,592),(87,2537)]	30.141964
421	[(8,2510),(88,1588)]	29.376623
422	[(14,160),(42,975),(62,2822),(67,395),(73,1067),(82,2680)]	29.333224
423	[(30,3040),(39,82),(49,1386),(67,359),(68,2400)]	31.889789
424	[(4,2506),(27,2883),(54,782)]	31.440489
425	[(44,2477),(47,707),(57,2845),(62,2991),(78,2493)]	29.201006
426	[(22,2306),(32,1106),(57,1661),(71,975)]	29.826944
427	[(10,547),(34,1514)]	29.112974
428	[(56,2770),(63,1395)]	29.168425
429	[(6,1979),(7,3013),(32,1339),(36,2350),(62,82)]	29.248489
430	[(1,2449),(79,2542)]	28.815484
431	[(3,1226),(15,123),(40,1090),(69,338)]	29.552586
432	[(28,2174),(31,204),(35,678),(41,1722),(42,3009),(56,1704),(65,853),(73,1675)]	29.039209
433	[(26,183),(42,2537),(59,685)]	28.862689
434	[(2,2634),(31,2404),(40,62),(88,1754)]	28.837739
435	[(2,2230),(39,1971)]	29.011741
436	[(0,338),(14,2558),(17,1408),(29,2501),(43,2674),(57,2832),(63,380)]	28.897798
437	[(39,2266),(61,1594),(85,2960)]	35.786617
438	[(13,835),(37,2985),(41,806),(52,2388),(70,1581),(75,925),(76,3017),(78,1530),(84,2832)]	30.031486
439	[(9,77),(28,1697),(59,1862)]	28.030906
440	[(5,2848),(10,1647),(14,2072),(24,795),(31,99),(50,2019),(52,534),(91,2639)]	28.718953
441	[(13,765),(72,2577)]	28.848418
442	[(10,1191),(19,1638),(41,1172),(53,76)]	29.120725
443	[(17,2720),(58,1471),(64,1645),(74,780),(78,2662)]	28.944662
444	[(2,241),(3,1724),(6,1516),(60,912),(67,367),(80,1752)]	31.681569
445	[(6,2217),(21,2488),(25,465),(39,2313),(50,2031)]	28.541341
446	[(2,1062),(67,1326),(87,1307)]	28.032320
447	[(21,2181),(23,1683),(72,1045),(83,2578)]	28.130656
448	[(19,1437),(32,1379),(43,1763),(61,2442),(78,2477)]	28.072021
449	[(2,2775),(14,2758),(16,800),(34,1681),(35,1937),(54,120),(71,752)]	28.483444
450	[(54,3025)]	28.647020
451	[(21,2584),(27,2436),(39,875),(87,2409),(89,492)]	28.465755
452	[(0,438),(3,33),(37,2),(63,3045)]	28.379551
453	[(5,1638),(27,1530),(38,2145),(45,961),(80,760)]	28.684785
454	[(0,1697),(14,903),(21,820),(42,36),(44,1467),(55,2782),(83,1284)]	28.046050
455	[(38,2103),(48,76),(62,580),(85,2372),(88,350)]	31.273167
456	[(37,287),(56,419),(60,841),(83,1853),(84,2256),(91,1091)]	27.670767
457	[(17,1737),(63,2822),(69,2818)]	32.424364
458	[(7,265),(23,1577),(28,2177),(31,2888),(50,1495),(55,601),(65,1864),(90,1194)]	32.308587
459	[(37,1494),(52,1359),(66,646),(88,2577)]	31.198824
460	[(4,465),(15,2291),(31,131),(47,2067),(71,1835),(80,1997)]	28.274514
461	[(0,2979),(30,1488),(46,1296),(66,969),(73,2435),(74,1217)]	28.186006
462	[(0,101),(8,539),(15,1643),(68,847)]	29.776714
463	[(0,1487),(25,193),(41,2542),(65,333)]	28.641087
464	[(36,1068),(53,1271),(54,2873)]	31.752012
465	[(21,443),(34,1248),(41,660),(54,2361),(69,338),(87,1632)]	29.503965
466	[(18,2017),(31,568),(36,853),(59,1120)]	29.115410
467	[(22,2196),(26,2353)]	29.082064
468	[(10,1937),(19,2293),(52,1722),(53,3009),(70,1911),(85,2460)]	28.457185
469	[(0,1027),(19,1327),(57,1295),(65,68),(92,345)]	28.587772
470	[(42,2474),(80,1823),(85,1888)]	28.397913
471	[(57,356),(85,610)]	27.985027
472	[(6,754),(15,2215),(64,763),(78,1710)]	29.101557
473	[(7,15),(31,103),(92,2210)]	31.401283
474	[(4,475),(90,2765)]	29.091917
475	[(2,1549),(38,1197),(46,881),(72,2494)]	30.153956
476	[(7,2623),(26,1703),(28,25),(78,655)]	29.835191
477	[(8,1433),(86,584)]	28.868359
478	[(67,1449)]	28.992098
479	[(18,2795),(21,912),(26,1138),(27,1596),(37,2006),(69,1498),(75,2174)]	30.329507
480	[(5,1361),(21,2471),(26,800),(70,2172),(87,2498)]	28.868354
481	[(9,2929),(10,2083),(20,446),(86,1826),(88,2283)]	28.852516
482	[(2,280),(3,704),(14,2408),(21,2776)]	28.758840
483	[(3,610),(19,2010),(43,1611),(69,284),(90,1111)]	28.757606
484	[(2,1922),(32,1949),(56,1284)]	28.816019
485	[(21,2237),(39,29)]	28.938197
486	[(5,1274),(34,1210),(44,2548),(59,1172),(71,1915),(78,2949)]	28.835481
487	[(17,1017),(18,670),(36,1969),(42,1359),(49,2518),(51,1369),(86,2306)]	29.348137
488	[(15,3019),(54,2571),(59,934),(63,884),(71,830),(82,451)]	29.766753
489	[(7,1109),(9,115),(16,1838),(59,2514),(60,692)]	29.694695
490	[(3,997),(20,2612),(51,403),(81,2479)]	29.718760
491	[(3,915),(33,2401),(55,2167),(56,551),(69,1032)]	30.773038
492	[(22,476)]	29.034332
493	[(31,463),(63,2784),(88,1165)]	29.390116
494	[(2,1989),(30,282),(69,2722),(77,2476)]	28.618748
495	[(8,2415),(10,464),(19,1512),(73,2564),(82,2358)]	29.296088
496	[(9,2257),(30,1175),(65,1950)]	28.685782
497	[(8,2989),(13,2042),(33,2376)]	29.368422
498	[(22,1142),(48,1852),(78,398)]	28.683469
499	[(2,2534),(18,753),(55,749),(70,2352)]	28.361735
500	[(25,2415),(44,1049),(45,609)]	28.431534
501	[(2,2129),(22,1189),(66,1861)]	28.577957
502	[(5,1878),(6,603),(30,816),(31,144)]	29.345904
503	[(0,2284),(3,2596),(13,2185),(62,2400)]	29.451278
504	[(17,761),(32,206),(40,869),(53,742),(61,563),(67,1421),(77,258)]	29.177995
505	[(15,2588),(47,2982),(67,653)]	28.048519
506	[(41,483),(71,1292),(75,1791),(77,463)]	28.179214
507	[(31,815),(35,524),(62,2690),(86,85)]	33.385838
508	[(32,1484),(36,323),(39,2204),(46,1265),(68,986)]	28.341535
509	[(10,1608),(27,2314),(81,2528),(82,1460),(86,1551)]	28.493895
510	[(43,373),(53,1411),(76,1021),(81,2124)]	28.016816
511	[(1,2737),(3,355),(22,1404),(39,761),(62,226),(89,1474)]	32.791215
512	[(50,442)]	33.847114
513	[(19,492),(28,293),(40,20)]	32.812354
514	[(7,322),(36,1738),(55,1947),(56,1795),(61,1576),(82,954)]	30.437874
515	[(7,1603),(14,1907),(43,990),(56,944),(77,117),(86,100)]	29.225036
516	[(4,2940),(13,453),(66,235),(75,2145),(82,1236)]	29.204860
517	[(14,2249),(16,501),(22,501),(68,453)]	33.748919
518	[(11,200),(13,1286),(15,479),(17,385),(24,2552),(47,2474),(59,1897),(78,1682),(80,1066),(81,1810)]	32.355237
519	[(23,312),(28,1060),(30,130),(45,1839),(64,2523),(72,2408),(80,1262)]	29.259843
520	[(9,1371),(13,2363),(22,2809),(28,1093),(29,1842),(50,970)]	29.796154
521	[(5,763),(31,1714),(40,2617),(64,800),(70,438),(74,146),(90,367)]	30.438622
522	[(19,2045),(22,735)]	29.040029
523	[(8,2857),(9,2345),(70,343),(78,2429)]	28.399283
524	[(4,1805),(20,1495),(72,1871),(83,1874),(92,2911)]	30.252674
525	[(17,2816),(38,1931)]	32.214001
526	[(23,2895),(46,1219),(60,2937),(67,462),(88,454)]	34.636796
527	[(6,2945),(12,2825),(32,1972),(34,1363),(60,1800),(65,279),(67,442),(79,887)]	32.920427
528	[(54,234)]	30.555792
529	[(1,1629),(5,2080),(23,551),(88,2313)]	27.839182
530	[(31,2001),(42,221),(45,297),(63,419),(89,1240)]	28.752857
531	[(15,3004),(22,1933),(27,32),(35,119),(75,1109)]	29.872155
532	[(5,2356),(10,356),(21,145),(39,1386),(40,1465)]	31.894428
533	[(4,57),(20,1590),(29,1222),(39,2816),(52,2453),(64,157),(69,1138)]	29.784632
534	[(5,2330),(21,1258),(34,243),(41,2841),(67,29),(77,2152),(79,1986)]	29.976342
535	[(41,2521),(67,667),(84,1030)]	29.661916
536	[(4,1648),(12,1512),(28,2040),(39,1782)]	29.822051
537	[(22,824),(27,2957),(50,1270),(63,2372)]	29.893863
538	[(10,1184),(70,2710),(82,457)]	33.444107
539	[(28,2004),(44,2196),(66,1994),(71,2638),(72,2131),(91,223)]	31.219496
540	[(1,1012),(11,604),(47,1375),(59,535),(61,1396),(69,2975),(71,46)]	29.956087
541	[(2,678),(12,147)]	30.278546
542	[(14,636)]	30.252899
543	[(15,1519),(29,371),(45,1467),(73,1117),(91,1406)]	30.041890
544	[(5,1699),(65,2878)]	27.065815
545	[(0,2235),(9,1173),(26,460),(57,442),(71,497)]	14.954232
546	[(10,2190),(11,2979),(18,608),(27,38),(43,1513),(67,67),(70,2429)]	14.561551
547	[(24,2582),(37,2617),(58,2223),(60,2992),(68,1443),(84,1284)]	14.956525
548	[(24,1097),(41,1677),(77,917),(81,1777)]	19.510460
549	[(15,229),(20,2513),(21,2847),(52,623),(68,2257),(75,1316),(78,231)]	30.843220
550	[(25,1575),(40,2090),(62,2063),(89,2755)]	14.898666
551	[(3,443)]	14.678121
552	[(1,2314),(7,955),(65,2591)]	14.619976
553	[(8,2499),(55,1455),(85,1967)]	14.814445
554	[(16,104),(32,1806),(49,3031),(51,33),(60,2661),(67,1039),(83,715),(89,1244)]	14.597431
555	[(8,2153),(19,2298),(20,1603),(27,2775),(50,472),(80,3027)]	14.833843
556	[(15,1932),(19,1672),(35,639),(59,2215),(76,657),(86,3004),(88,2484),(92,610)]	14.660649
557	[(9,1154),(29,329),(39,914),(75,1340)]	14.407350
558	[(42,1011),(87,1709)]	15.667039
559	[(21,191),(30,317),(36,339),(57,273),(71,2828)]	14.578550
560	[(7,2802),(84,701)]	14.410072
561	[(31,590),(45,2211),(79,2914)]	15.147980
562	[(4,2927),(39,1511),(76,2146)]	14.720310
563	[(27,938),(74,2552)]	14.930678
564	[(17,2470),(41,1484),(76,1379)]	14.833036
565	[(14,2480),(37,1858),(47,2040),(50,1950),(57,254),(72,1280),(77,201)]	14.962292
566	[(3,2261),(13,3036),(47,2326)]	15.398967
567	[(11,2084),(29,1456),(86,150)]	14.719123
568	[(19,63),(24,53),(38,2381),(56,2723),(80,2096)]	17.756824
569	[(9,2375),(67,964),(84,2073)]	19.708572
570	[(63,1350),(72,2980),(83,1725)]	14.729082
571	[(0,1320),(8,541),(23,2759),(43,2813),(55,1367),(73,466),(83,1039)]	14.616659
572	[(36,122),(37,124),(38,826),(52,2309),(53,745)]	14.854711
573	[(60,314),(76,2677)]	15.173883
574	[(34,1478),(36,375),(46,1670),(51,70),(67,2755),(79,1974),(92,2961)]	15.442795
575	[(48,1515),(80,2173)]	14.688469
576	[(42,1180),(51,1729),(58,1185),(64,149),(89,1397)]	15.859971
577	[(24,1744),(60,523),(78,3018)]	15.163250
578	[(32,1886),(49,1372),(52,803),(53,1773),(58,2251)]	14.965672
579	[(11,1182),(19,124),(43,1985),(61,2712),(63,258),(84,2799)]	14.504817
580	[(8,565),(61,264),(67,404),(69,1654),(72,737),(77,43),(90,1696),(91,1790)]	14.733860
581	[(11,1067),(92,588)]	14.664189
582	[(34,1564),(39,2620),(52,1809),(57,2909)]	16.879560
583	[(56,1672),(59,2373),(63,2195),(82,2852)]	14.930426
584	[(15,2559),(38,2260),(58,1797),(72,633),(79,1621),(85,2814)]	14.832448
585	[(54,2333),(80,710),(81,1634),(82,1571)]	14.805743
586	[(0,2193),(43,2035),(53,2156),(57,629)]	15.013079
587	[(31,823),(51,905)]	14.696524
588	[(17,2696),(31,192),(35,635),(67,1248)]	14.852288
589	[(31,1141),(50,1557),(60,724),(61,1690),(74,1303),(85,1804)]	14.713137
590	[(29,3044),(34,795),(79,2244)]	14.736028
591	[(8,844),(30,1082),(43,304),(83,1472)]	14.692510
592	[(39,1449),(47,1485),(77,180)]	14.746495
593	[(38,1425),(83,1528),(85,2229),(87,1367)]	14.975405
594	[(7,1496),(14,341),(18,332),(45,1813),(53,16),(67,2580),(74,1139)]	14.775449
595	[(50,1264),(55,1128),(58,1972),(72,1099),(83,2375)]	15.446496
596	[(1,1806),(12,48),(40,851)]	15.379296
597	[(0,532),(12,1349),(34,2270),(62,2009),(71,2918),(76,1217),(78,127)]	14.625820
598	[(19,27),(43,435),(75,2900),(86,127)]	14.879575
599	[(72,1744),(87,1609)]	14.673193
600	[(31,1004),(50,2598),(57,2078),(71,411)]	15.742426
601	[(60,155)]	16.020791
602	[(7,2262),(9,1699),(18,2191),(49,1602),(58,623),(63,1814),(80,1769)]	15.162025
603	[(4,2154),(19,302),(88,2394)]	14.756544
604	[(25,1044),(28,1131),(39,1973),(60,2204),(69,1429),(80,3006)]	15.321388
605	[(8,468),(15,702),(35,2644),(61,1577),(64,1239),(67,2549)]	14.771709
606	[(20,2363),(49,1887),(81,1870),(84,340)]	14.731824
607	[(2,1452),(21,785),(51,991),(53,843),(62,1842),(84,2531),(89,1396)]	14.756140
608	[(28,2781),(48,2718),(50,2787),(78,1738)]	14.795174
609	[(3,818),(33,2223),(36,970),(42,714),(80,523)]	15.075936
610	[(30,2349),(38,528),(74,1073)]	14.687947
611	[(13,2697),(25,1678),(39,1821),(70,2185),(86,2145)]	14.578477
612	[(30,2401),(63,1381),(68,2512),(90,1489)]	14.541969
613	[(6,1636),(19,2372),(23,2003),(34,1593),(38,2553),(76,1233)]	14.738459
614	[(32,96),(53,2242),(92,2437)]	19.986315
615	[(6,697),(25,1082),(30,2092),(74,109),(86,1965)]	15.993324
616	[(1,811),(33,1162),(49,1477),(92,1755)]	30.314042
617	[(1,2684),(14,2390),(16,1964),(31,2464),(49,2967),(51,1966),(71,549)]	17.563536
618	[(35,2017),(48,2354),(69,731),(84,2714)]	14.621469
619	[(43,2253),(49,960),(80,2535),(92,260)]	14.688990
620	[(59,962)]	14.828811
621	[(34,1099),(39,1505)]	14.854666
622	[(0,439),(10,1409),(43,1239),(54,1521),(80,2271)]	14.501498
623	[(6,992),(35,1005),(56,2513),(60,2348)]	15.645256
624	[(16,2807),(26,1834),(54,2700)]	14.624961
625	[(17,871),(23,258),(33,537),(48,1932),(66,2288),(72,178)]	14.448552
626	[(24,1440),(78,1289),(85,288)]	15.068097
627	[(2,2026),(3,1174),(28,2487),(51,2613),(66,1838)]	14.811828
628	[(2,1829),(10,2435),(11,1217),(25,841),(32,846),(71,71),(84,2249)]	15.270775
629	[(1,1989),(32,2616),(42,3033),(72,424),(74,1618),(78,1433),(85,7),(86,2873)]	14.586672
630	[(7,111),(86,442)]	14.704068
631	[(8,1140),(14,1571),(52,1144),(86,1791),(88,463),(91,2088)]	14.438168
632	[(4,1386),(5,1465),(10,2666),(23,2434),(81,3001),(86,1427)]	16.047538
633	[(4,2550),(30,555),(59,2983)]	22.892005
634	[(13,2954),(91,903)]	18.377698
635	[(11,1722),(25,2026),(27,363),(31,2086),(50,2699),(70,1178),(83,2356)]	15.661991
636	[(2,1475),(16,2836),(48,1270),(85,459)]	15.719136
637	[(13,1192),(26,2681),(31,1010),(40,2743),(41,1047),(72,2555),(73,2074)]	15.240451
638	[(3,975),(15,2393),(20,671),(25,2017),(26,1818),(37,2093),(54,1972),(66,2325),(80,1426)]	15.451457
639	[(15,2084),(39,1736),(62,1070)]	15.971021
640	[(4,1572),(61,2235),(64,2713)]	15.266132
641	[(17,360),(58,235),(83,582)]	16.135947
642	[(21,545),(40,1203),(45,343),(58,1498),(64,1266),(65,1652),(68,898),(90,2726)]	16.911043
643	[(18,2211),(77,821)]	14.799508
644	[(19,285),(61,1634),(62,1571),(75,2951)]	15.213868
645	[(19,701),(92,2690)]	14.773027
646	[(8,2554),(29,234),(33,2048),(47,1780),(52,2125),(67,2715)]	16.579994
647	[(6,1894),(7,3005),(19,523),(28,1314),(29,2326),(42,2195),(70,564)]	15.445526
648	[(5,2074),(28,835),(51,2844),(59,944)]	14.862391
649	[(39,815),(40,981),(54,796),(67,155),(70,1863)]	15.565375
650	[(26,1272),(43,2261)]	15.373502
651	[(9,2714),(17,1845),(18,1180),(27,977),(40,2550),(48,2613),(74,1418)]	14.661198
652	[(22,301),(24,2573),(70,2289),(72,94),(85,2371)]	15.009230
653	[(12,437),(17,2228),(38,1168),(48,997),(59,2248),(66,2587),(68,2279),(84,2)]	15.370058
654	[(25,863),(49,1491),(52,3032),(65,36),(77,2572)]	14.829150
655	[(25,1585),(52,1479),(59,1753),(68,2800),(79,1549)]	14.578897
656	[(28,2953),(42,1229),(59,1195),(71,32),(75,717)]	17.561252
657	[(24,1389),(44,104),(66,1141),(87,1136)]	15.025378
658	[(31,276),(55,1014),(79,971),(90,2372)]	15.316210
659	[(25,304),(38,1208),(42,2803),(79,2975)]	14.904690
660	[(59,2786),(69,2058),(88,1266),(89,1652)]	15.524196
661	[(19,2531),(35,380),(56,2122),(61,901),(63,552)]	14.698955
662	[(2,768),(4,1497),(36,1608),(56,2045),(90,453)]	15.074871
663	[(5,2513),(35,794),(76,2669)]	14.584492
664	[(57,1588),(86,2285)]	14.985084
665	[(3,775),(36,145),(39,1411),(69,1232),(88,2762)]	15.931261
666	[(16,243),(30,2584),(41,2455),(50,838),(59,2935),(67,384),(72,2839),(74,1100),(77,23)]	15.271964
667	[(5,2027),(19,2482),(31,460),(49,1593)]	14.831387
668	[(1,720),(55,757),(65,2816),(74,340),(82,2208)]	14.890998
669	[(9,2905),(90,1215)]	14.956507
670	[(11,267),(26,1558),(44,1791)]	14.787755
671	[(50,1744),(85,879)]	14.787721
672	[(0,2617),(56,2966),(57,1301),(65,168),(82,343),(86,1731)]	15.097875
673	[(20,2527),(86,773)]	15.034191
674	[(59,1326),(65,335),(79,444),(85,2262)]	14.835071
675	[(7,1388),(37,1396),(78,1836),(87,991)]	14.978855
676	[(49,2360),(57,1425)]	14.636649
677	[(5,1322),(33,789),(66,693),(67,2214)]	14.776203
678	[(37,1478),(72,2275)]	14.464540
679	[(1,2771),(14,50),(63,410),(76,1595),(79,649)]	17.732403
680	[(14,1430),(18,340),(46,729),(47,1877),(49,1248),(52,2127),(72,2430)]	14.822875
681	[]	15.035538
682	[(13,2791),(15,343),(22,2794),(73,741),(81,2149),(83,659),(91,391)]	25.677256
683	[(77,1219),(91,22)]	25.274149
684	[(6,2995),(9,2434),(85,11)]	15.236244
685	[(43,881),(50,637),(63,2178),(84,1187),(90,1548)]	14.895350
686	[(24,3021),(79,1420),(81,1542),(88,1352)]	15.085564
687	[(13,2235),(56,1516),(77,2483),(83,2085)]	15.214534
688	[(1,712),(13,1175),(19,1616),(29,1171),(37,1055),(38,1816),(46,318)]	14.869527
689	[(68,1384),(80,1303),(85,1579)]	15.199709
690	[(8,2373),(17,399),(21,3044),(23,454),(52,2665)]	15.116690
691	[(24,2099),(26,814),(86,1882),(92,2845)]	15.024847
692	[(6,661),(13,692),(51,237),(83,288)]	14.837336
693	[(7,2364),(20,1292),(48,1053)]	14.825714
694	[(12,2980),(52,2138),(75,622)]	14.567791
695	[(50,421),(63,1012),(78,769),(84,443),(86,949)]	14.516418
696	[(4,1214),(5,1186),(15,64),(23,1652),(43,1096),(76,2118),(86,194),(87,2801)]	16.154535
697	[(60,330),(89,767)]	21.220325
698	[(1,2571),(5,179),(17,189),(25,2612),(27,660),(46,1379),(66,488)]	15.171250
699	[(54,2008),(91,1445)]	14.643290
700	[(32,2670),(86,23),(91,2115)]	15.303776
701	[(5,420),(14,2580),(24,510),(29,637),(39,624),(59,2567),(64,169),(77,183),(90,1239)]	16.911892
702	[(9,1475),(32,1388),(45,268),(46,585),(92,576)]	15.050324
703	[(16,2465),(18,834),(26,2266),(28,2043)]	14.625020
704	[(8,1031),(43,451)]	14.486994
705	[(9,647),(33,1354),(44,2996),(47,240),(69,682)]	14.441865
706	[(17,332),(47,1984),(62,210),(83,538),(87,2569)]	14.370209
707	[(0,1720),(1,3040),(15,1929),(47,214),(58,2098),(61,497)]	16.522895
708	[(3,2617),(30,994),(41,2283),(54,1428),(59,171),(79,1563)]	14.675839
709	[(24,1676),(29,697),(45,1656),(48,1570),(58,1070),(70,2791)]	18.045006
710	[(17,371),(30,2875),(60,1905),(76,1530),(92,2310)]	16.324279
711	[(8,762),(21,2695),(46,2210),(57,1377)]	15.560958
712	[(0,3032),(3,2413),(25,631),(50,909),(92,1333)]	14.719546
713	[(0,2208),(32,223),(35,2203),(44,2077),(66,857),(80,1719)]	15.667884
714	[(13,1549),(31,143),(44,34),(92,1574)]	18.770920
715	[(9,2075),(18,1702),(30,901),(86,2539)]	16.888875
716	[(12,1267),(15,670),(35,2937),(51,2439),(85,655)]	15.781602
717	[(14,1364),(40,1299),(55,155),(64,1325),(70,293)]	18.686293
718	[(1,1521),(4,2072),(13,1610),(40,1659),(81,2750)]	14.718979
719	[(25,495),(57,2789),(80,2731)]	14.839008
720	[(13,2978),(59,1906),(77,1789),(84,966),(88,2231)]	14.713825
721	[(25,1965),(60,189),(82,1117),(91,633)]	14.952603
722	[(56,2954),(70,2789),(88,1868),(89,355)]	14.420020
723	[(18,414)]	14.684370
724	[(14,1723),(35,1205),(57,630)]	14.805794
725	[(3,1380),(61,735),(65,3045)]	14.895520
726	[(46,316),(62,1006)]	14.755752
727	[(5,2619),(20,638),(64,1601),(65,1043),(68,2413),(75,1354),(77,1402),(80,1499)]	15.840269
728	[(1,1524),(17,1072),(20,1171),(40,2721),(91,1300)]	14.934390
729	[(10,2664),(22,294),(25,1493),(36,255),(87,2550)]	14.884747
730	[(27,1186),(52,2424),(65,868),(71,1052),(78,2986)]	14.775555
731	[(4,581),(27,1028),(48,1967),(73,844),(86,1899)]	14.927528
732	[(4,365),(50,631)]	14.639236
733	[(22,2478),(75,1123),(78,2887)]	14.939376
734	[(10,669),(18,1511),(47,716),(61,1123),(62,60),(92,898)]	14.756690
735	[(67,1421),(70,816),(71,144)]	14.753579
736	[(13,1635),(54,1670),(84,35),(86,170)]	14.724200
737	[(6,982),(35,1925),(74,1682)]	15.110758
738	[(0,982),(26,1890),(39,2563),(66,2106)]	14.577934
739	[(21,855),(32,1113),(37,1349),(40,1151),(47,1585),(79,2859),(85,1748)]	14.856437
740	[(1,1832),(11,174),(12,928),(28,2992)]	14.530715
741	[(2,1823),(3,425),(13,426),(48,1562),(58,2881),(79,2013),(87,2074),(88,1018)]	16.597482
742	[(0,2742),(46,1509),(71,881)]	14.966096
743	[(65,2097),(67,2669)]	17.690538
744	[(55,531),(74,1479),(77,1494),(91,123)]	14.712312
745	[(1,245),(49,659),(73,1867),(74,2022),(77,1399)]	14.914801
746	[(3,390),(10,713),(15,958),(18,2084),(53,2704),(80,211)]	14.426675
747	[(19,1079),(48,1949),(61,2462)]	14.705540
748	[(8,1745),(18,2555),(39,2943),(78,841)]	16.571402
749	[(17,1868),(36,2825),(46,2556),(74,140)]	30.008634
750	[(4,720),(22,2317),(78,2966)]	18.156624
751	[(8,1971),(15,805),(30,1580),(65,2426),(74,1958),(89,126)]	14.609250
752	[(3,1108),(35,224),(40,1117),(43,1361)]	14.843386
753	[(48,2490)]	14.793325
754	[(0,1020),(10,961),(25,1430),(55,2297),(62,2957),(78,2432)]	14.856770
755	[(12,1120),(23,1250),(84,2118)]	14.475527
756	[(3,1748)]	14.885968
757	[(13,1571),(21,1204),(30,3031),(54,1998),(64,652),(84,2233)]	14.446307
758	[(25,2048)]	14.684946
759	[(5,1945),(6,2421),(31,2308),(48,1542),(73,1617),(85,2056),(86,854)]	15.520268
760	[(2,2747),(11,437),(63,2223),(71,736),(77,2714),(81,1242)]	16.803851
761	[(19,838),(36,2154),(37,463)]	19.927395
762	[(85,3044)]	17.865479
763	[(42,1534),(61,2545),(69,1210),(86,1)]	14.701994
764	[(1,1495),(20,49),(24,718),(29,258),(43,1546),(71,2186),(82,2447)]	16.471323
765	[(3,98),(6,324),(10,2466),(18,1374),(28,441),(48,150),(64,1181)]	16.528728
766	[(12,2463),(20,993),(43,13),(51,421),(71,2819)]	16.387796
767	[(15,1553),(55,695),(91,1992)]	15.581899
768	[(1,2013),(17,2394),(28,1082),(31,209)]	14.619892
769	[(9,2309),(13,1773),(29,2317),(72,1595),(79,1785),(89,3005)]	15.029595
770	[(30,377),(66,914),(75,915),(87,2474)]	14.696228
771	[(43,135),(76,1276),(89,1949)]	16.514865
772	[(74,2157),(76,348),(90,1881)]	15.084900
773	[(1,612),(4,2215),(12,1720),(13,3040),(24,519),(38,1830),(64,2988),(84,226)]	15.848415
774	[(28,2750),(47,1745),(52,1816)]	19.382275
775	[(48,95)]	15.275976
776	[(7,573),(15,2650),(41,1542),(54,1157)]	14.668120
777	[(26,541),(30,2647),(31,2036),(47,1140),(76,1138)]	14.376075
778	[(2,1593),(12,2713),(20,434),(28,1387)]	14.628100
779	[(81,864)]	14.791912
780	[(18,2903),(35,427),(75,99)]	15.054745
781	[(14,1277),(44,2349),(48,1893),(62,1182),(64,769),(78,1561),(79,1648)]	15.376282
782	[(5,2409),(30,2074),(36,2414),(38,2559),(40,752)]	14.476891
783	[(4,388),(13,2911),(30,2729),(39,2190),(58,356)]	15.115282
784	[(1,1928),(15,278),(17,2474),(35,730),(64,1738)]	14.889803
785	[(11,2690),(85,2158)]	15.309728
786	[(26,2204),(33,703),(61,1623)]	14.751851
787	[(1,2276),(15,300),(43,1269),(54,1370),(64,2738)]	14.663393
788	[(36,635),(63,1940)]	14.656717
789	[(28,2051),(33,887),(60,2090),(61,690),(86,2046)]	14.382799
790	[(51,1337),(57,740),(63,1739),(74,1080)]	15.475048
791	[(31,3020),(71,1953)]	14.564538
792	[(11,2939),(85,885),(87,668)]	15.032315
793	[(1,1953),(2,2101),(5,2934),(55,82),(60,492)]	14.569153
794	[(18,526),(21,2149),(34,1260),(36,1971),(53,575),(56,914)]	14.781046
795	[(4,1647),(26,2250),(29,1561),(61,1767)]	15.150555
796	[(36,482)]	14.772693
797	[(34,771),(57,841)]	14.456572
798	[(19,2898),(25,1446)]	14.665756
799	[(15,2847),(29,572),(34,1035),(58,2643),(79,2926)]	15.268293
800	[(4,3007),(30,1418),(31,2262),(36,2189),(62,1051),(64,2213),(79,2494),(81,2436)]	15.467152
801	[(33,227),(39,165),(87,1841)]	15.779578
802	[(91,131)]	14.996486
803	[(5,1141),(20,414),(41,1661),(48,2042)]	14.850937
804	[(31,1848),(35,3034),(44,1370),(58,2221),(64,1783)]	14.683694
805	[(30,2598),(71,735),(75,2601)]	14.518673
806	[(1,310),(19,985),(23,738),(29,1200),(33,1998),(57,1793),(64,2559),(78,524),(79,701),(87,399)]	15.148300
807	[(0,2880),(9,2939),(49,1602),(77,918)]	17.061960
808	[(16,1180),(20,2986),(58,101),(64,486),(75,272),(84,2207),(91,1255)]	14.943734
809	[(48,119),(60,1719),(82,1185)]	14.662587
810	[(4,1019),(25,2368)]	14.571845
811	[(18,625),(51,1563),(86,118)]	14.593473
812	[(9,2864),(11,306),(21,644),(34,1019),(40,2335),(62,2458),(70,2307),(74,1403)]	14.534821
813	[(33,1467),(58,2515),(85,3041)]	14.747189
814	[(42,483)]	15.594617
815	[(11,790),(37,1650),(63,1934),(68,20),(74,1483),(84,197)]	22.066823
816	[(17,2879),(70,2775)]	29.280100
817	[(60,2953)]	15.340497
818	[(12,2319),(15,1363),(87,1164)]	14.699727
819	[(18,2153),(19,210),(40,2090),(42,1321),(46,2085),(48,861),(70,1050),(77,681),(90,38)]	14.802388
820	[(15,516),(28,1641),(51,1178),(55,2589),(72,2733)]	15.502327
821	[(10,2905),(12,2623),(22,2011),(36,1526)]	14.968873
822	[(1,2324),(20,434),(79,2701),(91,1104)]	14.918929
823	[(20,921),(40,859)]	14.626219
824	[(15,2822),(41,353),(49,2841),(71,672)]	16.332912
825	[(1,1056),(21,3008),(43,158),(60,3020),(88,1412)]	20.216076
826	[(6,1544),(25,1841),(41,897),(79,2871)]	14.928823
827	[(4,1555),(6,1176),(9,2456),(15,1317)]	14.594894
828	[(30,2088),(61,2975)]	16.528722
829	[(8,2953),(22,584),(55,810),(57,2521),(88,2540)]	15.610157
830	[(47,190),(51,2750)]	15.538299
831	[(2,406),(39,2243),(46,1760),(57,1957),(70,729)]	14.447009
832	[(26,681),(47,566),(55,1457),(91,1110)]	14.832449
833	[(1,1012),(23,523),(67,212),(74,1684),(87,1531)]	14.549124
834	[(17,2588),(56,1643)]	14.533671
835	[(8,2800),(86,965)]	14.550273
836	[(0,1746),(42,2194),(84,1206),(86,2223)]	14.548500
837	[(41,484),(64,957),(79,2587)]	19.801895
838	[(15,1087),(29,1262),(57,1169),(68,2592),(79,2422),(81,141),(85,1047)]	17.229431
839	[(8,533),(13,2353),(21,706),(34,2642),(76,2612),(83,488)]	15.359945
840	[(5,2879),(24,668),(44,1993),(62,1756),(77,2507)]	15.025120
841	[(26,1660)]	14.560448
842	[(5,1369),(62,938),(82,489)]	14.723087
843	[(40,2989),(56,324),(77,2178),(86,1864)]	25.725244
844	[(65,2571)]	14.865038
845	[(38,609),(46,517),(82,1334)]	14.788285
846	[(83,2044),(84,2970)]	14.445753
847	[(25,2815),(37,2369),(46,2889),(54,97),(58,2832),(81,473)]	15.056264
848	[(46,1168),(53,3028),(69,2949),(74,1056)]	14.940721
849	[(5,1695),(68,1418)]	15.641963
850	[(49,2290),(58,1330),(81,2269)]	14.631160
851	[(3,1159),(22,1645),(29,2811)]	15.425907
852	[(57,1398),(71,2465),(90,432)]	15.371896
853	[(17,481),(25,1196),(51,833),(56,2662),(88,111)]	22.674982
854	[(17,1962),(56,271),(70,554)]	14.479034
855	[(40,732),(65,104)]	14.719623
856	[(63,70),(65,1973),(67,791)]	15.194389
857	[(1,1678),(65,2085),(72,2181),(74,2980)]	14.498400
858	[(24,361),(27,802),(80,2940),(84,1321)]	14.621184
859	[(23,727),(24,1194),(25,2020),(27,513)]	14.570483
860	[(59,1281),(66,2850)]	14.536666
861	[(0,244),(9,1376),(13,2070),(21,794),(33,480),(36,1694),(41,112),(53,1016),(68,3026)]	14.531422
862	[(2,1236),(6,1019),(20,285),(31,1760),(33,2161),(79,2693)]	14.624343
863	[(30,2258),(42,698),(56,1598),(71,940)]	23.860274
864	[(19,1508),(49,545),(57,916),(68,476),(89,825),(92,748)]	31.673021
865	[(2,1449),(45,1850),(54,2186),(86,1458)]	19.322940
866	[(25,456),(35,938),(36,1392),(50,2776)]	14.601113
867	[(32,10),(40,1386),(60,450),(71,2955),(89,889)]	15.128742
868	[(59,2896)]	15.037868
869	[(8,347),(42,651),(69,1334),(71,2079),(77,2057)]	17.762712
870	[(37,1731),(43,1412),(51,1999),(58,1746),(77,1838)]	15.395505
871	[(0,854),(28,1017),(67,2726),(70,359),(74,3041),(83,1983)]	15.074126
872	[(19,1171),(30,388),(31,1656),(85,923)]	14.640735
873	[(6,486),(60,437),(77,709)]	14.524804
874	[(55,2591),(73,2980),(86,1059)]	14.603138
875	[(2,1703),(19,2287),(31,859),(60,1440),(70,1864),(78,511)]	14.722249
876	[(9,1405),(32,1391),(44,205),(57,2654),(65,1031),(68,295),(79,1225),(87,2536)]	23.746105
877	[(7,1647),(40,955),(87,1858)]	15.304090
878	[(10,2882),(80,2905)]	14.394087
879	[(12,1703),(14,1509),(17,1967),(67,2683)]	29.589007
880	[(10,1610),(11,436),(30,797),(37,1409),(39,2404),(68,2610)]	19.178582
881	[(7,2022),(49,2529)]	16.587652
882	[(25,2237),(69,391),(74,2808),(83,2753)]	16.367676
883	[(5,398),(20,2805),(27,1091),(59,2265),(68,1461),(91,607)]	14.665632
884	[(4,1726),(14,2270),(42,1889),(71,1895),(76,2858),(83,3000)]	14.563519
885	[(18,3032),(49,1876),(57,1636)]	22.051868
886	[(0,982),(54,2523),(89,2720)]	32.533608
887	[(3,1330),(30,537),(41,2049),(77,2191)]	31.733255
888	[(13,1189),(36,1404),(42,1800),(46,2055),(50,1077),(56,2983),(58,1603),(63,237)]	31.364466
889	[(12,294),(43,1744),(68,2510)]	29.954426
890	[(11,3019),(37,210),(53,1889),(70,1215),(83,1629),(85,1372)]	20.848013
891	[(18,1143),(24,2487),(58,413),(74,288),(89,2275)]	14.672043
892	[(4,886),(13,466),(43,1106),(50,1556),(67,2395)]	14.804597
893	[(4,2657),(22,2410),(85,2353)]	14.964454
894	[(46,2101),(56,1035),(60,1656),(67,2463),(81,565),(83,2732),(86,1411),(90,647)]	15.578587
895	[(70,1000)]	19.181093
896	[(8,76),(33,457),(49,1029),(65,1837),(77,321)]	14.933837
897	[(7,1164),(46,611),(89,2317),(92,1683)]	14.989776
898	[(42,1907),(67,329)]	15.288830
899	[(13,2591),(42,1680),(59,1833),(73,875)]	15.249429
900	[(27,2441)]	15.362336
901	[(0,2481),(57,2443),(69,1675),(84,2375)]	15.218407
902	[(3,2497),(23,2682),(31,1283),(42,1655),(43,1694),(46,149)]	14.943779
903	[(16,1456),(31,525),(39,2950),(53,2397),(60,1769),(63,1762)]	14.687119
904	[(52,564)]	14.655675
905	[(54,2433)]	14.832211
906	[(5,2705),(25,1243)]	14.664452
907	[(24,1896),(33,152),(39,919),(75,179)]	14.549877
908	[(23,922),(34,45),(35,669),(42,2297),(43,2079),(47,2001)]	14.734130
909	[(39,2277),(48,981),(59,614),(67,541),(77,1015)]	16.705100
910	[(14,2504),(23,797),(33,2752),(56,1513)]	14.579983
911	[(24,2958),(38,830),(52,721),(67,2149),(73,206),(74,575),(77,672)]	14.514364
912	[(49,1649),(65,816),(66,144),(82,1934),(87,1753)]	14.535649
913	[(13,1936),(21,1227),(29,1492),(50,2314),(54,2934),(59,2189),(61,799),(78,2388),(81,2409)]	14.807763
914	[(49,1898),(91,338)]	15.882874
915	[(8,975),(20,299),(22,39),(24,2075),(41,51)]	15.022737
916	[(21,880),(29,1640)]	17.263180
917	[(15,95),(57,2838)]	14.986256
918	[(7,2097),(59,802)]	14.678310
919	[(14,2942),(39,1257),(48,1390),(53,290),(57,1175),(67,1007),(75,2394),(86,285),(87,344)]	14.630490
920	[(10,1555),(12,1176),(21,2918),(41,967),(45,1257),(49,546)]	14.930959
921	[(5,2064),(41,133),(46,2694)]	14.671483
922	[(9,2375),(30,1090),(48,451),(64,1124),(65,978)]	14.589964
923	[(25,112),(32,1715),(54,1235),(61,1016)]	14.642910
924	[(1,2078),(10,2292),(18,2976),(24,2205),(26,2282),(69,1978),(86,2548)]	14.860070
925	[(14,259),(41,985),(62,2412),(78,923),(83,961),(84,828),(89,685)]	14.680431
926	[(5,1288),(20,1315),(33,862)]	14.417838
927	[(46,1393),(53,2325),(85,3034)]	14.577094
928	[(7,1445),(19,85),(26,1830),(39,1944),(59,469),(68,1722)]	17.338818
929	[(2,2301),(26,2188)]	14.987864
930	[(35,2716),(61,2771),(77,1705),(91,475)]	14.783099
931	[(22,2469),(70,781),(79,479)]	14.482304
932	[(27,73),(42,2766),(46,2711),(74,428)]	14.635439
933	[(8,274)]	14.707104
934	[(4,2853),(39,1356),(69,408),(83,2295)]	14.863776
935	[(64,292)]	14.476143
936	[(9,851),(12,1018),(15,2144),(19,2773),(63,1012),(75,2703),(81,1772),(91,2189)]	17.250376
937	[(12,68),(33,1059),(42,2298),(47,1268),(60,863),(76,1191),(90,726)]	16.047550
938	[(6,2432),(82,1043)]	14.701727
939	[(27,1235),(64,801)]	14.899317
940	[(30,1061),(61,2353)]	14.631309
941	[(47,558),(59,1147),(66,2867),(79,2109)]	29.247937
942	[(50,988),(57,2453)]	20.213240
943	[(15,1926),(17,1977),(22,1546),(61,2733),(65,2861),(66,771),(84,2593),(91,2732)]	14.522988
944	[(16,1574),(42,2291),(63,1384)]	14.957115
945	[]	19.407886
946	[(27,2208),(29,1588),(31,529),(32,908),(51,2204),(84,827),(88,1629),(90,1372)]	16.877486
947	[(36,764),(55,782),(56,2161),(64,749),(77,111),(90,816)]	15.185671
948	[(19,2411),(46,897),(69,1114),(87,1675)]	14.683090
949	[(7,625)]	15.033005
950	[(6,1),(9,1710),(28,1523),(54,605),(70,2066),(78,28),(88,2244)]	14.868599
951	[(23,1655),(24,943),(60,2097),(66,2544)]	14.846979
952	[(1,2067),(75,2519),(80,2848)]	14.875549
953	[(3,1397),(4,2366),(23,1919),(29,374),(74,376),(86,2674)]	14.640332
954	[(42,1369)]	14.686939
955	[(5,1018),(18,1600),(76,2921),(79,1945)]	14.813812
956	[(29,1533),(46,2069),(51,39),(53,1766),(62,3019)]	14.678593
957	[(18,688),(62,1251),(69,2360),(87,1960)]	14.519421
958	[(23,405),(40,2600),(49,1511),(78,2556),(82,2079)]	14.712656
959	[(16,598),(31,2757),(38,2836),(82,120),(92,399)]	14.538694
960	[(36,1573),(71,1340)]	17.646884
961	[(46,2172),(55,973)]	15.240527
962	[(15,186),(20,2812),(24,2669),(48,735),(49,1646),(54,2117)]	16.579256
963	[(7,2421),(11,1817),(21,1887),(36,613),(59,866),(88,646)]	14.981749
964	[(27,171),(55,1422),(73,1469),(80,2074),(87,2222),(91,2773)]	15.547231
965	[(41,1053),(53,1484),(62,1455)]	15.007807
966	[(39,2087),(42,1872),(85,547),(87,1103)]	14.629492
967	[(40,1396),(46,700)]	14.691117
968	[(12,660)]	14.818202
969	[(40,652),(41,2276),(50,1191),(53,972),(59,278),(77,2772),(81,219)]	14.433546
970	[(11,2247),(12,1866),(39,2777),(80,1703),(86,639)]	14.918493
971	[(14,47),(47,2021),(51,1832),(64,2852),(68,377),(71,145),(91,2643)]	14.643309
972	[(65,1088),(90,2794)]	14.934031
973	[(11,704),(29,2684),(45,1327),(49,2953),(57,2878),(74,455),(92,1965)]	14.965680
974	[(0,480)]	14.577041
975	[(1,2866),(13,1227),(40,1907),(46,651),(69,2736),(74,228)]	14.699184
976	[(15,1696),(20,2190),(31,908),(44,1819),(79,1107),(82,266)]	14.878876
977	[(3,2730),(51,1879),(89,2477),(91,2434)]	14.492713
978	[(9,1797),(32,2952),(34,1362),(90,671)]	14.862025
979	[(20,2453),(54,1781),(56,2731)]	14.679268
980	[(10,2012),(11,1866),(14,100),(30,253),(35,867)]	14.574567
981	[(43,1551)]	14.469583
982	[(16,1213)]	14.716638
983	[(2,2956),(11,886),(25,1438),(50,1617),(73,473)]	14.867808
984	[(79,2683),(84,1845)]	15.030961
985	[(39,1897)]	14.593852
986	[(22,155),(33,1208),(38,118),(55,1320),(56,798),(89,43)]	14.912980
987	[(2,2061),(25,654),(27,1274),(37,907),(51,2874),(76,2766),(80,321),(86,2017)]	14.527450
988	[(29,1274),(64,9),(72,1469)]	14.729543
989	[(10,2921),(27,2699),(41,1361)]	14.775752
990	[(12,1904),(21,1394),(24,2663),(47,2822),(52,2461),(59,2004),(69,20)]	14.428041
991	[(7,2127),(35,1681),(41,602),(88,604)]	14.598722
992	[(8,2582),(25,2701),(51,2673),(89,1798)]	14.374166
993	[(24,730),(33,990),(49,165),(77,2689)]	16.314331
994	[(33,1776),(46,2911),(55,1067),(73,407)]	15.869048
995	[(0,82),(8,3010),(14,164),(39,1406),(43,2099),(73,1615),(76,2768)]	14.677965
996	[(0,1027),(24,1967),(31,1439),(64,2269),(68,50),(74,465),(78,2424),(85,255)]	14.565677
997	[(18,1152),(33,176),(65,1804),(67,1262),(68,3023)]	14.544125
998	[(19,912),(60,2989),(79,2617)]	14.369465
999	[(89,3041)]	15.095234
