ruleset_index	matches	time_ms
0	[(31,1992)]	13.637011
1	[(33,541),(39,487),(64,1877),(77,1807)]	14.760784
2	[(81,859)]	14.743259
3	[(18,2242),(21,2236),(29,1575),(60,1663)]	15.856581
4	[(12,2304),(57,749),(61,1381),(70,60),(82,304)]	13.352124
5	[(25,1872),(62,698),(76,205)]	13.597609
6	[(21,2285),(29,108),(40,2182),(65,2286),(84,1658)]	13.255638
7	[(29,280),(38,576),(41,366),(75,816),(77,347),(79,2029)]	13.398415
8	[(14,672),(35,1042)]	13.328834
9	[(18,1679),(25,558),(43,350),(46,1831),(65,2265),(79,2083)]	13.171997
10	[(33,2050),(40,683),(41,711)]	13.610715
11	[(14,908),(47,2289),(92,775)]	14.033611
12	[(5,1062)]	13.405372
13	[(45,1002),(46,1858)]	13.188141
14	[(14,866),(43,388),(65,1379),(76,1136)]	13.457174
15	[(4,1040),(60,1198),(66,482)]	13.872281
16	[(61,465),(66,1208)]	13.559743
17	[(16,989),(44,480),(51,1396),(55,1636),(61,1898),(63,2266),(83,10),(89,1656)]	13.143768
18	[(34,1949),(45,315)]	13.188097
19	[(1,149),(9,1895),(21,1774),(29,352),(46,1286),(71,626)]	13.382727
20	[(5,811)]	13.172124
21	[(2,1026),(8,1952),(84,1709),(85,1468)]	13.536986
22	[]	13.763813
23	[(69,654),(71,1822),(80,241)]	13.236906
24	[(68,2174),(74,931)]	13.041048
25	[(35,2306),(46,2175),(49,1332),(79,2050),(85,1789),(87,1259)]	14.190792
26	[(11,1695),(20,177),(36,1392),(41,219),(47,1925),(66,636),(84,187)]	14.865872
27	[(0,1844),(35,215)]	13.143315
28	[(30,1417),(51,1962),(60,1058)]	13.603629
29	[(46,696)]	13.505272
30	[(4,1322),(26,297),(28,1581),(51,2053),(63,593),(73,1026)]	18.314305
31	[(16,680),(37,2303),(52,123),(60,1486),(63,843),(75,1137)]	15.430248
32	[(10,1632),(18,2054),(23,1704),(90,1651)]	13.727376
33	[(3,441),(5,214),(56,1148),(63,1729),(82,529)]	12.991727
34	[(47,1454),(73,1180),(75,2079)]	13.040633
35	[(13,2207),(27,1050),(66,1099),(73,1227),(91,716)]	12.967940
36	[(32,1578),(58,630),(68,36)]	13.010146
37	[(13,829),(54,543),(70,1050),(89,245)]	13.898590
38	[(7,450),(50,2132),(56,214),(81,464)]	13.305064
39	[(36,1285),(49,1519),(88,529),(89,1681)]	13.345615
40	[(15,1836),(19,1944),(43,74)]	13.118411
41	[(15,377),(27,1335)]	13.424545
42	[(8,1820),(10,2289),(29,2283),(46,1783),(77,1308)]	13.067576
43	[(68,1258)]	12.997901
44	[(4,1067),(18,528),(32,1879),(78,1857)]	13.291352
45	[(8,1054),(20,2011),(36,1638),(55,338),(64,180),(75,1344),(81,1718)]	13.210458
46	[(7,738),(65,1160)]	13.216321
47	[(0,525),(11,600),(74,2158),(77,1310)]	13.103930
48	[]	13.206846
49	[(13,1816),(15,83),(17,103),(19,1766),(67,1713),(92,2007)]	13.237422
50	[(33,1560),(53,166),(81,2228),(88,597)]	13.927658
51	[(2,533),(67,926)]	13.485506
52	[(15,1160),(19,1619),(65,84),(89,1487)]	13.142831
53	[(69,189),(80,1507)]	13.180701
54	[(55,1709),(61,2201),(74,287),(76,701)]	13.381894
55	[(12,406),(49,269),(64,683),(65,711),(88,99)]	13.809630
56	[(2,1901),(21,2209),(45,733),(52,1236),(66,1428),(78,600),(89,793),(90,947)]	13.550700
57	[(19,408),(47,2320),(52,1397),(79,1128)]	20.314972
58	[(37,1443),(46,2069),(79,1182),(88,453),(92,401)]	26.909963
59	[(29,1685),(48,920),(52,1913),(87,1559)]	13.849258
60	[(8,1050),(25,2255),(34,1276),(83,1844),(86,777)]	13.729716
61	[(36,2150),(49,1824),(92,87)]	13.053721
62	[(37,2141),(69,1424),(76,1736)]	13.137444
63	[(27,449),(36,2211),(44,1504)]	12.981293
64	[(4,705)]	13.034492
65	[(42,342),(71,202),(78,1546),(80,2259)]	13.101538
66	[(15,1721),(31,2167),(59,437)]	13.530626
67	[(2,2279),(26,1420),(42,1579)]	15.846290
68	[(3,1306),(9,2171),(31,8),(47,2178),(48,1358),(64,151),(79,145),(80,424),(87,923)]	15.227014
69	[(42,2323),(43,828),(73,1941),(77,16)]	13.853395
70	[(7,1817),(10,466),(57,742)]	13.052753
71	[(21,2175),(41,2223),(76,2050),(82,410),(92,1443)]	13.469531
72	[(26,784),(59,301),(74,1663),(84,163),(86,142)]	14.114674
73	[(86,1226)]	13.132445
74	[(32,870),(37,1242),(73,575)]	14.468539
75	[]	13.771813
76	[(3,143),(33,760)]	13.233416
77	[(11,2310),(81,1157),(82,796),(85,158)]	13.304632
78	[(2,761),(9,969),(53,2253),(70,2194),(77,902),(81,707),(87,1587)]	12.991647
79	[(15,731)]	13.231800
80	[(48,1943),(72,2274)]	13.333340
81	[(2,1633),(30,1111),(61,130),(80,334),(88,115)]	13.185446
82	[(11,107),(30,1668),(36,1996),(42,1392)]	13.531189
83	[(68,1775)]	13.532345
84	[(20,1677),(57,1310)]	13.725622
85	[(13,1631),(33,1135),(53,1340)]	13.592079
86	[(31,1721),(55,1365),(81,1623),(82,971)]	13.197509
87	[(0,323),(27,319)]	13.317895
88	[(3,982),(14,1999),(15,2100),(48,1589),(79,2278)]	13.454950
89	[(31,569),(56,1953),(63,1073),(74,1206)]	13.242631
90	[(2,1776),(52,1708)]	13.245112
91	[(44,1970),(90,41)]	13.215755
92	[(51,492)]	13.401249
93	[(9,302),(69,535),(81,25),(82,123)]	13.028078
94	[(48,593)]	13.811159
95	[(5,1333),(14,725),(22,407),(25,817),(37,181),(52,811)]	12.948596
96	[(3,399),(17,2225),(42,1628),(58,2281),(69,121)]	13.536075
97	[(3,613),(43,657),(52,648),(80,585),(89,1994)]	13.864442
98	[(32,571),(72,903)]	13.188429
99	[]	13.219739
100	[(39,1507),(66,50),(74,1398),(79,1283),(81,2312)]	14.255524
101	[(11,2012)]	15.226357
102	[(26,331),(34,1217)]	17.280525
103	[(50,118),(79,1778)]	16.620116
104	[(0,455),(3,1116),(35,2189),(53,2200),(85,987)]	13.315913
105	[(29,1452),(38,1001),(52,1995)]	13.334153
106	[(55,941)]	13.462003
107	[(42,771),(43,2080),(64,718),(89,297)]	13.760314
108	[(19,1083)]	13.380372
109	[(19,2113),(49,384),(80,210),(87,13)]	13.074532
110	[(19,1208),(65,277)]	13.104789
111	[(4,1045),(48,2283),(75,386),(80,748)]	13.433565
112	[(15,1021),(39,1264)]	13.145323
113	[(19,64)]	13.979071
114	[(19,1741),(73,2194),(74,309)]	13.981869
115	[(18,1304),(84,1126)]	14.584878
116	[(27,886),(48,2094)]	13.687845
117	[(21,1931),(57,854),(68,126),(71,976),(78,1233)]	16.926078
118	[(1,868),(8,106),(14,714),(37,2130),(48,1922)]	13.726438
119	[(14,1329),(58,624),(73,1398),(86,501)]	13.857469
120	[(37,1487),(73,2214),(78,106),(89,97)]	13.821121
121	[(6,2318),(9,1325),(19,607),(35,422),(83,1375)]	14.179861
122	[(26,937),(71,1793),(76,736),(84,583),(89,337)]	13.763347
123	[(32,1441),(90,182)]	13.317294
124	[(2,72),(23,1431),(59,1249),(70,818)]	13.606688
125	[(5,2144),(14,2001),(44,2137),(62,1913),(81,2179)]	13.264363
126	[(4,2075),(16,494),(33,6),(85,550)]	14.054931
127	[(38,254),(51,2291),(59,1791),(77,2263),(89,1092)]	12.945515
128	[(64,1508)]	13.143700
129	[(6,2237),(18,1254)]	16.323229
130	[(8,276),(64,1317),(83,2039)]	29.928538
131	[(80,1951),(88,1166)]	26.544013
132	[(7,1320),(34,1998),(38,1714),(81,1056),(90,331)]	22.525712
133	[(64,1019)]	13.571512
134	[(23,1894),(66,88)]	13.673413
135	[(10,1506),(36,393),(66,1897),(75,1595)]	14.159994
136	[(37,1537),(61,1109)]	13.490252
137	[(3,610),(59,1580),(77,1375)]	15.601336
138	[(4,1804),(8,1124),(9,1212),(13,602),(43,562),(44,157),(49,1776)]	15.801770
139	[(74,1705)]	14.262862
140	[(6,1301),(33,227),(41,2318),(84,44)]	13.589912
141	[]	13.228215
142	[(11,964),(41,728),(91,2069)]	13.467484
143	[(4,2062),(14,421),(81,2180)]	13.010885
144	[(32,173),(41,788),(58,2119),(72,1470)]	13.075033
145	[(5,573),(61,1181),(74,1144),(83,2153),(85,765),(92,1531)]	13.067668
146	[(12,83),(18,520),(40,182)]	13.365572
147	[(28,1458),(33,744),(63,2324),(64,2101),(65,197),(67,1588)]	13.129157
148	[(39,691),(44,474),(49,1154),(54,1809),(85,1716)]	13.087454
149	[(17,1069),(28,1318)]	15.407851
150	[(20,911)]	13.068631
151	[(47,2203),(63,1431)]	13.052398
152	[(27,205),(75,963),(89,2253)]	13.270449
153	[(7,4),(21,2096),(54,1945),(55,653),(80,942)]	13.863181
154	[(5,1583),(23,2120),(60,1597)]	13.305393
155	[(22,519),(32,580),(54,198),(65,1680),(91,1295)]	13.122820
156	[(14,348),(30,99)]	13.087488
157	[(4,414),(16,2281),(45,1976),(54,314),(81,1647),(91,244)]	14.171967
158	[]	13.452347
159	[]	13.940195
160	[(62,1468),(75,419)]	13.133163
161	[(17,1304),(53,527),(92,1203)]	13.175630
162	[(4,584),(12,1490),(48,2318),(92,478)]	13.577935
163	[(2,621),(41,900),(47,841)]	14.088278
164	[(31,1786),(92,1031)]	14.563869
165	[(26,726),(39,482),(41,654)]	13.307576
166	[(26,1751),(38,888),(69,1653),(78,1404)]	13.451047
167	[(31,804),(44,183),(84,2309)]	13.245111
168	[(9,273),(22,961),(29,2087),(39,534),(44,659),(52,1920),(54,1918),(82,1431)]	13.919436
169	[(44,281),(52,54),(55,355),(61,1499)]	13.620138
170	[(10,1119),(37,2289),(64,1086),(66,475)]	13.154336
171	[(2,2116),(71,2022),(79,744),(88,409)]	16.397840
172	[]	18.851565
173	[(22,2070),(47,1082),(50,46),(52,801)]	13.737258
174	[(0,18),(21,176),(32,169),(43,1936)]	13.534299
175	[]	13.633005
176	[(13,1423),(25,373),(30,1861),(35,2238),(69,322)]	13.086873
177	[(43,1789),(89,371)]	13.099222
178	[(21,112),(57,627),(77,1709)]	13.242041
179	[(0,66),(13,672),(46,595)]	12.986382
180	[(7,1404),(38,1468),(63,1171),(91,1789)]	13.056427
181	[(5,2294),(26,2281),(60,1610),(82,1020)]	13.822122
182	[(41,1674),(77,23)]	13.069220
183	[(16,274),(40,1822),(42,1442),(48,512),(76,992),(79,522)]	13.434363
184	[(80,1300),(88,615)]	12.973589
185	[(62,2218),(73,1837),(81,1498)]	13.395095
186	[(1,383)]	14.023327
187	[(13,1564),(29,1962),(43,1469),(85,2138),(88,74)]	13.343489
188	[(64,1824)]	13.203532
189	[(42,408),(44,2279),(67,454),(71,410),(74,1833),(86,1585),(91,1415)]	13.659836
190	[(11,550),(27,816),(36,1048)]	14.018352
191	[(46,211),(86,412)]	14.322700
192	[(16,623),(30,513),(43,1785),(72,173)]	13.254802
193	[(0,1787)]	14.161682
194	[(16,2216),(23,1689),(32,1372),(33,367),(85,859),(90,1698)]	13.184417
195	[(24,1886),(48,583),(87,196),(91,1187)]	13.257746
196	[(19,1435),(39,428),(42,2131),(43,1289),(60,1268)]	13.456411
197	[(14,1790),(69,1946)]	13.092458
198	[(68,418),(83,218)]	13.288947
199	[(11,1155),(26,492),(63,1946),(64,2264)]	13.982780
200	[(18,223),(20,1909),(31,502),(41,1796),(64,1532),(66,332)]	14.114070
201	[(52,1512),(64,559),(81,194)]	12.972790
202	[(23,1240),(33,1321),(55,1011),(76,606),(83,1028)]	13.204117
203	[(15,1477),(35,2257),(43,1908),(83,2054),(85,1361)]	12.907014
204	[(21,357),(33,879),(41,1038),(84,763)]	14.367606
205	[(49,368),(63,919),(76,2279)]	16.894434
206	[(20,664),(24,2300),(27,778),(28,126),(62,1304)]	26.759797
207	[(63,167)]	15.162516
208	[(18,1788),(69,520),(89,248)]	13.197305
209	[(22,1739),(73,2000)]	15.373823
210	[(9,655),(72,662),(92,224)]	15.388197
211	[(10,510),(15,325)]	13.363585
212	[(29,571),(38,443),(39,1150),(52,801)]	13.239534
213	[(1,1740),(6,503),(32,1010),(51,418)]	13.045002
214	[(50,1637),(51,104)]	14.214495
215	[(33,407),(46,6),(53,1163),(75,316),(84,764)]	13.550104
216	[(38,723),(68,358),(84,946),(86,433)]	15.652931
217	[(0,1278),(8,1974),(36,1407),(63,2059),(70,2195),(91,713),(92,898)]	13.465236
218	[(91,1165)]	13.189085
219	[(24,448),(88,1476)]	12.982559
220	[(45,1493),(56,380),(62,1979),(65,1157),(72,1868)]	13.024520
221	[(17,1912),(52,716),(60,345),(80,1534),(83,1490),(85,673),(87,1732)]	13.224634
222	[(12,2014),(24,223),(25,821)]	13.028599
223	[(4,2155),(15,1497),(63,958),(71,1857)]	13.341878
224	[(53,2145)]	13.921874
225	[(78,1658)]	13.328485
226	[(12,1031),(75,26)]	13.047402
227	[(0,55),(1,225),(60,978),(75,746)]	13.059880
228	[(25,921),(85,542)]	13.174935
229	[(88,1251)]	13.032790
230	[(58,2190),(73,1324),(78,1240),(81,1017)]	13.186551
231	[(22,226),(84,198),(86,733)]	13.105770
232	[(13,259),(19,922),(35,191),(43,811),(48,1273)]	13.759009
233	[(0,1516),(58,691)]	13.387289
234	[(9,1728),(32,1332),(39,1740),(77,2134)]	12.991006
235	[(6,32),(82,1624)]	13.450834
236	[(58,2230),(85,1299)]	13.838786
237	[(23,1641)]	13.556735
238	[(0,2181),(6,1420),(14,376),(18,467),(51,71),(61,610)]	13.929882
239	[(18,187),(27,1512),(51,902),(85,195)]	15.642993
240	[(39,1528),(54,127)]	14.049430
241	[(6,1746),(69,343),(84,809)]	13.979562
242	[(10,1082),(13,1059),(30,703),(44,2272),(73,1621),(88,85),(89,13)]	13.506732
243	[(4,2323),(12,894),(16,1673),(55,364),(89,2185)]	15.621327
244	[(22,2007)]	17.644396
245	[(9,1790),(16,1241),(48,165),(60,1906),(66,985),(83,378)]	14.340854
246	[(7,1625),(20,596),(80,2193)]	13.169095
247	[(66,1076),(79,1081)]	13.189943
248	[(3,1645),(5,2288),(31,2100),(49,199),(50,1254),(68,2287),(86,2290)]	13.279133
249	[(2,236),(23,810),(27,428),(34,1848),(52,2234),(65,336),(72,1422),(91,1278)]	13.147211
250	[(24,997),(92,2213)]	14.152088
251	[(81,1707),(83,849)]	13.022885
252	[(9,239),(18,2061),(50,717),(74,1064),(80,1335)]	13.419639
253	[(2,1862),(55,912),(60,2143)]	13.007413
254	[(6,1911),(28,805),(38,632),(56,909)]	13.035327
255	[(57,1204)]	13.930240
256	[]	13.136442
257	[(91,415)]	13.174516
258	[(4,1403),(17,1950),(91,1656)]	13.116530
259	[(30,2182),(36,704),(48,671),(54,2124)]	13.165170
260	[(2,1762),(35,962),(48,1407),(84,569)]	13.444582
261	[(0,2114),(10,2062),(11,250),(63,68),(91,428)]	13.191136
262	[(36,703),(63,2305)]	13.421806
263	[(11,419),(23,738),(33,1204),(35,433),(42,1289)]	13.497734
264	[(22,1037),(52,1963)]	13.524568
265	[(70,403),(85,100)]	13.173164
266	[(37,915)]	12.996150
267	[(8,1607),(52,748)]	13.331249
268	[(25,647),(55,2310),(72,340),(87,1942)]	13.375672
269	[(22,295),(32,1138),(33,307),(42,846),(61,1924),(69,586)]	12.919779
270	[(13,128)]	13.000249
271	[(25,1381),(36,911),(55,1213),(74,1606)]	13.562522
272	[(66,1500)]	13.365839
273	[(0,1215),(24,1394),(29,2115),(30,1222),(56,1328),(59,635),(60,1033),(71,1202),(89,422)]	12.992212
274	[(16,1424),(74,1274),(80,2220)]	13.148739
275	[(12,2025),(17,1329),(25,768),(75,2319)]	13.148152
276	[(4,904),(22,1561)]	13.236868
277	[(51,461),(74,936)]	13.700053
278	[(53,2167),(61,1308),(70,196),(84,187)]	13.239312
279	[(32,1005),(34,2298),(38,1556),(71,893),(91,2099)]	13.211183
280	[(33,1346),(50,2196),(64,1418)]	15.454580
281	[(44,1645),(74,779)]	26.378126
282	[(10,349),(27,29),(61,696),(76,1682)]	19.237921
283	[(1,1245),(35,728),(53,2019),(82,1414),(89,1092)]	15.224404
284	[(36,674),(45,144),(50,1094),(87,1581),(90,1046)]	13.641165
285	[(64,1708),(67,1956)]	13.053550
286	[(7,343),(25,2286)]	13.369281
287	[(59,471),(61,324),(67,1828),(78,1212),(82,34)]	13.737142
288	[(25,1328)]	13.730249
289	[(21,1045),(25,936),(58,1551)]	13.182852
290	[(92,1357)]	13.348113
291	[(82,692)]	13.155655
292	[(8,1728),(19,1940),(22,1851),(37,647),(45,2122),(68,316)]	13.144166
293	[(2,1449),(46,400),(49,483),(57,1713),(81,235)]	13.067041
294	[(12,860),(28,2271),(31,1152),(40,866),(63,6)]	13.261562
295	[]	13.193935
296	[(11,283),(36,1249),(40,1444)]	13.227453
297	[(31,1368),(55,1525)]	13.904695
298	[(8,1983),(47,1450)]	13.369916
299	[(10,729),(21,514),(35,795),(71,1564),(85,141)]	13.291225
300	[(12,897),(14,1435),(39,2111)]	13.689606
301	[(4,2045),(17,514),(28,1654),(55,1203)]	13.720169
302	[(20,1180),(33,2059),(63,1702),(65,1008),(66,1478),(89,555)]	13.617302
303	[(11,1721),(18,306),(43,566),(52,1108),(61,380),(70,1488),(77,1533)]	13.128260
304	[(26,639),(36,720),(77,297),(84,52)]	13.509504
305	[(70,856),(78,1019)]	13.352361
306	[(7,2103),(50,2169),(83,15)]	13.693841
307	[(14,167),(72,1755),(75,1835)]	13.459623
308	[(27,271),(76,1034),(88,1221)]	13.585481
309	[(75,1247),(88,2209)]	13.477255
310	[(59,820),(79,1551)]	14.475687
311	[(42,490),(51,314),(81,1748)]	15.016277
312	[(33,128),(37,1387),(42,158),(77,1257)]	13.458447
313	[(34,1633),(35,939),(39,895)]	13.631440
314	[(7,400),(41,39)]	13.200513
315	[(34,69),(36,1402)]	17.466240
316	[(3,1978),(14,1163),(39,2074),(67,423),(81,962),(86,2284)]	18.248772
317	[(30,2158),(67,1345)]	14.717734
318	[(31,2232),(42,2108)]	13.167595
319	[(0,1646),(6,1787),(45,1244),(77,1120)]	12.971431
320	[(3,869),(8,995),(18,1596),(63,2128),(73,1202)]	16.197441
321	[(17,1120),(20,2028),(34,1227),(49,1491),(62,112),(81,111),(89,621)]	13.465946
322	[(25,562),(50,473),(54,2249),(69,345)]	13.232923
323	[(42,1155),(47,388),(79,2103),(84,2299)]	13.019317
324	[(1,1842),(45,1265),(47,2134),(55,1384),(73,526),(81,684),(87,1602)]	13.041914
325	[(28,379),(31,768),(61,127),(76,603),(80,356),(85,2175)]	13.108536
326	[(5,1427),(16,364),(47,2211),(50,1125),(88,480)]	12.942590
327	[(11,1444),(38,620),(82,148)]	13.072716
328	[]	13.207051
329	[(8,1459)]	13.160125
330	[(39,566),(47,2165),(61,848),(70,1977),(88,2131)]	13.457266
331	[(22,1321),(80,1970)]	13.074780
332	[(1,1311),(15,733),(19,467),(34,321),(37,1230),(59,1232)]	13.682215
333	[(62,67)]	13.520808
334	[(1,1645),(17,1485),(66,349),(73,2083)]	13.446294
335	[(41,1703)]	14.079145
336	[(13,60),(15,313),(19,561),(21,468),(39,46),(50,1115),(54,1148),(65,128)]	13.238770
337	[(0,1737),(87,768)]	13.219359
338	[(41,2071),(62,977)]	13.379802
339	[(6,1190),(13,1346),(20,1510),(22,1081),(59,1223),(60,263)]	13.154516
340	[(28,1476),(50,733),(75,457),(81,1821)]	13.411194
341	[(43,487)]	13.089503
342	[(3,716),(20,2224),(32,389),(67,416)]	13.133358
343	[(15,608),(80,1466)]	13.095768
344	[(3,1284),(37,912),(46,290),(92,872)]	12.949831
345	[(1,328),(20,957),(39,1351),(42,173),(47,164),(76,172)]	15.413953
346	[(16,2160),(18,1553),(50,280)]	13.477716
347	[(29,1867)]	13.279190
348	[(1,2205),(12,336),(36,1638),(43,423)]	13.765628
349	[(43,1081),(51,22),(52,1635)]	13.549743
350	[(6,25),(80,894)]	13.551718
351	[(35,1056),(39,461)]	13.548279
352	[(5,546),(74,2111)]	14.541610
353	[(26,2203)]	13.355344
354	[(55,907),(67,841),(75,2116)]	13.048295
355	[(64,852)]	26.550888
356	[(55,1305)]	23.365361
357	[(0,74),(4,1207),(10,1016),(14,573),(61,1745),(77,451)]	14.057994
358	[(11,924),(26,161),(55,1442),(78,910)]	13.530512
359	[(1,1999),(12,511),(15,1129),(40,1592),(43,355),(53,2241),(54,399),(62,1071)]	13.257119
360	[(27,1546),(50,1342)]	13.079449
361	[(10,1155),(24,1122),(27,1663),(29,419),(37,841),(71,1518)]	13.189953
362	[(13,2003),(68,1263)]	13.283218
363	[(10,545),(22,1435),(35,668),(36,1781),(41,2184)]	13.428265
364	[(13,2174),(72,1540),(87,1773)]	13.024128
365	[(25,2246)]	13.462081
366	[(7,817)]	13.247048
367	[(34,1500),(89,1531)]	12.970703
368	[(57,302),(78,2161)]	13.108902
369	[(6,440),(79,13),(87,669)]	13.753066
370	[(5,1985),(25,2043)]	13.285398
371	[(16,1239),(25,1538)]	12.982156
372	[(20,126),(37,796),(47,2108),(66,1861),(71,1783)]	13.070955
373	[(0,1215),(5,798),(71,43),(74,1493)]	13.351423
374	[(20,739),(23,2279),(78,1897)]	13.136109
375	[(2,964),(26,2189),(30,2263),(63,382),(78,1595),(82,634)]	13.321385
376	[(5,1031),(12,417),(92,1494)]	13.693358
377	[(3,656),(8,1826),(43,1661),(50,515),(89,140)]	13.095088
378	[(25,552),(26,1636),(27,313),(30,1398),(70,1961)]	13.273217
379	[(4,2311),(6,960),(38,1313),(40,1019),(59,1383),(90,511)]	13.232982
380	[(4,2296),(9,1920),(25,687)]	13.848225
381	[(54,472)]	13.100709
382	[(6,832),(14,429),(36,425),(37,661),(82,1756)]	13.626186
383	[(16,2062),(32,490),(39,1106),(53,607),(78,1961),(86,967)]	14.007065
384	[(54,343)]	14.139355
385	[(81,1266)]	13.840224
386	[(38,1145)]	12.945223
387	[(29,330),(42,2072),(46,614),(61,57),(73,1148),(76,116),(87,550)]	14.129530
388	[(62,1427),(63,131),(76,1904)]	17.558169
389	[(9,1994),(29,1006),(33,1265),(55,36)]	15.141812
390	[(25,1287),(46,1408),(55,775),(57,1226),(81,1789)]	13.353285
391	[(1,42),(14,58),(29,1587),(66,1665)]	13.200172
392	[(18,197),(30,582),(34,708),(44,437)]	12.998765
393	[(27,651),(53,793),(54,947),(62,243)]	13.560009
394	[(57,733),(84,2219)]	13.714295
395	[(19,1696),(77,1426)]	13.165995
396	[(0,1295),(70,2181)]	12.997429
397	[(22,2261),(28,642),(40,1876)]	12.990819
398	[(5,56),(10,1562),(17,1785),(42,73),(85,1210),(89,1293)]	13.130898
399	[(37,2317),(66,1745)]	12.924493
400	[(0,1532),(5,2261),(44,829),(68,2021),(84,839),(87,2035)]	13.559791
401	[(21,2174),(38,748),(43,934)]	13.474190
402	[(65,1659)]	13.710413
403	[(21,913),(35,1865),(55,1706),(81,49)]	13.294472
404	[(10,1460),(27,1746),(62,2208),(76,1189),(80,1085),(81,278)]	13.311508
405	[(32,2047),(54,1285),(69,459)]	13.011894
406	[(14,759),(50,1467)]	13.130237
407	[(42,1773),(64,476),(78,1461)]	13.190407
408	[(91,2298)]	13.362003
409	[(3,397)]	13.323223
410	[(9,871),(25,908),(47,1327)]	18.660154
411	[(40,103),(42,1766)]	13.195011
412	[(2,1120),(8,2173),(25,513),(35,863),(38,1298),(80,770),(91,1685)]	13.150301
413	[(36,356),(45,1289)]	13.100371
414	[(49,385)]	12.971653
415	[(15,1319),(27,1368),(66,1082),(82,162)]	14.615089
416	[(16,559),(69,96)]	13.974626
417	[(16,966),(21,397),(27,1863),(39,1951)]	14.355354
418	[(4,1222),(9,1948),(39,1692),(51,869),(70,799),(86,1879)]	15.741081
419	[(5,1157),(7,1863)]	13.399165
420	[(2,344),(6,604),(19,587)]	13.004173
421	[(4,370),(78,2049)]	13.515581
422	[(21,642),(56,1541),(64,1210),(65,2176)]	13.407924
423	[(5,2300),(26,976),(87,2145),(92,1813)]	13.124866
424	[(22,303),(31,1259),(42,1455),(50,84),(84,258),(86,539)]	13.304236
425	[(8,2122),(31,1458),(80,1472),(90,395)]	13.112484
426	[(21,239),(23,808),(25,1579),(38,214),(84,1737)]	13.143242
427	[(18,843),(69,1246)]	13.069066
428	[(20,1284),(60,1079),(70,540),(74,2294)]	16.757539
429	[(4,855),(18,467),(37,1329)]	13.377388
430	[(7,1852),(14,1027),(35,1216),(64,1956),(68,98)]	26.788740
431	[(25,1479),(39,562),(71,2280),(81,2190)]	18.266192
432	[]	13.251287
433	[(78,1307)]	12.976363
434	[(5,1626),(10,36),(60,1241),(65,829)]	13.022645
435	[(15,1250),(57,2040),(73,1234)]	12.940835
436	[(3,1509),(8,691),(28,369),(49,725),(65,105),(70,902)]	13.383606
437	[(1,1921),(23,39),(35,2317),(40,772),(52,1876),(70,1188)]	15.593490
438	[(37,1165),(67,2097),(75,128)]	13.338954
439	[(0,1971),(9,2229),(62,168)]	13.142170
440	[(8,1090),(27,10),(34,1472),(84,190)]	13.092479
441	[(84,1476)]	13.942726
442	[(0,1149),(74,1191)]	13.614695
443	[(10,1638),(18,64),(21,1970),(27,1301),(60,2320),(74,229),(77,2223)]	13.127253
444	[(9,606),(19,1157),(33,624),(55,58),(64,107),(67,1762),(69,1119),(76,1721),(78,1989)]	13.099384
445	[(8,1544),(57,2296)]	13.143963
446	[(31,1026),(41,2274)]	13.494711
447	[(17,1435),(33,20),(58,1700),(91,122),(92,1094)]	13.026759
448	[(12,1376),(34,1433)]	13.383421
449	[(13,884),(18,225),(39,1474)]	13.014392
450	[(13,546),(23,272),(76,496)]	13.009116
451	[(31,10),(39,1184),(67,457),(75,1910)]	13.503496
452	[(19,507),(37,85)]	13.181928
453	[(41,2294),(55,322),(66,1037)]	13.255080
454	[(15,915),(33,56),(34,312),(35,1475),(38,1019)]	13.317666
455	[(24,1589),(31,196),(39,115),(65,917),(78,1178),(87,1166),(90,964)]	13.213729
456	[(20,1415),(29,1099),(46,1583),(82,1041)]	13.050930
457	[(15,1630),(65,1210),(73,1829),(88,1764),(89,1864)]	12.963101
458	[]	14.452306
459	[(8,1077),(18,1077),(28,845),(37,131),(83,1243)]	13.462103
460	[(14,1820),(79,381)]	19.235685
461	[(36,434)]	16.092606
462	[(9,293),(73,1668),(86,981),(88,1713)]	13.773819
463	[(22,39),(59,1294),(72,1648)]	13.448690
464	[(39,1888),(67,2301),(71,1011)]	13.314569
465	[(15,202),(25,191),(45,154),(51,675)]	13.295824
466	[(37,1058),(53,425),(83,1175)]	14.208765
467	[(29,832),(41,1803),(43,1606),(61,1340)]	13.445337
468	[(35,380),(37,2194)]	13.113564
469	[(3,875),(54,1195)]	13.512741
470	[(48,1983),(90,2078)]	13.114888
471	[(8,91),(47,203),(59,665),(71,857),(90,1517)]	13.276943
472	[(41,507)]	13.507772
473	[(13,640)]	15.232111
474	[(1,179),(20,687),(64,2292),(67,258),(90,354),(92,1437)]	15.612597
475	[(14,859),(20,1477),(46,51)]	12.939879
476	[]	13.758257
477	[(11,117),(78,162)]	13.245052
478	[(44,2011),(61,1911),(81,431)]	13.362920
479	[(9,1491),(25,1104),(66,1131),(71,914)]	13.289489
480	[(28,225),(45,2009),(60,809),(79,2241)]	13.341646
481	[(20,1368),(70,406),(76,343),(86,29),(90,112)]	13.508208
482	[(62,2021),(87,382)]	13.165046
483	[(42,836),(85,1813)]	13.274703
484	[(68,559)]	13.199368
485	[(2,1513),(22,1211),(61,1508)]	12.943156
486	[(4,2045),(5,292),(88,1193)]	13.256376
487	[(5,779),(18,1781),(37,1511),(56,1040),(82,1266),(85,239),(87,808)]	12.963065
488	[(31,1848),(42,2175),(46,1929),(52,864)]	13.251939
489	[(4,651),(14,1191),(81,1183),(89,857)]	13.339853
490	[(9,720),(14,1597)]	13.369172
491	[(25,239),(29,2048),(36,738)]	13.221584
492	[(8,387)]	15.141513
493	[(68,33)]	13.295691
494	[(6,39),(22,437),(27,1666),(42,382),(45,819),(55,285),(60,925),(83,1455)]	13.224279
495	[(90,416)]	13.302891
496	[(8,1956),(16,156),(20,1963)]	13.404849
497	[(37,1136),(48,1428),(54,1358),(73,1251),(92,1856)]	13.141128
498	[(7,923),(15,566)]	13.100727
499	[(24,1633),(29,925),(32,880),(52,169),(60,1533),(84,1052)]	12.941684
500	[(21,1426),(51,864),(90,1067)]	14.191489
501	[(18,1615),(25,1416),(54,411)]	16.643883
502	[(11,2156),(41,183),(82,2198)]	13.295634
503	[(51,894),(71,618)]	12.907150
504	[(0,2151),(4,784),(16,271),(40,622)]	13.940667
505	[(33,756),(47,1454),(75,226)]	27.562609
506	[]	17.633385
507	[(1,640),(65,781)]	13.363349
508	[(4,2268),(19,921),(47,2090),(59,567)]	13.049896
509	[(15,1413),(16,351),(33,2157),(47,842),(81,1218)]	12.997118
510	[(3,1255),(15,1505),(16,952),(30,1603),(89,2167)]	12.984606
511	[(22,977),(82,891)]	13.107019
512	[(5,1491),(38,1475),(59,1656)]	13.003827
513	[(43,305),(55,2302),(66,238),(89,45)]	13.606389
514	[(3,9),(12,140),(20,2238)]	14.212831
515	[(27,1581),(68,1496),(72,288)]	13.403179
516	[(10,424),(34,1273),(36,2284),(38,1703)]	15.356362
517	[(9,110),(39,1274),(70,887),(87,1015),(88,888)]	13.884773
518	[(85,1613)]	13.299410
519	[(46,1110),(58,2089),(85,472)]	13.017456
520	[(15,1476),(17,1840),(22,1524),(29,527),(87,1107)]	13.214558
521	[(8,948),(81,588),(90,1762)]	14.908644
522	[(66,677),(90,1143)]	13.356815
523	[(64,1999),(91,532)]	13.488576
524	[(2,737),(69,666),(74,1159)]	13.295447
525	[(37,2318),(38,1909),(62,1649),(85,1551),(88,2155)]	13.238723
526	[(33,1358),(79,185)]	13.234692
527	[(30,1874),(69,2092)]	12.990961
528	[(18,372)]	12.954428
529	[(14,1503),(16,1087),(41,713),(45,495)]	13.127983
530	[(3,1931),(36,2077)]	13.326482
531	[(9,1977),(63,1533),(64,69),(66,1402),(78,489)]	15.826686
532	[(68,1316),(79,377)]	17.784535
533	[(5,872),(53,1008)]	15.888991
534	[(6,310),(18,47),(31,992),(41,1657),(72,1823)]	13.514011
535	[(1,2081),(75,1090),(76,1062),(91,454)]	12.950678
536	[(3,897),(37,986),(77,99)]	13.795584
537	[]	13.876837
538	[(41,1242),(58,1876)]	13.987750
539	[(18,277),(68,153)]	13.111871
540	[(18,1480),(44,213),(71,582),(74,1570)]	13.613428
541	[(27,1729),(34,1236),(41,2036),(68,1911)]	13.261792
542	[(33,825),(51,1938),(54,564)]	13.982580
543	[(27,542),(63,1060),(69,578)]	13.247379
544	[(1,1371),(35,1569),(43,98),(46,646)]	13.042931
545	[(1,1),(65,2223),(80,870)]	13.890010
546	[(40,467),(71,2023)]	13.285967
547	[(79,2261),(83,1696)]	13.092215
548	[(23,1767)]	12.964223
549	[(23,402),(37,698),(50,2056),(55,1982),(67,1956),(75,1073)]	13.091229
550	[(24,137),(25,1354),(54,2223),(64,2181),(92,1463)]	13.055321
551	[(8,1568),(74,491)]	13.157418
552	[(31,444),(58,1663),(74,421)]	13.037038
553	[(12,706),(38,1496),(41,1019),(85,1056)]	13.207348
554	[(31,1914),(47,1579),(89,1419)]	13.353962
555	[(16,1958),(45,300),(60,1231),(86,1300)]	12.883519
556	[(32,629),(47,1625)]	13.925223
557	[(49,930),(92,2117)]	13.408836
558	[(36,1431),(60,1291),(84,862)]	13.289041
559	[(20,2203)]	13.074606
560	[(60,2071)]	13.021279
561	[(4,363),(32,2171),(73,2127)]	15.602294
562	[(20,282),(77,816),(85,1645)]	13.837170
563	[(33,759),(43,1336),(65,523),(77,451),(89,1027)]	13.585360
564	[(19,2276),(60,1615),(63,2170),(70,1471),(88,1435)]	14.214126
565	[(57,1048),(68,1130),(81,1438)]	13.380305
566	[(85,877)]	12.894714
567	[(15,1299),(47,425),(55,1453),(71,1709)]	12.941934
568	[(11,639),(55,1610),(82,1298),(90,342)]	13.394677
569	[(17,2004),(50,2242)]	12.901736
570	[(46,1029)]	13.126187
571	[(30,795),(45,448),(78,260)]	12.911834
572	[(7,1598),(23,353),(57,1379)]	13.075435
573	[(7,1694),(18,1285),(31,2320),(35,1849),(41,2198),(57,2157),(71,2322)]	17.119908
574	[(14,1495),(39,1585),(50,1172),(65,871)]	13.668895
575	[(20,163),(41,1583),(57,2306),(74,407),(80,1609),(83,761),(85,675)]	13.069500
576	[(31,1710),(40,1369),(63,807),(69,1272),(76,2297),(81,845)]	12.980281
577	[(12,791),(17,1493),(54,1509),(91,53)]	13.167458
578	[(8,1213),(64,867)]	13.368611
579	[(12,1144),(15,567),(84,1133)]	15.808660
580	[(15,804),(69,1260)]	26.646375
581	[(85,65),(91,1755)]	17.198448
582	[(1,1473),(5,1928),(17,484),(64,805)]	13.203471
583	[(44,646),(50,1727),(53,360)]	13.162658
584	[(77,1267)]	13.265810
585	[(23,207),(33,1988),(67,886),(74,1484),(79,397)]	13.374880
586	[(0,2096),(78,1831),(89,251)]	13.456015
587	[(63,1999),(66,1399),(79,171)]	13.663394
588	[(9,1889),(82,768)]	13.192161
589	[(55,1412)]	13.178907
590	[(49,483),(64,1916),(81,1457)]	13.102303
591	[(15,1468),(49,344),(80,1866)]	13.655993
592	[(4,1571),(23,1020),(61,748),(69,769),(74,1906),(92,650)]	13.120718
593	[(32,1684)]	13.101940
594	[(9,1209),(52,817)]	13.699701
595	[(45,861),(56,1705),(67,1065),(77,2313)]	14.100759
596	[(14,1546),(16,318),(20,1712),(25,861),(39,1924)]	13.975671
597	[(20,1128),(27,2226),(43,1846),(50,392),(53,1516),(69,43)]	13.069934
598	[(6,838),(45,1696),(56,154),(64,1741)]	13.708294
599	[(37,784),(82,557)]	12.908945
600	[(10,2264),(34,321),(35,1118)]	13.785224
601	[(8,1032),(12,1904),(32,1239),(38,1271),(67,1550),(76,176)]	13.026404
602	[(3,725),(56,2288),(68,1024)]	16.194267
603	[(31,2180),(85,75),(92,1938)]	30.077272
604	[(5,1278),(24,1815),(26,922),(36,913),(57,1949)]	27.773780
605	[(5,1837),(45,68),(46,287),(74,828)]	26.037229
606	[(6,1681),(22,1602),(24,1905),(45,1032),(86,1305)]	27.580724
607	[(43,1039),(62,527)]	26.883605
608	[(10,1021)]	27.551584
609	[(0,1120),(50,766),(90,307)]	28.295793
610	[(45,1607)]	26.380541
611	[(17,2128),(28,1194),(57,929),(66,245),(85,2018),(91,1673)]	23.764159
612	[(2,30),(27,1904),(47,1797),(74,1065),(86,70),(92,975)]	25.837442
613	[(8,378),(86,1304)]	27.763530
614	[(12,1061),(14,328),(37,2125),(69,1155),(75,1906),(88,1679)]	27.410320
615	[(17,2074),(84,928)]	23.270627
616	[(0,753),(46,812),(71,1714)]	26.073077
617	[(23,1585)]	25.985871
618	[(3,990),(8,1714)]	31.857309
619	[(86,14)]	27.128231
620	[(1,2014),(6,1603),(55,1178),(92,2008)]	26.158314
621	[(0,102),(19,613),(72,2226)]	25.876477
622	[(13,376),(30,1962),(57,484),(73,277)]	26.386432
623	[(70,143),(76,741),(92,1668)]	26.901887
624	[(7,2066),(10,86),(50,1874),(88,2248)]	29.783818
625	[(35,1312),(37,1079),(67,524),(69,1722),(90,1180)]	27.439326
626	[(4,1101),(42,1585),(57,1683),(77,1085),(84,2047)]	26.250932
627	[(8,1399),(25,899),(54,1599),(87,2201),(90,1240)]	26.541491
628	[(2,1492),(88,1181)]	26.195460
629	[(2,866),(11,411),(84,1961)]	28.483812
630	[(12,1389),(52,1850),(58,1084),(89,112)]	26.585411
631	[(18,2147),(44,1718),(65,378),(79,1156)]	26.802430
632	[(42,188)]	26.466380
633	[(3,899),(41,1472),(71,631)]	26.154187
634	[(40,2160),(43,353),(44,546),(46,2039),(55,1438),(63,1403),(89,1537),(92,915)]	26.010264
635	[(5,1675),(24,421),(43,2174),(75,784)]	26.350743
636	[(30,1067),(51,706),(54,1136),(92,2148)]	26.299408
637	[(2,699),(16,2191),(39,1051),(57,1868),(89,2076)]	25.815294
638	[(32,2193),(87,1905)]	25.737280
639	[(10,276),(24,1553),(28,1136),(62,776),(70,866)]	26.379683
640	[(35,570),(58,1440),(86,2302)]	25.771470
641	[(25,1121),(81,1682)]	27.635446
642	[(17,1072),(60,914),(68,1003),(72,241),(73,849),(78,1554),(86,424)]	28.411575
643	[(38,1876),(47,2051),(69,223),(70,821),(90,1443)]	27.349868
644	[(19,1045),(86,1613)]	25.387963
645	[(73,99)]	26.927542
646	[]	26.062963
647	[(13,1376),(76,486)]	26.084032
648	[(3,2223),(8,233),(25,1766),(35,371),(56,187)]	26.956126
649	[(9,596),(31,1226),(50,1796),(53,1557)]	26.891366
650	[(2,474),(6,991),(21,1431)]	26.937760
651	[(6,1798),(39,899)]	25.768745
652	[(22,545),(48,1383),(56,2295)]	25.663549
653	[(16,127),(84,85)]	25.580728
654	[(9,1342),(20,386),(23,1313),(32,279),(41,957),(70,1105),(78,540)]	25.283210
655	[(1,1395)]	26.108792
656	[(2,484),(14,2109)]	27.809856
657	[(7,2293),(22,1208),(65,1738)]	25.655822
658	[(18,2232),(56,417),(65,1285)]	26.466391
659	[(20,1996),(36,499),(47,757),(58,2283)]	28.301471
660	[(4,773),(33,1950),(60,1256),(62,1193),(75,467)]	27.438341
661	[(4,1434),(45,734),(55,975),(65,2070)]	23.590964
662	[(13,1751),(26,300),(31,1721),(61,1793),(65,1880)]	26.340942
663	[(7,1527),(62,171),(68,1069)]	31.240574
664	[(0,1768),(5,1379),(13,86),(32,1707),(35,139),(53,718),(71,1407),(78,1438)]	23.305571
665	[(66,1327),(85,590)]	27.997355
666	[(23,1339),(34,619),(44,38),(85,601)]	26.487477
667	[(82,401)]	26.309976
668	[(16,2309),(43,2182),(47,1385),(59,768),(62,870),(76,1305)]	26.163660
669	[(60,159),(91,1111)]	27.181205
670	[(30,1357),(61,1904)]	23.740860
671	[(5,1367),(10,393),(13,1678),(37,1764),(38,1864)]	29.731130
672	[(28,547),(39,1643),(56,42),(79,666)]	26.751208
673	[(37,721),(53,1530),(75,595)]	28.319622
674	[(33,1163),(45,1924),(70,1123),(83,2189),(89,1857)]	25.455898
675	[(46,634),(49,587),(69,1036)]	25.675824
676	[(3,1856),(30,1933)]	27.200751
677	[(10,1063),(31,2091),(62,780),(81,965),(82,532)]	26.593725
678	[(15,2173),(42,1843)]	28.216888
679	[(11,2076),(37,1310),(52,1632)]	29.592862
680	[(5,565),(38,1088),(81,1993)]	28.142928
681	[(3,48),(8,1966),(16,1099),(20,477),(24,825),(52,2059)]	27.287830
682	[(19,56),(67,1258),(79,1747)]	26.256040
683	[(21,890),(72,1829),(83,274),(87,814)]	26.073905
684	[(16,450),(29,1500),(36,1377),(83,320)]	26.000254
685	[(34,741),(40,499),(43,51),(90,1635)]	26.370232
686	[(40,1776),(43,1846),(46,252),(47,1452),(92,969)]	26.353293
687	[(25,715)]	26.419320
688	[(28,2217),(46,1743),(75,1129),(89,180)]	26.866403
689	[(1,1948),(37,847)]	26.442348
690	[(9,1670),(38,546),(62,103)]	26.477055
691	[(7,1686),(16,1710),(73,1469)]	26.563336
692	[(29,1319)]	26.579048
693	[(25,2277)]	26.385986
694	[(68,1191)]	26.835572
695	[(0,531),(50,2215),(61,1473),(81,831)]	26.152635
696	[(12,1169),(24,756),(43,1825),(61,646),(83,1182)]	26.103698
697	[(0,652),(82,679)]	26.852811
698	[(6,2251),(58,1985),(83,1770),(86,28)]	26.244112
699	[(43,942),(55,1601)]	26.630941
700	[(25,1714),(53,1132),(66,2238)]	32.189803
701	[(43,1535),(44,1948),(62,2),(76,872)]	25.654318
702	[(17,1009),(43,1933),(70,1597),(77,444)]	26.366090
703	[(6,94),(11,339),(17,718),(21,1654),(27,243),(53,135),(62,1979)]	26.572972
704	[(22,708),(90,1641)]	25.433184
705	[(39,2168),(78,702)]	26.511927
706	[(21,1612)]	26.462211
707	[(39,341),(70,1887),(91,125)]	30.543311
708	[(29,9),(43,485),(52,883),(56,1364)]	26.707664
709	[(35,782),(52,1698),(58,776),(77,144)]	27.172677
710	[(1,723),(2,1697)]	28.824232
711	[(53,1120),(62,84)]	32.622873
712	[(14,366),(40,402),(43,2285),(78,764),(88,1086)]	33.708020
713	[(3,370),(73,344),(78,520),(83,89),(91,993)]	28.133503
714	[(41,536),(88,2273)]	29.123306
715	[(14,489),(20,92),(55,406)]	28.030147
716	[(8,1549),(14,668),(15,1781),(67,2105),(92,2059)]	26.216133
717	[(10,1258)]	28.294641
718	[(13,1311)]	28.145115
719	[(9,380),(11,2194),(82,1927),(84,1744),(86,1539)]	25.924450
720	[(23,1047),(49,259),(89,992)]	24.797347
721	[(16,1889),(26,1822),(39,1927),(41,1603),(58,2059),(89,2288)]	25.648820
722	[(4,2299),(76,1742)]	27.642386
723	[(39,1109)]	26.942943
724	[(25,1180),(78,1988)]	27.199563
725	[(84,659),(88,816),(90,347)]	26.115329
726	[(0,1445),(61,1490),(76,221)]	26.127197
727	[(5,332),(47,158),(53,375),(56,1093)]	29.198317
728	[(32,1636),(73,56)]	23.321490
729	[(0,249),(6,1410),(19,1346),(27,1023),(35,2005),(78,2105)]	25.799894
730	[(41,1633),(44,1745),(70,1241),(83,572)]	26.555592
731	[(15,2263),(29,2319),(40,1539),(48,1056),(59,1143),(69,1729)]	26.185106
732	[(28,69),(39,198),(62,1983),(79,2097)]	26.140493
733	[(13,808),(33,500),(38,1427),(92,919)]	28.634677
734	[(1,1911),(31,2002),(32,150),(42,1019),(92,1003)]	26.618533
735	[(59,6),(60,17)]	25.904825
736	[(10,1969),(16,827),(31,1445),(38,1123),(40,454),(67,624),(81,1381),(87,202)]	29.845162
737	[(7,520),(43,432),(70,1130)]	26.698105
738	[(1,520),(17,1233),(57,36),(67,717),(72,1533),(82,752)]	25.909718
739	[(24,1722),(27,1320),(32,660),(48,1396),(60,1723),(81,1913)]	26.496009
740	[(32,1630),(69,1075),(83,840),(86,2050)]	29.454055
741	[(36,703),(82,2314)]	27.072814
742	[(71,51)]	27.369801
743	[(17,356),(27,1883),(53,2275)]	26.828910
744	[(13,395),(17,889),(38,1131),(62,259),(77,131)]	26.865702
745	[]	26.314229
746	[(47,2012),(84,1544)]	26.814687
747	[(17,2281),(42,2226),(72,107),(76,1327),(88,2138)]	26.568743
748	[(15,1327),(23,1402),(40,2269),(65,92),(67,615)]	27.867132
749	[(24,1149),(51,786)]	24.544581
750	[(30,2325),(47,1151),(52,1509),(59,2013),(60,1894),(78,42)]	15.506926
751	[(30,459),(89,1715)]	14.824496
752	[(78,404)]	19.040382
753	[(30,1495)]	28.713517
754	[(1,1054),(57,298),(72,1091),(76,902)]	19.479601
755	[(3,1840),(23,2140),(59,108),(70,1256)]	14.199160
756	[(15,2084),(25,1257),(76,1029),(88,1919)]	13.578175
757	[(22,1484),(25,618),(28,1579),(65,8)]	13.313487
758	[(7,92),(23,1087),(92,1521)]	13.863684
759	[(5,338),(8,770),(45,1296)]	13.781538
760	[(9,333),(32,1005),(44,105),(58,1535),(59,1948)]	14.279331
761	[(33,38)]	13.273880
762	[(51,1204),(56,2024),(68,1623),(69,971)]	13.060154
763	[(90,1584)]	13.099659
764	[(16,154),(32,2251),(91,2256)]	13.132135
765	[(16,28),(33,177),(39,1789),(43,1972),(44,406),(61,1681),(77,2188)]	14.804513
766	[(15,2295),(28,568),(51,2215)]	13.962040
767	[(33,1223),(44,1279),(56,14)]	13.698009
768	[(6,2268),(10,2286),(15,1378),(21,551),(77,1972)]	13.968428
769	[(22,100),(41,1511),(45,897),(49,1475),(71,381),(82,526),(84,1473)]	12.891671
770	[(13,1281),(15,2192),(26,1116),(31,926),(33,1520),(49,1066),(71,1158)]	13.351393
771	[(39,1322),(68,2010)]	13.342103
772	[(63,2108)]	13.136697
773	[(29,2258)]	13.339267
774	[(9,814),(68,1747)]	13.268388
775	[(33,1124),(74,103),(81,1328)]	13.700869
776	[(18,1309),(32,2120),(84,2221)]	13.567002
777	[(80,1502)]	13.424747
778	[(11,2300),(25,1622)]	13.117384
779	[(6,718),(21,1423),(28,818),(87,573)]	12.906866
780	[(3,1100),(4,684),(7,2212),(19,1060),(31,501),(57,938)]	13.156255
781	[(83,1028)]	13.085485
782	[(9,363),(32,665),(42,12),(45,1285),(52,2285),(54,281),(59,251),(71,2111),(92,1094)]	13.134554
783	[(73,1148)]	13.252800
784	[(23,226),(69,1537)]	13.196891
785	[(1,885),(12,721),(20,798),(32,1228),(61,552),(71,1711),(85,2134)]	13.364943
786	[(52,1019),(78,1180),(80,2079),(81,1691)]	12.877724
787	[(16,411),(25,158),(31,674)]	13.119819
788	[(19,811),(21,1494)]	13.114211
789	[(67,534)]	13.469687
790	[(16,2142),(21,154),(36,348)]	13.834490
791	[(0,1084),(81,367)]	12.924596
792	[(26,2014)]	13.022616
793	[(72,1145)]	13.630031
794	[(26,1874),(28,291),(32,699),(37,1945),(60,2210)]	13.395342
795	[(2,1090),(19,1841),(54,477),(59,1667),(71,65)]	13.502432
796	[(18,234),(47,1393),(69,1285),(74,1967),(86,363)]	15.266930
797	[(0,2032),(29,911)]	13.377675
798	[(37,1848),(46,528),(69,518),(92,487)]	15.599040
799	[(0,425),(2,823),(23,446),(45,1977),(68,99),(77,1850)]	13.753419
800	[(36,1986),(61,2031),(75,344)]	13.710435
801	[(46,2174),(81,634),(84,2169)]	12.896714
802	[(14,1810),(51,39),(55,2081),(92,2183)]	13.147795
803	[(2,1273),(12,1645)]	13.139048
804	[(11,1188),(33,2227),(41,68),(81,1898)]	12.894509
805	[(11,1782),(48,1875),(92,769)]	13.024528
806	[(0,1208),(28,1417)]	12.955120
807	[(44,1178),(59,1312)]	13.230266
808	[(14,1369),(44,590),(56,219),(77,734),(92,1576)]	13.159479
809	[(44,1061),(57,1320)]	12.894109
810	[(72,2192),(82,868)]	12.930590
811	[(2,1072),(8,321),(25,2327),(73,73),(92,1268)]	13.500005
812	[(19,1352),(59,1995)]	13.684028
813	[(65,717),(88,1317)]	13.141286
814	[(1,104),(32,2011),(59,304),(82,61)]	13.868980
815	[(31,2290),(34,398),(55,508),(85,1563)]	13.703942
816	[(20,299)]	13.858591
817	[(8,150)]	13.647460
818	[(3,685),(32,2234),(35,2256),(44,1414),(51,92),(52,1964),(63,2209),(69,122),(70,1094)]	15.851349
819	[(1,141),(13,1514),(56,538),(70,1186)]	13.170532
820	[(1,96),(6,463),(14,1443),(40,1365),(59,557)]	12.923582
821	[(4,37),(22,1404),(44,375),(52,701)]	13.019777
822	[(45,938),(47,1666),(59,2008),(70,1826),(71,1388),(89,1928)]	13.289198
823	[(20,1587),(46,1698),(66,2178),(70,143)]	14.272297
824	[(32,1401),(42,67),(49,1657),(74,1064)]	14.997218
825	[(44,943),(54,1518),(88,983)]	15.731614
826	[(34,1709)]	18.411855
827	[(8,44),(19,2303),(41,1475),(47,2269),(81,1623)]	24.782366
828	[(35,431),(39,133),(66,1335),(83,1180)]	23.452048
829	[(36,893),(82,743)]	13.540627
830	[(33,1677),(62,2160)]	13.744924
831	[(10,1198),(24,1141),(66,547),(75,2030),(80,226)]	13.278767
832	[(13,1444),(20,212),(34,1758),(36,1015),(37,888)]	13.235605
833	[(16,1928),(18,1595),(79,1649)]	13.187479
834	[(18,967),(24,703),(44,2022),(65,177),(72,2187)]	13.150962
835	[]	12.992735
836	[(19,737),(73,2145)]	13.117311
837	[(62,788),(76,966)]	13.074206
838	[(10,1738),(33,2003),(37,1382),(62,1233)]	17.879008
839	[(7,2037),(15,946),(20,2024)]	13.320475
840	[(1,134),(2,124),(32,1455),(50,736),(69,1294)]	14.333548
841	[(39,2138),(88,1995)]	13.158243
842	[(21,1269),(63,503),(65,1878),(83,1190)]	13.151917
843	[]	13.373610
844	[(29,171),(81,2051)]	13.031782
845	[(32,202),(43,1040),(53,492),(65,1466),(75,179)]	13.551129
846	[(7,2143),(28,1300),(55,19),(63,2021),(81,205)]	13.355340
847	[(0,2152),(11,1831),(21,1726),(41,1921),(61,492),(64,113),(70,1160)]	13.148927
848	[(11,2226),(49,1967)]	13.752432
849	[(4,1767),(9,1449),(10,479),(40,353),(49,492),(54,1829),(88,1152)]	13.450200
850	[(5,642),(67,625),(91,2241)]	13.144610
851	[]	13.586608
852	[(12,15)]	13.294136
853	[(1,2241),(28,1337),(84,1309),(90,1687)]	13.490246
854	[(5,1086),(14,1974),(31,1316),(75,1170),(87,658)]	12.964627
855	[(1,2109),(41,2153),(42,1529),(70,720)]	13.766649
856	[(69,1724)]	13.290748
857	[(14,1695),(20,889),(25,950),(26,1870),(36,1871),(49,273),(86,299)]	13.034795
858	[(37,883),(40,1299),(73,559),(90,1464)]	13.235048
859	[(9,828),(32,594),(42,1873),(49,2259),(90,1034)]	13.051366
860	[(7,1851),(10,1301),(15,106),(24,2220),(74,836),(91,535)]	13.217872
861	[(1,1229),(4,1506),(15,6),(44,2247),(75,327),(89,2129)]	13.023840
862	[(20,1045),(59,2313),(76,205)]	15.050230
863	[(4,1890),(7,1830),(23,1058),(61,1553)]	13.666683
864	[(11,1684),(21,1845),(30,1802),(87,54)]	13.217658
865	[(15,1626),(21,2137),(59,235),(83,998),(89,2075)]	13.516660
866	[(3,1352),(6,1981),(56,281)]	12.953620
867	[(52,588)]	13.451634
868	[(0,880),(4,213),(21,530),(25,1540),(28,300)]	15.225273
869	[(16,832),(19,66)]	13.309259
870	[(43,983),(81,894),(92,1507)]	15.416346
871	[(36,1832),(64,771),(65,169),(78,180),(79,2091),(86,858)]	13.484990
872	[(6,2063),(8,95),(18,2217),(67,966),(92,1297)]	13.358269
873	[(0,2021),(8,1276),(25,990),(58,333),(67,1561),(83,1483),(85,1322)]	12.990525
874	[(1,211),(23,753),(27,1562),(60,182),(68,551),(71,889)]	12.896269
875	[(6,1175)]	13.076584
876	[(11,1632),(27,450),(32,1068)]	12.931280
877	[(19,1035),(22,1807),(48,1606)]	13.082168
878	[(81,2074),(91,133)]	13.106815
879	[(7,10),(17,1056)]	13.359134
880	[(2,809),(10,1311),(17,953),(33,2248),(70,1388)]	13.188327
881	[(37,2035),(38,2138),(41,74),(45,589)]	13.035727
882	[]	13.404322
883	[(31,94),(59,1244),(72,1921),(91,956)]	13.734063
884	[(6,1932),(36,1882),(53,1057),(55,1867),(68,689)]	14.151246
885	[(42,429),(64,297),(89,1780)]	13.168298
886	[(1,310),(16,111),(26,2244),(49,2150),(61,2292),(69,194)]	14.598417
887	[(2,159),(5,626),(21,1913),(32,1312),(43,1668),(73,164),(89,1814),(90,65)]	13.112632
888	[(19,1213),(36,977)]	13.391354
889	[(29,411),(79,3)]	13.016529
890	[(2,1943),(3,1089),(25,2149),(82,1526)]	13.417711
891	[(79,1931)]	13.056764
892	[(50,1013),(52,1483),(62,1616),(83,94),(86,1113)]	13.004892
893	[(0,1142),(5,1483),(20,866),(40,1397),(65,1024)]	13.118684
894	[(29,1441),(83,1701),(92,124)]	12.933925
895	[(47,2236),(52,1786)]	13.295350
896	[(16,1764),(17,1864),(55,376)]	14.491620
897	[(23,1429),(25,1010),(35,1995),(54,1837),(58,2109)]	14.056486
898	[(61,898)]	24.595555
899	[(5,1142),(22,1178),(73,1184),(88,1197)]	15.389753
900	[(26,2311),(52,160),(62,1366)]	15.179049
901	[(0,673),(2,1732),(30,1418),(33,363)]	16.939187
902	[(6,1167),(45,807),(73,1568),(77,1470)]	26.917584
903	[(4,2223),(32,711),(56,1648),(57,200),(71,679),(92,21)]	16.732660
904	[(14,1283)]	14.202506
905	[(36,739),(44,158)]	13.801645
906	[(45,1921),(52,641),(54,1805),(90,1954)]	13.190895
907	[(5,14),(19,1809),(32,932),(39,118),(58,1838),(60,2313),(78,1422)]	13.142304
908	[(27,2072),(36,2142)]	13.718120
909	[(29,57),(31,750),(46,2166),(50,767)]	12.974358
910	[(9,1932)]	13.174536
911	[(24,2235),(37,1637)]	13.165736
912	[(11,1541),(41,33),(86,312)]	13.262294
913	[(59,1986),(73,1938),(85,167)]	13.600801
914	[(48,1),(65,2133)]	15.462286
915	[(26,972),(52,1964),(68,1300)]	14.118511
916	[(5,774),(11,651),(16,339)]	15.973992
917	[(57,2061),(79,390)]	13.163788
918	[(89,2079)]	13.235488
919	[(15,688),(36,2245),(72,151),(86,1045)]	13.035197
920	[(6,12),(38,1818),(47,964),(58,2262),(91,1826)]	14.407304
921	[(11,2189),(38,1092)]	13.322016
922	[(29,562),(45,1786),(89,1864)]	13.143987
923	[(11,1245),(50,1803)]	13.709126
924	[(35,1644),(51,1129)]	13.518894
925	[(31,1500),(48,585),(50,1896)]	13.841656
926	[(9,912),(40,1398),(74,2068),(75,1452)]	16.908426
927	[(6,2173),(25,1802),(29,970),(35,2259),(77,1673)]	13.251537
928	[(43,1131),(47,691),(84,352)]	13.533969
929	[(48,998),(69,2079),(70,1691)]	13.333414
930	[(3,94),(15,984),(25,53),(29,155),(56,402),(71,765)]	13.102096
931	[(14,546),(26,1999),(27,2100),(31,86),(73,494)]	13.227866
932	[(9,2098),(10,1731)]	14.760777
933	[(4,34),(22,253),(35,570),(38,1153),(75,7)]	13.536672
934	[(16,745),(37,862),(61,198)]	13.100598
935	[(40,1363)]	12.960990
936	[(13,1736),(38,924),(91,1986)]	13.464836
937	[(11,1522),(23,2210),(31,1783),(52,419),(67,1649),(78,1824)]	13.059879
938	[(84,824)]	12.947576
939	[(1,2321),(54,669),(75,2169)]	15.125450
940	[(9,1864),(73,410)]	14.469652
941	[(17,1784),(31,1790),(48,1511),(86,654)]	14.222223
942	[(22,2170),(33,1981)]	14.624314
943	[(10,2254),(12,1761),(91,1701)]	13.077881
944	[(9,627),(15,541),(51,782),(75,1385),(80,792)]	13.209225
945	[(13,23),(80,262)]	13.068063
946	[(6,795),(12,288),(15,1),(50,474),(55,1998),(59,881),(63,1821),(81,2133),(86,626)]	15.402894
947	[(0,1622),(33,748),(74,1802),(81,2302)]	12.950449
948	[(28,989),(31,605),(51,1590),(86,141)]	13.085147
949	[(13,93),(27,2046),(28,253),(44,1632),(50,2277)]	13.151804
950	[(75,174)]	13.872941
951	[(1,1158),(39,1666),(81,1137)]	14.103533
952	[(27,765),(35,1730),(63,847),(91,884)]	13.174893
953	[(23,1746),(58,299)]	13.097574
954	[(79,1287)]	13.610365
955	[(20,411),(79,338)]	14.235127
956	[(59,1539),(90,1398)]	13.095106
957	[(28,1845),(71,1893),(72,923)]	13.583845
958	[(13,1035),(68,1899)]	12.999311
959	[(48,986),(62,374)]	13.269138
960	[(7,1315),(8,116),(18,905),(29,625),(43,621),(54,2102),(62,1910)]	13.210575
961	[]	13.211555
962	[(55,2268),(70,1394)]	13.057641
963	[(25,2024),(33,1980),(34,1739),(53,635),(57,872)]	13.055322
964	[(3,1391),(6,614),(35,577)]	13.785976
965	[(40,766),(51,1532),(81,966)]	13.121794
966	[(0,2141),(25,914),(34,1022),(45,1716),(67,1709),(68,1468),(81,1631)]	13.577052
967	[(4,740),(32,1864),(47,1261),(49,112),(53,946)]	13.018914
968	[(14,486),(91,1530),(92,936)]	15.104727
969	[(45,1356),(61,1968),(90,1893)]	20.038037
970	[(14,1083),(28,111)]	15.275493
971	[(33,1005),(39,86),(41,1443)]	13.523695
972	[(59,646),(63,640)]	13.249234
973	[(8,598),(81,380)]	13.388009
974	[(53,1929),(78,603)]	13.131883
975	[(70,891),(77,1607)]	14.967303
976	[(42,737),(51,1694),(52,1083),(91,702)]	25.416131
977	[]	20.191771
978	[(22,1607),(61,453),(73,1824)]	13.424468
979	[(39,1777),(69,2258)]	13.156236
980	[(8,1269),(16,236),(51,1630),(80,1674),(87,1102)]	13.094818
981	[(14,2173),(60,1543),(83,108)]	14.028105
982	[(2,1629),(28,1412),(30,1726),(60,270),(72,1440)]	13.335528
983	[(0,391),(14,1019),(19,631),(25,49),(66,64)]	13.541454
984	[(7,601),(46,55),(47,225)]	13.390666
985	[(3,1098),(15,2164),(28,2089),(57,848),(68,733),(70,204),(75,736)]	13.250165
986	[(50,99),(74,1591)]	13.582388
987	[(6,340),(26,2045),(27,292),(30,818)]	13.041234
988	[(24,134),(29,292)]	13.048891
989	[(21,1830),(28,1160),(30,2077),(63,74)]	13.353235
990	[(64,810),(78,2323),(89,1245)]	12.874976
991	[(31,897),(32,603)]	13.279926
992	[(3,1905),(47,1397),(72,572)]	13.280807
993	[(10,604),(13,1346),(15,1352),(35,2220),(58,1437)]	13.021578
994	[(19,680),(74,504),(84,497),(85,1395)]	13.084489
995	[(15,1574),(42,887),(55,620),(62,1754)]	12.931973
996	[(18,2078),(24,1056),(65,2076),(84,2005)]	13.012051
997	[(39,525),(57,1614),(69,830)]	13.049714
998	[(11,1573)]	12.975473
999	[(21,500),(24,1146),(42,1706),(57,1345),(68,2122),(74,13)]	13.246529
